-3.565929830074310303e-01 -1.101551413536071777e+00 5.557040870189666748e-02 7.876402735710144043e-01 -1.061448931694030762e+00 4.031568765640258789e-01 -1.006904542446136475e-01 -7.377579808235168457e-01 9.928096830844879150e-02 2.966566681861877441e-01
9.461976289749145508e-01 -1.370358467102050781e+00 -1.961984992027282715e+00 2.458009868860244751e-01 -7.309333682060241699e-01 -9.587252736091613770e-01 1.776639074087142944e-01 -5.937900543212890625e-01 -3.470465242862701416e-01 1.569028943777084351e-01
-6.715264320373535156e-01 -1.896351017057895660e-02 -3.433193862438201904e-01 2.296936213970184326e-01 -3.496546745300292969e-01 6.101652383804321289e-01 -1.692370027303695679e-01 -5.983439087867736816e-01 2.290091812610626221e-01 1.740275621414184570e-01
8.234702944755554199e-01 7.577961087226867676e-01 5.844695568084716797e-01 -5.902328491210937500e-01 9.521901607513427734e-03 -5.049570798873901367e-01 2.112578600645065308e-01 5.219182372093200684e-01 4.159359261393547058e-02 -1.344637125730514526e-01
-5.433831214904785156e-01 -3.170505464076995850e-01 2.573341429233551025e-01 2.434601783752441406e-01 -5.736507177352905273e-01 4.886006414890289307e-01 -6.102576255798339844e-01 -2.546966969966888428e-01 -7.820678502321243286e-02 -1.249326840043067932e-01
-5.678418278694152832e-02 -4.325059056282043457e-01 -6.527628898620605469e-01 -7.913243770599365234e-02 4.274776577949523926e-01 4.174330234527587891e-01 1.029280945658683777e-01 3.631921112537384033e-02 -9.782040864229202271e-02 -7.330676317214965820e-01
1.129925157874822617e-02 1.886952757835388184e+00 1.464661359786987305e+00 -7.394775748252868652e-02 -1.409640789031982422e+00 7.842138409614562988e-01 -6.558870077133178711e-01 -1.912693083286285400e-01 -2.539236284792423248e-02 2.132454328238964081e-02
-5.074129104614257812e-01 -1.132728219032287598e+00 -1.994664371013641357e-01 6.150411963462829590e-01 -3.551391959190368652e-01 5.359031558036804199e-01 -3.479259014129638672e-01 -5.878539681434631348e-01 8.490010350942611694e-02 2.954777777194976807e-01
5.280947089195251465e-01 9.311609715223312378e-02 -2.476999312639236450e-01 -5.424588918685913086e-01 -3.758921325206756592e-01 -8.284837752580642700e-02 8.891577124595642090e-01 6.463064551353454590e-01 6.759770512580871582e-01 1.190275907516479492e+00
-7.402360439300537109e-01 -8.782555460929870605e-01 -7.799290418624877930e-01 2.038217633962631226e-01 2.192226005718111992e-03 4.853520393371582031e-01 -1.767513453960418701e-01 -6.648005247116088867e-01 -2.333884537220001221e-01 1.478681266307830811e-01
