-3.421308100223541260e-01 -3.032254278659820557e-01 -7.317424416542053223e-01 9.051474332809448242e-01 -3.558484315872192383e-01 1.094491705298423767e-01 -7.255860418081283569e-02 6.984729319810867310e-02 2.572362720966339111e-01 4.889729619026184082e-01
-6.874341964721679688e-01 -8.804025650024414062e-01 -1.546710133552551270e+00 3.774406015872955322e-01 -6.802673935890197754e-01 -4.228776693344116211e-01 -3.511463105678558350e-02 -1.083601236343383789e+00 -6.140179932117462158e-02 2.373156547546386719e-01
2.676530182361602783e-01 6.875584125518798828e-01 1.310529947280883789e+00 -1.058310031890869141e+00 6.636552214622497559e-01 6.630944609642028809e-01 6.729348748922348022e-02 6.075102090835571289e-01 -4.678528383374214172e-02 -6.884930282831192017e-02
-1.620764255523681641e+00 -1.294538021087646484e+00 -3.930198907852172852e+00 1.025457680225372314e-01 -8.111124634742736816e-01 -1.276973605155944824e+00 -4.515739977359771729e-01 -1.085191011428833008e+00 -3.350913822650909424e-01 3.102887868881225586e+00
-5.023301839828491211e-01 -1.096353828907012939e-01 -2.396621942520141602e+00 1.483279347419738770e+00 -1.899504661560058594e-01 -4.783869981765747070e-01 6.469102203845977783e-02 -9.766691923141479492e-02 4.743759334087371826e-01 7.078175544738769531e-01
-7.210815548896789551e-01 -4.972143471240997314e-01 -1.367925882339477539e+00 9.227157235145568848e-01 -4.120951890945434570e-01 1.714842766523361206e-01 1.352820694446563721e-01 -4.399342536926269531e-01 2.818002104759216309e-01 -5.901564955711364746e-01
1.334867179393768311e-01 7.311259210109710693e-02 2.552679181098937988e-01 -7.645928859710693359e-01 1.877042353153228760e-01 5.911722779273986816e-01 3.315451145172119141e-01 3.522863984107971191e-01 -3.033811450004577637e-01 1.228039041161537170e-01
-9.280549287796020508e-01 2.316687554121017456e-01 -3.114689588546752930e+00 -3.450959920883178711e+00 -1.686029136180877686e-01 -4.485113546252250671e-02 -3.191711902618408203e-01 -4.835420548915863037e-01 -3.285286426544189453e-01 2.880172014236450195e+00
-8.761988878250122070e-01 -1.950808316469192505e-01 -3.835363984107971191e-01 3.657690584659576416e-01 -2.722971439361572266e-01 -8.018663525581359863e-01 -3.976303040981292725e-01 -8.423730134963989258e-01 -5.880043841898441315e-03 1.728925257921218872e-01
3.675863742828369141e-01 3.309157788753509521e-01 -7.153892517089843750e-01 -5.093231797218322754e-01 3.040826618671417236e-01 5.684193968772888184e-01 7.375478744506835938e-01 4.342839419841766357e-01 -5.386606454849243164e-01 1.135229468345642090e+00
