-2.667260766029357910e-01 7.234662771224975586e-02 3.639693558216094971e-01 3.488196134567260742e-01 -2.056711725890636444e-02 -5.810720324516296387e-01 -4.416730701923370361e-01 5.074619054794311523e-01 -2.075228467583656311e-02 -6.881731748580932617e-02
8.294018507003784180e-01 -2.783004939556121826e-01 -5.489873290061950684e-01 -4.200992882251739502e-01 -6.259353160858154297e-01 3.935236930847167969e-01 6.195228099822998047e-01 2.098631411790847778e-01 1.818130314350128174e-01 -3.153550326824188232e-01
-7.384430617094039917e-02 -2.409642636775970459e-01 7.445772886276245117e-01 5.603796839714050293e-01 -2.056836932897567749e-01 -4.557390213012695312e-01 -2.736635506153106689e-01 8.973329067230224609e-01 -4.780237376689910889e-02 3.306989967823028564e-01
6.942840218544006348e-01 1.922062933444976807e-01 2.853739261627197266e-01 -4.022787809371948242e-01 -3.100605607032775879e-01 1.868828758597373962e-02 1.871319413185119629e-01 3.385323286056518555e-01 -2.123754024505615234e-01 1.402235478162765503e-01
-3.870300650596618652e-01 3.467097878456115723e-01 4.393679499626159668e-01 3.507970273494720459e-01 4.571233987808227539e-01 -1.490097939968109131e-01 -4.188313782215118408e-01 4.589080810546875000e-01 -5.208672955632209778e-02 3.876236379146575928e-01
-3.736838698387145996e-01 4.097045361995697021e-01 4.284136295318603516e-01 4.547550082206726074e-01 4.416624307632446289e-01 -3.157155215740203857e-01 -5.513507723808288574e-01 -1.584739983081817627e-01 2.756325528025627136e-02 -1.170906499028205872e-01
1.954745501279830933e-01 -8.921100199222564697e-02 -5.169222354888916016e-01 -3.932868838310241699e-01 -5.008701682090759277e-01 1.335263699293136597e-01 2.976045608520507812e-01 -2.627377212047576904e-01 3.485110029578208923e-02 1.021897196769714355e-01
9.382116198539733887e-01 -6.827988028526306152e-01 1.170447543263435364e-01 -1.423074752092361450e-01 6.336379647254943848e-01 -3.544622659683227539e-02 -4.808232188224792480e-01 -2.511812746524810791e-01 8.793559670448303223e-01 -8.873616158962249756e-02
-9.063486456871032715e-01 6.758577823638916016e-01 -2.315122038125991821e-01 4.983681142330169678e-01 4.526231586933135986e-01 1.819442063570022583e-01 -1.014765202999114990e-01 -5.822396278381347656e-01 1.195467188954353333e-01 -4.893480986356735229e-02
-4.125797748565673828e-01 -7.836845517158508301e-01 -6.270861625671386719e-01 1.721094399690628052e-01 -3.319425880908966064e-01 6.125993132591247559e-01 7.015208005905151367e-01 -6.880747526884078979e-02 -3.624910414218902588e-01 5.847756937146186829e-02
