-7.628564834594726562e-01
5.855206847190856934e-01
-5.582534670829772949e-01
-1.703883647918701172e+00
4.022821485996246338e-01
3.961023986339569092e-01
-1.125455424189567566e-01
-4.750576317310333252e-01
-2.092264890670776367e+00
-5.221520662307739258e-01
3.996442854404449463e-01
9.674631357192993164e-01
1.938302040100097656e+00
-6.653090715408325195e-01
-1.113071799278259277e+00
8.882644027471542358e-02
2.282440900802612305e+00
-1.313295841217041016e+00
-7.775302529335021973e-01
-4.652813374996185303e-01
-3.534048497676849365e-01
1.290980100631713867e+00
1.011362075805664062e+00
1.488460749387741089e-01
-1.652120709419250488e+00
2.769997417926788330e-01
1.512477993965148926e+00
-1.404825210571289062e+00
1.010262250900268555e+00
6.600828170776367188e-01
9.176873564720153809e-01
4.550350010395050049e-01
-1.384377121925354004e+00
9.274412691593170166e-02
2.656799554824829102e-01
-1.656705588102340698e-01
1.626497656106948853e-01
2.035042524337768555e+00
1.359948366880416870e-01
-3.643101751804351807e-01
-6.101964712142944336e-01
-2.736207842826843262e-01
-1.710537225008010864e-01
-2.494802951812744141e+00
-1.381818532943725586e+00
