-1.525630205869674683e-01 4.181010127067565918e-01 5.722430944442749023e-01 -3.393597304821014404e-01 4.766552746295928955e-01 -3.369166851043701172e-01 -4.553990438580513000e-02 3.317514061927795410e-01 2.165488153696060181e-01 -3.015117943286895752e-01
9.719613194465637207e-02 -4.039326906204223633e-01 4.717260003089904785e-01 -5.642290115356445312e-01 1.774079203605651855e-01 -4.588279724121093750e-01 -3.187182545661926270e-01 4.255347549915313721e-01 -2.002052776515483856e-02 7.612448930740356445e-01
1.165747791528701782e-01 -2.175033539533615112e-01 -5.553650483489036560e-02 -5.542890429496765137e-01 3.105695843696594238e-01 1.710745990276336670e-01 -4.690932035446166992e-01 5.038835406303405762e-01 2.365220934152603149e-01 4.295709431171417236e-01
-6.189408898353576660e-01 5.451585054397583008e-01 -5.536221861839294434e-01 6.669124215841293335e-02 -2.982751838862895966e-02 3.906378149986267090e-01 3.571885228157043457e-01 4.914973676204681396e-01 -1.437858790159225464e-01 -1.072307676076889038e-01
3.214175701141357422e-01 2.057759463787078857e-01 3.097359240055084229e-01 -5.283891558647155762e-01 3.551603853702545166e-01 -4.945719838142395020e-01 -9.011054411530494690e-03 6.342909932136535645e-01 -1.067587509751319885e-01 -9.527455270290374756e-02
-5.515878200531005859e-01 2.715705931186676025e-01 -3.460152447223663330e-01 3.978704810142517090e-01 -4.499166905879974365e-01 7.818648219108581543e-01 -9.322701096534729004e-01 -1.196157455444335938e+00 2.022850513458251953e-01 -4.505922496318817139e-01
7.303049564361572266e-01 -2.650655746459960938e+00 -3.096043467521667480e-01 5.604316592216491699e-01 4.314778149127960205e-01 -1.489706993103027344e+00 3.533393144607543945e-01 -1.207142233848571777e+00 -1.062853813171386719e+00 -2.455837428569793701e-01
1.404319763183593750e+00 -2.458561211824417114e-01 1.282747983932495117e-01 1.801473200321197510e-01 -7.166039347648620605e-01 1.271474361419677734e-01 -1.546046584844589233e-01 -2.252250313758850098e-01 -1.916832774877548218e-01 -1.077111840248107910e+00
2.635288536548614502e-01 -1.519608795642852783e-01 2.700755298137664795e-01 -7.550723552703857422e-01 2.443838268518447876e-01 9.627776741981506348e-01 -6.442624926567077637e-01 4.534949362277984619e-01 3.671802580356597900e-01 8.411100506782531738e-01
3.598962351679801941e-02 -3.299569338560104370e-02 -5.185858011245727539e-01 5.005437731742858887e-01 -4.020505249500274658e-01 6.258651018142700195e-01 -2.313611507415771484e-01 -4.184732437133789062e-01 -2.393484413623809814e-01 1.091901063919067383e-01
