-9.032282046973705292e-03 -1.480573415756225586e-02 -1.863895170390605927e-02 -2.209263108670711517e-02 -2.533110417425632477e-02 -2.842177450656890869e-02 -3.140095993876457214e-02 -3.429122269153594971e-02 -3.710796311497688293e-02 -3.986237943172454834e-02 -4.256309196352958679e-02 -4.521697387099266052e-02 -4.782973229885101318e-02 -5.040629208087921143e-02 -5.295087769627571106e-02 -5.546742677688598633e-02 -5.795953795313835144e-02 -6.043057516217231750e-02 -6.288389116525650024e-02 -6.532274186611175537e-02 -6.775061786174774170e-02 -7.017111033201217651e-02 -7.258833199739456177e-02 -7.500709593296051025e-02 -7.743345946073532104e-02 -7.987544685602188110e-02 -8.234465867280960083e-02 -8.485958725214004517e-02 -8.745393902063369751e-02 -9.503712505102157593e-02
5.612815264612436295e-03 1.442795246839523315e-02 2.107536047697067261e-02 2.756079472601413727e-02 3.406033664941787720e-02 4.063756391406059265e-02 4.732178524136543274e-02 5.412773415446281433e-02 6.106248497962951660e-02 6.812851876020431519e-02 7.532522827386856079e-02 8.264978975057601929e-02 9.009763598442077637e-02 9.766268730163574219e-02 1.053375527262687683e-01 1.131135597825050354e-01 1.209808364510536194e-01 1.289280951023101807e-01 1.369425654411315918e-01 1.450097113847732544e-01 1.531127244234085083e-01 1.612319201231002808e-01 1.693436354398727417e-01 1.774185895919799805e-01 1.854189485311508179e-01 1.932934075593948364e-01 2.009676694869995117e-01 2.083240747451782227e-01 2.151497453451156616e-01 2.197007387876510620e-01
4.604794085025787354e-03 3.097860515117645264e-02 5.106621980667114258e-02 7.050347328186035156e-02 8.980885893106460571e-02 1.091763153672218323e-01 1.286995112895965576e-01 1.484288424253463745e-01 1.683919876813888550e-01 1.886030435562133789e-01 2.090671807527542114e-01 2.297830730676651001e-01 2.507447302341461182e-01 2.719419300556182861e-01 2.933611571788787842e-01 3.149855434894561768e-01 3.367953002452850342e-01 3.587673604488372803e-01 3.808750212192535400e-01 4.030878245830535889e-01 4.253700673580169678e-01 4.476797580718994141e-01 4.699662029743194580e-01 4.921666681766510010e-01 5.142000317573547363e-01 5.359564423561096191e-01 5.572775006294250488e-01 5.779126286506652832e-01 5.974110364913940430e-01 6.185500025749206543e-01
-3.809135779738426208e-02 -8.065113425254821777e-02 -1.109801456332206726e-01 -1.395908594131469727e-01 -1.674966067075729370e-01 -1.950896233320236206e-01 -2.225680351257324219e-01 -2.500456869602203369e-01 -2.775922715663909912e-01 -3.052513301372528076e-01 -3.330498039722442627e-01 -3.610030114650726318e-01 -3.891176283359527588e-01 -4.173938930034637451e-01 -4.458262622356414795e-01 -4.744048118591308594e-01 -5.031149387359619141e-01 -5.319382548332214355e-01 -5.608515143394470215e-01 -5.898270010948181152e-01 -6.188314557075500488e-01 -6.478243470191955566e-01 -6.767559051513671875e-01 -7.055642008781433105e-01 -7.341681122779846191e-01 -7.624576091766357422e-01 -7.902734875679016113e-01 -8.173641562461853027e-01 -8.432766795158386230e-01 -8.786343932151794434e-01
-8.757364936172962189e-03 1.291923969984054565e-02 3.028711490333080292e-02 4.729778692126274109e-02 6.430939584970474243e-02 8.145422488451004028e-02 9.879484027624130249e-02 1.163637563586235046e-01 1.341775655746459961e-01 1.522432714700698853e-01 1.705614179372787476e-01 1.891279220581054688e-01 2.079350948333740234e-01 2.269721627235412598e-01 2.462257593870162964e-01 2.656800150871276855e-01 2.853165566921234131e-01 3.051144778728485107e-01 3.250500261783599854e-01 3.450960218906402588e-01 3.652212619781494141e-01 3.853890895843505859e-01 4.055556356906890869e-01 4.256667196750640869e-01 4.456527531147003174e-01 4.654198884963989258e-01 4.848326146602630615e-01 5.036779046058654785e-01 5.215722322463989258e-01 5.426688194274902344e-01
-2.061666734516620636e-02 -2.831780910491943359e-02 -3.269002959132194519e-02 -3.646181523799896240e-02 -3.990711644291877747e-02 -4.313506558537483215e-02 -4.620289430022239685e-02 -4.914520308375358582e-02 -5.198484286665916443e-02 -5.473794415593147278e-02 -5.741633474826812744e-02 -6.002901121973991394e-02 -6.258302927017211914e-02 -6.508395820856094360e-02 -6.753628700971603394e-02 -6.994362920522689819e-02 -7.230894267559051514e-02 -7.463448494672775269e-02 -7.692205905914306641e-02 -7.917291671037673950e-02 -8.138793706893920898e-02 -8.356729894876480103e-02 -8.571094274520874023e-02 -8.781800419092178345e-02 -8.988698571920394897e-02 -9.191545099020004272e-02 -9.389951825141906738e-02 -9.583274275064468384e-02 -9.770325571298599243e-02 -1.011498197913169861e-01
6.558535154908895493e-03 -2.103193663060665131e-02 -4.274471104145050049e-02 -6.367927789688110352e-02 -8.433457463979721069e-02 -1.049054041504859924e-01 -1.254905760288238525e-01 -1.461468189954757690e-01 -1.669085472822189331e-01 -1.877969056367874146e-01 -2.088244408369064331e-01 -2.299975752830505371e-01 -2.513183653354644775e-01 -2.727852761745452881e-01 -2.943938076496124268e-01 -3.161372244358062744e-01 -3.380063474178314209e-01 -3.599897325038909912e-01 -3.820737600326538086e-01 -4.042423665523529053e-01 -4.264764785766601562e-01 -4.487535059452056885e-01 -4.710460603237152100e-01 -4.933201372623443604e-01 -5.155323147773742676e-01 -5.376239418983459473e-01 -5.595111846923828125e-01 -5.810627341270446777e-01 -6.020443439483642578e-01 -6.378688216209411621e-01
-9.208653937093913555e-04 -1.096191350370645523e-02 -1.855704374611377716e-02 -2.574481070041656494e-02 -3.273391723632812500e-02 -3.960835561156272888e-02 -4.641227424144744873e-02 -5.317227914929389954e-02 -5.990562960505485535e-02 -6.662417948246002197e-02 -7.333625853061676025e-02 -8.004783093929290771e-02 -8.676316589117050171e-02 -9.348531812429428101e-02 -1.002162322402000427e-01 -1.069572567939758301e-01 -1.137089952826499939e-01 -1.204714775085449219e-01 -1.272442489862442017e-01 -1.340263932943344116e-01 -1.408164948225021362e-01 -1.476125717163085938e-01 -1.544120907783508301e-01 -1.612117290496826172e-01 -1.680072098970413208e-01 -1.747926920652389526e-01 -1.815602332353591919e-01 -1.882976144552230835e-01 -1.949838846921920776e-01 -2.091443985700607300e-01
-6.875539664179086685e-03 4.963528830558061600e-03 1.477461773902177811e-02 2.449458278715610504e-02 3.429234400391578674e-02 4.422838613390922546e-02 5.433000251650810242e-02 6.461028009653091431e-02 7.507470995187759399e-02 8.572412282228469849e-02 9.655620902776718140e-02 1.075663194060325623e-01 1.187478974461555481e-01 1.300927847623825073e-01 1.415913999080657959e-01 1.532326936721801758e-01 1.650042533874511719e-01 1.768921166658401489e-01 1.888806968927383423e-01 2.009522318840026855e-01 2.130865603685379028e-01 2.252601385116577148e-01 2.374448776245117188e-01 2.496062517166137695e-01 2.617000043392181396e-01 2.736662626266479492e-01 2.854190170764923096e-01 2.968224287033081055e-01 3.076320290565490723e-01 3.197484016418457031e-01
-1.321732997894287109e-02 -3.958162292838096619e-02 -5.899752303957939148e-02 -7.742276042699813843e-02 -9.543804079294204712e-02 -1.132698580622673035e-01 -1.310333609580993652e-01 -1.487951725721359253e-01 -1.665964275598526001e-01 -1.844632029533386230e-01 -2.024118453264236450e-01 -2.204520106315612793e-01 -2.385884076356887817e-01 -2.568220198154449463e-01 -2.751505076885223389e-01 -2.935691177845001221e-01 -3.120704591274261475e-01 -3.306449949741363525e-01 -3.492806851863861084e-01 -3.679628372192382812e-01 -3.866741657257080078e-01 -4.053931534290313721e-01 -4.240938723087310791e-01 -4.427435398101806641e-01 -4.612998664379119873e-01 -4.797052443027496338e-01 -4.978769719600677490e-01 -5.156846642494201660e-01 -5.328941345214843750e-01 -5.599400997161865234e-01
-1.767622493207454681e-02 6.463727448135614395e-03 2.647332847118377686e-02 4.619221389293670654e-02 6.596868485212326050e-02 8.593136072158813477e-02 1.061407551169395447e-01 1.266279667615890503e-01 1.474083811044692993e-01 1.684877127408981323e-01 1.898653507232666016e-01 2.115358859300613403e-01 2.334903329610824585e-01 2.557164430618286133e-01 2.781993448734283447e-01 3.009216487407684326e-01 3.238632380962371826e-01 3.470015525817871094e-01 3.703109025955200195e-01 3.937623202800750732e-01 4.173224270343780518e-01 4.409524202346801758e-01 4.646058082580566406e-01 4.882256090641021729e-01 5.117387771606445312e-01 5.350468754768371582e-01 5.580086112022399902e-01 5.804014205932617188e-01 6.018264293670654297e-01 6.302671432495117188e-01
-3.308210149407386780e-02 -9.716722182929515839e-03 1.072086673229932785e-02 3.107767365872859955e-02 5.160710215568542480e-02 7.240104675292968750e-02 9.350126236677169800e-02 1.149277314543724060e-01 1.366885155439376831e-01 1.587844043970108032e-01 1.812110394239425659e-01 2.039602547883987427e-01 2.270209938287734985e-01 2.503793239593505859e-01 2.740190923213958740e-01 2.979218363761901855e-01 3.220668137073516846e-01 3.464310169219970703e-01 3.709884583950042725e-01 3.957101106643676758e-01 4.205629825592041016e-01 4.455088078975677490e-01 4.705022275447845459e-01 4.954876899719238281e-01 5.203945636749267578e-01 5.451280474662780762e-01 5.695521235466003418e-01 5.934540629386901855e-01 6.164526939392089844e-01 6.495520472526550293e-01
-1.973636448383331299e-02 -3.446340560913085938e-02 -4.450468719005584717e-02 -5.379639938473701477e-02 -6.272843480110168457e-02 -7.145460695028305054e-02 -8.005437254905700684e-02 -8.857482671737670898e-02 -9.704607725143432617e-02 -1.054882705211639404e-01 -1.139153018593788147e-01 -1.223367378115653992e-01 -1.307590603828430176e-01 -1.391864418983459473e-01 -1.476211398839950562e-01 -1.560640335083007812e-01 -1.645145416259765625e-01 -1.729709953069686890e-01 -1.814304143190383911e-01 -1.898887306451797485e-01 -1.983405798673629761e-01 -2.067788392305374146e-01 -2.151946574449539185e-01 -2.235764265060424805e-01 -2.319089025259017944e-01 -2.401710003614425659e-01 -2.483323067426681519e-01 -2.563445866107940674e-01 -2.641210258007049561e-01 -2.772027552127838135e-01
-1.478956732898950577e-02 1.079668402671813965e-01 2.037796527147293091e-01 2.966665327548980713e-01 3.888772726058959961e-01 4.812636375427246094e-01 5.742424726486206055e-01 6.680418848991394043e-01 7.627901434898376465e-01 8.585559725761413574e-01 9.553685784339904785e-01 1.053229570388793945e+00 1.152119278907775879e+00 1.252000451087951660e+00 1.352821350097656250e+00 1.454516530036926270e+00 1.557008147239685059e+00 1.660205006599426270e+00 1.764001488685607910e+00 1.868276000022888184e+00 1.972887158393859863e+00 2.077668428421020508e+00 2.182419061660766602e+00 2.286891460418701172e+00 2.390767097473144531e+00 2.493615388870239258e+00 2.594818353652954102e+00 2.693403005599975586e+00 2.787623405456542969e+00 2.912554740905761719e+00
2.268700860440731049e-03 -1.333887409418821335e-02 -2.536903880536556244e-02 -3.686798736453056335e-02 -4.813930764794349670e-02 -5.930304527282714844e-02 -7.042104750871658325e-02 -8.152960240840911865e-02 -9.265148639678955078e-02 -1.038014814257621765e-01 -1.149891987442970276e-01 -1.262207031250000000e-01 -1.374994516372680664e-01 -1.488269120454788208e-01 -1.602029353380203247e-01 -1.716260761022567749e-01 -1.830936521291732788e-01 -1.946018785238265991e-01 -2.061458379030227661e-01 -2.177194952964782715e-01 -2.293155044317245483e-01 -2.409248352050781250e-01 -2.525364756584167480e-01 -2.641367316246032715e-01 -2.757077515125274658e-01 -2.872256934642791748e-01 -2.986564934253692627e-01 -3.099470734596252441e-01 -3.210031688213348389e-01 -3.413624763488769531e-01
-1.545571815222501755e-02 -4.696526564657688141e-03 4.834939260035753250e-03 1.440631598234176636e-02 2.412258088588714600e-02 3.401950374245643616e-02 4.411180689930915833e-02 5.440521240234375000e-02 6.490047276020050049e-02 7.559527456760406494e-02 8.648506551980972290e-02 9.756360203027725220e-02 1.088232398033142090e-01 1.202550753951072693e-01 1.318489462137222290e-01 1.435936242341995239e-01 1.554765850305557251e-01 1.674840301275253296e-01 1.796006709337234497e-01 1.918093413114547729e-01 2.040906101465225220e-01 2.164220362901687622e-01 2.287769466638565063e-01 2.411227822303771973e-01 2.534179091453552246e-01 2.656063735485076904e-01 2.776078283786773682e-01 2.892959117889404297e-01 3.004435598850250244e-01 3.143090009689331055e-01
-1.931820996105670929e-02 7.895492017269134521e-03 3.045345842838287354e-02 5.266970023512840271e-02 7.493781298398971558e-02 9.740374237298965454e-02 1.201366186141967773e-01 1.431722342967987061e-01 1.665285974740982056e-01 1.902128905057907104e-01 2.142250388860702515e-01 2.385595589876174927e-01 2.632070481777191162e-01 2.881543934345245361e-01 3.133856058120727539e-01 3.388817310333251953e-01 3.646211326122283936e-01 3.905791044235229492e-01 4.167278707027435303e-01 4.430357217788696289e-01 4.694664478302001953e-01 4.959777295589447021e-01 5.225190520286560059e-01 5.490282177925109863e-01 5.754258036613464355e-01 6.016047596931457520e-01 6.274113655090332031e-01 6.526038050651550293e-01 6.767484545707702637e-01 7.096285820007324219e-01
1.155931130051612854e-02 -2.951706014573574066e-02 -6.200144812464714050e-02 -9.340777248144149780e-02 -1.244638338685035706e-01 -1.554517894983291626e-01 -1.865135431289672852e-01 -2.177296876907348633e-01 -2.491482049226760864e-01 -2.807977497577667236e-01 -3.126942813396453857e-01 -3.448447883129119873e-01 -3.772497177124023438e-01 -4.099042415618896484e-01 -4.427990019321441650e-01 -4.759210646152496338e-01 -5.092538595199584961e-01 -5.427772402763366699e-01 -5.764675736427307129e-01 -6.102970242500305176e-01 -6.442334055900573730e-01 -6.782378554344177246e-01 -7.122640609741210938e-01 -7.462546825408935547e-01 -7.801358699798583984e-01 -8.138085007667541504e-01 -8.471301198005676270e-01 -8.798779845237731934e-01 -9.116532206535339355e-01 -9.636438488960266113e-01
2.363594062626361847e-02 4.408282227814197540e-03 -1.185092329978942871e-02 -2.774165570735931396e-02 -4.352463409304618835e-02 -5.930303037166595459e-02 -7.512965798377990723e-02 -9.103492647409439087e-02 -1.070371642708778381e-01 -1.231474652886390686e-01 -1.393721103668212891e-01 -1.557140201330184937e-01 -1.721735745668411255e-01 -1.887492984533309937e-01 -2.054378241300582886e-01 -2.222346514463424683e-01 -2.391338348388671875e-01 -2.561283409595489502e-01 -2.732097804546356201e-01 -2.903684675693511963e-01 -3.075931668281555176e-01 -3.248706161975860596e-01 -3.421851098537445068e-01 -3.595174252986907959e-01 -3.768431246280670166e-01 -3.941300213336944580e-01 -4.113324582576751709e-01 -4.283800125122070312e-01 -4.451486170291900635e-01 -4.771947562694549561e-01
1.097610127180814743e-02 2.919713594019412994e-02 4.266107082366943359e-02 5.563096329569816589e-02 6.849629431962966919e-02 8.140213787555694580e-02 9.441823512315750122e-02 1.075820326805114746e-01 1.209140419960021973e-01 1.344246268272399902e-01 1.481175571680068970e-01 1.619918644428253174e-01 1.760429739952087402e-01 1.902632713317871094e-01 2.046426683664321899e-01 2.191686630249023438e-01 2.338263988494873047e-01 2.485986948013305664e-01 2.634656727313995361e-01 2.784043848514556885e-01 2.933882474899291992e-01 3.083857297897338867e-01 3.233586549758911133e-01 3.382598459720611572e-01 3.530280292034149170e-01 3.675802946090698242e-01 3.817965090274810791e-01 3.954864442348480225e-01 4.083069264888763428e-01 4.197354018688201904e-01
-3.365541622042655945e-02 -4.312313627451658249e-03 2.081837318837642670e-02 4.572348669171333313e-02 7.076435536146163940e-02 9.607404470443725586e-02 1.217146441340446472e-01 1.477173715829849243e-01 1.740967780351638794e-01 2.008572071790695190e-01 2.279959768056869507e-01 2.555052936077117920e-01 2.833733856678009033e-01 3.115849196910858154e-01 3.401215076446533203e-01 3.689619600772857666e-01 3.980821073055267334e-01 4.274548590183258057e-01 4.570498466491699219e-01 4.868324697017669678e-01 5.167636871337890625e-01 5.467978715896606445e-01 5.768807530403137207e-01 6.069459915161132812e-01 6.369089484214782715e-01 6.666557788848876953e-01 6.960236430168151855e-01 7.247570157051086426e-01 7.523984313011169434e-01 7.921555638313293457e-01
-1.430807542055845261e-02 -1.098257768899202347e-02 -7.315094117075204849e-03 -3.428605385124683380e-03 6.495288689620792866e-04 4.904382396489381790e-03 9.325526654720306396e-03 1.390465069562196732e-02 1.863441430032253265e-02 2.350787259638309479e-02 2.851822972297668457e-02 3.365859016776084900e-02 3.892193734645843506e-02 4.430091381072998047e-02 4.978785291314125061e-02 5.537466704845428467e-02 6.105272844433784485e-02 6.681286543607711792e-02 7.264509052038192749e-02 7.853845506906509399e-02 8.448079228401184082e-02 9.045813232660293579e-02 9.645410627126693726e-02 1.024488210678100586e-01 1.084169521927833557e-01 1.143246069550514221e-01 1.201231107115745544e-01 1.257358342409133911e-01 1.310252100229263306e-01 1.361246258020401001e-01
2.108867466449737549e-02 -5.167083442211151123e-02 -1.094686910510063171e-01 -1.654847264289855957e-01 -2.209838479757308960e-01 -2.764532268047332764e-01 -3.321357667446136475e-01 -3.881680667400360107e-01 -4.446298182010650635e-01 -5.015671849250793457e-01 -5.590042471885681152e-01 -6.169490218162536621e-01 -6.753983497619628906e-01 -7.343394756317138672e-01 -7.937515377998352051e-01 -8.536072373390197754e-01 -9.138724803924560547e-01 -9.745070338249206543e-01 -1.035463333129882812e+00 -1.096686720848083496e+00 -1.158113360404968262e+00 -1.219667673110961914e+00 -1.281259059906005859e+00 -1.342775464057922363e+00 -1.404073357582092285e+00 -1.464959025382995605e+00 -1.525155186653137207e+00 -1.584226727485656738e+00 -1.641394257545471191e+00 -1.731731414794921875e+00
4.378094337880611420e-03 -2.054406516253948212e-02 -3.993870317935943604e-02 -5.858165025711059570e-02 -7.694058120250701904e-02 -9.519824385643005371e-02 -1.134474650025367737e-01 -1.317417770624160767e-01 -1.501138359308242798e-01 -1.685838848352432251e-01 -1.871642470359802246e-01 -2.058615237474441528e-01 -2.246782779693603516e-01 -2.436137944459915161e-01 -2.626647055149078369e-01 -2.818253934383392334e-01 -3.010881245136260986e-01 -3.204431533813476562e-01 -3.398787677288055420e-01 -3.593808114528656006e-01 -3.789327442646026611e-01 -3.985145986080169678e-01 -4.181021153926849365e-01 -4.376653432846069336e-01 -4.571655690670013428e-01 -4.765507280826568604e-01 -4.957462251186370850e-01 -5.146351456642150879e-01 -5.330089926719665527e-01 -5.641758441925048828e-01
6.661668885499238968e-03 5.682630836963653564e-02 9.527266770601272583e-02 1.324272304773330688e-01 1.692636013031005859e-01 2.061500102281570435e-01 2.432665675878524780e-01 2.807120680809020996e-01 3.185423612594604492e-01 3.567877113819122314e-01 3.954615890979766846e-01 4.345654249191284180e-01 4.740918576717376709e-01 5.140258669853210449e-01 5.543461441993713379e-01 5.950261950492858887e-01 6.360332965850830078e-01 6.773298382759094238e-01 7.188715934753417969e-01 7.606078982353210449e-01 8.024794459342956543e-01 8.444159626960754395e-01 8.863331675529479980e-01 9.281261563301086426e-01 9.696596264839172363e-01 1.010750770568847656e+00 1.051135540008544922e+00 1.090397238731384277e+00 1.127787113189697266e+00 1.174350142478942871e+00
1.175332814455032349e-02 3.119641542434692383e-02 4.566229879856109619e-02 5.960946157574653625e-02 7.344687730073928833e-02 8.732733875513076782e-02 1.013245955109596252e-01 1.154783740639686584e-01 1.298106461763381958e-01 1.443325728178024292e-01 1.590485125780105591e-01 1.739577502012252808e-01 1.890557855367660522e-01 2.043349593877792358e-01 2.197850197553634644e-01 2.353931665420532227e-01 2.511442303657531738e-01 2.670205533504486084e-01 2.830017805099487305e-01 2.990643680095672607e-01 3.151810467243194580e-01 3.313195407390594482e-01 3.474407196044921875e-01 3.634962141513824463e-01 3.794234693050384521e-01 3.951375484466552734e-01 4.105155169963836670e-01 4.253629148006439209e-01 4.393285810947418213e-01 4.529756009578704834e-01
-4.074483178555965424e-03 -1.815285719931125641e-02 -2.869176864624023438e-02 -3.868258371949195862e-02 -4.842460528016090393e-02 -5.803653970360755920e-02 -6.757986545562744141e-02 -7.709096372127532959e-02 -8.659291267395019531e-02 -9.610104560852050781e-02 -1.056256517767906189e-01 -1.151735559105873108e-01 -1.247491836547851562e-01 -1.343550235033035278e-01 -1.439920216798782349e-01 -1.536599993705749512e-01 -1.633575707674026489e-01 -1.730825304985046387e-01 -1.828315109014511108e-01 -1.926003098487854004e-01 -2.023835927248001099e-01 -2.121746540069580078e-01 -2.219653576612472534e-01 -2.317451834678649902e-01 -2.415007203817367554e-01 -2.512136101722717285e-01 -2.608577907085418701e-01 -2.703925669193267822e-01 -2.797456085681915283e-01 -2.973085343837738037e-01
6.403062958270311356e-03 5.325578525662422180e-02 8.921881765127182007e-02 1.239909157156944275e-01 1.584772020578384399e-01 1.930198520421981812e-01 2.277861088514328003e-01 2.628676295280456543e-01 2.983161509037017822e-01 3.341596126556396484e-01 3.704102039337158203e-01 4.070690572261810303e-01 4.441289901733398438e-01 4.815757572650909424e-01 5.193893313407897949e-01 5.575444102287292480e-01 5.960105061531066895e-01 6.347520947456359863e-01 6.737277507781982422e-01 7.128896713256835938e-01 7.521824240684509277e-01 7.915400862693786621e-01 8.308835029602050781e-01 8.701143264770507812e-01 9.091057777404785156e-01 9.476864933967590332e-01 9.856090545654296875e-01 1.022482991218566895e+00 1.057606101036071777e+00 1.101429820060729980e+00
-7.211572024971246719e-03 3.094811178743839264e-02 6.097451969981193542e-02 9.018819779157638550e-02 1.192669793963432312e-01 1.484654694795608521e-01 1.779069304466247559e-01 2.076577991247177124e-01 2.377544492483139038e-01 2.682152092456817627e-01 2.990464568138122559e-01 3.302460908889770508e-01 3.618055284023284912e-01 3.937106430530548096e-01 4.259428083896636963e-01 4.584791660308837891e-01 4.912925660610198975e-01 5.243518948554992676e-01 5.576211810111999512e-01 5.910590291023254395e-01 6.246178150177001953e-01 6.582412123680114746e-01 6.918615698814392090e-01 7.253953814506530762e-01 7.587349414825439453e-01 7.917349934577941895e-01 8.241865038871765137e-01 8.557594418525695801e-01 8.858613967895507812e-01 9.239935874938964844e-01
1.902086474001407623e-02 -2.835658192634582520e-02 -6.612181663513183594e-02 -1.027166470885276794e-01 -1.389557570219039917e-01 -1.751540899276733398e-01 -2.114694714546203613e-01 -2.479909211397171021e-01 -2.847710251808166504e-01 -3.218405842781066895e-01 -3.592160046100616455e-01 -3.969037532806396484e-01 -4.349027574062347412e-01 -4.732059538364410400e-01 -5.118010640144348145e-01 -5.506718158721923828e-01 -5.897974967956542969e-01 -6.291534304618835449e-01 -6.687107086181640625e-01 -7.084355950355529785e-01 -7.482889294624328613e-01 -7.882239222526550293e-01 -8.281846046447753906e-01 -8.681020140647888184e-01 -9.078871607780456543e-01 -9.474207758903503418e-01 -9.865316748619079590e-01 -1.024951815605163574e+00 -1.062201619148254395e+00 -1.122565746307373047e+00
-2.873020432889461517e-02 -8.216528594493865967e-02 -1.214444413781166077e-01 -1.588172316551208496e-01 -1.954600363969802856e-01 -2.318269759416580200e-01 -2.681461572647094727e-01 -3.045476973056793213e-01 -3.411100804805755615e-01 -3.778813183307647705e-01 -4.148899614810943604e-01 -4.521504640579223633e-01 -4.896674156188964844e-01 -5.274373888969421387e-01 -5.654500126838684082e-01 -6.036897301673889160e-01 -6.421352028846740723e-01 -6.807599067687988281e-01 -7.195319533348083496e-01 -7.584132552146911621e-01 -7.973586916923522949e-01 -8.363139629364013672e-01 -8.752129673957824707e-01 -9.139730930328369141e-01 -9.524875283241271973e-01 -9.906111359596252441e-01 -1.028134822845458984e+00 -1.064728856086730957e+00 -1.099799990653991699e+00 -1.148883938789367676e+00
2.205608598887920380e-02 1.738250069320201874e-02 1.251142565160989761e-02 7.642256561666727066e-03 2.780026057735085487e-03 -2.076803706586360931e-03 -6.930665578693151474e-03 -1.178394909948110580e-02 -1.663873717188835144e-02 -2.149694226682186127e-02 -2.636030316352844238e-02 -3.123044036328792572e-02 -3.610891476273536682e-02 -4.099731519818305969e-02 -4.589719697833061218e-02 -5.081030726432800293e-02 -5.573844537138938904e-02 -6.068363413214683533e-02 -6.564813107252120972e-02 -7.063464820384979248e-02 -7.564626634120941162e-02 -8.068675547838211060e-02 -8.576092869043350220e-02 -9.087490290403366089e-02 -9.603694826364517212e-02 -1.012588441371917725e-01 -1.065584942698478699e-01 -1.119652613997459412e-01 -1.175344586372375488e-01 -1.332730650901794434e-01
2.269805036485195160e-02 4.606434702873229980e-02 6.279648095369338989e-02 7.876623421907424927e-02 9.451667219400405884e-02 1.102520227432250977e-01 1.260718107223510742e-01 1.420306563377380371e-01 1.581595391035079956e-01 1.744755357503890991e-01 1.909866333007812500e-01 2.076942920684814453e-01 2.245952636003494263e-01 2.416822165250778198e-01 2.589445114135742188e-01 2.763684391975402832e-01 2.939373552799224854e-01 3.116316497325897217e-01 3.294283151626586914e-01 3.473006486892700195e-01 3.652174174785614014e-01 3.831413686275482178e-01 4.010274410247802734e-01 4.188195168972015381e-01 4.364445209503173828e-01 4.538036286830902100e-01 4.707529544830322266e-01 4.870651662349700928e-01 5.023288726806640625e-01 5.157279372215270996e-01
2.765726111829280853e-02 2.883469453081488609e-03 -1.790074072778224945e-02 -3.821105137467384338e-02 -5.839473381638526917e-02 -7.858788967132568359e-02 -9.885946661233901978e-02 -1.192487478256225586e-01 -1.397789865732192993e-01 -1.604638695716857910e-01 -1.813107877969741821e-01 -2.023225426673889160e-01 -2.234986871480941772e-01 -2.448360174894332886e-01 -2.663291394710540771e-01 -2.879707515239715576e-01 -3.097517192363739014e-01 -3.316612839698791504e-01 -3.536867797374725342e-01 -3.758134841918945312e-01 -3.980245888233184814e-01 -4.203001558780670166e-01 -4.426163733005523682e-01 -4.649441242218017578e-01 -4.872465133666992188e-01 -5.094740986824035645e-01 -5.315568447113037109e-01 -5.533861517906188965e-01 -5.747693181037902832e-01 -6.138303875923156738e-01
-3.074363432824611664e-02 -8.253061212599277496e-03 1.135572511702775955e-02 3.087908215820789337e-02 5.056570842862129211e-02 7.050575315952301025e-02 9.074019640684127808e-02 1.112886667251586914e-01 1.321591883897781372e-01 1.533525586128234863e-01 1.748646944761276245e-01 1.966877430677413940e-01 2.188109159469604492e-01 2.412208318710327148e-01 2.639017999172210693e-01 2.868360280990600586e-01 3.100033104419708252e-01 3.333813250064849854e-01 3.569448888301849365e-01 3.806658685207366943e-01 4.045121669769287109e-01 4.284466803073883057e-01 4.524252116680145264e-01 4.763939380645751953e-01 5.002839565277099609e-01 5.240030884742736816e-01 5.474192500114440918e-01 5.703247785568237305e-01 5.923488140106201172e-01 6.237151026725769043e-01
-2.749942010268568993e-03 -7.804328110069036484e-03 -1.158251613378524780e-02 -1.509037613868713379e-02 -1.844001375138759613e-02 -2.167884446680545807e-02 -2.483315207064151764e-02 -2.791967429220676422e-02 -3.095010854303836823e-02 -3.393322601914405823e-02 -3.687596693634986877e-02 -3.978404775261878967e-02 -4.266238212585449219e-02 -4.551538452506065369e-02 -4.834702983498573303e-02 -5.116117373108863831e-02 -5.396148934960365295e-02 -5.675170943140983582e-02 -5.953560397028923035e-02 -6.231718137860298157e-02 -6.510081142187118530e-02 -6.789139658212661743e-02 -7.069472223520278931e-02 -7.351771742105484009e-02 -7.636948674917221069e-02 -7.926224917173385620e-02 -8.221399039030075073e-02 -8.525339514017105103e-02 -8.843279629945755005e-02 -9.838945418596267700e-02
2.296783030033111572e-02 3.292878856882452965e-03 -1.319827977567911148e-02 -2.928923629224300385e-02 -4.525766149163246155e-02 -6.121318042278289795e-02 -7.721170037984848022e-02 -9.328543394804000854e-02 -1.094537377357482910e-01 -1.257283687591552734e-01 -1.421160101890563965e-01 -1.586197465658187866e-01 -1.752400994300842285e-01 -1.919754743576049805e-01 -2.088224291801452637e-01 -2.257762551307678223e-01 -2.428307384252548218e-01 -2.599784135818481445e-01 -2.772104740142822266e-01 -2.945166528224945068e-01 -3.118850290775299072e-01 -3.293015062808990479e-01 -3.467493057250976562e-01 -3.642078340053558350e-01 -3.816508352756500244e-01 -3.990436494350433350e-01 -4.163369238376617432e-01 -4.334546625614166260e-01 -4.502623379230499268e-01 -4.818433821201324463e-01
-1.457979530096054077e-02 -5.529595538973808289e-02 -8.563002198934555054e-02 -1.145590320229530334e-01 -1.429490894079208374e-01 -1.711354702711105347e-01 -1.992870718240737915e-01 -2.275006026029586792e-01 -2.558344900608062744e-01 -2.843247950077056885e-01 -3.129929900169372559e-01 -3.418502509593963623e-01 -3.709004223346710205e-01 -4.001413881778717041e-01 -4.295661449432373047e-01 -4.591634571552276611e-01 -4.889182746410369873e-01 -5.188116431236267090e-01 -5.488205552101135254e-01 -5.789178609848022461e-01 -6.090710163116455078e-01 -6.392410397529602051e-01 -6.693804264068603516e-01 -6.994299888610839844e-01 -7.293130755424499512e-01 -7.589258551597595215e-01 -7.881186008453369141e-01 -8.166556358337402344e-01 -8.441140055656433105e-01 -8.847404122352600098e-01
4.832465201616287231e-04 -5.544110015034675598e-02 -9.864846616983413696e-02 -1.402430981397628784e-01 -1.812929064035415649e-01 -2.222101837396621704e-01 -2.632014751434326172e-01 -3.043838441371917725e-01 -3.458268642425537109e-01 -3.875720202922821045e-01 -4.296425282955169678e-01 -4.720485210418701172e-01 -5.147908329963684082e-01 -5.578625798225402832e-01 -6.012502312660217285e-01 -6.449354290962219238e-01 -6.888937950134277344e-01 -7.330966591835021973e-01 -7.775092720985412598e-01 -8.220915794372558594e-01 -8.667960166931152344e-01 -9.115661978721618652e-01 -9.563339352607727051e-01 -1.001014709472656250e+00 -1.045499444007873535e+00 -1.089641213417053223e+00 -1.133228659629821777e+00 -1.175929546356201172e+00 -1.217148423194885254e+00 -1.280398964881896973e+00
-3.118680557236075401e-03 -5.802940577268600464e-03 -7.672507315874099731e-03 -9.321336634457111359e-03 -1.082231011241674423e-02 -1.220782846212387085e-02 -1.349672395735979080e-02 -1.470163464546203613e-02 -1.583189889788627625e-02 -1.689501293003559113e-02 -1.789731718599796295e-02 -1.884442754089832306e-02 -1.974156312644481659e-02 -2.059369906783103943e-02 -2.140568755567073822e-02 -2.218242548406124115e-02 -2.292890846729278564e-02 -2.365032397210597992e-02 -2.435219846665859222e-02 -2.504055202007293701e-02 -2.572204172611236572e-02 -2.640423178672790527e-02 -2.709615789353847504e-02 -2.780877985060214996e-02 -2.855620346963405609e-02 -2.935751341283321381e-02 -3.024045191705226898e-02 -3.124908171594142914e-02 -3.246326744556427002e-02 -3.934719786047935486e-02
1.681702770292758942e-02 -6.173862144351005554e-02 -1.236272826790809631e-01 -1.835085004568099976e-01 -2.427868843078613281e-01 -3.020028769969940186e-01 -3.614259660243988037e-01 -4.212075471878051758e-01 -4.814363420009613037e-01 -5.421636104583740234e-01 -6.034165024757385254e-01 -6.652044653892517090e-01 -7.275245785713195801e-01 -7.903631329536437988e-01 -8.536980748176574707e-01 -9.174996018409729004e-01 -9.817307591438293457e-01 -1.046347618103027344e+00 -1.111298561096191406e+00 -1.176523685455322266e+00 -1.241953253746032715e+00 -1.307504177093505859e+00 -1.373077034950256348e+00 -1.438548922538757324e+00 -1.503761291503906250e+00 -1.568501114845275879e+00 -1.632462859153747559e+00 -1.695165634155273438e+00 -1.755749225616455078e+00 -1.849617004394531250e+00
-3.206807421520352364e-03 -4.565366730093955994e-02 -7.829748839139938354e-02 -1.096632853150367737e-01 -1.405753046274185181e-01 -1.713529080152511597e-01 -2.021569013595581055e-01 -2.330789566040039062e-01 -2.641741633415222168e-01 -2.954758703708648682e-01 -3.270034492015838623e-01 -3.587662279605865479e-01 -3.907663524150848389e-01 -4.230001270771026611e-01 -4.554590284824371338e-01 -4.881304800510406494e-01 -5.209979414939880371e-01 -5.540413260459899902e-01 -5.872362256050109863e-01 -6.205543875694274902e-01 -6.539621949195861816e-01 -6.874194145202636719e-01 -7.208777070045471191e-01 -7.542769312858581543e-01 -7.875393033027648926e-01 -8.205602169036865234e-01 -8.531892895698547363e-01 -8.851900100708007812e-01 -9.161386489868164062e-01 -9.648326039314270020e-01
-3.805097891017794609e-03 -4.240306094288825989e-02 -7.183987647294998169e-02 -1.000609025359153748e-01 -1.278346329927444458e-01 -1.554590016603469849e-01 -1.830842047929763794e-01 -2.107960432767868042e-01 -2.386462092399597168e-01 -2.666664421558380127e-01 -2.948752343654632568e-01 -3.232820034027099609e-01 -3.518894612789154053e-01 -3.806948661804199219e-01 -4.096911847591400146e-01 -4.388674795627593994e-01 -4.682092666625976562e-01 -4.976987838745117188e-01 -5.273144245147705078e-01 -5.570307374000549316e-01 -5.868175625801086426e-01 -6.166389584541320801e-01 -6.464509963989257812e-01 -6.761994361877441406e-01 -7.058137059211730957e-01 -7.351992130279541016e-01 -7.642191052436828613e-01 -7.926587462425231934e-01 -8.201332092285156250e-01 -8.628755211830139160e-01
-1.896838471293449402e-02 3.380418056622147560e-03 2.197794429957866669e-02 4.032917320728302002e-02 5.874985083937644958e-02 7.735594362020492554e-02 9.620156139135360718e-02 1.153141856193542480e-01 1.347070038318634033e-01 1.543844342231750488e-01 1.743451207876205444e-01 1.945833414793014526e-01 2.150900512933731079e-01 2.358532696962356567e-01 2.568584680557250977e-01 2.780888080596923828e-01 2.995249927043914795e-01 3.211451470851898193e-01 3.429248332977294922e-01 3.648359775543212891e-01 3.868468105792999268e-01 4.089199602603912354e-01 4.310109615325927734e-01 4.530651569366455078e-01 4.750123918056488037e-01 4.967584609985351562e-01 5.181677937507629395e-01 5.390271544456481934e-01 5.589540004730224609e-01 5.848255753517150879e-01
3.795618936419487000e-02 6.955096870660781860e-02 9.149979799985885620e-02 1.122590079903602600e-01 1.326166391372680664e-01 1.528707295656204224e-01 1.731678396463394165e-01 1.935893148183822632e-01 2.141825109720230103e-01 2.349746674299240112e-01 2.559799849987030029e-01 2.772035300731658936e-01 2.986435592174530029e-01 3.202927112579345703e-01 3.421390354633331299e-01 3.641664981842041016e-01 3.863548040390014648e-01 4.086798429489135742e-01 4.311129152774810791e-01 4.536205232143402100e-01 4.761629104614257812e-01 4.986927211284637451e-01 5.211521983146667480e-01 5.434690117835998535e-01 5.655491948127746582e-01 5.872647166252136230e-01 6.084297895431518555e-01 6.287495493888854980e-01 6.476910114288330078e-01 6.630356311798095703e-01
-1.893506199121475220e-02 2.304014004766941071e-02 5.686971172690391541e-02 8.994262665510177612e-02 1.229428127408027649e-01 1.561269164085388184e-01 1.896186918020248413e-01 2.234843820333480835e-01 2.577595114707946777e-01 2.924612760543823242e-01 3.275945484638214111e-01 3.631553649902343750e-01 3.991330862045288086e-01 4.355113506317138672e-01 4.722689688205718994e-01 5.093802809715270996e-01 5.468153953552246094e-01 5.845397114753723145e-01 6.225138306617736816e-01 6.606927514076232910e-01 6.990244984626770020e-01 7.374480366706848145e-01 7.758903503417968750e-01 8.142612576484680176e-01 8.524451255798339844e-01 8.902862071990966797e-01 9.275602698326110840e-01 9.639146924018859863e-01 9.987170100212097168e-01 1.045620679855346680e+00
1.239165943115949631e-02 -7.808513939380645752e-03 -2.413504756987094879e-02 -3.994226083159446716e-02 -5.556305125355720520e-02 -7.112850248813629150e-02 -8.670564740896224976e-02 -1.023332476615905762e-01 -1.180349886417388916e-01 -1.338256448507308960e-01 -1.497140675783157349e-01 -1.657050400972366333e-01 -1.818003207445144653e-01 -1.979992985725402832e-01 -2.142993658781051636e-01 -2.306963950395584106e-01 -2.471846491098403931e-01 -2.637570798397064209e-01 -2.804049551486968994e-01 -2.971182763576507568e-01 -3.138850629329681396e-01 -3.306910991668701172e-01 -3.475192785263061523e-01 -3.643485009670257568e-01 -3.811518251895904541e-01 -3.978931903839111328e-01 -4.145213067531585693e-01 -4.309565126895904541e-01 -4.470574855804443359e-01 -4.765937030315399170e-01
1.146510709077119827e-02 7.508096843957901001e-02 1.235085129737854004e-01 1.702133864164352417e-01 2.164565771818161011e-01 2.627160251140594482e-01 3.092262446880340576e-01 3.561164438724517822e-01 4.034603834152221680e-01 4.512986242771148682e-01 4.996502399444580078e-01 5.485187172889709473e-01 5.978963375091552734e-01 6.477654576301574707e-01 6.981007456779479980e-01 7.488696575164794922e-01 8.000324368476867676e-01 8.515426516532897949e-01 9.033460617065429688e-01 9.553796648979187012e-01 1.007570147514343262e+00 1.059830188751220703e+00 1.112055182456970215e+00 1.164114475250244141e+00 1.215839743614196777e+00 1.267002940177917480e+00 1.317275524139404297e+00 1.366138815879821777e+00 1.412659645080566406e+00 1.470503926277160645e+00
5.998890846967697144e-03 2.117175422608852386e-02 3.246886283159255981e-02 4.339203611016273499e-02 5.425704643130302429e-02 6.518027931451797485e-02 7.621692121028900146e-02 8.739599585533142090e-02 9.873280674219131470e-02 1.102344393730163574e-01 1.219025924801826477e-01 1.337350755929946899e-01 1.457266956567764282e-01 1.578698158264160156e-01 1.701545268297195435e-01 1.825690418481826782e-01 1.950993537902832031e-01 2.077295184135437012e-01 2.204412072896957397e-01 2.332132607698440552e-01 2.460212707519531250e-01 2.588362991809844971e-01 2.716235816478729248e-01 2.843398451805114746e-01 2.969292104244232178e-01 3.093159794807434082e-01 3.213904500007629395e-01 3.329793214797973633e-01 3.437697589397430420e-01 3.521562516689300537e-01
1.796686090528964996e-02 -9.666618891060352325e-03 -3.218096867203712463e-02 -5.405448377132415771e-02 -7.572712004184722900e-02 -9.737098217010498047e-02 -1.190732121467590332e-01 -1.408837288618087769e-01 -1.628324389457702637e-01 -1.849372982978820801e-01 -2.072085142135620117e-01 -2.296507358551025391e-01 -2.522645592689514160e-01 -2.750473022460937500e-01 -2.979935705661773682e-01 -3.210957944393157959e-01 -3.443441390991210938e-01 -3.677268922328948975e-01 -3.912298679351806641e-01 -4.148369729518890381e-01 -4.385290145874023438e-01 -4.622836112976074219e-01 -4.860737323760986328e-01 -5.098661780357360840e-01 -5.336183905601501465e-01 -5.572736859321594238e-01 -5.807510614395141602e-01 -6.039241552352905273e-01 -6.265682578086853027e-01 -6.667833328247070312e-01
2.019000984728336334e-02 -1.300865691155195236e-02 -3.994488716125488281e-02 -6.611428409814834595e-02 -9.205273538827896118e-02 -1.179687976837158203e-01 -1.439676135778427124e-01 -1.701088398694992065e-01 -1.964279562234878540e-01 -2.229460328817367554e-01 -2.496745437383651733e-01 -2.766182124614715576e-01 -3.037768900394439697e-01 -3.311464488506317139e-01 -3.587192595005035400e-01 -3.864850997924804688e-01 -4.144308865070343018e-01 -4.425410330295562744e-01 -4.707970917224884033e-01 -4.991777837276458740e-01 -5.276581645011901855e-01 -5.562087893486022949e-01 -5.847943425178527832e-01 -6.133714318275451660e-01 -6.418843865394592285e-01 -6.702584624290466309e-01 -6.983873248100280762e-01 -7.261044383049011230e-01 -7.531130909919738770e-01 -7.995839118957519531e-01
-2.412401372566819191e-03 -4.285842645913362503e-03 -5.486015230417251587e-03 -6.482601165771484375e-03 -7.335716392844915390e-03 -8.072600699961185455e-03 -8.709397166967391968e-03 -9.257111698389053345e-03 -9.724051691591739655e-03 -1.011704187840223312e-02 -1.044198498129844666e-02 -1.070422586053609848e-02 -1.090878993272781372e-02 -1.106060203164815903e-02 -1.116452086716890335e-02 -1.122546847909688950e-02 -1.124853920191526413e-02 -1.123906765133142471e-02 -1.120273116976022720e-02 -1.114574447274208069e-02 -1.107498630881309509e-02 -1.099827885627746582e-02 -1.092493813484907150e-02 -1.086629554629325867e-02 -1.083687786012887955e-02 -1.085637230426073074e-02 -1.095336303114891052e-02 -1.117322687059640884e-02 -1.159841474145650864e-02 -1.680275052785873413e-02
1.908455230295658112e-02 -4.128329083323478699e-02 -8.939895778894424438e-02 -1.360456198453903198e-01 -1.822617053985595703e-01 -2.284481525421142578e-01 -2.748054563999176025e-01 -3.214465677738189697e-01 -3.684377670288085938e-01 -4.158177375793457031e-01 -4.636068344116210938e-01 -5.118125081062316895e-01 -5.604327321052551270e-01 -6.094577312469482422e-01 -6.588710546493530273e-01 -7.086513042449951172e-01 -7.587709426879882812e-01 -8.091979622840881348e-01 -8.598945140838623047e-01 -9.108166098594665527e-01 -9.619131088256835938e-01 -1.013123512268066406e+00 -1.064375281333923340e+00 -1.115579009056091309e+00 -1.166619181632995605e+00 -1.217341423034667969e+00 -1.267524123191833496e+00 -1.316819310188293457e+00 -1.364605307579040527e+00 -1.441663146018981934e+00
5.760632921010255814e-03 6.173488497734069824e-02 1.047871634364128113e-01 1.464129537343978882e-01 1.876877546310424805e-01 2.290188521146774292e-01 2.706057131290435791e-01 3.125580847263336182e-01 3.549379408359527588e-01 3.977792263031005859e-01 4.410969316959381104e-01 4.848932325839996338e-01 5.291600823402404785e-01 5.738813281059265137e-01 6.190335750579833984e-01 6.645879149436950684e-01 7.105086445808410645e-01 7.567543983459472656e-01 8.032770156860351562e-01 8.500207066535949707e-01 8.969207406044006348e-01 9.439001679420471191e-01 9.908666014671325684e-01 1.037705302238464355e+00 1.084268212318420410e+00 1.130355477333068848e+00 1.175678372383117676e+00 1.219781517982482910e+00 1.261846542358398438e+00 1.315506815910339355e+00
5.184333305805921555e-03 8.015613071620464325e-03 9.989086538553237915e-03 1.195407565683126450e-02 1.397625636309385300e-02 1.607677713036537170e-02 1.826383732259273529e-02 2.054029330611228943e-02 2.290631271898746490e-02 2.536035142838954926e-02 2.789971791207790375e-02 3.052087128162384033e-02 3.321952745318412781e-02 3.599069640040397644e-02 3.882880508899688721e-02 4.172759130597114563e-02 4.468005523085594177e-02 4.767851158976554871e-02 5.071426555514335632e-02 5.377757176756858826e-02 5.685723200440406799e-02 5.994017794728279114e-02 6.301070749759674072e-02 6.604935228824615479e-02 6.903102248907089233e-02 7.192157208919525146e-02 7.467134296894073486e-02 7.720151543617248535e-02 7.936912029981613159e-02 7.689037173986434937e-02
9.137938730418682098e-03 3.451672568917274475e-02 5.357618629932403564e-02 7.196413725614547729e-02 9.020060300827026367e-02 1.084803044795989990e-01 1.268974095582962036e-01 1.455028951168060303e-01 1.643249094486236572e-01 1.833780556917190552e-01 2.026681154966354370e-01 2.221943885087966919e-01 2.419514805078506470e-01 2.619299590587615967e-01 2.821169793605804443e-01 3.024966716766357422e-01 3.230499327182769775e-01 3.437546789646148682e-01 3.645854890346527100e-01 3.855125904083251953e-01 4.065018594264984131e-01 4.275125265121459961e-01 4.484956562519073486e-01 4.693903923034667969e-01 4.901181161403656006e-01 5.105721950531005859e-01 5.305985808372497559e-01 5.499539375305175781e-01 5.681993961334228516e-01 5.870742201805114746e-01
1.414485368877649307e-02 -1.233930606395006180e-02 -3.363033756613731384e-02 -5.425195395946502686e-02 -7.464795559644699097e-02 -9.499188512563705444e-02 -1.153716668486595154e-01 -1.358377933502197266e-01 -1.564206331968307495e-01 -1.771386861801147461e-01 -1.980026513338088989e-01 -2.190177440643310547e-01 -2.401851415634155273e-01 -2.615028023719787598e-01 -2.829659283161163330e-01 -3.045677542686462402e-01 -3.262991011142730713e-01 -3.481489121913909912e-01 -3.701040446758270264e-01 -3.921489417552947998e-01 -4.142655432224273682e-01 -4.364322721958160400e-01 -4.586232602596282959e-01 -4.808064401149749756e-01 -5.029407143592834473e-01 -5.249712467193603516e-01 -5.468195080757141113e-01 -5.683630108833312988e-01 -5.893833041191101074e-01 -6.261805891990661621e-01
3.146627685055136681e-03 -2.013448253273963928e-02 -3.828221186995506287e-02 -5.572486296296119690e-02 -7.289782911539077759e-02 -8.997172862291336060e-02 -1.070334613323211670e-01 -1.241333112120628357e-01 -1.413020640611648560e-01 -1.585590839385986328e-01 -1.759161502122879028e-01 -1.933798342943191528e-01 -2.109529823064804077e-01 -2.286353260278701782e-01 -2.464241832494735718e-01 -2.643148005008697510e-01 -2.823005616664886475e-01 -3.003729879856109619e-01 -3.185218274593353271e-01 -3.367346227169036865e-01 -3.549968302249908447e-01 -3.732908666133880615e-01 -3.915955126285552979e-01 -4.098844230175018311e-01 -4.281235635280609131e-01 -4.462672173976898193e-01 -4.642500579357147217e-01 -4.819697439670562744e-01 -4.992437362670898438e-01 -5.292512178421020508e-01
-6.730794906616210938e-03 3.586362116038799286e-03 1.208991836756467819e-02 2.052231691777706146e-02 2.903296053409576416e-02 3.767455741763114929e-02 4.647043347358703613e-02 5.543136969208717346e-02 6.456150114536285400e-02 7.386084645986557007e-02 8.332665264606475830e-02 9.295407682657241821e-02 1.027366742491722107e-01 1.126663982868194580e-01 1.227339878678321838e-01 1.329288631677627563e-01 1.432390809059143066e-01 1.536513119935989380e-01 1.641506403684616089e-01 1.747200638055801392e-01 1.853403598070144653e-01 1.959889978170394897e-01 2.066390067338943481e-01 2.172573655843734741e-01 2.278015166521072388e-01 2.382140904664993286e-01 2.484123706817626953e-01 2.582658827304840088e-01 2.675397098064422607e-01 2.766242325305938721e-01
1.323875784873962402e-02 3.525278531014919281e-03 -4.832623992115259171e-03 -1.297592278569936752e-02 -2.102824486792087555e-02 -2.904087305068969727e-02 -3.704129159450531006e-02 -4.504627361893653870e-02 -5.306671932339668274e-02 -6.111003085970878601e-02 -6.918131560087203979e-02 -7.728412002325057983e-02 -8.542084693908691406e-02 -9.359306842088699341e-02 -1.018016338348388672e-01 -1.100469827651977539e-01 -1.183291077613830566e-01 -1.266476958990097046e-01 -1.350020617246627808e-01 -1.433914154767990112e-01 -1.518146842718124390e-01 -1.602706164121627808e-01 -1.687577515840530396e-01 -1.772744804620742798e-01 -1.858189254999160767e-01 -1.943890452384948730e-01 -2.029826492071151733e-01 -2.115972042083740234e-01 -2.202301770448684692e-01 -2.399193793535232544e-01
-3.315271437168121338e-02 -4.009943827986717224e-02 -4.306326806545257568e-02 -4.529451206326484680e-02 -4.711729660630226135e-02 -4.866033792495727539e-02 -4.999105259776115417e-02 -5.115027353167533875e-02 -5.216513201594352722e-02 -5.305488780140876770e-02 -5.383391305804252625e-02 -5.451331660151481628e-02 -5.510196462273597717e-02 -5.560713633894920349e-02 -5.603476986289024353e-02 -5.638994649052619934e-02 -5.667695403099060059e-02 -5.689935758709907532e-02 -5.706022679805755615e-02 -5.716206133365631104e-02 -5.720689520239830017e-02 -5.719623342156410217e-02 -5.713117495179176331e-02 -5.701223388314247131e-02 -5.683942511677742004e-02 -5.661183595657348633e-02 -5.632768198847770691e-02 -5.598318576812744141e-02 -5.557050928473472595e-02 -5.389982834458351135e-02
3.547436557710170746e-03 -4.085670039057731628e-02 -7.530412822961807251e-02 -1.084753274917602539e-01 -1.412082612514495850e-01 -1.738271862268447876e-01 -2.064950019121170044e-01 -2.393043637275695801e-01 -2.723105251789093018e-01 -3.055467903614044189e-01 -3.390318453311920166e-01 -3.727744817733764648e-01 -4.067758321762084961e-01 -4.410311281681060791e-01 -4.755306243896484375e-01 -5.102603435516357422e-01 -5.452021956443786621e-01 -5.803343653678894043e-01 -6.156305670738220215e-01 -6.510600447654724121e-01 -6.865870356559753418e-01 -7.221684455871582031e-01 -7.577522397041320801e-01 -7.932741045951843262e-01 -8.286511301994323730e-01 -8.637713789939880371e-01 -8.984740376472473145e-01 -9.325070381164550781e-01 -9.654180407524108887e-01 -1.017161607742309570e+00
3.021747618913650513e-02 2.781004644930362701e-02 2.410694397985935211e-02 2.023806981742382050e-02 1.629697717726230621e-02 1.231617759913206100e-02 8.310397155582904816e-03 4.287213552743196487e-03 2.507260069251060486e-04 -3.796948352828621864e-03 -7.854881696403026581e-03 -1.192298159003257751e-02 -1.600175164639949799e-02 -2.009230293333530426e-02 -2.419608831405639648e-02 -2.831512130796909332e-02 -3.245184943079948425e-02 -3.660922124981880188e-02 -4.079082608222961426e-02 -4.500101134181022644e-02 -4.924499616026878357e-02 -5.352922156453132629e-02 -5.786183103919029236e-02 -6.225338205695152283e-02 -6.671794503927230835e-02 -7.127542048692703247e-02 -7.595558464527130127e-02 -8.080708235502243042e-02 -8.592010289430618286e-02 -1.025038585066795349e-01
7.987822405993938446e-03 2.020852454006671906e-02 2.916887961328029633e-02 3.782266005873680115e-02 4.643433168530464172e-02 5.510089173913002014e-02 6.386806070804595947e-02 7.275971025228500366e-02 8.178824931383132935e-02 9.095922857522964478e-02 1.002737507224082947e-01 1.097295880317687988e-01 1.193221434950828552e-01 1.290445923805236816e-01 1.388883441686630249e-01 1.488430649042129517e-01 1.588967442512512207e-01 1.690355390310287476e-01 1.792436242103576660e-01 1.895027160644531250e-01 1.997918337583541870e-01 2.100860327482223511e-01 2.203552871942520142e-01 2.305622696876525879e-01 2.406588196754455566e-01 2.505795061588287354e-01 2.602294683456420898e-01 2.694586515426635742e-01 2.779959738254547119e-01 2.833912670612335205e-01
-3.785056993365287781e-03 6.254942715167999268e-02 1.141328886151313782e-01 1.641163676977157593e-01 2.137302309274673462e-01 2.634402811527252197e-01 3.134742975234985352e-01 3.639572560787200928e-01 4.149593412876129150e-01 4.665185511112213135e-01 5.186510682106018066e-01 5.713582634925842285e-01 6.246294379234313965e-01 6.784448623657226562e-01 7.327765822410583496e-01 7.875893712043762207e-01 8.428409695625305176e-01 8.984821438789367676e-01 9.544556736946105957e-01 1.010695457458496094e+00 1.067124962806701660e+00 1.123653531074523926e+00 1.180171847343444824e+00 1.236544966697692871e+00 1.292598724365234375e+00 1.348098158836364746e+00 1.402704715728759766e+00 1.455884575843811035e+00 1.506678700447082520e+00 1.573089003562927246e+00
1.212384202517569065e-03 9.527281858026981354e-03 1.596733927726745605e-02 2.229497395455837250e-02 2.866192162036895752e-02 3.512203320860862732e-02 4.169948399066925049e-02 4.840589687228202820e-02 5.524626001715660095e-02 6.222155690193176270e-02 6.933010369539260864e-02 7.656817883253097534e-02 8.393057435750961304e-02 9.141061455011367798e-02 9.900049120187759399e-02 1.066911295056343079e-01 1.144722476601600647e-01 1.223323568701744080e-01 1.302583217620849609e-01 1.382353752851486206e-01 1.462464928627014160e-01 1.542717367410659790e-01 1.622871905565261841e-01 1.702633351087570190e-01 1.781620234251022339e-01 1.859316974878311157e-01 1.934977322816848755e-01 2.007421106100082397e-01 2.074516415596008301e-01 2.117402553558349609e-01
-1.004327088594436646e-02 5.257403943687677383e-03 1.789913885295391083e-02 3.038739413022994995e-02 4.294430837035179138e-02 5.565047264099121094e-02 6.854294240474700928e-02 8.164008706808090210e-02 9.495028108358383179e-02 1.084757223725318909e-01 1.222146525979042053e-01 1.361621320247650146e-01 1.503108888864517212e-01 1.646516174077987671e-01 1.791730970144271851e-01 1.938624233007431030e-01 2.087049335241317749e-01 2.236841171979904175e-01 2.387813180685043335e-01 2.539754807949066162e-01 2.692425251007080078e-01 2.845543324947357178e-01 2.998771667480468750e-01 3.151699006557464600e-01 3.303793668746948242e-01 3.454342186450958252e-01 3.602315485477447510e-01 3.746093213558197021e-01 3.882761001586914062e-01 4.045067131519317627e-01
-4.359859507530927658e-03 -6.524436920881271362e-02 -1.120304167270660400e-01 -1.570231169462203979e-01 -2.014046907424926758e-01 -2.456312179565429688e-01 -2.899311482906341553e-01 -3.344338834285736084e-01 -3.792164027690887451e-01 -4.243246614933013916e-01 -4.697843790054321289e-01 -5.156069397926330566e-01 -5.617933273315429688e-01 -6.083361506462097168e-01 -6.552206277847290039e-01 -7.024266123771667480e-01 -7.499275803565979004e-01 -7.976918220520019531e-01 -8.456814289093017578e-01 -8.938520550727844238e-01 -9.421517252922058105e-01 -9.905182719230651855e-01 -1.038876533508300781e+00 -1.087133646011352539e+00 -1.135169506072998047e+00 -1.182821869850158691e+00 -1.229857802391052246e+00 -1.275910735130310059e+00 -1.320323109626770020e+00 -1.387620449066162109e+00
-4.013585671782493591e-02 3.965426608920097351e-02 1.040053740143775940e-01 1.668530851602554321e-01 2.294967323541641235e-01 2.924263179302215576e-01 3.558796644210815430e-01 4.199849665164947510e-01 4.848124086856842041e-01 5.503967404365539551e-01 6.167499423027038574e-01 6.838666796684265137e-01 7.517294883728027344e-01 8.203098773956298828e-01 8.895702362060546875e-01 9.594652056694030762e-01 1.029940724372863770e+00 1.100934863090515137e+00 1.172376632690429688e+00 1.244184374809265137e+00 1.316264510154724121e+00 1.388506293296813965e+00 1.460777878761291504e+00 1.532916188240051270e+00 1.604712843894958496e+00 1.675886034965515137e+00 1.746032595634460449e+00 1.814518928527832031e+00 1.880208492279052734e+00 1.971771240234375000e+00
2.021347545087337494e-02 -6.005046889185905457e-04 -1.784912124276161194e-02 -3.464571014046669006e-02 -5.129931867122650146e-02 -6.793154031038284302e-02 -8.460434526205062866e-02 -1.013532802462577820e-01 -1.181998029351234436e-01 -1.351568847894668579e-01 -1.522319763898849487e-01 -1.694285273551940918e-01 -1.867471933364868164e-01 -2.041862010955810547e-01 -2.217419743537902832e-01 -2.394092828035354614e-01 -2.571814358234405518e-01 -2.750503122806549072e-01 -2.930062115192413330e-01 -3.110379278659820557e-01 -3.291323781013488770e-01 -3.472740650177001953e-01 -3.654444515705108643e-01 -3.836209475994110107e-01 -4.017745256423950195e-01 -4.198667109012603760e-01 -4.378429353237152100e-01 -4.556184113025665283e-01 -4.730434417724609375e-01 -5.052202343940734863e-01
2.008791640400886536e-02 -1.482979208230972290e-02 -4.319974407553672791e-02 -7.077347487211227417e-02 -9.811198711395263672e-02 -1.254336088895797729e-01 -1.528483778238296509e-01 -1.804188340902328491e-01 -2.081820964813232422e-01 -2.361600548028945923e-01 -2.643647789955139160e-01 -2.928011417388916016e-01 -3.214688599109649658e-01 -3.503635227680206299e-01 -3.794770538806915283e-01 -4.087986946105957031e-01 -4.383145570755004883e-01 -4.680082499980926514e-01 -4.978604316711425781e-01 -5.278486609458923340e-01 -5.579468011856079102e-01 -5.881239771842956543e-01 -6.183431744575500488e-01 -6.485589146614074707e-01 -6.787129044532775879e-01 -7.087271213531494141e-01 -7.384901046752929688e-01 -7.678275108337402344e-01 -7.964291572570800781e-01 -8.458313345909118652e-01
-1.159158200607635081e-04 -3.182536363601684570e-02 -5.621211230754852295e-02 -7.961841672658920288e-02 -1.026607975363731384e-01 -1.255789697170257568e-01 -1.484941840171813965e-01 -1.714759469032287598e-01 -1.945663839578628540e-01 -2.177914232015609741e-01 -2.411664575338363647e-01 -2.646994590759277344e-01 -2.883931100368499756e-01 -3.122456371784210205e-01 -3.362518548965454102e-01 -3.604035675525665283e-01 -3.846898078918457031e-01 -4.090966880321502686e-01 -4.336076974868774414e-01 -4.582031071186065674e-01 -4.828597605228424072e-01 -5.075497031211853027e-01 -5.322391390800476074e-01 -5.568861365318298340e-01 -5.814364552497863770e-01 -6.058169007301330566e-01 -6.299226880073547363e-01 -6.535888910293579102e-01 -6.765205860137939453e-01 -7.135861515998840332e-01
1.641125418245792389e-02 6.366342306137084961e-02 9.913161396980285645e-02 1.332528740167617798e-01 1.670018285512924194e-01 2.007471919059753418e-01 2.346696853637695312e-01 2.688688933849334717e-01 3.034014403820037842e-01 3.382987976074218750e-01 3.735756874084472656e-01 4.092349708080291748e-01 4.452708661556243896e-01 4.816701114177703857e-01 5.184133648872375488e-01 5.554759502410888672e-01 5.928276181221008301e-01 6.304327845573425293e-01 6.682500839233398438e-01 7.062312960624694824e-01 7.443200945854187012e-01 7.824497222900390625e-01 8.205396533012390137e-01 8.584894537925720215e-01 8.961694240570068359e-01 9.334039092063903809e-01 9.699390530586242676e-01 1.005374073982238770e+00 1.038986563682556152e+00 1.078230619430541992e+00
2.949355693999677896e-04 6.010627839714288712e-03 1.055606734007596970e-02 1.507914345711469650e-02 1.967356167733669281e-02 2.437104284763336182e-02 2.918478287756443024e-02 3.412024676799774170e-02 3.917878493666648865e-02 4.435926675796508789e-02 4.965880885720252991e-02 5.507325008511543274e-02 6.059736385941505432e-02 6.622491776943206787e-02 7.194886356592178345e-02 7.776121050119400024e-02 8.365304023027420044e-02 8.961448073387145996e-02 9.563442319631576538e-02 1.017003580927848816e-01 1.077980175614356995e-01 1.139107644557952881e-01 1.200186237692832947e-01 1.260971426963806152e-01 1.321146488189697266e-01 1.380283832550048828e-01 1.437764763832092285e-01 1.492609381675720215e-01 1.543049961328506470e-01 1.566838175058364868e-01
2.658192766830325127e-03 -1.222817692905664444e-02 -2.386147715151309967e-02 -3.500944375991821289e-02 -4.595026373863220215e-02 -5.679452419281005859e-02 -6.759949028491973877e-02 -7.839893549680709839e-02 -8.921418339014053345e-02 -1.000591516494750977e-01 -1.109430119395256042e-01 -1.218716129660606384e-01 -1.328484863042831421e-01 -1.438753008842468262e-01 -1.549521684646606445e-01 -1.660781949758529663e-01 -1.772512197494506836e-01 -1.884682774543762207e-01 -1.997253149747848511e-01 -2.110173702239990234e-01 -2.223384231328964233e-01 -2.336810082197189331e-01 -2.450361102819442749e-01 -2.563924789428710938e-01 -2.677356898784637451e-01 -2.790462672710418701e-01 -2.902968823909759521e-01 -3.014446794986724854e-01 -3.124142885208129883e-01 -3.335686922073364258e-01
1.283537689596414566e-02 3.498617932200431824e-02 5.142588540911674500e-02 6.725366413593292236e-02 8.293897658586502075e-02 9.865758568048477173e-02 1.144946515560150146e-01 1.304963231086730957e-01 1.466882377862930298e-01 1.630838513374328613e-01 1.796885877847671509e-01 1.965022832155227661e-01 2.135203331708908081e-01 2.307346463203430176e-01 2.481340318918228149e-01 2.657046020030975342e-01 2.834296524524688721e-01 3.012898266315460205e-01 3.192626535892486572e-01 3.373220860958099365e-01 3.554379045963287354e-01 3.735743761062622070e-01 3.916880786418914795e-01 4.097253978252410889e-01 4.276167452335357666e-01 4.452679157257080078e-01 4.625424444675445557e-01 4.792244136333465576e-01 4.949244260787963867e-01 5.105247497558593750e-01
1.027654483914375305e-02 -2.468470251187682152e-03 -1.292891148477792740e-02 -2.304906584322452545e-02 -3.302877768874168396e-02 -4.294848442077636719e-02 -5.285031720995903015e-02 -6.275930255651473999e-02 -7.269129902124404907e-02 -8.265677839517593384e-02 -9.266263991594314575e-02 -1.027133464813232422e-01 -1.128115653991699219e-01 -1.229586824774742126e-01 -1.331548541784286499e-01 -1.433995217084884644e-01 -1.536912918090820312e-01 -1.640281081199645996e-01 -1.744072586297988892e-01 -1.848254203796386719e-01 -1.952785700559616089e-01 -2.057617157697677612e-01 -2.162690758705139160e-01 -2.267934530973434448e-01 -2.373256832361221313e-01 -2.478537559509277344e-01 -2.583611309528350830e-01 -2.688223123550415039e-01 -2.791934907436370850e-01 -3.006801903247833252e-01
1.208867132663726807e-02 1.620539836585521698e-02 1.865098811686038971e-02 2.096003293991088867e-02 2.326291613280773163e-02 2.560552023351192474e-02 2.800848148763179779e-02 3.048183955252170563e-02 3.303025290369987488e-02 3.565507009625434875e-02 3.835557773709297180e-02 4.112951830029487610e-02 4.397338628768920898e-02 4.688264802098274231e-02 4.985184594988822937e-02 5.287458375096321106e-02 5.594351887702941895e-02 5.905033275485038757e-02 6.218548491597175598e-02 6.533811241388320923e-02 6.849553436040878296e-02 7.164285331964492798e-02 7.476192712783813477e-02 7.783026248216629028e-02 8.081851899623870850e-02 8.368673920631408691e-02 8.637666702270507812e-02 8.879554271697998047e-02 9.077507257461547852e-02 8.648278564214706421e-02
-1.395571883767843246e-02 -5.855130776762962341e-02 -9.197653084993362427e-02 -1.239086166024208069e-01 -1.552802771329879761e-01 -1.864522695541381836e-01 -2.176062017679214478e-01 -2.488456964492797852e-01 -2.802333533763885498e-01 -3.118073642253875732e-01 -3.435902595520019531e-01 -3.755935728549957275e-01 -4.078206717967987061e-01 -4.402686059474945068e-01 -4.729289114475250244e-01 -5.057888627052307129e-01 -5.388311743736267090e-01 -5.720345377922058105e-01 -6.053733229637145996e-01 -6.388168334960937500e-01 -6.723289489746093750e-01 -7.058663368225097656e-01 -7.393762469291687012e-01 -7.727928757667541504e-01 -8.060314059257507324e-01 -8.389763832092285156e-01 -8.714623451232910156e-01 -9.032282829284667969e-01 -9.338057041168212891e-01 -9.792141914367675781e-01
3.099384903907775879e-02 2.076973207294940948e-02 1.089038979262113571e-02 1.033498905599117279e-03 -8.845995180308818817e-03 -1.876882091164588928e-02 -2.874670363962650299e-02 -3.878688439726829529e-02 -4.889386519789695740e-02 -5.907047912478446960e-02 -6.931825727224349976e-02 -7.963787764310836792e-02 -9.002935886383056641e-02 -1.004922315478324890e-01 -1.110254898667335510e-01 -1.216280236840248108e-01 -1.322982758283615112e-01 -1.430345773696899414e-01 -1.538350582122802734e-01 -1.646978259086608887e-01 -1.756207346916198730e-01 -1.866015940904617310e-01 -1.976381987333297729e-01 -2.087281346321105957e-01 -2.198690176010131836e-01 -2.310584038496017456e-01 -2.422940284013748169e-01 -2.535739839076995850e-01 -2.648978531360626221e-01 -2.909903228282928467e-01
-2.751407213509082794e-03 -1.349312718957662582e-02 -2.148570865392684937e-02 -2.902775071561336517e-02 -3.635224327445030212e-02 -4.355232417583465576e-02 -5.067669972777366638e-02 -5.775450542569160461e-02 -6.480452418327331543e-02 -7.183953374624252319e-02 -7.886841148138046265e-02 -8.589736372232437134e-02 -9.293076395988464355e-02 -9.997156262397766113e-02 -1.070215478539466858e-01 -1.140817031264305115e-01 -1.211521998047828674e-01 -1.282325387001037598e-01 -1.353216022253036499e-01 -1.424176692962646484e-01 -1.495183259248733521e-01 -1.566204279661178589e-01 -1.637200117111206055e-01 -1.708118766546249390e-01 -1.778893619775772095e-01 -1.849433332681655884e-01 -1.919610500335693359e-01 -1.989227533340454102e-01 -2.057937383651733398e-01 -2.196476459503173828e-01
3.602521494030952454e-03 -7.498075813055038452e-02 -1.361415982246398926e-01 -1.951571553945541382e-01 -2.534914910793304443e-01 -3.117083609104156494e-01 -3.700890839099884033e-01 -4.287923872470855713e-01 -4.879116117954254150e-01 -5.475015640258789062e-01 -6.075918078422546387e-01 -6.681937575340270996e-01 -7.293061614036560059e-01 -7.909167408943176270e-01 -8.530042171478271484e-01 -9.155400395393371582e-01 -9.784881472587585449e-01 -1.041805148124694824e+00 -1.105439782142639160e+00 -1.169333338737487793e+00 -1.233415722846984863e+00 -1.297604918479919434e+00 -1.361801505088806152e+00 -1.425881981849670410e+00 -1.489688754081726074e+00 -1.553007960319519043e+00 -1.615533232688903809e+00 -1.676782131195068359e+00 -1.735890984535217285e+00 -1.826110839843750000e+00
5.160381086170673370e-03 -2.079826220870018005e-02 -4.110238328576087952e-02 -6.064601242542266846e-02 -7.990832626819610596e-02 -9.907653182744979858e-02 -1.182456985116004944e-01 -1.374705433845520020e-01 -1.567843258380889893e-01 -1.762077063322067261e-01 -1.957529932260513306e-01 -2.154268175363540649e-01 -2.352314740419387817e-01 -2.551659643650054932e-01 -2.752264440059661865e-01 -2.954069674015045166e-01 -3.156991004943847656e-01 -3.360926806926727295e-01 -3.565751016139984131e-01 -3.771314918994903564e-01 -3.977445065975189209e-01 -4.183930456638336182e-01 -4.390518665313720703e-01 -4.596894085407257080e-01 -4.802652895450592041e-01 -5.007249712944030762e-01 -5.209906697273254395e-01 -5.409401059150695801e-01 -5.603555440902709961e-01 -5.934339165687561035e-01
-7.004959974437952042e-03 2.590002305805683136e-02 5.183416977524757385e-02 7.708942145109176636e-02 1.022461652755737305e-01 1.275217980146408081e-01 1.530211418867111206e-01 1.788004487752914429e-01 2.048901319503784180e-01 2.313052266836166382e-01 2.580505609512329102e-01 2.851234674453735352e-01 3.125159740447998047e-01 3.402151167392730713e-01 3.682040870189666748e-01 3.964624106884002686e-01 4.249658584594726562e-01 4.536867439746856689e-01 4.825930297374725342e-01 5.116479992866516113e-01 5.408095717430114746e-01 5.700276494026184082e-01 5.992422103881835938e-01 6.283794045448303223e-01 6.573439240455627441e-01 6.860069632530212402e-01 7.141830921173095703e-01 7.415800690650939941e-01 7.676725387573242188e-01 8.001241087913513184e-01
4.568825010210275650e-03 1.950034499168395996e-02 3.079853765666484833e-02 4.176182672381401062e-02 5.268731713294982910e-02 6.368441134691238403e-02 7.480486482381820679e-02 8.607575297355651855e-02 9.751120209693908691e-02 1.091175675392150879e-01 1.208960413932800293e-01 1.328441351652145386e-01 1.449565440416336060e-01 1.572255045175552368e-01 1.696412414312362671e-01 1.821919232606887817e-01 1.948638707399368286e-01 2.076414227485656738e-01 2.205065041780471802e-01 2.334385365247726440e-01 2.464136332273483276e-01 2.594036757946014404e-01 2.723747789859771729e-01 2.852850854396820068e-01 2.980803251266479492e-01 3.106872439384460449e-01 3.229995965957641602e-01 3.348496854305267334e-01 3.459349572658538818e-01 3.555498123168945312e-01
-4.646140616387128830e-03 1.925382204353809357e-02 3.809038177132606506e-02 5.646362528204917908e-02 7.479362189769744873e-02 9.323652833700180054e-02 1.118669137358665466e-01 1.307241767644882202e-01 1.498291492462158203e-01 1.691914349794387817e-01 1.888132840394973755e-01 2.086915522813796997e-01 2.288190126419067383e-01 2.491849660873413086e-01 2.697757184505462646e-01 2.905748188495635986e-01 3.115631937980651855e-01 3.327187597751617432e-01 3.540165126323699951e-01 3.754275739192962646e-01 3.969187736511230469e-01 4.184511899948120117e-01 4.399778544902801514e-01 4.614409208297729492e-01 4.827658236026763916e-01 5.038519501686096191e-01 5.245541334152221680e-01 5.446435809135437012e-01 5.637085437774658203e-01 5.859785676002502441e-01
-1.977730356156826019e-02 -5.862897634506225586e-02 -8.733877539634704590e-02 -1.146574318408966064e-01 -1.414307951927185059e-01 -1.679868251085281372e-01 -1.944911330938339233e-01 -2.210386842489242554e-01 -2.476872950792312622e-01 -2.744728922843933105e-01 -3.014172017574310303e-01 -3.285319209098815918e-01 -3.558217287063598633e-01 -3.832855224609375000e-01 -4.109173715114593506e-01 -4.387075006961822510e-01 -4.666423797607421875e-01 -4.947046935558319092e-01 -5.228735804557800293e-01 -5.511237978935241699e-01 -5.794257521629333496e-01 -6.077432036399841309e-01 -6.360323429107666016e-01 -6.642383933067321777e-01 -6.922901272773742676e-01 -7.200916409492492676e-01 -7.475040555000305176e-01 -7.743086218833923340e-01 -8.001124858856201172e-01 -8.385064601898193359e-01
-1.324042025953531265e-02 5.750683601945638657e-03 2.146778255701065063e-02 3.697420656681060791e-02 5.254477262496948242e-02 6.828010082244873047e-02 8.422704786062240601e-02 1.004092469811439514e-01 1.168379783630371094e-01 1.335169523954391479e-01 1.504447758197784424e-01 1.676163524389266968e-01 1.850236803293228149e-01 2.026561945676803589e-01 2.205011099576950073e-01 2.385436296463012695e-01 2.567668259143829346e-01 2.751516103744506836e-01 2.936764359474182129e-01 3.123168647289276123e-01 3.310448825359344482e-01 3.498278558254241943e-01 3.686267435550689697e-01 3.873938024044036865e-01 4.060673713684082031e-01 4.245648086071014404e-01 4.427669048309326172e-01 4.604864418506622314e-01 4.773865640163421631e-01 4.986836016178131104e-01
3.788098320364952087e-02 -2.978500165045261383e-02 -8.466760069131851196e-02 -1.380899995565414429e-01 -1.911404728889465332e-01 -2.442384213209152222e-01 -2.975927293300628662e-01 -3.513202667236328125e-01 -4.054886996746063232e-01 -4.601365327835083008e-01 -5.152826905250549316e-01 -5.709325671195983887e-01 -6.270810961723327637e-01 -6.837151646614074707e-01 -7.408142089843750000e-01 -7.983520030975341797e-01 -8.562963008880615234e-01 -9.146094322204589844e-01 -9.732468724250793457e-01 -1.032158255577087402e+00 -1.091284394264221191e+00 -1.150555729866027832e+00 -1.209889173507690430e+00 -1.269182443618774414e+00 -1.328304290771484375e+00 -1.387078762054443359e+00 -1.445253491401672363e+00 -1.502434134483337402e+00 -1.557914376258850098e+00 -1.648344397544860840e+00
-6.276204716414213181e-03 4.236673191189765930e-02 8.042033016681671143e-02 1.173692420125007629e-01 1.540962904691696167e-01 1.909343153238296509e-01 2.280453890562057495e-01 2.655175030231475830e-01 3.033997118473052979e-01 3.417173922061920166e-01 3.804806768894195557e-01 4.196885526180267334e-01 4.593317508697509766e-01 4.993940293788909912e-01 5.398531556129455566e-01 5.806816220283508301e-01 6.218466758728027344e-01 6.633103489875793457e-01 7.050288319587707520e-01 7.469515204429626465e-01 7.890198230743408203e-01 8.311645984649658203e-01 8.733026981353759766e-01 9.153313636779785156e-01 9.571180939674377441e-01 9.984841346740722656e-01 1.039171814918518066e+00 1.078774929046630859e+00 1.116564393043518066e+00 1.165160655975341797e+00
5.849732551723718643e-03 2.798814140260219574e-02 4.469814524054527283e-02 6.085212901234626770e-02 7.689610868692398071e-02 9.299632906913757324e-02 1.092327609658241272e-01 1.256482452154159546e-01 1.422661095857620239e-01 1.590980887413024902e-01 1.761481314897537231e-01 1.934148818254470825e-01 2.108927220106124878e-01 2.285724878311157227e-01 2.464421242475509644e-01 2.644868195056915283e-01 2.826889753341674805e-01 3.010284006595611572e-01 3.194815218448638916e-01 3.380214869976043701e-01 3.566168844699859619e-01 3.752307891845703125e-01 3.938184678554534912e-01 4.123245775699615479e-01 4.306775629520416260e-01 4.487805664539337158e-01 4.664933979511260986e-01 4.835947453975677490e-01 4.996856749057769775e-01 5.157213211059570312e-01
-5.388604011386632919e-03 2.093932853313162923e-04 4.917027894407510757e-03 9.653691202402114868e-03 1.449036505073308945e-02 1.944973506033420563e-02 2.454023063182830811e-02 2.976439893245697021e-02 3.512163087725639343e-02 4.060932621359825134e-02 4.622352495789527893e-02 5.195916071534156799e-02 5.781027674674987793e-02 6.376998126506805420e-02 6.983065605163574219e-02 7.598378509283065796e-02 8.221998065710067749e-02 8.852884918451309204e-02 9.489890933036804199e-02 1.013171449303627014e-01 1.077688336372375488e-01 1.142368316650390625e-01 1.207006573677062988e-01 1.271351128816604614e-01 1.335079222917556763e-01 1.397753953933715820e-01 1.458743959665298462e-01 1.517053395509719849e-01 1.570885926485061646e-01 1.601304560899734497e-01
1.471098978072404861e-02 -2.990383841097354889e-02 -6.527812033891677856e-02 -9.950876981019973755e-02 -1.333782672882080078e-01 -1.671894639730453491e-01 -2.010943293571472168e-01 -2.351789325475692749e-01 -2.694942653179168701e-01 -3.040704131126403809e-01 -3.389239609241485596e-01 -3.740617334842681885e-01 -4.094835221767425537e-01 -4.451831877231597900e-01 -4.811500608921051025e-01 -5.173692107200622559e-01 -5.538218617439270020e-01 -5.904855728149414062e-01 -6.273334622383117676e-01 -6.643346548080444336e-01 -7.014527916908264160e-01 -7.386447787284851074e-01 -7.758587002754211426e-01 -8.130306601524353027e-01 -8.500781655311584473e-01 -8.868904709815979004e-01 -9.233088493347167969e-01 -9.590845108032226562e-01 -9.937720298767089844e-01 -1.050029873847961426e+00
7.050727028399705887e-03 -6.602422147989273071e-02 -1.230456009507179260e-01 -1.780915856361389160e-01 -2.325122952461242676e-01 -2.868277728557586670e-01 -3.412978351116180420e-01 -3.960688114166259766e-01 -4.512270390987396240e-01 -5.068230032920837402e-01 -5.628840923309326172e-01 -6.194210648536682129e-01 -6.764326095581054688e-01 -7.339071631431579590e-01 -7.918254733085632324e-01 -8.501610159873962402e-01 -9.088802933692932129e-01 -9.679434895515441895e-01 -1.027303576469421387e+00 -1.086905479431152344e+00 -1.146685242652893066e+00 -1.206566691398620605e+00 -1.266458034515380859e+00 -1.326245546340942383e+00 -1.385783195495605469e+00 -1.444873809814453125e+00 -1.503234386444091797e+00 -1.560420155525207520e+00 -1.615633130073547363e+00 -1.700435996055603027e+00
5.775316152721643448e-03 3.106045909225940704e-02 5.037688091397285461e-02 6.908226758241653442e-02 8.766988664865493774e-02 1.063243523240089417e-01 1.251348406076431274e-01 1.441494375467300415e-01 1.633944660425186157e-01 1.828833818435668945e-01 2.026210576295852661e-01 2.226063162088394165e-01 2.428333312273025513e-01 2.632923126220703125e-01 2.839703857898712158e-01 3.048515021800994873e-01 3.259167373180389404e-01 3.471440374851226807e-01 3.685081899166107178e-01 3.899800479412078857e-01 4.115256965160369873e-01 4.331052601337432861e-01 4.546706676483154297e-01 4.761622846126556396e-01 4.975031912326812744e-01 5.185893177986145020e-01 5.392702817916870117e-01 5.593085885047912598e-01 5.782764554023742676e-01 5.994118452072143555e-01
-1.537065859884023666e-02 -7.420050352811813354e-02 -1.186315789818763733e-01 -1.611860543489456177e-01 -2.030667215585708618e-01 -2.447377592325210571e-01 -2.864319980144500732e-01 -3.282816112041473389e-01 -3.703658580780029297e-01 -4.127323627471923828e-01 -4.554086625576019287e-01 -4.984076917171478271e-01 -5.417320728302001953e-01 -5.853758454322814941e-01 -6.293261051177978516e-01 -6.735640168190002441e-01 -7.180649638175964355e-01 -7.627989649772644043e-01 -8.077297210693359375e-01 -8.528149724006652832e-01 -8.980047106742858887e-01 -9.432387351989746094e-01 -9.884448051452636719e-01 -1.033532500267028809e+00 -1.078384995460510254e+00 -1.122844576835632324e+00 -1.166684150695800781e+00 -1.209545969963073730e+00 -1.250787377357482910e+00 -1.311533093452453613e+00
-1.759285479784011841e-02 -1.075514871627092361e-02 -4.170460160821676254e-03 2.575820544734597206e-03 9.507212787866592407e-03 1.662818156182765961e-02 2.393780648708343506e-02 3.143295645713806152e-02 3.910915553569793701e-02 4.696096479892730713e-02 5.498209595680236816e-02 6.316555291414260864e-02 7.150366902351379395e-02 7.998803257942199707e-02 8.860957622528076172e-02 9.735844284296035767e-02 1.062240228056907654e-01 1.151947006583213806e-01 1.242578104138374329e-01 1.333993077278137207e-01 1.426034569740295410e-01 1.518520712852478027e-01 1.611238121986389160e-01 1.703926175832748413e-01 1.796252876520156860e-01 1.887773871421813965e-01 1.977850198745727539e-01 2.065479010343551636e-01 2.148860096931457520e-01 2.247766256332397461e-01
-9.214199148118495941e-03 -1.666234247386455536e-02 -2.167480252683162689e-02 -2.624531090259552002e-02 -3.057822585105895996e-02 -3.475593402981758118e-02 -3.882205858826637268e-02 -4.280317202210426331e-02 -4.671691358089447021e-02 -5.057575181126594543e-02 -5.438891053199768066e-02 -5.816337466239929199e-02 -6.190465763211250305e-02 -6.561714410781860352e-02 -6.930435448884963989e-02 -7.296924293041229248e-02 -7.661418616771697998e-02 -8.024117350578308105e-02 -8.385183662176132202e-02 -8.744754642248153687e-02 -9.102938324213027954e-02 -9.459825605154037476e-02 -9.815490245819091797e-02 -1.016999259591102600e-01 -1.052338853478431702e-01 -1.087573543190956116e-01 -1.122713312506675720e-01 -1.157773807644844055e-01 -1.192788109183311462e-01 -1.273456066846847534e-01
6.130429450422525406e-03 1.529134716838598251e-02 2.202695049345493317e-02 2.856255508959293365e-02 3.509374335408210754e-02 4.169118776917457581e-02 4.838755354285240173e-02 5.519938468933105469e-02 6.213475391268730164e-02 6.919670104980468750e-02 7.638489454984664917e-02 8.369658142328262329e-02 9.112709760665893555e-02 9.867018461227416992e-02 1.063181385397911072e-01 1.140618920326232910e-01 1.218910142779350281e-01 1.297935992479324341e-01 1.377561390399932861e-01 1.457631289958953857e-01 1.537966877222061157e-01 1.618357449769973755e-01 1.698549240827560425e-01 1.778227835893630981e-01 1.856986433267593384e-01 1.934272795915603638e-01 2.009287327527999878e-01 2.080761790275573730e-01 2.146407514810562134e-01 2.177279442548751831e-01
-2.105676941573619843e-02 -2.964965067803859711e-02 -3.479795157909393311e-02 -3.933511674404144287e-02 -4.354598745703697205e-02 -4.754411801695823669e-02 -5.138902738690376282e-02 -5.511671304702758789e-02 -5.875083804130554199e-02 -6.230803206562995911e-02 -6.580043584108352661e-02 -6.923720985651016235e-02 -7.262541353702545166e-02 -7.597060501575469971e-02 -7.927713543176651001e-02 -8.254845440387725830e-02 -8.578731864690780640e-02 -8.899571746587753296e-02 -9.217518568038940430e-02 -9.532668441534042358e-02 -9.845069795846939087e-02 -1.015471220016479492e-01 -1.046153604984283447e-01 -1.076540946960449219e-01 -1.106612905859947205e-01 -1.136336848139762878e-01 -1.165662631392478943e-01 -1.194509044289588928e-01 -1.222727000713348389e-01 -1.277438253164291382e-01
