5.054861307144165039e-02
1.982009112834930420e-01
3.236654102802276611e-01
1.844022274017333984e-01
1.345568001270294189e-01
2.788601219654083252e-01
1.163709834218025208e-01
-2.667060494422912598e-01
-2.448255419731140137e-01
-3.551161587238311768e-01
-1.805473715066909790e-01
-2.608053684234619141e-01
3.018399775028228760e-01
3.856287300586700439e-01
-2.485835105180740356e-01
1.494364589452743530e-01
1.195318624377250671e-01
-2.047275155782699585e-01
-1.378482729196548462e-01
-3.851887583732604980e-01
