-2.640690207481384277e-01
-2.642652988433837891e-01
2.607245147228240967e-01
-1.896671205759048462e-01
-2.686916291713714600e-01
-3.443100452423095703e-01
-1.886914968490600586e-01
2.167622894048690796e-01
3.366290926933288574e-01
-2.287462204694747925e-01
2.297347187995910645e-01
4.760511219501495361e-01
1.863150000572204590e-01
2.108000814914703369e-01
3.830360621213912964e-02
-2.525963075459003448e-02
3.289676308631896973e-01
3.633984923362731934e-01
1.346125721931457520e+00
4.444866478443145752e-01
