-3.948806524276733398e-01 -6.998031139373779297e-01 -3.577875196933746338e-01 1.764149814844131470e-01 1.169956102967262268e-02 2.624556720256805420e-01 -7.200368642807006836e-01 4.018550515174865723e-01 -1.272173523902893066e-01 -1.687283515930175781e-01
-1.370273381471633911e-01 -4.173567593097686768e-01 5.640171766281127930e-01 -1.195279732346534729e-01 -2.200672626495361328e-01 -5.533677339553833008e-01 5.851231813430786133e-01 5.983563661575317383e-01 4.498145282268524170e-01 -3.666049838066101074e-01
8.912574648857116699e-01 2.120850086212158203e-01 9.100409746170043945e-01 1.546431481838226318e-01 3.159798681735992432e-01 -1.224655866622924805e+00 5.036198347806930542e-02 7.724473476409912109e-01 -7.773725986480712891e-01 1.167344748973846436e-01
3.278972953557968140e-02 -2.099001258611679077e-01 -8.575211465358734131e-02 4.651367366313934326e-01 5.664650797843933105e-01 7.136738896369934082e-01 -4.477939903736114502e-01 -2.045362293720245361e-01 -6.433981657028198242e-01 2.077895700931549072e-01
6.846592426300048828e-01 6.888111233711242676e-01 3.440521359443664551e-01 4.775662347674369812e-02 9.922207891941070557e-02 -3.751377165317535400e-01 -3.221652656793594360e-02 -1.417641043663024902e-01 -1.402828842401504517e-01 6.331577897071838379e-02
5.323786735534667969e-01 -9.738347679376602173e-02 5.418777465820312500e-01 -3.355897963047027588e-01 -1.431326866149902344e-01 -1.723369807004928589e-01 8.834275007247924805e-01 2.342576980590820312e-01 -3.724513053894042969e-01 1.763215363025665283e-01
-5.169513821601867676e-01 -3.868740797042846680e-01 -2.853406071662902832e-01 2.307933568954467773e-01 2.414448708295822144e-01 1.664267480373382568e-01 -1.214179769158363342e-01 7.990844249725341797e-01 -3.538538813591003418e-01 -9.702745079994201660e-02
4.564094245433807373e-01 -1.068023681640625000e+00 4.772322252392768860e-02 -2.828882038593292236e-01 -5.573236942291259766e-01 -3.813161849975585938e-01 2.024824172258377075e-01 4.064239859580993652e-01 3.331894278526306152e-01 -1.892031878232955933e-01
-2.643729746341705322e-01 -2.217990607023239136e-01 -6.616529226303100586e-01 4.014154374599456787e-01 2.513741254806518555e-01 5.101203918457031250e-01 -3.444661200046539307e-01 3.870296850800514221e-02 -5.570622086524963379e-01 -3.657619655132293701e-02
1.157449960708618164e+00 -1.255916595458984375e+00 7.283844947814941406e-01 7.566405087709426880e-02 -8.962697535753250122e-02 -4.318929612636566162e-01 2.735290527343750000e-01 -2.460913360118865967e-01 1.515863388776779175e-01 1.866629347205162048e-02
