-2.966349124908447266e-01
1.807392984628677368e-01
8.375171422958374023e-01
-2.216991037130355835e-01
-1.398454308509826660e-01
-1.477138280868530273e+00
7.810696959495544434e-01
-2.720052003860473633e-01
2.904215455055236816e-01
-7.471244782209396362e-02
-3.884539008140563965e-01
-3.508216142654418945e-01
2.367671728134155273e+00
6.966665983200073242e-01
-1.554165720939636230e+00
-1.191484451293945312e+00
-1.273812174797058105e+00
-1.680331468582153320e+00
-2.099120467901229858e-01
7.803280353546142578e-01
5.150606632232666016e-01
1.744432330131530762e+00
6.787915527820587158e-02
8.074910044670104980e-01
1.081281304359436035e+00
-3.099378347396850586e+00
3.595679700374603271e-01
1.303283691406250000e+00
1.843455433845520020e+00
6.666485667228698730e-01
6.170935034751892090e-01
8.429421782493591309e-01
-1.444546699523925781e+00
-1.021173834800720215e+00
3.226765692234039307e-01
-4.327283799648284912e-01
-6.275529265403747559e-01
-3.366576880216598511e-02
5.859507918357849121e-01
2.380670756101608276e-01
1.092040181159973145e+00
-2.527552843093872070e+00
-1.044370293617248535e+00
-4.574428796768188477e-01
-6.846523284912109375e-01
-1.221773386001586914e+00
-9.439295530319213867e-01
1.035570740699768066e+00
-4.653912484645843506e-01
2.623296678066253662e-01
-7.579849958419799805e-01
1.033652424812316895e+00
-2.610920429229736328e+00
7.061079889535903931e-02
-3.981975018978118896e-01
