-2.985894381999969482e-01 2.655643522739410400e-01 -7.440800070762634277e-01 7.740858793258666992e-01 -4.110306799411773682e-01 7.149423360824584961e-01 -3.997785747051239014e-01 -4.883126616477966309e-01 4.569384157657623291e-01 7.681164145469665527e-02
-2.304912656545639038e-01 -3.534013777971267700e-02 -2.412016242742538452e-01 -5.734826326370239258e-01 2.229767888784408569e-01 -2.906282246112823486e-01 -6.306043267250061035e-01 6.150927543640136719e-01 9.226917624473571777e-01 4.719574749469757080e-02
5.327602624893188477e-01 -7.016013860702514648e-01 8.238288164138793945e-01 -2.341932803392410278e-01 4.598875939846038818e-01 -6.311099231243133545e-02 2.418304234743118286e-01 -8.598446100950241089e-02 -7.300401329994201660e-01 -1.117437928915023804e-01
-7.258008718490600586e-01 -7.800734043121337891e-01 1.335607320070266724e-01 1.006612896919250488e+00 8.474034070968627930e-01 1.240599229931831360e-01 -3.728622496128082275e-01 -7.410048842430114746e-01 1.361652851104736328e+00 -7.569484412670135498e-02
-5.317572951316833496e-01 5.783287882804870605e-01 -3.442183732986450195e-01 2.387059666216373444e-02 -7.194448113441467285e-01 6.685135960578918457e-01 -1.658368706703186035e-01 -4.738195613026618958e-02 -5.375327169895172119e-02 3.288194537162780762e-01
-2.268341369926929474e-02 -3.160769641399383545e-01 -2.995628118515014648e-01 -2.584748268127441406e-01 6.220426559448242188e-01 -4.425711631774902344e-01 -2.194294184446334839e-01 5.768100619316101074e-01 1.072556018829345703e+00 -1.839403212070465088e-01
3.734484612941741943e-01 -4.956599324941635132e-03 2.600440680980682373e-01 -3.689145743846893311e-01 2.526873052120208740e-01 -6.739686131477355957e-01 1.299271881580352783e-01 7.967211306095123291e-02 -6.485599875450134277e-01 2.436460927128791809e-02
1.305284023284912109e+00 2.911700606346130371e-01 -1.606166601181030273e+00 6.912046074867248535e-01 2.746409364044666290e-02 -6.858384013175964355e-01 9.645525813102722168e-01 1.834640353918075562e-01 5.335727334022521973e-01 1.483311951160430908e-01
-4.048219025135040283e-01 4.638812243938446045e-01 -7.015923261642456055e-01 1.862451881170272827e-01 -3.039035201072692871e-01 3.915027678012847900e-01 4.351156353950500488e-01 -6.720878928899765015e-02 2.417873740196228027e-01 -1.185155138373374939e-01
4.761991798877716064e-01 -9.425786137580871582e-02 -1.937325447797775269e-01 -1.524744033813476562e-01 4.747231006622314453e-01 -6.588330268859863281e-01 -2.004836946725845337e-01 6.683246493339538574e-01 7.628674805164337158e-02 2.483532130718231201e-01
