-1.579499721527099609e+00
6.578289717435836792e-02
-4.367977082729339600e-01
-1.062472820281982422e+00
-1.090090036392211914e+00
-1.420419812202453613e+00
1.432640433311462402e+00
1.271160960197448730e+00
3.964938521385192871e-01
7.988964766263961792e-02
5.625111460685729980e-01
1.094209551811218262e+00
-1.059022426605224609e+00
-7.455253601074218750e-02
-1.441123723983764648e+00
-8.832107186317443848e-01
1.067237615585327148e+00
8.257919549942016602e-01
-1.324394464492797852e+00
-1.025843977928161621e+00
1.200758576393127441e+00
1.521808385848999023e+00
4.720297828316688538e-02
-1.257074475288391113e+00
5.158219933509826660e-01
-2.072107642889022827e-01
9.883909486234188080e-03
1.384152293205261230e+00
-4.924395978450775146e-01
1.141069412231445312e+00
-1.049727916717529297e+00
-1.500599026679992676e+00
1.452685117721557617e+00
-2.769758462905883789e+00
1.958973407745361328e-01
1.423057079315185547e+00
8.076290488243103027e-01
-3.962140083312988281e-01
1.023305892944335938e+00
1.095398794859647751e-02
-3.550396859645843506e-01
-2.761035680770874023e+00
-1.462875723838806152e+00
2.382972836494445801e-01
-1.314962267875671387e+00
1.270523905754089355e+00
-1.263510733842849731e-01
-2.909156680107116699e-01
-1.835874617099761963e-01
-5.296874791383743286e-02
-4.643400013446807861e-01
-5.922048687934875488e-01
-1.568123847246170044e-01
-1.535668373107910156e+00
5.330543220043182373e-02
