-4.989972114562988281e-01 3.296531438827514648e-01 -9.526476263999938965e-01 -3.697602033615112305e+00 -1.497693061828613281e+00 -1.575776040554046631e-01 -4.129206657409667969e+00 -2.881382703781127930e-01 -8.852810859680175781e-01 3.264423847198486328e+00
-4.098351597785949707e-01 -1.541914939880371094e-01 -1.158099651336669922e+00 6.710786223411560059e-01 4.128988087177276611e-01 3.886608183383941650e-01 -1.851136803627014160e+00 -5.208481550216674805e-01 -3.876718878746032715e-01 -2.753151059150695801e-01
2.477649897336959839e-01 -1.226552605628967285e+00 -2.534581422805786133e+00 1.002151131629943848e+00 4.392123520374298096e-01 1.918804086744785309e-02 -2.861749410629272461e+00 -1.798998236656188965e+00 -1.545167803764343262e+00 3.434414863586425781e+00
-2.583722472190856934e-01 1.198515892028808594e-01 3.762371540069580078e-01 -1.807415336370468140e-01 1.545742154121398926e-02 -4.819550812244415283e-01 1.838184297084808350e-01 3.554749190807342529e-01 3.494427204132080078e-01 5.895028114318847656e-01
-8.619346022605895996e-01 2.313794791698455811e-01 -2.970581293106079102e+00 1.980058908462524414e+00 1.596640944480895996e+00 9.956856966018676758e-01 -1.753644347190856934e+00 -1.040933012962341309e+00 -6.158502101898193359e-01 -1.068140044808387756e-01
4.536246061325073242e-01 -2.194484472274780273e-01 2.880748808383941650e-01 -5.289080739021301270e-01 -4.826279580593109131e-01 -3.798032402992248535e-01 6.534311175346374512e-01 6.433420181274414062e-01 3.973946869373321533e-01 5.081347227096557617e-01
-5.030009746551513672e-01 5.769766569137573242e-01 -6.967780590057373047e-01 -4.011456966400146484e+00 -4.420758038759231567e-02 1.634866833686828613e+00 -7.294577121734619141e+00 -5.185461044311523438e-01 1.505946874618530273e+00 1.541979432106018066e+00
-4.781803786754608154e-01 4.552133381366729736e-01 2.983433604240417480e-01 -7.113076448440551758e-01 -3.256819546222686768e-01 8.401466906070709229e-02 2.720142900943756104e-01 7.389909029006958008e-01 4.505528509616851807e-01 -2.312433421611785889e-01
-5.802561640739440918e-01 3.445867300033569336e-01 1.347418576478958130e-01 -6.858085393905639648e-01 -1.046872437000274658e-01 -9.896396845579147339e-02 4.339997768402099609e-01 1.861387640237808228e-01 5.436399579048156738e-01 3.313657343387603760e-01
1.204920768737792969e+00 -1.346753001213073730e+00 9.341380000114440918e-01 -1.782824635505676270e+00 -3.792157411575317383e+00 -2.603172302246093750e+00 2.451175451278686523e+00 2.734696269035339355e-01 -7.476581260561943054e-03 3.543358445167541504e-01
