2.857902725786673481e-02 4.674761536647434323e-02 5.980754182865860580e-02 7.882850022571255555e-02 9.423134601168267621e-02 1.127977565595416620e-01 1.231335421973453886e-01 1.411743501629662834e-01 1.610820272286853372e-01 1.766945261598772410e-01 1.903810136583027335e-01 2.052191256637315442e-01 2.148752201263252615e-01 2.221022257441793157e-01 2.327395837044622384e-01 2.376791961260891761e-01 2.430575528426436593e-01 2.458734865411215109e-01 2.399782338658886793e-01 2.415852047169489425e-01 2.416955646063767005e-01 2.378395324085030849e-01 2.385701166959268427e-01 2.368498372037286248e-01 2.378271787700558804e-01 2.383532243372810666e-01 2.351755053254825922e-01 2.395106658281740408e-01 2.457303376453021937e-01 2.713056668998201637e-01
5.111400121852244238e-02 7.100884255496972552e-02 9.156343441553332907e-02 1.194445302806756842e-01 1.464089816792877863e-01 1.753914017515607604e-01 1.985431757314571333e-01 2.381144859079463438e-01 2.713082485987515224e-01 3.014826345969901511e-01 3.453200117846272899e-01 3.901890867846457556e-01 4.245285563907723048e-01 4.661563323859782004e-01 5.238656115147950487e-01 5.702196469043937510e-01 6.169727259726002222e-01 6.674348475295325267e-01 7.199979481575855544e-01 7.588610641844297788e-01 8.057439072099437105e-01 8.643165272143584765e-01 9.123280572825493984e-01 9.592419318387588323e-01 1.014010559026375713e+00 1.049898652696965584e+00 1.084984756778612391e+00 1.125479364182957909e+00 1.160470988333115461e+00 1.237971796975153138e+00
-1.437780845566574706e-02 -1.667714277641845974e-02 -2.022909828688657444e-02 -2.477714875181021709e-02 -3.146622616402278833e-02 -3.742213277433495411e-02 -4.214325626601098801e-02 -4.963829370723199519e-02 -5.763495512426414918e-02 -6.221276987481355603e-02 -7.224198336070083992e-02 -7.877715548882734120e-02 -8.685954459401749872e-02 -9.596588077981746401e-02 -1.111304807807747819e-01 -1.227061161297534203e-01 -1.334068209369130842e-01 -1.475843008584181715e-01 -1.661817838804740821e-01 -1.763663687655381562e-01 -1.930432306826473376e-01 -2.159637324575351125e-01 -2.353321068199290544e-01 -2.637305862305735493e-01 -2.905190037144734783e-01 -3.158893067162243939e-01 -3.391245519029515987e-01 -3.676320930496809192e-01 -3.926799430189813478e-01 -4.640783508340415864e-01
7.775927179567048916e-03 2.258419391755378536e-02 3.705743249911272463e-02 5.608404310737366560e-02 6.920456670939093002e-02 8.585920922703990654e-02 9.499494618220911957e-02 1.107931689534248643e-01 1.228325842604741092e-01 1.340650674004819354e-01 1.378713470839601773e-01 1.472723398093633285e-01 1.487595124155864368e-01 1.495116932925522613e-01 1.463436994510014522e-01 1.430756410047108462e-01 1.409261415686143548e-01 1.343999912288207921e-01 1.210519679635629897e-01 1.180185693809170100e-01 1.101928912013885875e-01 9.566336979079526071e-02 8.936665002081714548e-02 8.057944473633422977e-02 7.307125638440636894e-02 6.468181138329225088e-02 5.801097746664764243e-02 5.135290037293642473e-02 4.653004670504146123e-02 3.972003856536217986e-02
1.512013283076312636e-02 3.538661548680684110e-02 5.347122596962747970e-02 7.819802909863597662e-02 9.670117421883797637e-02 1.132251139427864484e-01 1.276925171028264194e-01 1.465511219912613294e-01 1.637550148670929018e-01 1.797379038768967541e-01 1.902427373331043448e-01 2.066598810876686954e-01 2.159210953216149365e-01 2.280826290304202586e-01 2.438837028809798801e-01 2.557093200379519371e-01 2.703525357254768502e-01 2.858996435021182725e-01 2.994222389781854843e-01 3.122491107112263520e-01 3.315945414988348272e-01 3.525810253401046590e-01 3.761998217639839215e-01 3.982110497222589029e-01 4.297554563788352766e-01 4.519879722442401992e-01 4.720109132884546255e-01 4.978066042060448337e-01 5.224219694545402248e-01 5.870774724875628126e-01
1.060786073145092955e-02 -8.157185778619149147e-03 -1.597591398644379254e-02 -2.137996554325361301e-02 -2.163800599480371692e-02 -2.011996100091799355e-02 -1.627396558714075403e-02 -5.145993137558281354e-03 9.834824374321534529e-03 2.007984140117945876e-02 4.537035092134279746e-02 6.765282323291181565e-02 9.065888972440261373e-02 1.189541289645476563e-01 1.663033955558743116e-01 1.991272449756090190e-01 2.341115589472377856e-01 2.788752508297385746e-01 3.268740061028015398e-01 3.560576251394219627e-01 3.996124139008566112e-01 4.588847977797838595e-01 5.073991893581739632e-01 5.553863593639067897e-01 6.161819494423029786e-01 6.614512154971785574e-01 7.022508831704782351e-01 7.543357322851770297e-01 7.999837289454291289e-01 9.143338206039359761e-01
-7.887474497343836474e-04 -1.707006572796731375e-02 -2.707583415697366325e-02 -3.447307528388743325e-02 -3.900837926819245016e-02 -4.046247942014995214e-02 -4.030827359123001496e-02 -3.450866961131716926e-02 -2.584587261457579194e-02 -1.944004017376398802e-02 -5.355641522209630967e-03 9.633361212539572754e-03 2.202744684385546728e-02 3.853156612388424634e-02 6.316069292035750293e-02 8.049996477443890908e-02 9.682823774238086267e-02 1.175783465799884187e-01 1.358371572953789852e-01 1.483323773613567931e-01 1.640821194977817310e-01 1.845123570821551595e-01 2.004155015060959943e-01 2.123623544559424814e-01 2.311806333057069840e-01 2.412928794699718549e-01 2.503657369590964188e-01 2.625370576114298138e-01 2.737077115880963696e-01 2.979347486220508268e-01
-2.514490653115321675e-02 -5.791462055671235676e-02 -8.076221325742942436e-02 -1.070357753878278390e-01 -1.303469006121000529e-01 -1.541288401821598320e-01 -1.668063360019646224e-01 -1.861888485343447530e-01 -2.000074503332443798e-01 -2.127531831373900562e-01 -2.198033107417047272e-01 -2.279589956594481048e-01 -2.296701027515365701e-01 -2.297725212948887874e-01 -2.243663741314417259e-01 -2.233962877311888029e-01 -2.191028318690029231e-01 -2.095245241820807292e-01 -1.982131839875403423e-01 -1.954531746221321031e-01 -1.891979089698406225e-01 -1.751786643239413022e-01 -1.705635425754576939e-01 -1.727675164084059301e-01 -1.677910206116978165e-01 -1.695905792799637102e-01 -1.687425876484715259e-01 -1.726775352933623831e-01 -1.777246598038443315e-01 -2.030985945440905438e-01
3.854247550936723554e-02 6.210771315767168316e-02 8.348217567104043724e-02 1.130013794550147888e-01 1.392340532843976131e-01 1.717148810620660326e-01 1.923985144979628581e-01 2.308520276447759145e-01 2.628338472672016590e-01 2.921373499601997992e-01 3.261660710373539551e-01 3.664791815255507013e-01 3.895343056693298389e-01 4.168747046213790997e-01 4.487659232033908707e-01 4.781284036893255207e-01 5.016362604954652804e-01 5.226200073280199421e-01 5.354771625145062774e-01 5.551007776505176849e-01 5.671039686723826634e-01 5.774287184270125994e-01 5.903386922669018322e-01 5.964654862177635186e-01 6.048127162624846731e-01 6.039910886034485227e-01 6.055786019587452440e-01 6.067929493892920689e-01 6.086337876477011521e-01 6.080337497026763183e-01
-5.144547694681323932e-03 -2.151168002474333069e-02 -3.145121904532799384e-02 -4.093571015765191945e-02 -5.184755505764480910e-02 -6.780725918939894958e-02 -7.212965135597916577e-02 -8.549660353224707021e-02 -8.932714294324324567e-02 -9.688157668586976079e-02 -1.031918154830338413e-01 -1.138089167370093802e-01 -1.121143439474061032e-01 -1.101259860504282262e-01 -9.326348085211824679e-02 -9.361992501193205918e-02 -8.076333556806242209e-02 -5.699702325436478700e-02 -2.341436988350950946e-02 -1.590751055906899220e-02 1.763760688810152299e-02 6.864694341830025748e-02 1.116493395931973109e-01 1.591102230768892678e-01 2.230320469808669548e-01 2.794873441153747917e-01 3.251078411668576473e-01 3.888347949036520257e-01 4.448076489271260425e-01 6.070822192693368091e-01
3.792329926574235233e-02 9.416687633833120685e-02 1.354888322301853187e-01 1.877250530056426281e-01 2.255300197531411865e-01 2.657389053891459629e-01 2.920573200730176566e-01 3.292468093246873617e-01 3.556024061183520879e-01 3.815399327926151107e-01 3.938796953129352074e-01 4.175213796805762878e-01 4.228969203710810087e-01 4.271147851797417738e-01 4.198056443300978713e-01 4.202055950234592219e-01 4.196519500441718842e-01 4.059032577184005230e-01 3.797171548881760339e-01 3.780670199941664755e-01 3.632908963486753962e-01 3.319964272074672484e-01 3.172833022640976219e-01 2.926235882225648455e-01 2.686901445087660489e-01 2.417287310191097160e-01 2.222744875415796906e-01 1.962687620086581430e-01 1.766276410543675679e-01 1.273151140181742746e-01
-1.708918781376069299e-02 -2.360851612198724275e-02 -3.082343046239284859e-02 -3.945291655130442332e-02 -5.204199308220163606e-02 -6.651440502092147156e-02 -7.542736847629866181e-02 -9.283320089364172079e-02 -1.042931049526079623e-01 -1.158308769735630628e-01 -1.417068733157616778e-01 -1.644454940964470424e-01 -1.807335489474657664e-01 -2.036562721920697205e-01 -2.310056581998511938e-01 -2.607154616826957150e-01 -2.832729533098467534e-01 -3.080572512615564751e-01 -3.373279995198757431e-01 -3.617525176281972676e-01 -3.813106632072131297e-01 -4.090070557499747572e-01 -4.249219153222492107e-01 -4.481325049793787318e-01 -4.636110098769737897e-01 -4.718869730371834659e-01 -4.854080909755177919e-01 -4.910566208120942244e-01 -4.951193061329461353e-01 -4.827165283355034919e-01
2.427766503065896531e-02 1.655336913259211618e-02 1.677454791048429289e-02 1.870865058515383539e-02 2.681253010096822445e-02 3.667240341913583640e-02 4.688345701738450000e-02 6.897728992339141607e-02 8.976284557433876488e-02 1.081232796132373247e-01 1.460557133436820032e-01 1.838103936313806308e-01 2.151412580010748365e-01 2.583592998025488474e-01 3.201007807279266371e-01 3.705663690454905623e-01 4.197438030441787427e-01 4.777991995118983093e-01 5.410954175488066342e-01 5.857536946320094362e-01 6.380015392409553732e-01 7.085453288760786839e-01 7.597119440943767010e-01 8.115433415076084289e-01 8.706213027980839181e-01 9.057773651069969123e-01 9.461486308543665125e-01 9.843448022770406869e-01 1.017883409319135346e+00 1.076294885701154724e+00
-2.201319103427807830e-02 -1.735077764980852769e-02 -1.536973549045461164e-02 -1.315812618732879399e-02 -2.108323231290728378e-02 -3.130270493393148834e-02 -3.803972002088036597e-02 -5.781854282545885459e-02 -7.302375754774599603e-02 -8.692953869102687525e-02 -1.234261814691064996e-01 -1.562379796386320907e-01 -1.822876182513592236e-01 -2.184987480605779797e-01 -2.670565999232175636e-01 -3.121001367236136970e-01 -3.487590220905249505e-01 -3.909946279060860785e-01 -4.399875183203988960e-01 -4.762734242991020772e-01 -5.101782154780751810e-01 -5.573007429170627747e-01 -5.863040910156767094e-01 -6.231027684251502219e-01 -6.529276819969853651e-01 -6.698071499906037563e-01 -6.927681409250215916e-01 -7.086945476234594032e-01 -7.218932894426947078e-01 -7.274488791020761180e-01
-4.976336503095197053e-04 -7.130214691916211128e-03 -7.866283587091260979e-03 -5.883996891467350304e-03 -5.589978849323251273e-03 -5.423905617529648643e-03 -3.988551094182009316e-03 7.312727221473434847e-05 4.784979415268538275e-03 7.927507875327997888e-03 6.634931904026445879e-03 9.483050697432734641e-03 1.407257829133238929e-02 1.654811512585085964e-02 2.436859688000865207e-02 2.550333096686335094e-02 3.227828755384161419e-02 4.111378961630263174e-02 5.098202463491953440e-02 5.374721097491926697e-02 6.597184726123939136e-02 8.195542231401825584e-02 9.894370928713780433e-02 1.152253373971928313e-01 1.397250625839328020e-01 1.607793279377645601e-01 1.774993968854265414e-01 2.031499136674941308e-01 2.230287591006430703e-01 2.884002364685607778e-01
-2.885793654766174998e-02 -7.042656132487987164e-02 -9.846575803826140838e-02 -1.340993282227263272e-01 -1.595021790618425528e-01 -1.836909065601669555e-01 -1.985167138976399182e-01 -2.160253914673490316e-01 -2.286681370014817527e-01 -2.394873598740001053e-01 -2.377741029679282803e-01 -2.385923200844816683e-01 -2.333087195526375168e-01 -2.228211416390284971e-01 -2.013170118670943587e-01 -1.873471899187970635e-01 -1.718714095366823957e-01 -1.471424173125166490e-01 -1.169654407881670910e-01 -1.041391798406162139e-01 -8.339571933488500177e-02 -5.123530385754636318e-02 -3.233627669771065027e-02 -1.883185869732758450e-02 2.196643344869486994e-03 1.316053415375458696e-02 2.489782363412072069e-02 3.491890529539636023e-02 3.899123381735674493e-02 3.540704183671930516e-02
3.133006256937993783e-02 4.914395269674854544e-02 6.614420050668935736e-02 8.868479206738497100e-02 1.081122748001652895e-01 1.308181351522415548e-01 1.452742217438419969e-01 1.706184259568402084e-01 1.936625981612352942e-01 2.136044710218141796e-01 2.350989138924212130e-01 2.599287512672294742e-01 2.759948166213073151e-01 2.933251899717478350e-01 3.162117824970921975e-01 3.340661141853293326e-01 3.514565854487329277e-01 3.677250608133948995e-01 3.789635455376118567e-01 3.929262303723450866e-01 4.065193385024944428e-01 4.199314867765149839e-01 4.352293574463030890e-01 4.479865929174861039e-01 4.646522106448841005e-01 4.742047709590555549e-01 4.821924930991074998e-01 4.955986962884282310e-01 5.084632897302915344e-01 5.420325785237827265e-01
4.019062213903944192e-02 4.862824378708446860e-02 5.703412080249602861e-02 7.141850205170285903e-02 8.657632382418742334e-02 1.113938420162126630e-01 1.243872811412138901e-01 1.562059496441697282e-01 1.859279718652619706e-01 2.110068993425709971e-01 2.458561790089960342e-01 2.840231171841288149e-01 3.069770135346743811e-01 3.338187660042917781e-01 3.668110517006648030e-01 3.941907678356574296e-01 4.138846606768175618e-01 4.307844540765904395e-01 4.349239928874257255e-01 4.497762325040698950e-01 4.539944828187806314e-01 4.524915549328343278e-01 4.532835914151138734e-01 4.467469407107693691e-01 4.398382127338624770e-01 4.263887147854870663e-01 4.151562423099478538e-01 4.039708484616352790e-01 3.974113547612554420e-01 3.775950678739705690e-01
-1.361225350820949483e-02 -3.087299613147969149e-02 -4.026987565388390200e-02 -5.397287843846820116e-02 -6.694276639325975886e-02 -8.384100737190375296e-02 -9.018473985127727077e-02 -1.050333411786686100e-01 -1.155786798730186610e-01 -1.247209591546780960e-01 -1.285435437698861094e-01 -1.347985955912485156e-01 -1.327981668751523903e-01 -1.268246412306995030e-01 -1.090543621065524910e-01 -1.007199543292574412e-01 -8.274332583570190303e-02 -5.679004533859170756e-02 -1.759691610715756471e-02 -1.346776372384976203e-03 2.950404246971822381e-02 7.930787535914721187e-02 1.124223387827243681e-01 1.486657267091160139e-01 1.949983252128648925e-01 2.280753800481315208e-01 2.601775299783525286e-01 2.948786930348974433e-01 3.235302690125675396e-01 3.839334054127964690e-01
-8.276518723347380327e-03 -8.729000277024941828e-04 3.691599492970188377e-03 6.606577371807151669e-03 7.695696698498015638e-03 1.076600509218018052e-02 1.030333984372899976e-02 9.287304741764054392e-03 1.001389864506725333e-02 1.202111044806999235e-02 4.767215361152477709e-03 1.842470297923072195e-03 -2.840606989357879336e-03 -1.146530430958427743e-02 -2.457510127524999491e-02 -3.580463304735573282e-02 -4.698499007560631713e-02 -6.173000816853844996e-02 -8.136457610506594995e-02 -9.231641237004574452e-02 -1.096350183870142825e-01 -1.345538139138695855e-01 -1.537071665358705208e-01 -1.781481658534995183e-01 -2.031705370407950739e-01 -2.256096819128789732e-01 -2.465680241429320518e-01 -2.701728696157052467e-01 -2.917590641737073387e-01 -3.440322433941183089e-01
-4.496240440608970795e-02 -8.841690257972345535e-02 -1.194372066825555717e-01 -1.573135455199494437e-01 -1.909595872658420290e-01 -2.250558466112181633e-01 -2.468142773417983937e-01 -2.805386495714341510e-01 -3.058517045641192533e-01 -3.287176969672396254e-01 -3.521920485329279593e-01 -3.767460274828392519e-01 -3.903862014952128034e-01 -4.057526982231156598e-01 -4.185889514996695704e-01 -4.358017996303842900e-01 -4.477199869266987320e-01 -4.546062441033170143e-01 -4.561162142331486313e-01 -4.685000091712145376e-01 -4.737993352437245842e-01 -4.730709666830583693e-01 -4.779661387505175218e-01 -4.869690365601720972e-01 -4.889892311272996950e-01 -4.890301702103465598e-01 -4.929762874335082978e-01 -4.944767788117842011e-01 -4.978618645476545757e-01 -5.062370229215940043e-01
-3.861886586566222468e-02 -3.790531050004138092e-02 -3.743395042702779563e-02 -4.083256460945311472e-02 -5.325463017394040099e-02 -7.145026518090304146e-02 -8.289781738523969989e-02 -1.129328064150053046e-01 -1.375919588314854225e-01 -1.598189229534988931e-01 -2.000413568293635536e-01 -2.384510637843133829e-01 -2.656243896729280074e-01 -2.992738483274156036e-01 -3.402701108471472002e-01 -3.793016024352942051e-01 -4.042456527913644293e-01 -4.299033034790641361e-01 -4.492489112792069639e-01 -4.718284896253236993e-01 -4.826239855954681524e-01 -4.949592629558546286e-01 -5.032652845099071515e-01 -5.111965941589063922e-01 -5.106986061488476558e-01 -5.073796719900475205e-01 -5.047644897568431821e-01 -5.018119102814174726e-01 -4.993386303015758809e-01 -4.883821962614501855e-01
-7.762890119730361804e-02 -1.335825385981696534e-01 -1.797892795556877421e-01 -2.378229155955060015e-01 -2.918751388355560472e-01 -3.482968885351840349e-01 -3.856252290393989979e-01 -4.476623353526023030e-01 -4.971071424241498837e-01 -5.400536060088160228e-01 -5.952056566798505921e-01 -6.510690892695697451e-01 -6.883531705722862881e-01 -7.341993130496892173e-01 -7.897333872803540267e-01 -8.414380046919678335e-01 -8.867166923949743040e-01 -9.308310465709307424e-01 -9.763648723795281814e-01 -1.018914740621809090e+00 -1.063681006636579607e+00 -1.114797271784941257e+00 -1.160031772652532434e+00 -1.218396860728482078e+00 -1.273300677231776090e+00 -1.314110027846314477e+00 -1.356486677994277468e+00 -1.402490723478870382e+00 -1.448218566265801588e+00 -1.550943070165584414e+00
1.498884373754858293e-02 7.879672560935611220e-03 8.973000276503936140e-03 1.590670414400575938e-02 2.487356811809923046e-02 3.635580078483301170e-02 4.575866620444628274e-02 6.493045960716518905e-02 8.442735156179446976e-02 1.003291746487789682e-01 1.241317356866548371e-01 1.489326905809607027e-01 1.697635592815776584e-01 1.929156704421023383e-01 2.276548355849754013e-01 2.523863433588408034e-01 2.781708014202052270e-01 3.078708565229809069e-01 3.375333123872236163e-01 3.570270439398838813e-01 3.830690661889396553e-01 4.174728796263332264e-01 4.472396089481368575e-01 4.741769905627992721e-01 5.080346339138899214e-01 5.336419935132853398e-01 5.547990327942398103e-01 5.851518314197101667e-01 6.091634135201313693e-01 6.734286202555496148e-01
-8.806905390609824288e-03 -1.081552603719543662e-02 -1.127845867488265312e-02 -1.146838710109260480e-02 -1.436570921370779186e-02 -2.101534366702408757e-02 -2.040321044350408217e-02 -2.451989439362091405e-02 -2.689003719296492040e-02 -2.906481574131591569e-02 -2.932073723132984713e-02 -2.681584822007650887e-02 -2.237669234571961277e-02 -1.362636633716973744e-02 1.053098604961718449e-03 1.186923408669859556e-02 2.902413067855945036e-02 4.934203411416614865e-02 7.834875860688052251e-02 9.476446688594239443e-02 1.181015084557303085e-01 1.539323197291863621e-01 1.764010604240982549e-01 1.986235613515266452e-01 2.293234339677586997e-01 2.452640962567045058e-01 2.671251045064522711e-01 2.826110786564458577e-01 2.950374921438616016e-01 3.068639208597322421e-01
1.079593145303792308e-02 3.261594250588989441e-02 4.893866951542696908e-02 6.789369213238216627e-02 8.184425908344279688e-02 9.584801376971018028e-02 1.048930473857941359e-01 1.170275640017271052e-01 1.252154039140192521e-01 1.340986992538286959e-01 1.388507550052712480e-01 1.487448482346709622e-01 1.521756106462854308e-01 1.573561072494479296e-01 1.611516514469622519e-01 1.664406678663244710e-01 1.736561669546861086e-01 1.783793215084822081e-01 1.817045503045138788e-01 1.888263297504356730e-01 1.940551103689998613e-01 1.981723601528361800e-01 2.032120890179627548e-01 2.040977168374998596e-01 2.081699000818081069e-01 2.050310699208405807e-01 2.069774848351249030e-01 2.036687587927141774e-01 2.009957422801176563e-01 1.812989465710769799e-01
-4.225663438848312886e-02 -6.954706205929742091e-02 -9.121695280880164070e-02 -1.188592278363119481e-01 -1.485213618270920244e-01 -1.811585375230770900e-01 -2.014759760028984048e-01 -2.374116480927191686e-01 -2.642806587810604957e-01 -2.900543318672565984e-01 -3.268034365237919014e-01 -3.630956954341686971e-01 -3.860719157546537161e-01 -4.140232701287598904e-01 -4.451273025498786451e-01 -4.789238045288342072e-01 -5.035549900502748200e-01 -5.259319060512953614e-01 -5.465555694105530549e-01 -5.697779517003094263e-01 -5.857061168059325418e-01 -6.009724848352330229e-01 -6.146154141404633897e-01 -6.309796822830802121e-01 -6.386988517494951445e-01 -6.424274623747734392e-01 -6.474355410228159746e-01 -6.502083918975424259e-01 -6.522493173107253295e-01 -6.463306938198580820e-01
3.540971067472765965e-02 5.222690622553443490e-02 6.743075453396873975e-02 8.812079678305760611e-02 1.056910393427464012e-01 1.256981781220128380e-01 1.399285955688463479e-01 1.641308358587034721e-01 1.875632615579089224e-01 2.066589844907913975e-01 2.295637272586410205e-01 2.551820104059597250e-01 2.722778625249445139e-01 2.933504243685587376e-01 3.251785946872680633e-01 3.463592975550919273e-01 3.688361653665818141e-01 3.939344537807278890e-01 4.184046940513890811e-01 4.368525871487022871e-01 4.605296270846634399e-01 4.909249370145553626e-01 5.192057576085838955e-01 5.470323632653772972e-01 5.825592935397243544e-01 6.073896593156494772e-01 6.298582651455374437e-01 6.606673598193899544e-01 6.896238413206037254e-01 7.664025638707856469e-01
7.211134887493923090e-03 5.449637633866988642e-03 3.584848591185027869e-03 5.080422522070787879e-03 1.677685778169776820e-03 -2.993011603607624235e-03 -5.308588426626778545e-03 -1.112634116246678968e-02 -8.314258602386624675e-03 -1.051457019572877433e-02 -2.427513995560991178e-02 -3.776907073114602054e-02 -4.547633352048176258e-02 -5.921517830461470178e-02 -6.830964971682251807e-02 -8.951848726184195859e-02 -1.033012271496699941e-01 -1.137190833525268951e-01 -1.291284835451060875e-01 -1.466604028412826777e-01 -1.495456934336742427e-01 -1.544387643233178786e-01 -1.488618002222509007e-01 -1.408704809359062060e-01 -1.226762396304108133e-01 -9.744575698227944671e-02 -8.611949067503694988e-02 -5.251278759949445929e-02 -1.738731028437019363e-02 1.091924615514247576e-01
-4.806515419020947893e-02 -7.378899355388039705e-02 -9.654667734692462533e-02 -1.264670902612796966e-01 -1.599912114777585770e-01 -1.971171732060659487e-01 -2.216648044618217406e-01 -2.682576489280502074e-01 -3.045345681163991181e-01 -3.369083304457988759e-01 -3.869613803984550127e-01 -4.369411634186280979e-01 -4.722403422804807294e-01 -5.171739071954404299e-01 -5.716532436791890159e-01 -6.239289678265061978e-01 -6.670931270824229653e-01 -7.111562097567916130e-01 -7.581090086952398943e-01 -7.988589645563828334e-01 -8.366803105699456289e-01 -8.820403640565426251e-01 -9.175349440752504915e-01 -9.597374485434198021e-01 -9.967485657713275327e-01 -1.019757085010328357e+00 -1.047122885946216941e+00 -1.071841124080503249e+00 -1.092601612181663739e+00 -1.126610465640191183e+00
-5.126998006829029328e-04 9.204187490797770439e-04 3.572622778393345563e-03 6.192791010590796043e-03 6.586414014352712232e-03 1.285376947555220972e-02 1.296666892741720964e-02 1.794068770068916324e-02 2.320025009805041019e-02 2.651517978306060230e-02 2.906828486697755898e-02 3.531148497544898957e-02 3.659557731271467773e-02 3.655749756587685362e-02 3.600281344776580517e-02 3.547359871147889865e-02 3.385319689709230528e-02 3.010858523193061034e-02 1.847089647152526729e-02 1.567238703636532685e-02 9.169908420359602214e-03 -5.539646688559001983e-03 -1.392534378793905230e-02 -2.984916578020739217e-02 -4.289530428741503143e-02 -5.834841160897756562e-02 -7.189405945861507274e-02 -8.666157074994210174e-02 -9.943763113372230955e-02 -1.342548472927246883e-01
-3.952397997584110312e-02 -8.705536068640888636e-02 -1.277221493677375974e-01 -1.778268410439181879e-01 -2.206155981848026415e-01 -2.636850313337361640e-01 -2.919855408005555542e-01 -3.343366373057799490e-01 -3.649463700628939322e-01 -3.933902957583326754e-01 -4.135447644988348159e-01 -4.378156298266514534e-01 -4.500495292917103818e-01 -4.613920333340669200e-01 -4.675359018629395846e-01 -4.780311136684974316e-01 -4.854088011363829613e-01 -4.847745898810953968e-01 -4.815490375442829096e-01 -4.885022040023446754e-01 -4.926866251755245285e-01 -4.900279310547868694e-01 -4.980905081906139564e-01 -5.144197640590886245e-01 -5.248508601322364742e-01 -5.382481969218522178e-01 -5.509079532546677926e-01 -5.686439079532978891e-01 -5.858096419688338941e-01 -6.454680041344994512e-01
1.571214694600960721e-02 3.430270710882286217e-02 4.897213207930350976e-02 6.758524596742730706e-02 8.002815381609210132e-02 9.355296190846464077e-02 1.015342127623470730e-01 1.132253306766582701e-01 1.253285339524237985e-01 1.334731888944371558e-01 1.377362143501880964e-01 1.449502081379961393e-01 1.478833096949051518e-01 1.511873987326976532e-01 1.570393036405328402e-01 1.563857796355284657e-01 1.611739017539462193e-01 1.654625922878814048e-01 1.683240164485881873e-01 1.703705182956238573e-01 1.780910919094364497e-01 1.858845857079299557e-01 1.953092006672758618e-01 2.066774304867316503e-01 2.234345148642584711e-01 2.357359911092981319e-01 2.469107809773835038e-01 2.637027336038121894e-01 2.802994913765751162e-01 3.301251649973531155e-01
1.195557290241565894e-02 3.403966579854676711e-02 4.999653036990478472e-02 6.975546978184467284e-02 8.137429230662045210e-02 9.356962946714636464e-02 1.005072023000663645e-01 1.085055854913416773e-01 1.146101223765821076e-01 1.202377815627075908e-01 1.140651587118369920e-01 1.143052506561725301e-01 1.087456073629546049e-01 1.011425922661340904e-01 8.626678888728779582e-02 7.352683063168241606e-02 6.454928833516394848e-02 4.916927045698232801e-02 2.783924167209082118e-02 1.816215513519593358e-02 5.460089008923217635e-03 -1.580132422600336387e-02 -2.608755408949229443e-02 -4.223259399872868886e-02 -5.475072705019721347e-02 -6.528788916257693975e-02 -7.530618818291644201e-02 -8.498629236167321022e-02 -9.192543185818197182e-02 -1.004186504060982088e-01
1.347918514344888762e-02 6.296349082421432222e-03 5.896412663851490453e-03 8.935632363678846363e-03 1.268872199359093178e-02 2.073111551248743231e-02 2.710159427087316039e-02 4.148126841151599659e-02 5.710884891677438235e-02 6.928177459265386084e-02 9.023950265281541205e-02 1.118770923708311826e-01 1.269209183684039122e-01 1.462119658856302074e-01 1.745272351040138004e-01 1.949843342964147075e-01 2.131973842881752512e-01 2.346283556426081995e-01 2.520047734078285639e-01 2.660561908490962635e-01 2.815645664654004010e-01 3.008850526574254891e-01 3.180785645086372515e-01 3.293462607843233303e-01 3.468316627438792765e-01 3.567414933123288501e-01 3.638953154894474240e-01 3.761275865720661860e-01 3.884042045789453668e-01 4.144422140611497829e-01
2.693206089711513290e-02 6.038976524527821244e-02 8.714183359902973047e-02 1.185552262296910297e-01 1.447435480731115442e-01 1.756197652958439437e-01 1.939194300034393914e-01 2.248267737019400414e-01 2.457128173630460377e-01 2.687882332104953864e-01 2.897987527931895624e-01 3.199320600090979627e-01 3.310993309577575650e-01 3.467078747103645719e-01 3.562146801121205963e-01 3.724969199317415547e-01 3.832018782296968684e-01 3.857273677774827325e-01 3.787809538870460235e-01 3.889901714930005250e-01 3.843694906581773263e-01 3.678310949126977203e-01 3.587060043971394552e-01 3.395434322210040268e-01 3.180850493464910667e-01 2.883457325663335569e-01 2.687570751460919283e-01 2.363843852500105980e-01 2.089133112467990994e-01 1.183118420195361786e-01
-2.331860636079070848e-02 -3.512277451846903403e-02 -4.916801575896290882e-02 -7.075377789360004499e-02 -9.335323553787125417e-02 -1.226408045764080385e-01 -1.389368111465534295e-01 -1.720194927396984652e-01 -1.971340375861221905e-01 -2.201877554279788596e-01 -2.457054241780969595e-01 -2.721688432458526652e-01 -2.854873930730811860e-01 -2.984378503031608343e-01 -3.050592059280145540e-01 -3.170440467161697029e-01 -3.179070162292843560e-01 -3.110575321509322921e-01 -2.946571571753660024e-01 -2.945311010852610378e-01 -2.796315550037715147e-01 -2.545466334767253480e-01 -2.394320254906614487e-01 -2.259605327107888917e-01 -2.011294850634051112e-01 -1.863536282207894079e-01 -1.708762830359931706e-01 -1.563569796049480709e-01 -1.452269989511706105e-01 -1.302165473426634412e-01
5.181635193392853528e-02 8.421398816128278231e-02 1.094887073081875495e-01 1.475685286472671887e-01 1.788507664882881265e-01 2.167823724952755993e-01 2.394153808916111570e-01 2.810641407021567950e-01 3.171490131814949653e-01 3.487171039337241818e-01 3.760509783234998182e-01 4.117642472963737310e-01 4.283887184925378455e-01 4.442782032619574939e-01 4.569789363407236182e-01 4.691690138967642421e-01 4.746311525602119330e-01 4.716273232084777223e-01 4.515238246523261001e-01 4.536275168755520282e-01 4.413434017938039911e-01 4.170020658529356994e-01 4.061484682926801426e-01 3.875994021965843972e-01 3.679864210666036195e-01 3.505492087549457736e-01 3.323930282841930373e-01 3.186915589840586538e-01 3.101536423934730946e-01 3.035796214801593784e-01
-2.896174241642637814e-02 -5.231020401245889406e-02 -7.013477703547621456e-02 -9.106247756886397260e-02 -1.099933581249160908e-01 -1.281034487730091376e-01 -1.394668796637978936e-01 -1.569151132392130887e-01 -1.695144193397515597e-01 -1.805387590791183439e-01 -1.918464297372989291e-01 -2.024894177653882577e-01 -2.092240326253778648e-01 -2.158687191938847005e-01 -2.233123996698799796e-01 -2.319727331804391779e-01 -2.385066792449426765e-01 -2.433141088462938695e-01 -2.492648870715822584e-01 -2.563502880105463788e-01 -2.646247287768040968e-01 -2.725531769540720517e-01 -2.823057210098711689e-01 -2.986874154867286135e-01 -3.120277541236641250e-01 -3.262264581945466535e-01 -3.390695615059632906e-01 -3.552473992210793963e-01 -3.711150529044928703e-01 -4.178845299282369363e-01
-1.620271342019779376e-02 -4.584905729079229858e-02 -6.751222618014864063e-02 -9.022876982411186242e-02 -1.114086363407529867e-01 -1.340160672502107020e-01 -1.465856243711967100e-01 -1.660363515555497715e-01 -1.752027561355833374e-01 -1.875163850755846295e-01 -1.999992623075336207e-01 -2.159245931273763852e-01 -2.202385740160439920e-01 -2.272210515488881366e-01 -2.245148380151364975e-01 -2.352763977690126573e-01 -2.379175074996175421e-01 -2.318243444823342436e-01 -2.257232883093595321e-01 -2.332960029360253984e-01 -2.232365791360891305e-01 -2.065807538861859916e-01 -1.914993011579010085e-01 -1.752355356192918379e-01 -1.481786599426792028e-01 -1.196487842790554257e-01 -1.037906484878914903e-01 -6.900884414247186738e-02 -3.820214626954888948e-02 5.982832454875801342e-02
1.546584387919133427e-02 2.849186683404174997e-02 4.045979510615596575e-02 5.684241554077006792e-02 7.021698841187939966e-02 8.784470639286061366e-02 9.726196231241808487e-02 1.147200019214912048e-01 1.292472194463656354e-01 1.442549955262754924e-01 1.555573039136673719e-01 1.762645748304982329e-01 1.820749006325608765e-01 1.898083068535274809e-01 1.925595879795543586e-01 2.006523196439870538e-01 2.030745957192974793e-01 1.996991148361953738e-01 1.872002703284272873e-01 1.900154060459578464e-01 1.778075222256766397e-01 1.565025993020697503e-01 1.416219064265487604e-01 1.157928853207797759e-01 8.726185198171229618e-02 5.655795659133715930e-02 3.138976585467051494e-02 -1.976989525414430890e-03 -3.188642452036698910e-02 -1.183589975466059208e-01
3.653111172354357034e-02 4.535521357492496020e-02 6.056560582444055207e-02 8.257655687571072156e-02 1.063053786022356562e-01 1.382045238485412608e-01 1.567953061872474074e-01 1.966011683538748112e-01 2.307051753440630126e-01 2.606723401774385662e-01 3.038992360181632657e-01 3.509971418830504231e-01 3.796934011999486547e-01 4.175609909388058316e-01 4.637014606340713607e-01 5.044829433612563196e-01 5.379398322571246061e-01 5.724714896565213929e-01 6.027296852689796314e-01 6.326615488308128255e-01 6.567681411315265949e-01 6.861538112576196502e-01 7.110793118720339923e-01 7.329817844108029723e-01 7.569786017931365851e-01 7.681621484248324361e-01 7.805934130322150777e-01 7.960207648283285087e-01 8.096541262378363912e-01 8.326743371839145924e-01
1.668220671890993656e-02 3.431406024497286877e-02 4.783621867001909556e-02 6.267637845761096782e-02 7.137400770983248766e-02 8.368516963160217703e-02 9.000896785069675832e-02 9.835712727725398619e-02 1.062797784509912635e-01 1.139019439817117452e-01 1.151215741554699051e-01 1.202829480367368087e-01 1.185905520380159117e-01 1.162689626409023486e-01 1.089383372787578186e-01 1.041217314644577868e-01 9.784319092199274259e-02 8.747668734444337402e-02 6.949291969280044223e-02 6.339760735949523385e-02 5.117344027392360661e-02 2.992997844944882829e-02 1.635423446296158101e-02 -3.873280040826992607e-03 -2.295660855454246391e-02 -4.265869249119329937e-02 -6.001285919285693354e-02 -8.002151339201860059e-02 -9.408704449591692720e-02 -1.338161194692739364e-01
-1.611130839936382106e-02 -3.296304195880028765e-02 -4.532403997079302582e-02 -5.736371186926610133e-02 -7.061110647750247493e-02 -8.470738300784513841e-02 -9.139681893012542580e-02 -1.042147010818198077e-01 -1.131091971805601587e-01 -1.217608890501431507e-01 -1.330089375570041588e-01 -1.448414178275541087e-01 -1.512827818930491675e-01 -1.596235901096872412e-01 -1.673098678834092634e-01 -1.801411701646628005e-01 -1.864942627242094086e-01 -1.916660604961053505e-01 -1.969771404321340458e-01 -2.068371970947344984e-01 -2.107122919195296706e-01 -2.127777913513060337e-01 -2.137257108370672065e-01 -2.205912070877534825e-01 -2.193878200417674895e-01 -2.172922183264010543e-01 -2.181596896795109375e-01 -2.151685986107704507e-01 -2.129409903723369080e-01 -1.985159985760410473e-01
-2.212008436035933778e-02 -2.463038416763315905e-02 -2.785442578295905733e-02 -3.296323484011766392e-02 -4.497155227291032425e-02 -5.884425560406299910e-02 -6.740083814456687694e-02 -8.682009385794597911e-02 -1.030304129460511836e-01 -1.171712836423957627e-01 -1.462025038773936414e-01 -1.718402329687173102e-01 -1.899437578557984507e-01 -2.152961743465754418e-01 -2.463465900470901970e-01 -2.765270078407995324e-01 -2.980997409259295572e-01 -3.227934454626652516e-01 -3.468568415058070897e-01 -3.685483486035554535e-01 -3.868306949331549727e-01 -4.090365667084108758e-01 -4.245971898613430384e-01 -4.443063617082826378e-01 -4.585952707601894662e-01 -4.678853039066993569e-01 -4.767691931155210727e-01 -4.866948637418052614e-01 -4.950361914785046391e-01 -5.060561915200975092e-01
-4.861517561739200390e-03 -5.095804168959495485e-03 -5.241350594203067481e-03 -4.149354771723748336e-03 -7.077993865549210735e-03 -9.773979131839763412e-03 -1.112613651033875564e-02 -1.364775166578867556e-02 -1.651267362193375998e-02 -1.755817898391451651e-02 -2.754497786995280945e-02 -3.293637338648351676e-02 -3.868822546099241061e-02 -4.741696603541475236e-02 -6.104433859776579874e-02 -7.389444701284011985e-02 -8.460037056032959635e-02 -9.847326062565214810e-02 -1.169853350569087236e-01 -1.283817902376994391e-01 -1.435013707430069230e-01 -1.638827684587159661e-01 -1.796689429718187347e-01 -2.001368569624678295e-01 -2.193941878220694031e-01 -2.359686053949811291e-01 -2.511983058824671655e-01 -2.678074466376654250e-01 -2.828675435844485997e-01 -3.176562311352864043e-01
-6.186756948134954082e-03 -1.839555178587205103e-02 -2.429687560537133195e-02 -3.153980468374943669e-02 -3.624662598135609815e-02 -3.951612185421428391e-02 -4.083962141358882941e-02 -4.057058577125234600e-02 -3.804605751246178252e-02 -3.606177527397161353e-02 -2.819700193493296370e-02 -2.010706643598192400e-02 -1.238044053243139014e-02 -4.686568123200545583e-04 1.907265973458285163e-02 3.220019972170343192e-02 4.703467228440091907e-02 6.716207835391657666e-02 8.841738067726205574e-02 9.996020890740364706e-02 1.190578083201778992e-01 1.434492287108291853e-01 1.633425239128900586e-01 1.788481343505515242e-01 2.023865756397698057e-01 2.166086136190364941e-01 2.298557679488803240e-01 2.458914553343380938e-01 2.587480079143958389e-01 2.844571303772852611e-01
-4.010118312741557667e-02 -5.742176644259256585e-02 -6.952260083819292169e-02 -8.316860025611230722e-02 -1.033708733404631319e-01 -1.239758466783175000e-01 -1.381192477553621067e-01 -1.661072340261522395e-01 -1.891277252397598474e-01 -2.098644038797485012e-01 -2.465944305005642323e-01 -2.790875042435391196e-01 -3.066452199959164293e-01 -3.418298552509765331e-01 -3.891333368987325292e-01 -4.302668623613341015e-01 -4.664738841084528076e-01 -5.074536406243865816e-01 -5.543993287182301666e-01 -5.886612058371805123e-01 -6.268517120667778109e-01 -6.772147407926966123e-01 -7.150638567614072683e-01 -7.643306483789947814e-01 -8.111534083434563946e-01 -8.455706910043807589e-01 -8.815816591730800678e-01 -9.192745985740097270e-01 -9.530319890626965940e-01 -1.033889381620919590e+00
4.359437854324239858e-02 7.427845804475387281e-02 9.784488115762139671e-02 1.265237287245530307e-01 1.532228857235103658e-01 1.816454938450981493e-01 2.005382110472715973e-01 2.326386865146174432e-01 2.601156977227180311e-01 2.853282903570050766e-01 3.121102540700854688e-01 3.430437257711080323e-01 3.629808639659423131e-01 3.868066934693659698e-01 4.167411672669226186e-01 4.405986821336742576e-01 4.640672583116598471e-01 4.860131066807756306e-01 5.058694004973953717e-01 5.254984035018243071e-01 5.438005821843434617e-01 5.649340212353285429e-01 5.858408101143683933e-01 6.042277179377298912e-01 6.275366197952303438e-01 6.393965351396536656e-01 6.524210638061512801e-01 6.693348449662566146e-01 6.843513216611678551e-01 7.233073367210762772e-01
-5.993260926547307882e-02 -1.301386760470330251e-01 -1.821797588262614176e-01 -2.452464126713578829e-01 -2.988604281563532195e-01 -3.554487643115124551e-01 -3.899823338657328331e-01 -4.441268635699280876e-01 -4.791969274060504103e-01 -5.153559594278647182e-01 -5.478865677620782249e-01 -5.892616714867368044e-01 -6.044166890814781645e-01 -6.235732188628386741e-01 -6.308124997147277480e-01 -6.521644674704403233e-01 -6.635060194131029432e-01 -6.613154745108740240e-01 -6.503976827824020646e-01 -6.634586444561753060e-01 -6.567092048257878734e-01 -6.345705630359046445e-01 -6.245082946365506649e-01 -6.124210937721573655e-01 -5.880434821012407998e-01 -5.618887535626125862e-01 -5.457627085543378387e-01 -5.171936443895107649e-01 -4.942657913606477438e-01 -4.206584306959694763e-01
6.739830484081076045e-03 2.715588521424437685e-02 4.677110995087160189e-02 7.159774741523081132e-02 8.475293015274304453e-02 1.002187584365260981e-01 1.106530755720787351e-01 1.232273911941299260e-01 1.292918053783024546e-01 1.371737486020278285e-01 1.309218365422512853e-01 1.329083932399755252e-01 1.240100013516870214e-01 1.131392638064323136e-01 9.061165594439871129e-02 7.316775380593776301e-02 5.701528730847872650e-02 3.213997276730276575e-02 -2.437480970755133078e-03 -1.877628003651507504e-02 -4.399664518294859467e-02 -8.261179193768289353e-02 -1.047618129890057759e-01 -1.379302268407895382e-01 -1.680147145229308747e-01 -1.936198189039410322e-01 -2.174465000212441324e-01 -2.430467468949011889e-01 -2.633630746842737236e-01 -3.059640066848950402e-01
1.766549593283224268e-03 -6.492679124956038036e-03 -1.070708165916266219e-02 -1.547076935649134739e-02 -1.736712004144894128e-02 -1.688105241813111362e-02 -1.560539987555890906e-02 -1.052863443356538871e-02 -5.347013178029260891e-03 3.429287022758305270e-04 1.259306545358307786e-02 2.476783706391779555e-02 3.528057393460960756e-02 4.952473555084748597e-02 6.939759875960983815e-02 8.428629684818107759e-02 9.926476679697023020e-02 1.167633087380409718e-01 1.347064253321488825e-01 1.470377663531582113e-01 1.597138474627075033e-01 1.770595515062792225e-01 1.880140866310473502e-01 1.951525930283971588e-01 2.061638530101344569e-01 2.078102588427744035e-01 2.121165816632541168e-01 2.140322966062911392e-01 2.145394516173824151e-01 2.059257053837930118e-01
3.755740085214319575e-03 1.618411568512059112e-02 2.534073265089896096e-02 3.668536039693227890e-02 4.570225145831531555e-02 5.544917789479732184e-02 6.215052744869561940e-02 7.172160499764591857e-02 8.047468861692869124e-02 8.878573419239632614e-02 9.411825356219155614e-02 1.041307416194387492e-01 1.100254251832486208e-01 1.163891715266848204e-01 1.234707552824559490e-01 1.300543111469641133e-01 1.379665921269519480e-01 1.444618324796370645e-01 1.487054165657862859e-01 1.557667882423159345e-01 1.604700038718988031e-01 1.642524890021024309e-01 1.691187253903407850e-01 1.684674742070348397e-01 1.720190445944858593e-01 1.671370233677831330e-01 1.678775155260597562e-01 1.638571187937554741e-01 1.590717586853828691e-01 1.406088377281541624e-01
-4.711416218678265294e-02 -9.204686971127157280e-02 -1.280429915948680386e-01 -1.746898837665387116e-01 -2.121852320832441352e-01 -2.503368482061885114e-01 -2.745044674602497570e-01 -3.102510746090460514e-01 -3.401686175753720898e-01 -3.647630395882591192e-01 -3.767419587595364217e-01 -3.923424752767317725e-01 -3.978937159641972587e-01 -3.980567418664107127e-01 -3.936857508762154900e-01 -3.900166680677418785e-01 -3.836486036642699493e-01 -3.696677287382603150e-01 -3.481885614696761388e-01 -3.404934725056367184e-01 -3.336639428641873240e-01 -3.138327605781027207e-01 -3.142344864173955976e-01 -3.213191772609453323e-01 -3.256415771588727637e-01 -3.399662745882312542e-01 -3.466930228724092733e-01 -3.680417040658204297e-01 -3.940806618408927986e-01 -4.950428340007562711e-01
2.938581372037222389e-02 6.175490314094966848e-02 8.640331780724340438e-02 1.175353625191327689e-01 1.410813575309699808e-01 1.689252663916882558e-01 1.862180412709222577e-01 2.134770001804858486e-01 2.325984096359544617e-01 2.527677190217245129e-01 2.665278523651306020e-01 2.897792515396727664e-01 2.960625336860571166e-01 3.035646500307466744e-01 3.014732832416340824e-01 3.065690472136852196e-01 3.069568106742688873e-01 2.971521535526044366e-01 2.767702168138611030e-01 2.767547671959713629e-01 2.589773508963009174e-01 2.291646783488200667e-01 2.082676920886502581e-01 1.766691816890816613e-01 1.416179835967849299e-01 1.038387340781814355e-01 7.550479097598924993e-02 3.616935340039032637e-02 3.823112471829060235e-03 -8.918306595817356019e-02
2.518883332632319144e-02 5.942521373566827386e-02 8.616068901170315097e-02 1.160872478064197133e-01 1.396967600201974302e-01 1.685544497416671672e-01 1.863531133155720276e-01 2.148951781371894465e-01 2.324821950516777203e-01 2.516233216148265339e-01 2.730472458965285121e-01 3.029264889751118739e-01 3.151472304595881457e-01 3.332514044360688210e-01 3.463262432584465200e-01 3.672761847923725620e-01 3.839623667231135129e-01 3.930680531360181695e-01 3.982164257826952825e-01 4.147122233742801534e-01 4.177884189843427132e-01 4.136247014412406386e-01 4.120723907016986542e-01 3.979505779474998839e-01 3.843817972371046943e-01 3.561934453332157857e-01 3.433390860440550529e-01 3.116793850410355393e-01 2.836664830984135799e-01 1.826677922336163995e-01
8.801321267330725062e-02 1.458479385764004099e-01 1.974630232365162663e-01 2.655159576124391796e-01 3.267904963347587621e-01 3.982856078514235287e-01 4.437349248671732527e-01 5.226194896997957695e-01 5.914297547337405980e-01 6.517602980507285482e-01 7.206362772947613182e-01 7.976770922260839614e-01 8.425888348202634770e-01 8.971480927606342304e-01 9.612613452825582439e-01 1.019073911899019080e+00 1.065136361892133232e+00 1.107663739625586841e+00 1.138428030587143036e+00 1.178721890187339971e+00 1.211624408914993900e+00 1.242324485437084292e+00 1.279225289070790694e+00 1.314073242849244982e+00 1.351508692468258443e+00 1.373859018664973064e+00 1.394593168141686101e+00 1.424915383708837524e+00 1.456891441852975033e+00 1.538782439624192033e+00
-2.197708950606235001e-02 -5.755734119296432305e-02 -8.245758925638332903e-02 -1.074838802161424550e-01 -1.298854325592102565e-01 -1.521315371941146521e-01 -1.654573240112837684e-01 -1.837570674039424035e-01 -1.909945554231027853e-01 -2.020492295058433085e-01 -2.124763625343992768e-01 -2.242516877382096929e-01 -2.261842307043580858e-01 -2.318910140173368328e-01 -2.270852214791964918e-01 -2.349219054609308355e-01 -2.366789769633785012e-01 -2.315023020727002279e-01 -2.267355084865070591e-01 -2.328703158425034780e-01 -2.267572301755869379e-01 -2.147907274294865165e-01 -2.046551498636505206e-01 -1.962571479627996662e-01 -1.788455108443901820e-01 -1.596934436386297507e-01 -1.508016959090474618e-01 -1.280034026956110293e-01 -1.094511451444826755e-01 -4.316727307411603182e-02
-2.645694989612665943e-02 -5.858893118325102234e-02 -8.546600672186389913e-02 -1.177891867899659301e-01 -1.457129811856137380e-01 -1.734041171827721273e-01 -1.922870177304448758e-01 -2.202616634449275357e-01 -2.382869727826869566e-01 -2.562676096261606862e-01 -2.759061171737733353e-01 -3.002696448842763211e-01 -3.111776744714434551e-01 -3.272575757648871764e-01 -3.392738305201373206e-01 -3.588236122658264859e-01 -3.728660429971242807e-01 -3.819161219550580300e-01 -3.929294520802646407e-01 -4.095307005329940075e-01 -4.176315952580296198e-01 -4.240262630401612221e-01 -4.290725094927522743e-01 -4.372348144121998015e-01 -4.381786415874773244e-01 -4.330211569314575959e-01 -4.361761354708553196e-01 -4.295602599336155736e-01 -4.235355135726683873e-01 -3.884892667820503687e-01
-3.891081831412968733e-02 -6.820611544984243879e-02 -9.054995178175573312e-02 -1.185268336129835370e-01 -1.475105490391662166e-01 -1.735713697084794171e-01 -1.926319085413923937e-01 -2.212693060213739016e-01 -2.437278482716654926e-01 -2.641711351455919843e-01 -2.928913871027887250e-01 -3.195528818942869331e-01 -3.385478100299798010e-01 -3.629783482705730702e-01 -3.936921793519681523e-01 -4.236406350301656909e-01 -4.498802744268852183e-01 -4.775159265421468069e-01 -5.083620052945120316e-01 -5.352421846332805488e-01 -5.635613871156075483e-01 -5.989941424382998481e-01 -6.298359636879009571e-01 -6.677527095737691987e-01 -7.033986394942418618e-01 -7.306342861190829874e-01 -7.593876553345356717e-01 -7.893483751351202393e-01 -8.184774245396295722e-01 -8.824757436483992024e-01
-6.506380981319144496e-02 -9.213023395756984868e-02 -1.141473356159488917e-01 -1.483669701374621119e-01 -1.829978406043401007e-01 -2.263057403447351068e-01 -2.515338054414144042e-01 -3.028707772539382392e-01 -3.463402026884003782e-01 -3.829250551934813007e-01 -4.286510218801743988e-01 -4.752863139625985167e-01 -5.027166791598293161e-01 -5.322194030789004771e-01 -5.645078061411579196e-01 -5.951764446097020933e-01 -6.105864941948062619e-01 -6.211043073839427331e-01 -6.168637813066504272e-01 -6.286364486939186591e-01 -6.285221020038499473e-01 -6.175864339814883808e-01 -6.176841156385466380e-01 -6.188978249188826775e-01 -6.114743238468697273e-01 -6.082283865760030883e-01 -6.016057752718891871e-01 -6.029606151396322833e-01 -6.099684776554583632e-01 -6.399101202669904565e-01
-2.174298586433240366e-03 -1.443199764031112206e-02 -2.387629366111816004e-02 -3.388904820310041643e-02 -4.013838099664270714e-02 -4.419386291559601609e-02 -4.537111993908959917e-02 -4.361582080288568808e-02 -4.287972915177967748e-02 -4.025506946508035366e-02 -2.934600184829291858e-02 -1.762363987391453793e-02 -8.930694687683458227e-03 4.065943819998102220e-03 2.000487279158280618e-02 3.395353696457615450e-02 4.687097259765649754e-02 6.144978799562698935e-02 7.286373815233485041e-02 8.250096966443712376e-02 8.859378007913633335e-02 9.648636681063393894e-02 1.004435472868729501e-01 9.262750094499144771e-02 8.953755956458631093e-02 7.708226450571559196e-02 7.049061148067781168e-02 5.619738947621233383e-02 4.074358827473205380e-02 -1.179989735556901363e-02
7.285015586609339122e-02 1.118032166819646206e-01 1.471500450442898289e-01 1.936644226187602402e-01 2.405555120353927434e-01 2.943292663228461170e-01 3.322479300738871988e-01 3.996447426003079673e-01 4.524863121766409813e-01 5.041669851054033646e-01 5.759384887695917499e-01 6.537635084231111504e-01 7.023968471575228190e-01 7.660014825499241731e-01 8.393032707422162231e-01 9.109247319790967357e-01 9.709267208345171429e-01 1.028667059589928545e+00 1.081953813916523455e+00 1.136266321666834722e+00 1.177180018349949009e+00 1.224933244867981941e+00 1.262065817095086917e+00 1.293226283046326586e+00 1.323445984621947069e+00 1.327990195943141938e+00 1.344823267722484728e+00 1.349691393788183369e+00 1.355560987199747602e+00 1.335139938983681329e+00
-4.031631759683335092e-02 -7.010836714305380968e-02 -9.285358811982370730e-02 -1.222008801938508915e-01 -1.488884193928719513e-01 -1.757115919769734191e-01 -1.932518869205854251e-01 -2.215706848716598731e-01 -2.433732155428879329e-01 -2.620974197754744051e-01 -2.821330635140164023e-01 -3.024169651134678838e-01 -3.157519143072766710e-01 -3.293529657086328721e-01 -3.439571138272403683e-01 -3.588281545714571696e-01 -3.707390505808592085e-01 -3.788022303502763810e-01 -3.871949888184104127e-01 -3.973696693192446672e-01 -4.074611940925935150e-01 -4.162259256545686181e-01 -4.268272561364483408e-01 -4.445033688864361565e-01 -4.573651508899017615e-01 -4.704131591499001730e-01 -4.833165277002083871e-01 -4.988624150934190538e-01 -5.147020726182960360e-01 -5.596831766525518503e-01
4.552113292651994991e-02 9.161147194556983064e-02 1.258737111293544153e-01 1.704841085381132437e-01 2.056351410472112839e-01 2.451592929045532943e-01 2.700007847398622207e-01 3.104071612088638021e-01 3.437683217064549934e-01 3.735298973620290175e-01 3.954700319816824017e-01 4.276964573931009150e-01 4.425691821138384996e-01 4.578480792009246292e-01 4.697952835551317818e-01 4.828457546165599301e-01 4.925833638385971325e-01 4.945384375780275121e-01 4.851255957760116644e-01 4.922153570045925131e-01 4.913301639992692094e-01 4.782406315758161996e-01 4.781228116632796343e-01 4.709103939678868644e-01 4.664455739365598874e-01 4.556860178281370577e-01 4.487441910838929626e-01 4.420015564752747816e-01 4.380878537401942108e-01 4.339857814187304541e-01
-7.880265241103251439e-02 -1.556998826012949699e-01 -2.120518687543523628e-01 -2.847373113577375547e-01 -3.466920297696157727e-01 -4.117636707765394144e-01 -4.527316487174634085e-01 -5.179127104235351498e-01 -5.661173875466105621e-01 -6.102688702767682383e-01 -6.531155376016362091e-01 -7.034650104940397553e-01 -7.278052953922954371e-01 -7.540310538083807579e-01 -7.745163191490246346e-01 -8.017172451339463768e-01 -8.204811466027310818e-01 -8.258904511209692600e-01 -8.203969280370192463e-01 -8.371343449916190949e-01 -8.383062272633129419e-01 -8.251784586143284805e-01 -8.258404167901080006e-01 -8.267083457539039504e-01 -8.182511582124125660e-01 -8.071058939532322896e-01 -8.016685884659185968e-01 -7.924116442924064030e-01 -7.871998693509454359e-01 -7.716626073328002322e-01
-1.471830066641883691e-02 -2.669694840078760609e-02 -3.683194666054770416e-02 -4.881975098045309575e-02 -6.221593644850832716e-02 -7.763702815140775815e-02 -8.732150074199251932e-02 -1.068418080402390308e-01 -1.149769987790198594e-01 -1.254712676309414632e-01 -1.459076165219145016e-01 -1.659118411275156690e-01 -1.775837403803027237e-01 -1.937052746845527584e-01 -2.062736274268218706e-01 -2.272181598350938025e-01 -2.408201483289373335e-01 -2.502415861835639022e-01 -2.586986689861304756e-01 -2.736099107683568343e-01 -2.773390530395118958e-01 -2.796011608166334983e-01 -2.781534273110631839e-01 -2.774548396367574887e-01 -2.680686728091485338e-01 -2.550956794458468235e-01 -2.505517027064835256e-01 -2.333064166354480440e-01 -2.179661379908950647e-01 -1.572978629916076398e-01
1.726163656548402106e-02 3.232394734254156327e-02 4.638221026288869009e-02 6.406645800755381148e-02 7.569960928940790146e-02 8.694127186328551304e-02 9.694726448026237675e-02 1.096058396385475031e-01 1.213985538528417341e-01 1.310519419874801306e-01 1.386899121592914397e-01 1.493348901847599275e-01 1.583567195218239521e-01 1.698575064700545978e-01 1.889334619298513041e-01 2.000927302105491856e-01 2.175129261604223097e-01 2.375909728570259616e-01 2.622764553497466400e-01 2.774938298504285861e-01 3.045860556277856235e-01 3.404075996609392529e-01 3.725688840865187812e-01 4.070920916778072440e-01 4.530388531614316650e-01 4.880562720675722388e-01 5.209138853536152691e-01 5.615127961524055689e-01 5.982972484927658874e-01 6.979763500136266785e-01
-3.482470413304358803e-02 -9.121501688343905401e-02 -1.292985749739385959e-01 -1.735734703721263372e-01 -2.088989581775031745e-01 -2.441438125296990502e-01 -2.642397862235353334e-01 -2.920317814282741287e-01 -3.093516714736346263e-01 -3.268899727686053192e-01 -3.328195018431042707e-01 -3.453091294388687116e-01 -3.433827650339662529e-01 -3.391701304044811849e-01 -3.189471561939158373e-01 -3.140196732707223326e-01 -3.020691005537132767e-01 -2.767038580250406055e-01 -2.428477636480656232e-01 -2.354181637269981975e-01 -2.093542353244320087e-01 -1.657283510576794683e-01 -1.363659875925262721e-01 -1.053374275151974099e-01 -6.314283209528381846e-02 -2.650213686509723596e-02 1.219616391396763713e-03 4.006522697123504617e-02 7.086951942044178443e-02 1.573276251781402235e-01
-3.729563187493376009e-02 -7.201857134970927887e-02 -9.927469661826400504e-02 -1.324028443988082837e-01 -1.618474212900062603e-01 -1.930439372142794541e-01 -2.112695437303788171e-01 -2.411206770697268131e-01 -2.604043949410012604e-01 -2.793515176100242470e-01 -2.987529353376189301e-01 -3.201450808459899711e-01 -3.289005555640739376e-01 -3.388052558329650021e-01 -3.437487523964680713e-01 -3.548279770843851821e-01 -3.607987385050909213e-01 -3.595776890799846637e-01 -3.558558387315060023e-01 -3.619715793684678551e-01 -3.595936077731772262e-01 -3.511244769612052452e-01 -3.482869017265021738e-01 -3.480623154886275383e-01 -3.396602832694204932e-01 -3.343871330556535404e-01 -3.296474837080868303e-01 -3.244779485838483191e-01 -3.197721358047037610e-01 -3.082339211891154673e-01
3.915895072920305177e-03 7.197615604050886656e-03 1.265698852265181515e-02 2.054159931583423443e-02 2.512568492335870429e-02 3.113758732720689829e-02 3.551254256057444214e-02 4.250737234526069663e-02 4.874042509140351365e-02 5.461257255535940935e-02 5.749747807556625234e-02 6.374382334368039471e-02 6.683564773364331080e-02 7.033476043624024843e-02 7.456678226802901377e-02 7.731212017534916381e-02 8.159505708832802406e-02 8.528312571914246909e-02 8.579344237047528687e-02 8.921373904590351733e-02 9.275972816418694145e-02 9.632849015802533166e-02 1.022892497160906300e-01 1.046680435323976838e-01 1.119859733874859486e-01 1.157901894384681107e-01 1.197798753487686330e-01 1.249035131841615132e-01 1.302446533819238139e-01 1.459573928248291685e-01
5.982746389016783788e-03 5.584987257966869678e-03 8.306217195557763847e-03 1.536823520039591780e-02 1.720391505752227185e-02 2.235794052677066157e-02 2.570949413729186825e-02 3.244750749779777566e-02 3.990071525524176849e-02 4.558348865957925766e-02 4.619504846550635813e-02 5.007587375559249820e-02 5.019421012042007968e-02 4.903197272919186667e-02 4.794513311551693024e-02 4.304040140073750464e-02 3.860790414029176276e-02 3.336740321865259290e-02 2.156264681060440780e-02 1.565467309614290703e-02 8.896377106393743225e-03 1.552734763571629595e-04 -2.447854214929116347e-03 -9.675546895062735880e-03 -1.119951777777134123e-02 -1.073569030949084180e-02 -1.359054072034695387e-02 -9.801941385798179640e-03 -4.217229089840787010e-03 2.293445825831343446e-02
9.026669110751606856e-03 1.149501399067714806e-02 1.499188587151269528e-02 1.951001787036486107e-02 2.287439902601924591e-02 2.953676979972923514e-02 3.392157092289342646e-02 4.311253817334201321e-02 4.991757984471392740e-02 5.664952237476598290e-02 6.669306899789080589e-02 7.809948023318963317e-02 8.474196545950044013e-02 9.471956134789405457e-02 1.044366786600129382e-01 1.125114431481682997e-01 1.208010061513097033e-01 1.283715413045112275e-01 1.338577095668023187e-01 1.394001717927476625e-01 1.428486895593430173e-01 1.463493748913214099e-01 1.477489539688192910e-01 1.457262625830532399e-01 1.459297886134257316e-01 1.396885786911514493e-01 1.363205069962579730e-01 1.299389236459777552e-01 1.246743677021276697e-01 1.029784967661465933e-01
8.141300055337027941e-02 1.302974178412324435e-01 1.739357913145238577e-01 2.311637028173763320e-01 2.836115882466819227e-01 3.452753397126854251e-01 3.844016757309280941e-01 4.537897169719588009e-01 5.121707395772361338e-01 5.646506538609492587e-01 6.256319206807590128e-01 6.945773139570377008e-01 7.358720421575053461e-01 7.845133553268347493e-01 8.404292661392038788e-01 8.927083853695816362e-01 9.339055886777661852e-01 9.705205354148292995e-01 9.969987763245496959e-01 1.033268868326727041e+00 1.057973019120124203e+00 1.080460493553927481e+00 1.104950475016763356e+00 1.126419326042929603e+00 1.146311329745147045e+00 1.151626263885888735e+00 1.161615186516359755e+00 1.171778346958739725e+00 1.183325683793491345e+00 1.205225170149516023e+00
3.367267721633371291e-02 8.570217068423115203e-02 1.284284588539716110e-01 1.848560083277134836e-01 2.202030398542806910e-01 2.551695763808761730e-01 2.774576294697140288e-01 3.025236598267868615e-01 3.252029284430739686e-01 3.428418196885325564e-01 3.271019373464936764e-01 3.233296647664111734e-01 3.094175752296600135e-01 2.835527210106401075e-01 2.428746278515313273e-01 2.048111844154236194e-01 1.735707182300822993e-01 1.280947641880385568e-01 6.759230591655038256e-02 3.523420768198320951e-02 2.348762277917061658e-03 -5.350092319316203382e-02 -7.768546201736352408e-02 -1.033086488783127588e-01 -1.249306531981634744e-01 -1.309573368190362352e-01 -1.455508963145886459e-01 -1.440556718744555875e-01 -1.349194547565774616e-01 -6.477801907300373419e-02
8.075946271673901944e-02 1.052124896985958263e-01 1.272423383698388366e-01 1.593541826467855527e-01 1.959690396791194389e-01 2.438998837104149886e-01 2.752605718828863846e-01 3.387349573158139893e-01 3.922840315752230689e-01 4.417063958263916512e-01 5.208118122465754674e-01 6.042927184078503711e-01 6.574318251509376765e-01 7.290632584715197595e-01 8.175331509578582789e-01 8.988783255558010499e-01 9.640436785249499874e-01 1.032437321355409443e+00 1.093831118357308174e+00 1.153615169783028804e+00 1.199610283324521465e+00 1.255293335586825210e+00 1.297112665049487967e+00 1.331802924826568146e+00 1.366099229506881674e+00 1.373411291817334456e+00 1.389554161873589821e+00 1.398864290162771695e+00 1.408568700809824881e+00 1.399465333237118747e+00
-3.129263215310166581e-03 -1.787551785696826767e-02 -3.102997207502278601e-02 -4.746743112086036775e-02 -6.170299612541814416e-02 -7.148715270472040528e-02 -8.116518794681515381e-02 -9.187572826999977627e-02 -9.721544071431492684e-02 -1.026645270641563801e-01 -1.072241670057773322e-01 -1.130224161764034202e-01 -1.177307044275230780e-01 -1.238955189101669241e-01 -1.304358572990684528e-01 -1.405220965570926350e-01 -1.509093078282537914e-01 -1.608955163314517711e-01 -1.777053076433874335e-01 -1.904962081799392581e-01 -2.069165374456149453e-01 -2.279808639861557462e-01 -2.469207688276369717e-01 -2.719933082687152615e-01 -2.968299915715578718e-01 -3.168171182534702535e-01 -3.400467090814954796e-01 -3.605759556703008739e-01 -3.785751708682154049e-01 -4.203046047661367357e-01
5.367965626154118722e-03 1.283554825523599424e-02 1.755369680843789360e-02 2.555053518542235724e-02 2.870941933472132696e-02 3.365286578860791217e-02 3.641293664295552207e-02 4.081761865874534989e-02 4.747460869779372011e-02 5.228004410742123631e-02 4.781143294334930238e-02 4.957083057082092847e-02 4.788813781944872838e-02 4.412040823505709863e-02 3.807212613001530882e-02 3.131467157835152171e-02 2.415587108057292223e-02 1.477362932190623077e-02 -7.526163072340986276e-04 -7.917445210918413329e-03 -1.752125679901858635e-02 -3.222169737276211338e-02 -4.055925004847851789e-02 -5.300025746139758881e-02 -6.172468085777733926e-02 -6.973881840967510737e-02 -7.734645935545429729e-02 -8.308551550445252010e-02 -8.551358442597502274e-02 -8.295397421658577686e-02
-4.932165648730869878e-02 -8.478232842780045186e-02 -1.136148341677807178e-01 -1.497557742449168172e-01 -1.843908203535599977e-01 -2.189617129355386771e-01 -2.431363648640776642e-01 -2.822446169301894292e-01 -3.123392186193402753e-01 -3.395535735060764559e-01 -3.733395947103231305e-01 -4.078955959818661436e-01 -4.311711798915757732e-01 -4.588973746435320855e-01 -4.916359520689453921e-01 -5.241518482356058994e-01 -5.516499535812307009e-01 -5.771387046665358289e-01 -6.023599808267003919e-01 -6.278206911223651598e-01 -6.539112617911326808e-01 -6.815840473590106807e-01 -7.090409066435311436e-01 -7.416371763362650249e-01 -7.722529415287406884e-01 -7.950103625750751801e-01 -8.199096719261285138e-01 -8.456379692186377639e-01 -8.711452318108270365e-01 -9.326553257521991158e-01
-6.608138515702211349e-04 -3.754735401375337844e-03 -4.814477014352338061e-03 -5.904453196209435463e-03 -1.003318866857597948e-02 -1.193177673857408715e-02 -1.283687313814960672e-02 -1.351883768900479475e-02 -1.314612287199807932e-02 -1.272903808082610604e-02 -1.603324999372462284e-02 -1.623935423280869692e-02 -1.786299035499246818e-02 -1.986552980170335284e-02 -2.305674064306472912e-02 -2.825194079550273976e-02 -3.222028790350364019e-02 -3.674166669302225685e-02 -4.389467638354109524e-02 -4.987559121886207814e-02 -5.600316381113546599e-02 -6.497934357978890629e-02 -7.257476412342239724e-02 -8.412630587585755160e-02 -9.228501271101771652e-02 -1.016935533151425153e-01 -1.109164301559572297e-01 -1.204768301125861973e-01 -1.289682907096259823e-01 -1.491599538173913608e-01
3.114503387152040698e-02 4.034403293877081298e-02 5.086284055121492037e-02 6.767370794935340106e-02 8.282338358808438716e-02 1.017086348421277764e-01 1.144037504420572088e-01 1.394535296369308619e-01 1.635434017507195470e-01 1.831187525480799383e-01 2.116948628579444214e-01 2.429333748286135741e-01 2.637298533578641413e-01 2.911367366409494672e-01 3.298063145690462994e-01 3.594317815512618197e-01 3.878768904950005703e-01 4.195610941433374763e-01 4.483431142332386377e-01 4.730483393853398555e-01 5.011181134550249938e-01 5.351754281636482702e-01 5.643929214847837050e-01 5.940761483615775163e-01 6.298711520414531639e-01 6.529106918423406292e-01 6.745246626521981259e-01 7.013438123956122761e-01 7.278720950189057071e-01 7.883696874890946393e-01
-3.544666855334907205e-03 -8.749908147577065837e-03 -1.137375630460899824e-02 -1.325371800193892065e-02 -1.602230864170625657e-02 -1.781855717065870467e-02 -1.920086483162113805e-02 -1.985671017422410006e-02 -1.836912917179544733e-02 -1.699643365526437924e-02 -1.793038952113234358e-02 -1.637408331330497333e-02 -1.561865077557627116e-02 -1.379035865558003900e-02 -1.084071609125606545e-02 -1.077575557505158245e-02 -8.851433377735558675e-03 -6.400713279826017107e-03 -4.577327206260273576e-03 -2.897824242416911431e-03 -1.862919199966730881e-03 2.216411148340061317e-03 3.964981695361884627e-03 5.845259440817516389e-03 1.093674647599938814e-02 1.289789953063448513e-02 1.484020914076699706e-02 1.770032503044483702e-02 2.165918593269273301e-02 3.004960611127262260e-02
1.945719530703909211e-02 1.571933210985759430e-02 1.931309110193637699e-02 2.779875774835291122e-02 3.722128558576362489e-02 5.375914704524688281e-02 6.265682385837868795e-02 8.465945096650850932e-02 1.079158194463169518e-01 1.267323242462322086e-01 1.525785137770998279e-01 1.799211203409680215e-01 1.991537006836875123e-01 2.191168516614892536e-01 2.479626276809479835e-01 2.696193014731676496e-01 2.870126796119667478e-01 3.050635187540363114e-01 3.165628154329079846e-01 3.297012619123885768e-01 3.395953765748989106e-01 3.508422037691646955e-01 3.623809461355633199e-01 3.679068889922229024e-01 3.780471493234464075e-01 3.826033686185708049e-01 3.834331276239248965e-01 3.919004430030167407e-01 3.995651235129651924e-01 4.211024532287068745e-01
1.120078430355716387e-02 4.280164436057713739e-02 6.607417178519346679e-02 9.254698357386703655e-02 1.094412757990207846e-01 1.273608407235382323e-01 1.376896712070447559e-01 1.497723849683125219e-01 1.571766129408269652e-01 1.652863888498081468e-01 1.593182266591768870e-01 1.631617161445424735e-01 1.586427601790014463e-01 1.514272571420808011e-01 1.354577346969198792e-01 1.264894171180397375e-01 1.194857078780838383e-01 1.033524146731290838e-01 8.235970686498464421e-02 7.664773642054030500e-02 6.337411473935317119e-02 4.080956436319389813e-02 2.766034652959440884e-02 6.233120045695653838e-03 -1.193717186422727818e-02 -3.239037064647047603e-02 -4.556842757170416480e-02 -6.665936884679959928e-02 -8.419843139939059418e-02 -1.298679081568827609e-01
8.328226212644253279e-02 1.508291038739131562e-01 2.075046837075981698e-01 2.799521559472967769e-01 3.451767387723577163e-01 4.194176264677922927e-01 4.651835603993476065e-01 5.452451873083742351e-01 6.076739451280109838e-01 6.664506891676431621e-01 7.304507203940439064e-01 8.071702423615280120e-01 8.452347935090137598e-01 8.951488812957446584e-01 9.427498854994815769e-01 9.942162875078701667e-01 1.032575132940066975e+00 1.060874016525979124e+00 1.075655264392025856e+00 1.111425487934010414e+00 1.126077317523498600e+00 1.131775359424969096e+00 1.143198055720399564e+00 1.150046936847153090e+00 1.151164728436531171e+00 1.137527838659745605e+00 1.133717417417461792e+00 1.122763314865229844e+00 1.116457862790534605e+00 1.082933891447674712e+00
4.403530111244680079e-02 8.578188310355888690e-02 1.175715081395560940e-01 1.584991421442224768e-01 1.887775557005546001e-01 2.223285371635498886e-01 2.430460374480079011e-01 2.750112097276525835e-01 3.008723590894016309e-01 3.240394991371523536e-01 3.390999192447274324e-01 3.612202149854403799e-01 3.706267077047036285e-01 3.785581362667672645e-01 3.862428325742602864e-01 3.906668561556502217e-01 3.969837300172762706e-01 3.973223954015611126e-01 3.914231050469531570e-01 3.942093771647666722e-01 3.955674562539845951e-01 3.906527645877289623e-01 3.945462154138067445e-01 3.978111446091601167e-01 4.032900216245263181e-01 4.066420805286686813e-01 4.083073483666983527e-01 4.159498905656292544e-01 4.254546967219358655e-01 4.607290662454945895e-01
1.007268538667227403e-01 1.621463685389830656e-01 2.163730321185679817e-01 2.890265789018704456e-01 3.557068810389413249e-01 4.291190827352971415e-01 4.811876897237011841e-01 5.690533150712264732e-01 6.415027188493400701e-01 7.067892691405197603e-01 7.905479881109751528e-01 8.825912653851253342e-01 9.422811731905278432e-01 1.017978309955284821e+00 1.110828006381935129e+00 1.195172410418152253e+00 1.271102518199447307e+00 1.346941511383281886e+00 1.420950338294641790e+00 1.488563458528050942e+00 1.555607971791302946e+00 1.633862947934622278e+00 1.702432609093831317e+00 1.771784251345332351e+00 1.846656404417113873e+00 1.890923278811865949e+00 1.940328958961417882e+00 1.991835578249354199e+00 2.039302469769861403e+00 2.142208432643676108e+00
8.612461320391208430e-03 1.673398836184299132e-02 1.524809803988857841e-02 1.401664763010147634e-02 1.043677365055099490e-02 1.168017581488080270e-02 9.658860987177282642e-03 1.026596181614659875e-02 1.113864158480231022e-02 1.158125026114595682e-02 7.865256808898707722e-03 9.115029571823321519e-03 3.775422040893931103e-03 -2.344376950337873078e-03 -1.592669554164847373e-02 -2.658589455775303007e-02 -4.047090385868801210e-02 -6.116293598734401371e-02 -9.379311358119871156e-02 -1.073014555593616859e-01 -1.359862235950814735e-01 -1.772529010436507124e-01 -2.082960508622120066e-01 -2.523744913008793000e-01 -2.955174321769344914e-01 -3.375190086330512318e-01 -3.728237422088418462e-01 -4.164063056172684907e-01 -4.519770771424785338e-01 -5.388888128667970179e-01
-1.744879823821721132e-02 -2.751226576217794678e-02 -3.240945241678083039e-02 -3.820627589100978466e-02 -4.605632661317809323e-02 -5.591629628819946851e-02 -6.021546225336001784e-02 -7.024048107413463637e-02 -7.750028372728813564e-02 -8.412625734102066599e-02 -9.661515229638285851e-02 -1.058877148094728715e-01 -1.110221623638982524e-01 -1.181657329514885224e-01 -1.233517570508070593e-01 -1.317611433110995045e-01 -1.335845329804137838e-01 -1.341209971510652077e-01 -1.325438562891194105e-01 -1.353070651150861115e-01 -1.322379164274718188e-01 -1.261932465178315921e-01 -1.198695692698373838e-01 -1.181083683567995257e-01 -1.083410568768386761e-01 -1.018581259269882022e-01 -9.507538237706564255e-02 -8.785059437425510320e-02 -8.356310002843406193e-02 -6.804615324784106523e-02
2.886004717781455800e-02 1.254223079508355772e-02 4.632310373024526792e-03 4.672735640487644601e-03 8.071363857363355460e-03 2.048182938674702677e-02 2.765408554715056283e-02 5.137240494056015405e-02 7.601698103158285869e-02 9.503360783535702572e-02 1.258215577439359412e-01 1.563809435254733815e-01 1.762851274426388559e-01 1.977362689877409374e-01 2.264946680398750578e-01 2.457927650608907888e-01 2.579036796250505637e-01 2.699234413692438439e-01 2.657408526004569338e-01 2.701028125223182141e-01 2.665381952812379551e-01 2.580008239779839618e-01 2.557359899631129752e-01 2.418536198261421188e-01 2.297843339057423495e-01 2.195877045511944736e-01 2.025348677162103761e-01 1.956825337253917108e-01 1.907016581844324099e-01 1.884048873510074662e-01
-2.732835696254592040e-03 -7.314216745176769369e-03 -1.333531202820245273e-02 -1.983832349252552182e-02 -2.822199328948507210e-02 -4.042557826281116540e-02 -4.595322602549112290e-02 -5.886286653333835939e-02 -6.387244746698197972e-02 -7.169267208544141678e-02 -8.255601158544897955e-02 -9.383974473538379824e-02 -9.694346312544246946e-02 -1.008736241514444909e-01 -9.659014970362489461e-02 -1.028472198185214626e-01 -9.925804899291840178e-02 -8.967103569665546559e-02 -7.573251201186917414e-02 -7.423496736571086330e-02 -5.813299504240224125e-02 -3.276987175698485577e-02 -1.343327954910442101e-02 1.028412362440795855e-02 4.290393027044665103e-02 7.089339777242720242e-02 9.325438449499065530e-02 1.257969747340227096e-01 1.552192840850879774e-01 2.385737528841858635e-01
4.134330867230797887e-03 3.430958591199928000e-03 2.228881674849347676e-03 -2.786620505539150541e-04 -1.591351407673645673e-03 1.087383155015947487e-03 6.367520560189689552e-04 3.868634992171732928e-03 7.199609544559426241e-03 1.143579228419512074e-02 1.669328401112626231e-02 2.399003350258513065e-02 2.653332419866893249e-02 3.075827225386571634e-02 3.395483273533519281e-02 3.712167987323511387e-02 3.780206002353200118e-02 3.732447426305225691e-02 3.248786048053280140e-02 3.229503255084686941e-02 2.649531447842739737e-02 1.647233323497965946e-02 7.980778081170362970e-03 -7.311212551713318353e-03 -2.128684972669128705e-02 -3.862555834820491363e-02 -5.178515978320494956e-02 -7.069354804475549980e-02 -8.602268966343463996e-02 -1.324950592099422009e-01
2.259984284888372913e-02 4.616418493589863337e-02 6.569498317325912773e-02 8.915783335868515680e-02 1.098942582338335444e-01 1.312974693219013111e-01 1.467943933830157255e-01 1.701665719164347501e-01 1.871219469765543764e-01 2.045693908861190846e-01 2.251763423797368824e-01 2.510922872916027671e-01 2.667567630925543609e-01 2.875533194650989333e-01 3.114876152848808921e-01 3.343552533120152104e-01 3.579230395280511567e-01 3.797658680683804189e-01 4.048307818282654846e-01 4.258734666785398137e-01 4.461246607720956159e-01 4.698047813523528737e-01 4.875198643910026997e-01 5.023263686457010158e-01 5.191649453704245687e-01 5.225632890169593647e-01 5.318459947923103170e-01 5.354318315411750184e-01 5.372113076548576949e-01 5.207507722327550104e-01
2.533743928672246154e-02 8.168005468423771009e-03 3.056892918308420914e-04 -2.703536179424466043e-03 2.263587904509389327e-04 9.663332819457750092e-03 1.586274343506020867e-02 3.789770206483948634e-02 6.179769403444425324e-02 8.007704874844374932e-02 1.142830283066385288e-01 1.490096696237629414e-01 1.746184772789088901e-01 2.073236486196698147e-01 2.552485150723847185e-01 2.909546583958255717e-01 3.218620274725318975e-01 3.593853338373804718e-01 3.908185760060981506e-01 4.154660092679945960e-01 4.424982293194246186e-01 4.769621631099359993e-01 5.078275513430340338e-01 5.328486807011668658e-01 5.657034355808502335e-01 5.868697215112282928e-01 6.055972954488175741e-01 6.323588832068405274e-01 6.569645775957797529e-01 7.219273368890107845e-01
-1.363114387690179778e-03 -2.296792909490543572e-02 -3.995250899669264277e-02 -5.516821015002008888e-02 -6.849601269958968675e-02 -7.765895615021559117e-02 -8.554871966799097727e-02 -9.199271083931435944e-02 -9.201731623978962049e-02 -9.318176983484212361e-02 -9.486421347878283561e-02 -9.597432851380471863e-02 -9.760501588019473984e-02 -1.009313378083590423e-01 -1.047478239979886122e-01 -1.128540305054377413e-01 -1.225085460349231437e-01 -1.322929769481708262e-01 -1.509276782971983866e-01 -1.636173110445947043e-01 -1.819718483552590360e-01 -2.046537951453560045e-01 -2.259331140430801133e-01 -2.502810727947840097e-01 -2.771740012508128181e-01 -2.960562459473711217e-01 -3.212268834469633183e-01 -3.405481185274594758e-01 -3.564281326467418909e-01 -3.877910845643393056e-01
6.178331801227522624e-02 1.158853166227277465e-01 1.603675316680255036e-01 2.164157945040153797e-01 2.615341520307206125e-01 3.125008791395451069e-01 3.450474455426806308e-01 3.974029284916900107e-01 4.379728352616393261e-01 4.761470389272755011e-01 5.097558164674783621e-01 5.532875018101439668e-01 5.731383788246403599e-01 5.954179968153582303e-01 6.124373501686861676e-01 6.315720202643196890e-01 6.461598965070782796e-01 6.500969723604279604e-01 6.400928262282976622e-01 6.502708420334653017e-01 6.461215514324127884e-01 6.293107467279198675e-01 6.227066722875546079e-01 6.098254686312616357e-01 5.925186789793992492e-01 5.718778230359993220e-01 5.549927586781118194e-01 5.358568143892177282e-01 5.207795703830652156e-01 4.793115560071277148e-01
-3.480794253466056032e-02 -3.354005939446772638e-02 -3.594767941593127875e-02 -4.191858839178375096e-02 -5.732353541837016675e-02 -7.316320973893022939e-02 -8.590835012629116640e-02 -1.137090846846713910e-01 -1.376064977941670597e-01 -1.586825886042717570e-01 -2.035394264502605466e-01 -2.441570613870375772e-01 -2.781077195141040126e-01 -3.240169548117339260e-01 -3.871266305711630329e-01 -4.424366706417014461e-01 -4.908853922157171423e-01 -5.475650991986092953e-01 -6.122679903450127803e-01 -6.576890327877776832e-01 -7.082623631968145705e-01 -7.759005127496592102e-01 -8.243255757411304119e-01 -8.827321748668296442e-01 -9.382360115687014002e-01 -9.771900204894170550e-01 -1.015948125991120499e+00 -1.056508330258837391e+00 -1.091228066760522086e+00 -1.155826314308662228e+00
2.532490323572496663e-02 6.188932790485607988e-02 9.252554499533481580e-02 1.288563084827545890e-01 1.557333014117274206e-01 1.844713210370949041e-01 2.035210180463767893e-01 2.303032416588023379e-01 2.496929402250895880e-01 2.683221687909370101e-01 2.837165472676008160e-01 3.068041642877713526e-01 3.169060030167749065e-01 3.309243306208479729e-01 3.448983253644137270e-01 3.594833153135819082e-01 3.764555377565378391e-01 3.892769169830287979e-01 4.031950250978916239e-01 4.190952034903748236e-01 4.342979155365697119e-01 4.501628300913384506e-01 4.654607690084098248e-01 4.795801460218738765e-01 4.975999561646639036e-01 5.043418103478667369e-01 5.155720976707456327e-01 5.230727286588257030e-01 5.304276195082979761e-01 5.364420142010632997e-01
4.105031467195879857e-02 7.186251152600268977e-02 9.820833012819199515e-02 1.330483392168821666e-01 1.625027488700900025e-01 1.974353528429816929e-01 2.206520259386307303e-01 2.606266486475350974e-01 2.925023638283978933e-01 3.236346515881033392e-01 3.561921241668219440e-01 3.982366308083779005e-01 4.201394524977567491e-01 4.478944971321579538e-01 4.754917107589990977e-01 5.047737061141370773e-01 5.271565357690212172e-01 5.447265949382129602e-01 5.549097511393560334e-01 5.742565595277309143e-01 5.824972247286416271e-01 5.861027598107362291e-01 5.921154900981164815e-01 5.901825118511774271e-01 5.881030811501387623e-01 5.755551534041918327e-01 5.688585712085896251e-01 5.561951693233166960e-01 5.448803653114150380e-01 5.036099679024284015e-01
-2.485335527428855773e-02 -5.175017667775221042e-02 -7.310219513618673726e-02 -9.897893329236841231e-02 -1.223211749591212177e-01 -1.436476773964979470e-01 -1.581276340932027680e-01 -1.782040833906063382e-01 -1.932824464448389956e-01 -2.067167430941275752e-01 -2.207827067837872248e-01 -2.360252578075510421e-01 -2.455961131487974791e-01 -2.572944694121752640e-01 -2.681281331396382361e-01 -2.829244078709514665e-01 -2.949978435456537817e-01 -3.053292095705101850e-01 -3.190651184641781213e-01 -3.325840612657365858e-01 -3.467624360577062914e-01 -3.605112169683273304e-01 -3.725994307129276151e-01 -3.927929380106822688e-01 -4.072521642783705764e-01 -4.183247584493346993e-01 -4.325981361773136302e-01 -4.440584693882131950e-01 -4.553298173913276070e-01 -4.733767082249736857e-01
