1.574991527915959449e-02 3.973487755099434915e-02 5.906805201946345452e-02 8.070288243792089755e-02 1.035013314113260030e-01 1.208581308293708301e-01 1.476562148090899695e-01 1.670137014399888098e-01 1.858099759505918158e-01 2.082683017191250263e-01 2.248579022540155292e-01 2.419817947077974873e-01 2.546372579980035744e-01 2.664984151467183482e-01 2.714188703530497349e-01 2.793654552239447919e-01 2.821655630863416087e-01 2.845751961243845884e-01 2.894083401303580438e-01 2.879970024446029675e-01 2.818799221800054045e-01 2.887547280346118850e-01 2.893534909047020820e-01 2.871941797939401297e-01 2.913799264176812898e-01 2.970681079762650389e-01 2.987573280843695001e-01 3.091154486230360821e-01 3.131648950738555315e-01 3.455189595534650659e-01
2.274455679652522683e-02 5.771366134248286095e-02 8.182962466053431139e-02 1.126860936568401250e-01 1.444892001199258869e-01 1.698894170703594830e-01 2.076363235119617068e-01 2.448376541865973643e-01 2.856501581940222856e-01 3.289505521775180075e-01 3.796607299568190985e-01 4.170397844325171577e-01 4.629650106484183292e-01 5.139474221799701370e-01 5.679058209719904937e-01 6.185066759083963639e-01 6.735839685280784472e-01 7.307098896082621087e-01 7.934759310641095187e-01 8.460650384773408250e-01 8.968157218802583763e-01 9.581324203376008208e-01 1.022879738658055704e+00 1.068631631974070295e+00 1.122661247765279535e+00 1.175706516879118091e+00 1.226153789304428976e+00 1.276077707302914366e+00 1.312442847217986319e+00 1.406833629120429308e+00
-5.638224638744264786e-03 -5.579389694526924390e-03 -8.266329454854906555e-03 -1.313129844760766406e-02 -1.884789551706960928e-02 -2.295327384599035042e-02 -2.999849576347699345e-02 -3.797459717029687959e-02 -4.669144198692422310e-02 -5.450103286723901458e-02 -6.553434869278912389e-02 -7.491494229290387996e-02 -8.624940591406601853e-02 -9.781328377815548536e-02 -1.112182012182250102e-01 -1.228654802411610625e-01 -1.369841136230498524e-01 -1.520791835080226861e-01 -1.650729329447460647e-01 -1.859598278602710431e-01 -2.061400255605109200e-01 -2.271974107065251602e-01 -2.504898762939061774e-01 -2.709890081237905091e-01 -2.970116388269424812e-01 -3.255938710232200717e-01 -3.582309383146918824e-01 -3.875034283916705680e-01 -4.156807612717784428e-01 -4.931241862021837896e-01
9.192364199774446729e-04 1.762801261045404688e-02 3.524724357193199931e-02 5.429733792662230774e-02 7.421897311120885521e-02 8.996939079019049268e-02 1.125450988684328496e-01 1.281332973515373341e-01 1.400705985592177738e-01 1.549460514747272033e-01 1.637954005808582303e-01 1.741126527925781764e-01 1.777229641889805367e-01 1.808224169081631139e-01 1.762363238568352697e-01 1.760478757146055617e-01 1.702749371196120576e-01 1.627487861703999505e-01 1.596495815074061020e-01 1.476986502171752369e-01 1.312869125045624252e-01 1.264965053442322906e-01 1.153159368639567195e-01 1.048445721154201704e-01 9.684616946403670767e-02 8.860796463369290110e-02 7.570904238039921630e-02 7.034577111758406887e-02 6.096099284783987327e-02 4.837910302313610383e-02
4.274738405944502988e-03 3.026986536640879910e-02 5.573457353483218801e-02 8.046545009380488833e-02 1.085405908225966776e-01 1.251322503991301183e-01 1.520395201088884374e-01 1.704148076920419530e-01 1.858111774071417588e-01 2.045527057182682518e-01 2.178306141896099724e-01 2.322136474246976889e-01 2.415879045365416089e-01 2.532457233682781639e-01 2.640457960263133397e-01 2.773429822918732635e-01 2.899811454723163484e-01 3.043301347259594336e-01 3.252004183988516095e-01 3.431272106514428044e-01 3.594223067559376705e-01 3.885604573038053400e-01 4.200132504212035767e-01 4.422467840063888378e-01 4.755674536922724904e-01 5.080409371188504553e-01 5.455385425073351335e-01 5.825426283715361420e-01 6.128192637753652194e-01 6.995131194916378581e-01
4.980918742064358723e-03 -1.195755843070461961e-02 -2.932998304606794851e-02 -4.076945540304358073e-02 -4.825853705602181631e-02 -5.224508805394181832e-02 -5.284686150169484731e-02 -4.437890506876920882e-02 -2.801168153191550478e-02 -8.569454849458922260e-03 1.821219224656714722e-02 3.747524602442577762e-02 6.997023352084785763e-02 1.085555143207359435e-01 1.546000356058824243e-01 1.931340379448021616e-01 2.392793761333871783e-01 2.894009872243973325e-01 3.399763698083339003e-01 3.928395975357737990e-01 4.460167660520343857e-01 5.048900064286601097e-01 5.685514717509472238e-01 6.133445834462586399e-01 6.715901824131368381e-01 7.278853346313427508e-01 7.876723133722904890e-01 8.455425844845725347e-01 8.919186665990755936e-01 1.019965070302789378e+00
-3.595665993160506585e-03 -2.269298886335533935e-02 -3.945414560149381605e-02 -5.089458461890604413e-02 -5.939099391597198185e-02 -6.298981719517757205e-02 -6.442156188475442469e-02 -6.095856777652542552e-02 -5.260971124227221962e-02 -3.992683383727883839e-02 -2.535800301662136449e-02 -1.449854249147348485e-02 4.296260837593347641e-03 2.493422664216225770e-02 4.827201511819977781e-02 6.757643415690378630e-02 8.870702582941045189e-02 1.101433939717434557e-01 1.334278945507396674e-01 1.545639116479498865e-01 1.732634729205718149e-01 1.963355688318412784e-01 2.196305540313051030e-01 2.344755370067863054e-01 2.528926662160927985e-01 2.710273101183060529e-01 2.878535349141533306e-01 3.067999003110836731e-01 3.180794907768382807e-01 3.539598435950413458e-01
-1.392249523533741623e-02 -4.430182047941532558e-02 -7.180457713511978479e-02 -9.967965511446361115e-02 -1.262993548054194282e-01 -1.473091355870518038e-01 -1.747728217873895096e-01 -1.938246432371127925e-01 -2.096279799113266173e-01 -2.247401966119558503e-01 -2.368036569146579617e-01 -2.492354251265903875e-01 -2.551112118238542670e-01 -2.566941250989583923e-01 -2.505547014472812584e-01 -2.492508601831012749e-01 -2.429373602331749982e-01 -2.348106078526729923e-01 -2.256278635222113971e-01 -2.171681753551722716e-01 -2.048523264367535790e-01 -1.992049960590672186e-01 -1.882930056398710028e-01 -1.823336750000262574e-01 -1.790868764665952961e-01 -1.800118743672427801e-01 -1.786472577560499764e-01 -1.813938211532083455e-01 -1.857078404008044581e-01 -2.110908010894116116e-01
2.100606786570735629e-02 5.441670783310911114e-02 7.771603413666226812e-02 1.089146202157159904e-01 1.386750363460430291e-01 1.672010608699827650e-01 2.064789859401640337e-01 2.429240158006839012e-01 2.805546453191473111e-01 3.216698111351324885e-01 3.659296793163525074e-01 3.996428782633997256e-01 4.364767483747807875e-01 4.742102937517981842e-01 5.043054702077179874e-01 5.370600340376784354e-01 5.650810174348621651e-01 5.921256244932402435e-01 6.231802770443705120e-01 6.367820202227356674e-01 6.458999593902494674e-01 6.670612183614502699e-01 6.822733519988996020e-01 6.885000248902610753e-01 6.967161523453101468e-01 7.052440899045449019e-01 7.013330025432739090e-01 7.074953879386478572e-01 7.031225749676266457e-01 7.063959879838003220e-01
-5.217146023738612401e-04 -1.801644881711109147e-02 -3.262390520300722380e-02 -4.900238444250110820e-02 -6.180901807844938617e-02 -7.886479126738323020e-02 -9.201573162608403522e-02 -1.081342883980319358e-01 -1.201275707043411023e-01 -1.279565436666822154e-01 -1.377856804840697780e-01 -1.455462639211854148e-01 -1.461449231474470090e-01 -1.445326635593910669e-01 -1.330546987949089710e-01 -1.255445589781586380e-01 -1.094657601624763332e-01 -8.550727864766784203e-02 -6.302445839132603256e-02 -2.347982621859097396e-02 1.933164833781569197e-02 6.851571242961265740e-02 1.270766360096147740e-01 1.717497280224907774e-01 2.367403124031070560e-01 3.001394442964430143e-01 3.801829157873494180e-01 4.528195589734296256e-01 5.220044734791288166e-01 7.092194742806031682e-01
2.320555189161511295e-02 8.943553269708008624e-02 1.436682336739586729e-01 1.985135985971113737e-01 2.494586783122881291e-01 2.884931171382576487e-01 3.410415096576526195e-01 3.768080758909332362e-01 4.041975549949828883e-01 4.327593480401698001e-01 4.530893816849014266e-01 4.735079002876200760e-01 4.796348635325542453e-01 4.829074834168367580e-01 4.709939470195615985e-01 4.709189169666766484e-01 4.589569241049069603e-01 4.430885329287437280e-01 4.358211773983285964e-01 4.076004815938837345e-01 3.739888080902303846e-01 3.563317665682157465e-01 3.295124513623249873e-01 3.048804103632313800e-01 2.797189132470567774e-01 2.554577182226673293e-01 2.208299259845908080e-01 1.971465958823740428e-01 1.716343035202055889e-01 1.188097596774141118e-01
-4.325953931487073675e-03 -1.483528873513188621e-02 -2.162146671390546837e-02 -3.268010028140357071e-02 -4.402285260334524303e-02 -5.632723421576880246e-02 -6.982328493176750972e-02 -9.076827063217680902e-02 -1.139156840473766891e-01 -1.326070256324578533e-01 -1.642722726647936893e-01 -1.849198052273075821e-01 -2.120132007835660026e-01 -2.428375697077813089e-01 -2.769570585253764983e-01 -3.063601359129034529e-01 -3.406793274686891748e-01 -3.728683952417313208e-01 -4.072070255420801588e-01 -4.354415181653107370e-01 -4.623357700452257468e-01 -4.850699029177569788e-01 -5.108250454884338820e-01 -5.306936639560946301e-01 -5.449260066227333832e-01 -5.600179403830233271e-01 -5.698023285161212259e-01 -5.732001528170315163e-01 -5.762152461240659385e-01 -5.619954589833846548e-01
5.145046546259626416e-03 6.934865180153043651e-03 2.629357934904775693e-03 4.754594572394433075e-03 1.109268052877790400e-02 1.740135299567574512e-02 2.837438477639295936e-02 5.030833991895658497e-02 7.942702707462559464e-02 1.098669762342033285e-01 1.540064632695613833e-01 1.830164566113151037e-01 2.279080318279085859e-01 2.821202040141131961e-01 3.458873585803122763e-01 4.014166134202258318e-01 4.664761389059811636e-01 5.349463430165585232e-01 6.079021186196156279e-01 6.733114394056999297e-01 7.401870902174093603e-01 8.086733993106324236e-01 8.853164907380789428e-01 9.390862104605131044e-01 9.983684034585593725e-01 1.053091350242566060e+00 1.107336167438511376e+00 1.156855625306457025e+00 1.190480976692860793e+00 1.267080791463750744e+00
-9.506401610542555142e-03 -7.040936735924077997e-03 1.019587279051475254e-03 1.473914483068846856e-03 1.452169336135396109e-03 -4.813647923470145730e-03 -1.067370348369958352e-02 -3.189396178404485527e-02 -6.040400738404446551e-02 -8.403253457567792795e-02 -1.290071447839723218e-01 -1.556776398253429394e-01 -1.982189814098172520e-01 -2.467067089210374653e-01 -3.021860331947250344e-01 -3.488425725863938953e-01 -4.034667827093987857e-01 -4.586849896674573546e-01 -5.115838769558644916e-01 -5.597871109185009741e-01 -6.092412673591470762e-01 -6.500765122430969267e-01 -6.956137668839730281e-01 -7.296841248119744217e-01 -7.589711796403912913e-01 -7.877435746799640315e-01 -8.096447432524488397e-01 -8.258609551371970392e-01 -8.364346731957731373e-01 -8.424569861075599242e-01
-4.043872810688260017e-03 -5.693786384358060296e-03 -6.042276275536944026e-03 -5.579953134020044538e-03 -2.068110804620116802e-03 -3.134439686969731249e-03 2.483505176792700705e-03 2.863725852675138087e-03 4.608706961554520642e-03 1.064504331825904399e-02 1.106987633624796630e-02 1.480917978508728208e-02 1.926121295747004400e-02 2.320308001682304389e-02 2.805321780149845623e-02 3.310682366485487305e-02 3.830823403738752714e-02 4.585937493560546252e-02 5.560292687603722583e-02 6.859847792357015583e-02 7.906703023559547017e-02 9.877488289857133674e-02 1.195842394319020507e-01 1.337332959193088811e-01 1.578024427941793761e-01 1.814364961964458622e-01 2.098454929243456502e-01 2.390293878180380083e-01 2.645427702617227372e-01 3.394355016718995088e-01
-1.764997781513536965e-02 -5.943329950954578944e-02 -9.964943020030342380e-02 -1.383631783685635441e-01 -1.740043108141103578e-01 -2.003916012512253486e-01 -2.359808443923817334e-01 -2.547748223599199946e-01 -2.656256053890211355e-01 -2.776621426279967109e-01 -2.820987012351574563e-01 -2.892438948650387642e-01 -2.834973321177308159e-01 -2.707347321082189118e-01 -2.447351714930535160e-01 -2.300833794186029069e-01 -2.049397533753490874e-01 -1.787500026351673266e-01 -1.509272609681375221e-01 -1.214169338836011969e-01 -8.909260791228074128e-02 -6.440615447186667786e-02 -3.275205988808585489e-02 -1.245914118923929781e-02 7.327331816223957642e-03 2.172903909141122789e-02 3.908077426539219995e-02 5.093881025565408921e-02 5.673071337291848287e-02 5.598564484991697121e-02
1.467423387813587138e-02 4.041215693866107711e-02 5.914267094730563806e-02 8.069319244987646633e-02 1.042541247830657269e-01 1.213335716655272456e-01 1.492075735483485155e-01 1.716798140112653914e-01 1.949771121920270411e-01 2.224163114398859387e-01 2.474572739658999487e-01 2.696705228092534101e-01 2.921706272556767736e-01 3.154180943290619821e-01 3.356613139509969090e-01 3.565163405968829746e-01 3.755008919912092846e-01 3.947074067227827054e-01 4.178657804635322881e-01 4.327035760957318455e-01 4.439926798394469021e-01 4.669221808870195334e-01 4.865558465481889527e-01 4.989370338584594999e-01 5.174301744906113498e-01 5.351467910458236332e-01 5.488964594797475227e-01 5.682421932158930877e-01 5.799948864607229471e-01 6.238412732945333161e-01
2.064117481526780984e-02 3.371453379425412566e-02 3.695318855209610287e-02 4.994432113832255465e-02 6.194991680359562825e-02 8.005937170863657026e-02 1.053431156994346779e-01 1.349261708209987809e-01 1.684997054542965722e-01 2.054489314826654645e-01 2.487893693821024987e-01 2.808567810238251639e-01 3.201298290009543801e-01 3.594184471860843444e-01 3.899003548029709165e-01 4.204682901858828314e-01 4.456514966074883732e-01 4.691113405666586522e-01 4.921930370495882778e-01 4.983364594949254434e-01 4.994489489992736120e-01 5.099651654718126981e-01 5.096850982127147933e-01 5.034253664226706615e-01 4.970636290360839205e-01 4.907006573183302356e-01 4.670803661463576173e-01 4.593575675407223780e-01 4.402780030337462569e-01 4.162271028046550247e-01
-7.462708739014350771e-03 -1.481068807621607059e-02 -2.547372038208305794e-02 -4.069115809760214669e-02 -5.095539462097449512e-02 -6.655942727777686141e-02 -8.312307027284393524e-02 -9.638537710917055579e-02 -1.058524028973991810e-01 -1.157134532608627281e-01 -1.210152107782836162e-01 -1.286473232944211897e-01 -1.284516833183970974e-01 -1.214438660641875833e-01 -1.004032414547866986e-01 -8.542344156017200874e-02 -5.977373627644276544e-02 -2.815064136051789734e-02 7.546279844840840870e-03 4.666032123099592838e-02 9.197448692570661666e-02 1.332328363744207378e-01 1.878509463029914006e-01 2.280974235503513414e-01 2.735804085990027334e-01 3.135632369485757409e-01 3.650513116591392881e-01 4.040565712868520731e-01 4.385186018415005993e-01 5.056750697981722276e-01
-2.920787195438702757e-03 9.852329893745587902e-04 4.653281680979113807e-03 6.100269660964332923e-03 8.119931950727184850e-03 8.093560261473890793e-03 7.852031591102863473e-03 4.737478135370506299e-03 -8.983428152855308171e-04 -5.543710898945009014e-03 -1.742214335815691489e-02 -2.341063883079503444e-02 -3.635846522190163549e-02 -4.916730499323529457e-02 -6.607381711325140128e-02 -8.013478269431602297e-02 -9.850352000757703341e-02 -1.190205011309984628e-01 -1.364021008379943389e-01 -1.592439055176344265e-01 -1.844934761970679904e-01 -2.054003291859553548e-01 -2.314332921875895122e-01 -2.537600686956453799e-01 -2.779002550392800086e-01 -3.040044539363537246e-01 -3.336345716151266072e-01 -3.577314431306898301e-01 -3.815996735991994959e-01 -4.420995669127489314e-01
-2.869433672146180780e-02 -7.886235675885518159e-02 -1.186881647413693258e-01 -1.613908189908727642e-01 -2.012086096473717778e-01 -2.335107845369279733e-01 -2.751278726286127130e-01 -3.085799693169893887e-01 -3.403377733456501852e-01 -3.696449375002220372e-01 -4.021768334769157405e-01 -4.272716677047273537e-01 -4.496353796876325637e-01 -4.693630415666117939e-01 -4.829249232420927962e-01 -4.999534135063517515e-01 -5.137283338943056110e-01 -5.247528551135242081e-01 -5.370452929321918312e-01 -5.426765450234908306e-01 -5.443198018203007083e-01 -5.512266949959260254e-01 -5.545143470112107176e-01 -5.587599595660415197e-01 -5.615373725166212804e-01 -5.679006789177802883e-01 -5.674176643365659300e-01 -5.697907824144973210e-01 -5.708135386067049177e-01 -5.784073000744571758e-01
-2.265961111837556941e-02 -2.230323512688353257e-02 -1.446971044096048015e-02 -1.931864435443194153e-02 -2.194853884738834707e-02 -3.671712302320123689e-02 -5.385529597379999645e-02 -8.254649173469602585e-02 -1.193202164562689460e-01 -1.556158116926704971e-01 -2.067731441664326653e-01 -2.433039767524103336e-01 -2.928473985851848260e-01 -3.414030179578441127e-01 -3.845692936228388703e-01 -4.254763639489493876e-01 -4.629950075921960839e-01 -5.003441962424403089e-01 -5.299530106882532898e-01 -5.514570265567974028e-01 -5.694761562103936026e-01 -5.864665062250131733e-01 -5.952349499532475496e-01 -6.016665445984199501e-01 -6.032564422628809986e-01 -6.079859545677865906e-01 -5.971450415893807540e-01 -5.961220607204544830e-01 -5.869107011361366366e-01 -5.804423044054005665e-01
-4.133170695374230319e-02 -1.085123084822056938e-01 -1.613754037531590912e-01 -2.228521946051158775e-01 -2.853878654718747798e-01 -3.331337350144631948e-01 -4.026825946486360386e-01 -4.629538321108557231e-01 -5.256482001337406951e-01 -5.871362731591083239e-01 -6.577641087647067009e-01 -7.142255717864249842e-01 -7.721030403939493914e-01 -8.326394975912649876e-01 -8.903894428027545604e-01 -9.469785121968123942e-01 -1.004317958306171876e+00 -1.062961807080573307e+00 -1.124261249211472746e+00 -1.179526124251621066e+00 -1.227548528254143623e+00 -1.290145736187746417e+00 -1.352916827703040337e+00 -1.400327205340925696e+00 -1.458294153314523944e+00 -1.520710135129826890e+00 -1.578873110688820525e+00 -1.636079007495898185e+00 -1.682679530050266825e+00 -1.810919574131705900e+00
1.421938227271454455e-03 -5.515270565711319004e-04 -6.851438104827746803e-04 4.853169398678650048e-03 1.426346065463581815e-02 2.243329884132289065e-02 3.838641153552918572e-02 5.631748587103230230e-02 7.755939843624243268e-02 1.027821446922618925e-01 1.302381900381134050e-01 1.530027177764690660e-01 1.812245663606738000e-01 2.129647705400795898e-01 2.449544470473121738e-01 2.757927016410439691e-01 3.071487032148985663e-01 3.413843685909828674e-01 3.773511411184764519e-01 4.105491856165295328e-01 4.408124199026309253e-01 4.808242407403742202e-01 5.212534982495293789e-01 5.486610792665461700e-01 5.861583246474839637e-01 6.224773160585969078e-01 6.588260214509014112e-01 6.972057727234407531e-01 7.248031514094739336e-01 8.059272547023330624e-01
-9.889973063935552852e-03 -7.552700601198119798e-03 -8.422796506830521751e-03 -1.356831105349474292e-02 -1.452433674116697729e-02 -2.326922186611227530e-02 -3.148375774969491142e-02 -3.658290231433815320e-02 -4.213758957217067502e-02 -4.679395321671084296e-02 -4.944569656839041538e-02 -5.318151897503614611e-02 -5.335715668314348903e-02 -4.538237416353715220e-02 -2.664897918837407648e-02 -1.290019939890801534e-02 1.016536782305597908e-02 3.487198961307609590e-02 6.798006882463464295e-02 9.813363075872159891e-02 1.317474685970779213e-01 1.626329018316877706e-01 2.058069785700193943e-01 2.346891151149207988e-01 2.656170197201938032e-01 2.912873546028592053e-01 3.239199373508204194e-01 3.451865291978109540e-01 3.627321909975931291e-01 3.826280889966371390e-01
5.372838304958351546e-03 3.452357277280154735e-02 5.609520249267251069e-02 7.589972989274287873e-02 9.614820843607030376e-02 1.093086648735246968e-01 1.255514747104777007e-01 1.373802286550898366e-01 1.472348557676000647e-01 1.568089420529671929e-01 1.635586168964135445e-01 1.702031788998557005e-01 1.718026514050019493e-01 1.770614781271077631e-01 1.810871236266921591e-01 1.880187552107498994e-01 1.939182615170740309e-01 1.993736059563936402e-01 2.121708393599288089e-01 2.144329581429300635e-01 2.154622282113291543e-01 2.226441925034365887e-01 2.298995210336978179e-01 2.319131176797238902e-01 2.337623288803939992e-01 2.321884916408775978e-01 2.290868108945161019e-01 2.255638843398235505e-01 2.187293226212414232e-01 1.910295710625322663e-01
-2.229750694530507199e-02 -5.505812689374267599e-02 -8.049080425953933360e-02 -1.125915441514483972e-01 -1.435442161771419145e-01 -1.728793263266125424e-01 -2.098515297991038475e-01 -2.483270963470662063e-01 -2.883636279808676761e-01 -3.246302082281803392e-01 -3.719018158521333328e-01 -4.070518299924640870e-01 -4.444588399814542456e-01 -4.829129006125709167e-01 -5.168299260181057342e-01 -5.499540670981378776e-01 -5.816404352639612529e-01 -6.113948002297742157e-01 -6.409672016327567778e-01 -6.594846406659038429e-01 -6.746403577066699686e-01 -6.919187558475919930e-01 -7.050139184677384208e-01 -7.155500582321190350e-01 -7.218536714226907458e-01 -7.305091949899404913e-01 -7.289409659809621411e-01 -7.296141399254338911e-01 -7.262395755067114766e-01 -7.167224376996972346e-01
1.875581061353423507e-02 4.344101447634528268e-02 6.124618484665721174e-02 8.204633127967471407e-02 1.053087174768238821e-01 1.208707613277336668e-01 1.484354311584683006e-01 1.697867951845110079e-01 1.935750420017558482e-01 2.210371222026241422e-01 2.474690483723432366e-01 2.708510168952161234e-01 2.950874633381291301e-01 3.220954830250065681e-01 3.486190605261196840e-01 3.745075691980318533e-01 4.004870823230781696e-01 4.299658837741150430e-01 4.627928732139818813e-01 4.914190746540165744e-01 5.168081978439996726e-01 5.553930574606295023e-01 5.938594172336685295e-01 6.203011829716439385e-01 6.579661288138488606e-01 6.951125281719467974e-01 7.320794778367318845e-01 7.723976851972362834e-01 8.031675949996965880e-01 8.980963449154462097e-01
1.030250155211666005e-02 4.097697599828730927e-03 1.724988022632786486e-03 3.298674492435670069e-04 -2.229162575015547140e-03 -6.503636521884200924e-03 -4.172808160842741976e-03 -1.449428839539571197e-02 -2.324686796159024932e-02 -2.692996956153388688e-02 -4.321816666175790772e-02 -4.982489790301193600e-02 -6.107203406951735442e-02 -7.819462396710646912e-02 -9.956321104336543493e-02 -1.172094916037375312e-01 -1.390865827879662620e-01 -1.561240184012493981e-01 -1.783841599898696173e-01 -1.847669548142595597e-01 -1.943339392040129843e-01 -1.869957051651054136e-01 -1.855243879644087879e-01 -1.836394986367795856e-01 -1.613572460424095856e-01 -1.355483180572693014e-01 -1.010173517514839497e-01 -5.812442795397675110e-02 -1.626022845561814548e-02 1.349329858377708857e-01
-2.288119058365573749e-02 -5.849423533255345559e-02 -8.279845840723523698e-02 -1.163031985737833507e-01 -1.508276030596744088e-01 -1.824806941761620838e-01 -2.241516365437437042e-01 -2.693659039717682391e-01 -3.190870291721613072e-01 -3.662270242320428970e-01 -4.281720849253476402e-01 -4.732470747294267310e-01 -5.274698688496601839e-01 -5.853749449992358134e-01 -6.435197996671311316e-01 -6.990101747098237395e-01 -7.572625304247809774e-01 -8.140521841106036494e-01 -8.742063310580747704e-01 -9.238581799032924424e-01 -9.702288984893542301e-01 -1.019369084512896650e+00 -1.070355257234505642e+00 -1.108795709699347487e+00 -1.146814285053403548e+00 -1.187090758695175552e+00 -1.220018290809459671e+00 -1.250221284115597298e+00 -1.270629496323482766e+00 -1.316886841355933147e+00
-2.703936871253534262e-03 4.566122187365595844e-04 2.948963653210586074e-03 6.996840437590352672e-03 1.128480715506467030e-02 1.636418987299315467e-02 2.335300546695483204e-02 2.901284754592570181e-02 3.460421138990824041e-02 4.216214021015435298e-02 4.669556659340106525e-02 5.201866125118707884e-02 5.518187339735043662e-02 5.816258109850452884e-02 5.689768600511579261e-02 5.700657174732942645e-02 5.324935696617408981e-02 4.863617780875913177e-02 4.641710282427520540e-02 3.519207150101703180e-02 2.116199818366359259e-02 1.257163396130721485e-02 -9.765445004189035605e-04 -1.437257931741081976e-02 -2.957848853823123736e-02 -4.670947146327245059e-02 -6.895219438532865230e-02 -8.479319437724694430e-02 -1.039583499464226540e-01 -1.483122613568803871e-01
-1.844273617787912239e-02 -7.031246449136599463e-02 -1.251715536932825057e-01 -1.820176732395780428e-01 -2.398286366711259165e-01 -2.819910478448236502e-01 -3.420061897483991920e-01 -3.849647446165492259e-01 -4.199313777369844125e-01 -4.557991565952521640e-01 -4.875758120110207927e-01 -5.168918412498825221e-01 -5.335385557395204703e-01 -5.471076977364550675e-01 -5.479028513788331001e-01 -5.581351741086654217e-01 -5.598660849402120609e-01 -5.609663154470960755e-01 -5.631576677417136079e-01 -5.631033619157632675e-01 -5.568359973900314230e-01 -5.655300415207313858e-01 -5.691006129728135576e-01 -5.742748044869602220e-01 -5.873341810693699649e-01 -6.068935972815163726e-01 -6.245992418913310917e-01 -6.451909122963632726e-01 -6.654309042749759762e-01 -7.335704632365843691e-01
5.494565210473874306e-03 2.944131084119646150e-02 5.016724558317067761e-02 7.011988348541939309e-02 9.199952474982069084e-02 1.029781389189482060e-01 1.246356946551269995e-01 1.350550350863403970e-01 1.438386126076660332e-01 1.560262395495406185e-01 1.608013010337821791e-01 1.692631516357097077e-01 1.723650037321814155e-01 1.752980445989446301e-01 1.755897557858975278e-01 1.788011062098297521e-01 1.796408741861920400e-01 1.826277680075924503e-01 1.891834194920354595e-01 1.946048661911166378e-01 1.964808002932204589e-01 2.104150446080510495e-01 2.234032816724724202e-01 2.313164450461310806e-01 2.480677109252285850e-01 2.645017856001495860e-01 2.830842644256212348e-01 3.044662755486622907e-01 3.213485916875603587e-01 3.764837015115288787e-01
5.578862010608755598e-03 3.213581816496859089e-02 5.575113571024485626e-02 7.621854793736476674e-02 9.718349052550563638e-02 1.087724205883719292e-01 1.275214820873847021e-01 1.341515957875847320e-01 1.355741590018635645e-01 1.400247119759103764e-01 1.328644287199228224e-01 1.332827678199491606e-01 1.227238596768085444e-01 1.106199965311603778e-01 9.163823404530152539e-02 7.877019009837016306e-02 6.020729860087725704e-02 4.057746433217598175e-02 2.628296467745169784e-02 6.674703433043983197e-03 -1.744769080136947953e-02 -2.949152819645127488e-02 -4.610455372963796761e-02 -6.175417800931881640e-02 -7.263975585317566930e-02 -8.374824097551580859e-02 -9.628919577768113580e-02 -1.028791537717480414e-01 -1.099457395975266816e-01 -1.159706470172457704e-01
7.942961349742861527e-03 5.306659388856102728e-03 -1.474159439936383389e-03 -2.506303194140495003e-03 -2.369991419360504767e-03 1.743589822265355013e-03 1.010750230380138247e-02 2.214192711740585115e-02 3.988116715075366858e-02 6.034525027858091140e-02 8.511669124279296061e-02 1.029687805098488951e-01 1.293425986852540510e-01 1.568709495071932691e-01 1.840235779687059980e-01 2.080425120817804285e-01 2.325363175092179935e-01 2.582646118487292863e-01 2.839899164299142242e-01 3.041630074961109709e-01 3.218710678367166511e-01 3.458101274808316750e-01 3.669459820547052997e-01 3.793981115715244767e-01 3.960068632378059839e-01 4.114298496016715045e-01 4.214373212493782161e-01 4.379535075410086464e-01 4.453800306628635797e-01 4.757801304669601050e-01
1.015130018544201096e-02 5.176755768939614311e-02 8.347333235804493823e-02 1.183517505973086664e-01 1.516222414961024834e-01 1.819060925262430684e-01 2.184243955922376135e-01 2.519867258508499686e-01 2.833549465649378152e-01 3.128202813261237170e-01 3.451528661566695133e-01 3.702468915159805585e-01 3.897920913461190295e-01 4.118320887001200581e-01 4.246329424959094379e-01 4.421509494510274529e-01 4.529136277006191591e-01 4.594826762862899150e-01 4.736697233143884467e-01 4.629011261840300095e-01 4.485828361290247202e-01 4.418157364190783976e-01 4.274765100776416471e-01 4.108742717014925994e-01 3.876771739553194762e-01 3.621349451238006223e-01 3.215634039815630785e-01 2.887385902149341987e-01 2.516135269773644434e-01 1.514365061878421015e-01
-8.266210282404833423e-03 -1.698425258860210632e-02 -3.039231232729591031e-02 -5.329576508949249863e-02 -7.533289553928701476e-02 -1.041974565108053086e-01 -1.383978905945514037e-01 -1.713516312757802085e-01 -2.050804274428837948e-01 -2.386536361891446190e-01 -2.750085690033153840e-01 -3.040800854651541929e-01 -3.320090734460669490e-01 -3.536927697119908176e-01 -3.602947630150531433e-01 -3.722603207135963821e-01 -3.728007162486327020e-01 -3.699404865564396294e-01 -3.620149574867416176e-01 -3.467807406205795084e-01 -3.239057839361695890e-01 -3.094792830753703705e-01 -2.794889840284039972e-01 -2.591862202444268903e-01 -2.355351538699523017e-01 -2.174532631927212634e-01 -1.860461298518713558e-01 -1.682864166432809505e-01 -1.482421381986375464e-01 -1.196182252460460949e-01
3.059201610995486778e-02 7.172114453617263463e-02 1.038591453847262924e-01 1.440771438009318950e-01 1.821111521602185312e-01 2.168434455804973959e-01 2.688449614712279390e-01 3.088721798187347711e-01 3.469047691645426035e-01 3.917983783759533267e-01 4.311391418327881198e-01 4.664823922259079825e-01 4.979080914221097331e-01 5.228049257630194013e-01 5.297272954942235934e-01 5.450328602175062986e-01 5.469010855243606750e-01 5.459204340236017972e-01 5.462782598231410436e-01 5.286464079910188074e-01 5.023495873118242194e-01 4.959680228846386485e-01 4.732807029977966207e-01 4.523167784665180213e-01 4.346768637955066295e-01 4.199764773934095419e-01 3.890373783607739000e-01 3.790147353324411217e-01 3.615236960916400899e-01 3.585490260208137325e-01
-1.622973867582761312e-02 -4.341415971139282043e-02 -6.796984188088409096e-02 -9.295410711073896770e-02 -1.179732549639993799e-01 -1.347586838668812514e-01 -1.593382376200572215e-01 -1.785752478954831246e-01 -1.946580504325118866e-01 -2.106672028437867050e-01 -2.286115217114841891e-01 -2.421471181369314885e-01 -2.544157848933835675e-01 -2.650691081810986338e-01 -2.732199423737762256e-01 -2.835991282793622892e-01 -2.929649619053576459e-01 -3.022590997484375652e-01 -3.104857715116742245e-01 -3.215043086441554676e-01 -3.305290224055347226e-01 -3.425018509014094992e-01 -3.541432683710206142e-01 -3.650844577620883102e-01 -3.791855960685761029e-01 -3.969046160265911061e-01 -4.150510102797904111e-01 -4.319052593435176446e-01 -4.488543872232010346e-01 -4.979943750774920574e-01
-1.211776085335092290e-02 -4.268972843623369817e-02 -6.644723187518911112e-02 -9.130341986328428805e-02 -1.143639496532240230e-01 -1.337653741930908691e-01 -1.554117732895643478e-01 -1.767843787230171382e-01 -1.945928677992064815e-01 -2.080599958404589500e-01 -2.272629323071497232e-01 -2.406356925595472818e-01 -2.497153933172083784e-01 -2.597780716989667726e-01 -2.652977129950275792e-01 -2.729109900639710706e-01 -2.777065382272322358e-01 -2.776806341318728832e-01 -2.803943757137367654e-01 -2.708042713015432201e-01 -2.590161659564408914e-01 -2.427628326290288685e-01 -2.228308450069854119e-01 -2.081756139068189626e-01 -1.799374524102081152e-01 -1.528366853674277825e-01 -1.153872206013215607e-01 -7.705143698945771114e-02 -4.228846703723421196e-02 6.651954771394164023e-02
4.948652337916179846e-03 2.626661551347979351e-02 4.063511591699300873e-02 5.789313745041840820e-02 7.432193185906069144e-02 9.113535998885399780e-02 1.116001576869739553e-01 1.305328589555491692e-01 1.486042553322899640e-01 1.671620899412784023e-01 1.859523440458381305e-01 2.005661758806074335e-01 2.125570392069053849e-01 2.241776582386667271e-01 2.271566443519904277e-01 2.337636891156917585e-01 2.336581753637970160e-01 2.299757779960646398e-01 2.303598786710513158e-01 2.120120916126706501e-01 1.887856909240290537e-01 1.721525832332118922e-01 1.458128803735018741e-01 1.211252282431616312e-01 8.893464077753099328e-02 5.468760955428864784e-02 6.340059077332776787e-03 -3.193931765860256317e-02 -7.316884064504108887e-02 -1.792531567115191460e-01
1.451882130032437074e-02 3.230075002220173658e-02 4.428899116375747264e-02 6.529163804241396030e-02 9.020746249896098579e-02 1.133324380408303050e-01 1.489002960508932771e-01 1.868911496406514272e-01 2.299761603601998550e-01 2.746546526123007648e-01 3.276161063625296910e-01 3.682619245926186946e-01 4.163372106526115335e-01 4.677505897356500908e-01 5.168298064771195133e-01 5.614511795580480191e-01 6.058941176356886782e-01 6.504240161219722038e-01 6.980917127843291325e-01 7.330760328890713051e-01 7.611835041705183880e-01 8.015777788012350413e-01 8.368147166281322269e-01 8.598199718792509660e-01 8.870547614842799744e-01 9.134397786782889606e-01 9.309659778380940942e-01 9.560343652008095328e-01 9.665820067844778096e-01 1.007908676161419548e+00
1.255731779628445170e-02 3.602037532528589575e-02 5.079091832457491990e-02 6.550002282897712802e-02 7.865224352800524732e-02 8.877718049714604376e-02 1.028577974418975194e-01 1.106242523884752582e-01 1.171396425004418707e-01 1.245530107061289804e-01 1.276721420641234728e-01 1.320451580233759081e-01 1.311672987665414569e-01 1.300699284007574008e-01 1.229829341315537561e-01 1.200003147221490041e-01 1.123113819820816262e-01 1.029258041321105960e-01 9.741099981679057773e-02 8.095293185446672535e-02 6.284312297282081128e-02 5.134291257228486283e-02 3.434992470767122413e-02 1.786393627780397120e-02 4.209826304961972188e-04 -1.826775334191800895e-02 -4.419078745858953661e-02 -6.247908895799507423e-02 -8.300688416869489439e-02 -1.275840582736091078e-01
-8.924482668940778712e-03 -2.618809561171231426e-02 -4.211586498051853034e-02 -5.839151701709691111e-02 -7.573235703302547139e-02 -8.853389374817857704e-02 -1.044256371363721791e-01 -1.202797783811384164e-01 -1.345360763789122116e-01 -1.461439829997054352e-01 -1.622120574932139903e-01 -1.735993132667407735e-01 -1.844492112529270700e-01 -1.955578932015408222e-01 -2.062245214424203443e-01 -2.161928690859409863e-01 -2.268554934755585561e-01 -2.358465225910439389e-01 -2.446177729304071236e-01 -2.513520483027013586e-01 -2.575914129926218377e-01 -2.608208576809847301e-01 -2.652531440878974078e-01 -2.701553159919818925e-01 -2.719953426502028648e-01 -2.750124986504979829e-01 -2.754786736232338606e-01 -2.738728330409271328e-01 -2.724396264694451952e-01 -2.630668756270465591e-01
-1.204888614335679516e-02 -1.471076689371620012e-02 -1.365419781416857097e-02 -1.935515438727606480e-02 -2.551201345891333100e-02 -3.617560870546589202e-02 -4.777150091425543671e-02 -6.841033453709122192e-02 -9.457104713812142238e-02 -1.175438401736443872e-01 -1.525943824435779805e-01 -1.763004660419198455e-01 -2.095808942788107976e-01 -2.441385469084603743e-01 -2.808920081280422698e-01 -3.123799047895110537e-01 -3.461442880628031737e-01 -3.797261275172177375e-01 -4.103909292623122984e-01 -4.382658743288584402e-01 -4.639308897271983700e-01 -4.870510201856292909e-01 -5.089527526351869113e-01 -5.277262830177316122e-01 -5.423501005830064781e-01 -5.583833663804540492e-01 -5.685204773026925062e-01 -5.795586461972783709e-01 -5.839353654735417454e-01 -5.959795819649376103e-01
-8.261497371285352748e-04 2.728623490058887900e-03 4.877123386025097873e-03 5.595922328183859130e-03 6.323801095406206794e-03 5.472993538717353494e-03 6.068513606886308774e-03 2.221262933836632911e-03 -3.092164803672188371e-03 -6.248693914407367142e-03 -1.531424554722447991e-02 -2.079880067960754308e-02 -3.004286955001510620e-02 -4.080217142693738641e-02 -5.506717406923698072e-02 -6.731550478716344377e-02 -8.274099550983561591e-02 -9.937221749251623493e-02 -1.140071045512410230e-01 -1.324745787657057305e-01 -1.530378573367394135e-01 -1.690318494140367056e-01 -1.898428525150837598e-01 -2.074816354622372738e-01 -2.262419044043188776e-01 -2.463502706408639276e-01 -2.687398292241438558e-01 -2.854876181709208871e-01 -3.031539629882455400e-01 -3.412208375110408198e-01
-8.351827514529903962e-03 -1.770925525173293325e-02 -2.724499656949785562e-02 -3.484100670605031619e-02 -4.058607164750446111e-02 -4.517858805584323845e-02 -4.898163674657819017e-02 -4.976829925887113482e-02 -4.688534889837026043e-02 -4.152347257977619804e-02 -3.458137071758960596e-02 -3.138924465453223067e-02 -2.064129804070843552e-02 -7.729531310386785273e-03 9.623440046586119109e-03 2.362911339021226548e-02 4.116084555009200813e-02 6.083931974292708378e-02 8.196702962226820599e-02 1.028995319789928753e-01 1.242363912207383458e-01 1.478926050366088651e-01 1.738623104577506906e-01 1.914230494152964757e-01 2.127844992644771782e-01 2.317545915278263202e-01 2.516255357354650890e-01 2.722120412917459764e-01 2.855084030230013448e-01 3.204472671967009689e-01
-2.602283638445535702e-02 -4.488931284287371593e-02 -5.394046968862593883e-02 -7.066797703087326910e-02 -8.749132563811677643e-02 -1.026197650123595873e-01 -1.265022482241381641e-01 -1.539402008389529619e-01 -1.873812384899115613e-01 -2.185769994041651398e-01 -2.638018367058386215e-01 -2.966265944509134944e-01 -3.391189568266870791e-01 -3.846633267936208633e-01 -4.342166893237678349e-01 -4.787998377690965701e-01 -5.280163107263275979e-01 -5.800851041526301488e-01 -6.300870486856626762e-01 -6.810280987007140130e-01 -7.305576967867642990e-01 -7.831478485073692930e-01 -8.379884435700225565e-01 -8.808783169261144019e-01 -9.301342252000709410e-01 -9.818117123876455299e-01 -1.031822558886968721e+00 -1.077718780389229414e+00 -1.118534941051270826e+00 -1.225642896671361282e+00
2.150447748532127029e-02 6.381225274923882362e-02 9.251854432137431028e-02 1.246068273540821281e-01 1.570200309425351382e-01 1.803890616412105463e-01 2.176938771246330617e-01 2.476675641486156265e-01 2.780140094154411878e-01 3.117166044854101647e-01 3.467097249636188483e-01 3.743889216141789156e-01 4.043699167518384208e-01 4.345356937083342252e-01 4.618741895444695156e-01 4.907923232731858931e-01 5.188698552636239469e-01 5.472507187848307808e-01 5.808338014376981384e-01 6.030205415430456295e-01 6.219376315961513413e-01 6.530543095015475252e-01 6.826581926775906473e-01 7.013498856740442156e-01 7.264376941933252674e-01 7.506212580751234764e-01 7.701832613798859084e-01 7.938013327584593215e-01 8.098987256150027569e-01 8.589125923215321645e-01
-3.519072525283727104e-02 -1.145988087908343250e-01 -1.794139431679123153e-01 -2.477386161227247141e-01 -3.123141787976821404e-01 -3.635451460714641536e-01 -4.298969895959903198e-01 -4.819368882510208785e-01 -5.261690483502401428e-01 -5.692751621410456764e-01 -6.140840357266548200e-01 -6.491535405985637830e-01 -6.752857564311658400e-01 -6.986221952946530811e-01 -7.082118668703398789e-01 -7.256144847625125571e-01 -7.348001198049742833e-01 -7.374108292632598483e-01 -7.463609412403029442e-01 -7.331728060693752935e-01 -7.130943477139309872e-01 -7.002230943851636136e-01 -6.795859019943855106e-01 -6.639226338992104681e-01 -6.367823295774912573e-01 -6.136611331061040397e-01 -5.735714677423970898e-01 -5.396673603661917840e-01 -5.055439144302393828e-01 -4.124719873557168293e-01
1.372027075934213400e-03 2.849045020029352879e-02 5.594863295739390535e-02 8.107297365187146609e-02 1.060449277355471065e-01 1.223856059675677843e-01 1.463120686798367043e-01 1.577605815829713209e-01 1.608472184580694020e-01 1.693171491070627477e-01 1.653173145755196805e-01 1.659074035514044310e-01 1.549118055460424193e-01 1.413647023899741728e-01 1.173165916315866003e-01 1.004633947166616026e-01 7.525110606252194412e-02 4.629205218804843813e-02 2.322224308922835392e-02 -1.043747022627697016e-02 -4.860478269666148460e-02 -7.638588128057272053e-02 -1.112119636390369037e-01 -1.409220920151400269e-01 -1.718004898577986106e-01 -2.018931114395210724e-01 -2.376759166938052503e-01 -2.648991944115453023e-01 -2.923570227284002510e-01 -3.497864729511295789e-01
-3.294385165092752338e-03 -1.457731679795137153e-02 -2.571235841433796784e-02 -3.344014300081443736e-02 -3.791633039158139734e-02 -3.968964579707442292e-02 -4.026486788111997839e-02 -3.540406433795394159e-02 -2.655049683817219119e-02 -1.475460585026537076e-02 -9.379791230972088847e-04 9.154677925557751922e-03 2.550021443022597312e-02 4.483544140038649845e-02 6.668903385377186743e-02 8.424361922634160393e-02 1.045876983521613623e-01 1.242137960838550353e-01 1.466479257322942931e-01 1.642829493241668715e-01 1.798937818554388612e-01 1.985959031271647413e-01 2.169550977125217217e-01 2.270280843732270515e-01 2.391970450694556605e-01 2.492185115821008434e-01 2.563857314815481958e-01 2.650450493372163985e-01 2.670503770839433577e-01 2.725822121464831493e-01
-9.582616374155918451e-04 1.571826175308353030e-02 2.857878886763539836e-02 4.120592506385623022e-02 5.494174556980785384e-02 6.395689865078155179e-02 7.790709130630965595e-02 8.824825029158941958e-02 9.820182441506251914e-02 1.105835460836348400e-01 1.209071711821376877e-01 1.283943862231759492e-01 1.363641999657092541e-01 1.449816387672534235e-01 1.530566339783456242e-01 1.613038675951688761e-01 1.696165372299424656e-01 1.764226742838702067e-01 1.881368070676460169e-01 1.919339263802679330e-01 1.947754067964103109e-01 2.019819580356618238e-01 2.091278466978587491e-01 2.113375411790935632e-01 2.138052835844267696e-01 2.142987446038497334e-01 2.117725924355253198e-01 2.117306698590332714e-01 2.071823204831489962e-01 1.926253571250619023e-01
-2.823083749956318417e-02 -7.599445341607463655e-02 -1.226676094096516567e-01 -1.741048405877287653e-01 -2.229973523508886057e-01 -2.615692778183676959e-01 -3.179085186576722233e-01 -3.522159349031873110e-01 -3.816883935899035851e-01 -4.143892052610452237e-01 -4.373032173417510937e-01 -4.629462099880350956e-01 -4.757205360944605221e-01 -4.795609352867473141e-01 -4.668728295377404525e-01 -4.660610887837619565e-01 -4.519692575132104873e-01 -4.390383901032281488e-01 -4.222933518447009593e-01 -4.099721596639733789e-01 -3.896860868000724398e-01 -3.895746726007611738e-01 -3.782455295364439141e-01 -3.750632715947441742e-01 -3.834955884554579475e-01 -4.015928557887282757e-01 -4.187832723117236311e-01 -4.470997321313358031e-01 -4.746010788540859782e-01 -5.890294695700682981e-01
1.699138667722106116e-02 6.040256548212928622e-02 9.377535906609030247e-02 1.288405325034011617e-01 1.620286087249174500e-01 1.895389024303976988e-01 2.260728381620288607e-01 2.544937571967543222e-01 2.781791673270461729e-01 3.045418602211389936e-01 3.280108114931449825e-01 3.467727029120228344e-01 3.597478853565396761e-01 3.710069949564578362e-01 3.701222916037955057e-01 3.760607007428266590e-01 3.729992963747185697e-01 3.654855508300030031e-01 3.638714470095808506e-01 3.391892714067770154e-01 3.099642516059590847e-01 2.893786531042644161e-01 2.587446794061827315e-01 2.305132007966572971e-01 1.950464150959078102e-01 1.583802191625303946e-01 1.057996182762531989e-01 6.461810046142422992e-02 2.143946481747821195e-02 -8.577063757139863354e-02
9.632995670554927656e-03 5.071003797890038384e-02 8.034535981386492498e-02 1.106670753660206757e-01 1.410821356572665441e-01 1.647257620544954615e-01 1.949602405019094098e-01 2.226565916817296320e-01 2.484974810130017864e-01 2.720957858896045911e-01 3.006572069134795244e-01 3.218359001015061449e-01 3.382891208564922647e-01 3.601438376985775514e-01 3.780586885101820949e-01 3.978054778306517880e-01 4.139846317501351125e-01 4.275674632814655540e-01 4.500660313802982149e-01 4.488642437995896683e-01 4.450813288630293685e-01 4.443852755398475241e-01 4.405583256592221497e-01 4.329800903903292530e-01 4.150860879638512135e-01 3.935164021748615570e-01 3.595198131087779525e-01 3.282061318025812358e-01 2.922541987797094287e-01 1.824547788189306019e-01
4.603495110734913409e-02 1.161400675829003248e-01 1.700261697495997759e-01 2.380439384331726471e-01 3.073104419569319123e-01 3.663848970722081710e-01 4.522213279280918874e-01 5.287620193156687964e-01 6.062867208685306375e-01 6.905464585204403871e-01 7.789770225026251271e-01 8.509220791239456849e-01 9.250873848519345355e-01 1.000204609221559737e+00 1.060917932215155401e+00 1.126389005807835630e+00 1.183465441424921272e+00 1.239575500707303490e+00 1.301477966700933298e+00 1.341045309096339455e+00 1.368872560174604125e+00 1.424655096114382458e+00 1.467861782943071347e+00 1.495461373302086061e+00 1.534600418145785294e+00 1.576999828566222561e+00 1.602677509265209910e+00 1.644016552724826719e+00 1.666702247375683843e+00 1.762004703664532768e+00
-1.212468616842766501e-02 -4.902470179855626664e-02 -7.830382640567683239e-02 -1.081505415781424256e-01 -1.346715759389912614e-01 -1.565125894945479657e-01 -1.817041203694582108e-01 -2.016428800772645802e-01 -2.180097585653350545e-01 -2.305540150943213851e-01 -2.465961392623912674e-01 -2.572865618099882679e-01 -2.642852678061557992e-01 -2.691120004647042374e-01 -2.697074466851449026e-01 -2.737651917653795008e-01 -2.751733153119388930e-01 -2.720007384888628588e-01 -2.725885205291079805e-01 -2.627736509353383876e-01 -2.508213470712519211e-01 -2.365970402199853162e-01 -2.214108500583649719e-01 -2.107330755050010884e-01 -1.895829595158159964e-01 -1.703779871749845076e-01 -1.443661078623961480e-01 -1.163276907189212533e-01 -9.308224063802553183e-02 -1.632610953708078794e-02
-9.725099592675758367e-03 -5.274123516028028646e-02 -8.789995050301888102e-02 -1.238450624804777744e-01 -1.592203978127893771e-01 -1.858859258321309826e-01 -2.193824337759708309e-01 -2.493752823231296101e-01 -2.752049813771149656e-01 -2.986527785426891235e-01 -3.278523764505843485e-01 -3.482558331751434699e-01 -3.675401956181324481e-01 -3.875328631972806970e-01 -4.046305851681153420e-01 -4.246731821225628312e-01 -4.438975606289073950e-01 -4.599183749775365704e-01 -4.808034267780594284e-01 -4.906432143078333086e-01 -4.980622170651851643e-01 -5.052567656947798413e-01 -5.129840012001373184e-01 -5.194703628826896624e-01 -5.183484284368250483e-01 -5.182754310846549028e-01 -5.120369202266995545e-01 -5.013114621886498590e-01 -4.916254529574527465e-01 -4.456625844482722254e-01
-1.891659492877489565e-02 -5.606309951383831036e-02 -8.639728814565203474e-02 -1.199194122928077810e-01 -1.542949731546388037e-01 -1.793587982655510671e-01 -2.143459573945297458e-01 -2.465064664576919473e-01 -2.800847984171118132e-01 -3.094482077735248304e-01 -3.472470841065236069e-01 -3.764975165975988358e-01 -4.056993373506506129e-01 -4.384070882619870990e-01 -4.732355423258547411e-01 -5.048437766116877778e-01 -5.403302085776778840e-01 -5.764811932859639221e-01 -6.142950137797205112e-01 -6.517940104516535271e-01 -6.858725282402678980e-01 -7.244915635748094829e-01 -7.663588157619173336e-01 -7.991116151915889088e-01 -8.366781760943184931e-01 -8.768207572056858634e-01 -9.160691712410715670e-01 -9.499062656884927902e-01 -9.807655091227864830e-01 -1.050692185556806546e+00
-3.256340416688561362e-02 -6.349002588855379159e-02 -8.747829534719750444e-02 -1.258383556034831374e-01 -1.603890231851662351e-01 -2.009209753296694045e-01 -2.543784442110919031e-01 -3.045530429005065542e-01 -3.573961288699473715e-01 -4.113535887131707369e-01 -4.714394595605921334e-01 -5.198178954425216602e-01 -5.709516043983704492e-01 -6.139717906939469172e-01 -6.392301637785716695e-01 -6.707077969143883101e-01 -6.897245894434855806e-01 -7.062976244287395566e-01 -7.164764506713170444e-01 -7.165114811863810829e-01 -7.062903270022689028e-01 -7.111811545989427108e-01 -6.993394218996182854e-01 -6.907450072502465677e-01 -6.851938826103254332e-01 -6.875917400837533444e-01 -6.718131545761369949e-01 -6.742260201505552164e-01 -6.717926906429994016e-01 -7.051613462273992328e-01
-2.593949904658532889e-03 -1.306617978580449507e-02 -2.814781942660467967e-02 -4.164177972110264664e-02 -5.350986373279250502e-02 -6.062665276866278929e-02 -6.988144731766739171e-02 -6.951330398266122867e-02 -6.553235080214625530e-02 -6.112205082263125200e-02 -4.956472205402288889e-02 -4.475880995009712260e-02 -3.088985180696337055e-02 -1.353257748470958199e-02 6.563440001794004428e-03 2.207025801529374776e-02 4.062944415621545791e-02 5.849919113040367991e-02 7.859618657156250410e-02 8.762547044888199799e-02 9.690571355882762750e-02 1.029154789455458269e-01 1.088177631306214699e-01 1.078935813764171081e-01 1.016281007278097143e-01 9.015387732341270666e-02 7.119680340110831618e-02 5.480474965136016008e-02 3.294967758096201127e-02 -3.353577159736502444e-02
3.712118410776177324e-02 9.511443903120567200e-02 1.311238463125323772e-01 1.799934421103806526e-01 2.299893514938731731e-01 2.743356610609572477e-01 3.358413396643506466e-01 4.019840153476955114e-01 4.727256568506523760e-01 5.448534661433268589e-01 6.346315635239708763e-01 6.989901176003701089e-01 7.766899850646556969e-01 8.617280184783938646e-01 9.435923451345279434e-01 1.021255490886270545e+00 1.101332567508657601e+00 1.177696682261084371e+00 1.263876107418826278e+00 1.318216909419304361e+00 1.365850900867301432e+00 1.423137830654294333e+00 1.477065105944880941e+00 1.509391175303807398e+00 1.537433265076994626e+00 1.562995977592054109e+00 1.568387176323489562e+00 1.577389310873681394e+00 1.570569822734823484e+00 1.541699748060357811e+00
-2.147736144705172240e-02 -6.087959283873473071e-02 -9.242224936686213588e-02 -1.267887381834811866e-01 -1.582978562067928474e-01 -1.841902030509591781e-01 -2.184110583147935158e-01 -2.459694911677681450e-01 -2.712117685012958579e-01 -2.955110809889988643e-01 -3.228402375443838457e-01 -3.445294365655152125e-01 -3.636420046351528379e-01 -3.807663527077467247e-01 -3.922515941655395633e-01 -4.087377669243602574e-01 -4.216612037336650576e-01 -4.343507296913000082e-01 -4.467024794752476602e-01 -4.566178168869879928e-01 -4.637675839728163107e-01 -4.774412045366070445e-01 -4.888296778175443835e-01 -4.994216641119292310e-01 -5.130122293774856956e-01 -5.303536526515810756e-01 -5.440978615481580905e-01 -5.592033824658395602e-01 -5.744518370388844719e-01 -6.201296263210901438e-01
2.370598517430520802e-02 7.891157328761494449e-02 1.234374716397809435e-01 1.725435873908126583e-01 2.203283254255770651e-01 2.570863130023142151e-01 3.121578001759046095e-01 3.511310369690752720e-01 3.860040921921456536e-01 4.263792502938719697e-01 4.615002805476513537e-01 4.921615339200979822e-01 5.159058041867825573e-01 5.363337526936002853e-01 5.430952837423806967e-01 5.580439688972774759e-01 5.631088357189112381e-01 5.664088512560174760e-01 5.746354651640980249e-01 5.665228370138372105e-01 5.507364040412286998e-01 5.537546347818547154e-01 5.466853267381681647e-01 5.365600691778028564e-01 5.310739093965635149e-01 5.275314114617377648e-01 5.124313097703874220e-01 5.087393926059019522e-01 5.011653643388398471e-01 4.997794543921942334e-01
-3.883404679233136425e-02 -1.250291357607119236e-01 -1.991098691520810093e-01 -2.795917776873864669e-01 -3.575874851462331194e-01 -4.206703768536249055e-01 -5.053834478949732478e-01 -5.724044332688755787e-01 -6.331328470438118972e-01 -6.933444087093714181e-01 -7.543591889613034951e-01 -8.057897187385659743e-01 -8.451459561355896266e-01 -8.806569897615972309e-01 -8.977327941784275511e-01 -9.258225024759121347e-01 -9.407500703794668961e-01 -9.518644166493968051e-01 -9.666211886146867105e-01 -9.629069986162537287e-01 -9.489818715514362069e-01 -9.523657358531595341e-01 -9.449730396700131152e-01 -9.378835123764480697e-01 -9.316577060853989956e-01 -9.321498178291136583e-01 -9.180318845086938850e-01 -9.124097949734923940e-01 -9.052219699169646860e-01 -8.999306423376287611e-01
-8.418318042895989867e-03 -2.570370810438435058e-02 -3.858177369359106629e-02 -5.466216753736427569e-02 -6.966730930734973959e-02 -8.478646073932850913e-02 -1.014569315610703015e-01 -1.223203296953802310e-01 -1.427998675785701888e-01 -1.591567491196465567e-01 -1.862638996724083618e-01 -2.028910975930757199e-01 -2.225756078714010711e-01 -2.435837641437361700e-01 -2.627046956959670498e-01 -2.817247872259864838e-01 -2.999196151292626844e-01 -3.162919224912006388e-01 -3.321011253171354261e-01 -3.389449095606149598e-01 -3.452780278818861626e-01 -3.463114069794433481e-01 -3.454391532318104030e-01 -3.462024325379133849e-01 -3.369808811573024587e-01 -3.282228782836519310e-01 -3.098404942837216791e-01 -2.918172166469302220e-01 -2.730639840005128494e-01 -2.100151829132714809e-01
1.103696109538857516e-02 3.590102921724076107e-02 5.555905486561061452e-02 7.320575468159357113e-02 9.348110768706026363e-02 1.024964381548534864e-01 1.213446241868683800e-01 1.316490930218093269e-01 1.418703872297142621e-01 1.545143811475411244e-01 1.638894622371102061e-01 1.737967236567162510e-01 1.818597742778989002e-01 1.931509250543490541e-01 2.079967997860878159e-01 2.230845169351836910e-01 2.406992299977676608e-01 2.627669669764417515e-01 2.901160528387420889e-01 3.197506611841636759e-01 3.481519609892362865e-01 3.893115013528520296e-01 4.352845177715048974e-01 4.687334047822223626e-01 5.169339312401509678e-01 5.637865932279756409e-01 6.188774606830537151e-01 6.705642291061552074e-01 7.166369336508691124e-01 8.421744806695803387e-01
-2.135317866586393387e-02 -8.061704944505153347e-02 -1.324667938009311263e-01 -1.827366480379226110e-01 -2.287476985266756191e-01 -2.634689607721507065e-01 -3.080153530268173734e-01 -3.376309507862243486e-01 -3.568709610256174392e-01 -3.756590174340216914e-01 -3.909352706068432992e-01 -4.032287244583787622e-01 -4.029797513696892208e-01 -3.963993909602067101e-01 -3.749527330890868315e-01 -3.642760310046003203e-01 -3.427556139767182763e-01 -3.163770584964644139e-01 -2.910285747791364619e-01 -2.527954148829837933e-01 -2.101217962874746825e-01 -1.717975092032505424e-01 -1.241577667240590516e-01 -8.893095639253495444e-02 -4.405768066479041900e-02 -2.987103734498936132e-03 4.996376700824696482e-02 9.611783253195430032e-02 1.355694438908779664e-01 2.375126438453608047e-01
-1.400594198094310371e-02 -5.284451341642499439e-02 -8.891035030694656449e-02 -1.270344067153436063e-01 -1.643670354958041979e-01 -1.944608132428624903e-01 -2.326380672542081030e-01 -2.646627301508269747e-01 -2.915012003306925448e-01 -3.176688233264921002e-01 -3.441004136211461839e-01 -3.660530451227206883e-01 -3.810084321181473888e-01 -3.947717098713944273e-01 -3.996375068168809275e-01 -4.100507283325396379e-01 -4.142321027339336270e-01 -4.160361517027797995e-01 -4.188474402091180160e-01 -4.142504600755015365e-01 -4.053225847816764871e-01 -4.025729659064821719e-01 -3.938844169813030538e-01 -3.890254156573741406e-01 -3.815687501628141631e-01 -3.779374480056225671e-01 -3.663579829502098817e-01 -3.585485050538474994e-01 -3.507464475266765525e-01 -3.337756109201897026e-01
2.651926607983201740e-03 8.591629956124308132e-03 1.250757573155688272e-02 1.712623782202913475e-02 2.267823600705969056e-02 2.567841995529832055e-02 3.284473304031120672e-02 3.596492950041912245e-02 4.023472508709808465e-02 4.554357385528555457e-02 4.859574797656209671e-02 5.242025100003966376e-02 5.462933754051998297e-02 5.733818947570420294e-02 5.955236533344551719e-02 6.182423669593280907e-02 6.262336343013934215e-02 6.478010818965687645e-02 6.894187529144332749e-02 7.103235636408095077e-02 7.128836635644822395e-02 7.859407050927910698e-02 8.328481860549100113e-02 8.572282813637324694e-02 9.167486272515068535e-02 9.684370463778127491e-02 1.018003029512232899e-01 1.105370476646011790e-01 1.151881662443852705e-01 1.345672208001612580e-01
4.010689387761560282e-03 7.546342035712043719e-03 1.172451707039389411e-02 1.822572459699386971e-02 2.423946739925841865e-02 2.929634269997945933e-02 4.076051046968698355e-02 4.520448144014398151e-02 4.789187921056567432e-02 5.672001897274575599e-02 5.758181795034152117e-02 6.180279535114781286e-02 6.282008519361803600e-02 6.100529494770467326e-02 5.182462404105532550e-02 4.775693642046989484e-02 3.777659511728267971e-02 2.866873284295733126e-02 1.909136766999513721e-02 9.626380200726470521e-03 -3.675297179166293893e-03 -4.307612742139860576e-03 -1.179652272713307797e-02 -1.922651364795855550e-02 -1.821805417269678137e-02 -1.518904384263049939e-02 -1.498819833883049436e-02 -4.439775774834328614e-03 2.360288711652251334e-03 4.679807986030420225e-02
2.596257192935378863e-03 7.149350352216882892e-03 7.703084676905620765e-03 1.093153738013064036e-02 1.436653383558746978e-02 1.885042337388611808e-02 2.557798742609313294e-02 3.389145930052782363e-02 4.364016400677746266e-02 5.433809557750059194e-02 6.723950444407500449e-02 7.655783576050755046e-02 8.729364493148053517e-02 1.004475514553049009e-01 1.125482196339322588e-01 1.246637443661928329e-01 1.357095542063398164e-01 1.463003524209890438e-01 1.595186139859535723e-01 1.640310564727610054e-01 1.675287741507119343e-01 1.737380429932425807e-01 1.779506212680651844e-01 1.776310597821330051e-01 1.764425792267094728e-01 1.734101510786898448e-01 1.647598566209666771e-01 1.595667797745162209e-01 1.497311107909382044e-01 1.225738039387992695e-01
3.798314223448094606e-02 1.034118163671184920e-01 1.521818791559786943e-01 2.129503991087181580e-01 2.737391372467666839e-01 3.262022609854199340e-01 3.996236952665839226e-01 4.661140271041828154e-01 5.338129772822980401e-01 6.058422403346663820e-01 6.821811041735826864e-01 7.433576279482789761e-01 8.069161328725461546e-01 8.715512976803206913e-01 9.237037888009751452e-01 9.805419871854524905e-01 1.029632297475488567e+00 1.076694718746781021e+00 1.130002685896522197e+00 1.158319547764212309e+00 1.177621700308254082e+00 1.217991060298794226e+00 1.246467317349377435e+00 1.263154912659271156e+00 1.284230894041086257e+00 1.305317195162311705e+00 1.308305520227973195e+00 1.326382175795147500e+00 1.327475015452184826e+00 1.354623194814813525e+00
1.724995708436488293e-02 7.284861294503902629e-02 1.326542473719022064e-01 1.893003107896134296e-01 2.455401241668195289e-01 2.829855153466659390e-01 3.394534080360464556e-01 3.613807814575600297e-01 3.711041085442049470e-01 3.892809584193335226e-01 3.780043211602115982e-01 3.842688718038988482e-01 3.613174252291395661e-01 3.287027564699501747e-01 2.740891206740436736e-01 2.382693937256591954e-01 1.831042084935699255e-01 1.266707506217908952e-01 7.451236857050186346e-02 2.230053622191038865e-02 -3.984699811923357593e-02 -7.130589841810057450e-02 -1.177614610618661767e-01 -1.514841702080885477e-01 -1.697991590837614750e-01 -1.811376197276373945e-01 -1.907282046679891208e-01 -1.850974437633616243e-01 -1.767574027561801264e-01 -1.059928630299773744e-01
4.718288459328897483e-02 8.282963282277922001e-02 9.580546423884338247e-02 1.255192199413556753e-01 1.553408921405270426e-01 1.899078941355362704e-01 2.390073786024067004e-01 3.003191116233613900e-01 3.712386287516514227e-01 4.452926569553356528e-01 5.414009955210857816e-01 6.085879559700926311e-01 6.982828867193908717e-01 7.931999165644905148e-01 8.860457520943626486e-01 9.704035292462545037e-01 1.058076555694314136e+00 1.143128285591272331e+00 1.232761440751336979e+00 1.292737985932201905e+00 1.346372348219886828e+00 1.409123860275976359e+00 1.466039133262157401e+00 1.500536949454531310e+00 1.532251085608660413e+00 1.562815827136032398e+00 1.570829862144962785e+00 1.588745529247471922e+00 1.586419138105880311e+00 1.594019475549766529e+00
1.794902227199014939e-03 -1.614369147752792513e-02 -3.648447030379745049e-02 -5.485688687477307396e-02 -7.509739635493820065e-02 -8.730031203377000559e-02 -1.026966049015015092e-01 -1.146739438273132738e-01 -1.249088335698086694e-01 -1.327992556426292325e-01 -1.419452163009894963e-01 -1.496558379390297289e-01 -1.546316487511960325e-01 -1.612125489794839217e-01 -1.706775110247176763e-01 -1.797150182593562628e-01 -1.917694943001788388e-01 -2.037819934448951154e-01 -2.180438212674787324e-01 -2.364296783239624722e-01 -2.542882902787902966e-01 -2.723394094821704470e-01 -2.949896099398732208e-01 -3.153828741125941915e-01 -3.377758660217392572e-01 -3.615833765028824143e-01 -3.902211788764813338e-01 -4.109970565533106468e-01 -4.320555547230808813e-01 -4.733643131532608850e-01
9.601137730018543051e-03 1.876235106086137500e-02 2.436384385728876736e-02 3.108829096208815673e-02 3.619640117863870410e-02 4.071879028842746717e-02 4.942948530498637860e-02 5.073736490666491683e-02 5.142174077549199057e-02 5.588073228579178153e-02 5.380415234458525708e-02 5.533536369668735910e-02 5.239372665773542326e-02 4.780627399677730982e-02 3.660891093274978858e-02 3.009817689924464482e-02 1.812861063506510800e-02 6.322965224166270451e-03 -4.271309012093776544e-03 -1.955062746011201544e-02 -3.662372890940889664e-02 -4.561736526912510414e-02 -5.950401222519829253e-02 -7.272650448577105964e-02 -8.256980504094257878e-02 -9.184139044145758768e-02 -1.043655594299213174e-01 -1.092546316831996961e-01 -1.159310223658003708e-01 -1.156550225430343359e-01
-3.012971813090558476e-02 -7.509261278734816192e-02 -1.112014722084161272e-01 -1.518318021155274922e-01 -1.932695533187062664e-01 -2.249341763568569186e-01 -2.701880678173775308e-01 -3.097162707205503573e-01 -3.494454369494590096e-01 -3.875707965418155321e-01 -4.320885103600133337e-01 -4.675897830515867715e-01 -5.028280959779302117e-01 -5.392288138800286346e-01 -5.742395244726483661e-01 -6.078282722769686730e-01 -6.420761335909721534e-01 -6.755008136828618559e-01 -7.118022643875627775e-01 -7.433982551539000116e-01 -7.693911942512611235e-01 -8.037742477264703256e-01 -8.380482828254476324e-01 -8.656207752948169576e-01 -8.964485568851634500e-01 -9.310910350573866623e-01 -9.626921434936809296e-01 -9.923733195931971895e-01 -1.017280567878397601e+00 -1.084604428249651420e+00
-4.128596493238113549e-03 -7.932160645845188693e-03 -1.134647681020848654e-02 -1.597106368682770991e-02 -1.857715046150369698e-02 -2.193892561024006482e-02 -2.384987748606227920e-02 -2.723932148503867279e-02 -3.049365203592283025e-02 -3.044540796698832694e-02 -3.413409271608366935e-02 -3.600365515977820008e-02 -3.905867879895998096e-02 -4.127110788792865553e-02 -4.526894392825982910e-02 -4.893146707419891023e-02 -5.462144087297926554e-02 -5.961151137199388605e-02 -6.281433278605776105e-02 -7.138962154951450367e-02 -8.017868339209086037e-02 -8.682066095540698358e-02 -9.395956892555389073e-02 -1.036394108622296639e-01 -1.127437910292927725e-01 -1.236566310846193006e-01 -1.364430087962023586e-01 -1.462764355872944178e-01 -1.579142529022604657e-01 -1.830397274739673508e-01
1.736551397930380380e-02 3.414228794159155506e-02 4.402955961321249057e-02 5.941133113361644902e-02 7.739378740974284243e-02 9.107990913977520586e-02 1.154098115308657413e-01 1.396969122741371638e-01 1.679829170155059948e-01 1.987701548355025882e-01 2.341797879691296103e-01 2.618239049005968155e-01 2.946215362846565378e-01 3.320819351776837514e-01 3.698527878866755825e-01 4.043322852338344653e-01 4.409999757058288283e-01 4.798339838145618264e-01 5.209675684173077359e-01 5.567090811389301397e-01 5.892428802949948308e-01 6.326750655361814690e-01 6.747253192733839722e-01 7.026225003741557451e-01 7.397895110825455367e-01 7.765947950400524658e-01 8.091459746807055931e-01 8.462751449777800028e-01 8.711171465892347809e-01 9.485259718746573698e-01
-4.414069686906443683e-03 -9.474249410295627893e-03 -1.660503163145474886e-02 -2.292763395591213352e-02 -2.919536787539057932e-02 -3.356500680086637461e-02 -3.721271271387253249e-02 -4.084421928457113854e-02 -4.175407743547526751e-02 -4.090968958510764197e-02 -4.098324172119002795e-02 -4.150771436478332965e-02 -3.813155845587708204e-02 -3.540362780203634707e-02 -3.124652468729390356e-02 -2.890214885232463005e-02 -2.595167312740845680e-02 -2.184314682760802803e-02 -1.689450106609433760e-02 -1.500195074744809648e-02 -1.292421454812577378e-02 -8.383261766330049256e-03 -3.674502687548004271e-03 -2.723736882317694639e-03 2.296170073105207807e-04 1.067830760440996278e-03 1.733238568572142285e-03 4.601228759296185564e-03 5.523952099284433481e-03 1.142243281356717863e-02
1.102397207274426714e-02 1.191282946675132834e-02 1.083416382820355690e-02 1.781140011215587987e-02 2.605294197683817245e-02 3.784670018192804603e-02 5.734748034594298188e-02 7.818873583351942935e-02 1.036295173436328765e-01 1.326865730329380155e-01 1.648994412063125858e-01 1.897327957759219474e-01 2.211052126182261879e-01 2.523566960637129153e-01 2.795313301109794701e-01 3.044327187150507874e-01 3.269174420013012394e-01 3.493766457847546913e-01 3.719225422855351737e-01 3.864124611316989144e-01 3.964627513463083730e-01 4.158441854065055843e-01 4.290536949674302880e-01 4.357643910957178512e-01 4.461602241300528515e-01 4.568073742530333603e-01 4.599483962791509062e-01 4.737880930425656389e-01 4.754558059629339084e-01 5.047882570803345903e-01
8.731203262400483167e-03 4.852107058804139283e-02 8.258326669511925622e-02 1.127193643888346197e-01 1.425658344754279216e-01 1.600646740193530093e-01 1.857717079112854441e-01 1.972682248095530555e-01 2.022956654610592597e-01 2.090783811051821206e-01 2.074587636634953325e-01 2.091776999751397692e-01 1.987538141180789641e-01 1.884552458461798974e-01 1.715118518493362332e-01 1.617264761215513047e-01 1.461176034903951537e-01 1.286358485133231033e-01 1.191384005412400582e-01 9.851978577418704641e-02 7.528452652165022740e-02 6.094707511173574899e-02 4.330035147949218288e-02 2.681479856481566379e-02 9.457484152394349253e-03 -9.392014072998947777e-03 -2.989624737742870714e-02 -4.958237198896434800e-02 -6.702764799224106285e-02 -1.158727397972875439e-01
3.899165672864653848e-02 1.253688676433331317e-01 1.952716625261350369e-01 2.758291222656388264e-01 3.566369534732412583e-01 4.234696535957228614e-01 5.163234088252408593e-01 5.951702300046601835e-01 6.728650200011783156e-01 7.526240887913797639e-01 8.376474222393893720e-01 9.049994094955688961e-01 9.683020520024170352e-01 1.032825130382555745e+00 1.081066752434516554e+00 1.135774406950198712e+00 1.179315505394568531e+00 1.219575543374611160e+00 1.269151204611488337e+00 1.285271818492976781e+00 1.289536838956668818e+00 1.316045224128542301e+00 1.329377697268230518e+00 1.332983828613885535e+00 1.335589047103701077e+00 1.339135951136399827e+00 1.319791516272163845e+00 1.314220082182409488e+00 1.296155951727881561e+00 1.259636552180658065e+00
1.962644969355139060e-02 6.795660164203179421e-02 1.093091187578079243e-01 1.526114059453328731e-01 1.945887680861960178e-01 2.249842535681543521e-01 2.716615641895989697e-01 3.019545115852343420e-01 3.275523780032935095e-01 3.579886355894331684e-01 3.806126487006022963e-01 4.031579518759673131e-01 4.169422302983262218e-01 4.283364281836868348e-01 4.288239428400669739e-01 4.366653583089323276e-01 4.369560906183654891e-01 4.369815921802269187e-01 4.419822945715428664e-01 4.363670291435983173e-01 4.254620375301758073e-01 4.328685942814780585e-01 4.333562423103412553e-01 4.310034576570146436e-01 4.366469174013338783e-01 4.436948142904024173e-01 4.452740171387037926e-01 4.564660416974141710e-01 4.628085096391600928e-01 5.012883007627064735e-01
4.844072363969778583e-02 1.283954882451552593e-01 1.884556606171092219e-01 2.616395378342861178e-01 3.379546436139848620e-01 4.002136877192624675e-01 4.888925026957495756e-01 5.733002958752261291e-01 6.614516452844820815e-01 7.506082132270308627e-01 8.554448969134926806e-01 9.357034696783094185e-01 1.021936841840526355e+00 1.117971458235617499e+00 1.209178738008174436e+00 1.299073544884114861e+00 1.389807947764615026e+00 1.481767288128660987e+00 1.583972149670235474e+00 1.660956032129976778e+00 1.729641828196098352e+00 1.821276373474434385e+00 1.911097657908201075e+00 1.973168647813863252e+00 2.046577993683343699e+00 2.121136169161630836e+00 2.181391233416155373e+00 2.245475256126691299e+00 2.289367945017158235e+00 2.412435679612315198e+00
6.257722460180899747e-03 8.133750077974847420e-03 5.425375024928989071e-03 5.148085178456471983e-03 4.832692798501323633e-04 1.804230106645795043e-03 3.877052778412519093e-03 3.479168453535140364e-03 2.038535921010732263e-03 4.036648338484780454e-03 3.319493707247112187e-03 2.051258868694383168e-03 -5.690286536623482758e-04 -7.518207753868559433e-03 -2.376673624405336097e-02 -3.580999826902460381e-02 -5.613784363129387112e-02 -7.858100401483573971e-02 -1.024964314521473463e-01 -1.374405413841559842e-01 -1.751111496838821391e-01 -2.098612964093792832e-01 -2.547901382748284371e-01 -2.928435667743187198e-01 -3.377998509929608373e-01 -3.820847753150599657e-01 -4.385177669599913952e-01 -4.825633093976213206e-01 -5.248469308349765772e-01 -6.201949676305459347e-01
-6.768809741830641817e-03 -1.401129068169978606e-02 -2.019458684475702870e-02 -2.933844786675478614e-02 -3.658060369015032898e-02 -4.570623547019962013e-02 -5.660553106117298394e-02 -6.820852266682782272e-02 -7.969929790917425205e-02 -8.973935377031913574e-02 -1.046825224817167221e-01 -1.150890939118816431e-01 -1.257173689742929479e-01 -1.349318838129232034e-01 -1.399113573721665060e-01 -1.450519511960157160e-01 -1.483018661241085889e-01 -1.505474275148431240e-01 -1.490513098018765858e-01 -1.461821770113287955e-01 -1.420774236120364853e-01 -1.360260488053005035e-01 -1.269267474329537904e-01 -1.211960719599245728e-01 -1.117211307261854747e-01 -1.056501372016369622e-01 -9.358366371490464686e-02 -8.390918694980825654e-02 -7.597950438295650311e-02 -6.020640062244978635e-02
1.029717778874469566e-02 -4.032169015005341098e-03 -1.997461894513173630e-02 -2.255473531898562201e-02 -2.729055283885521016e-02 -1.581682121181643072e-02 -9.852904586808665030e-04 2.013132527289033732e-02 4.895170866043191404e-02 8.207422525491325782e-02 1.200823294249542539e-01 1.500210980435673358e-01 1.881953593629768495e-01 2.234622501102522252e-01 2.470760610245939515e-01 2.720708227719973449e-01 2.882059782088315369e-01 3.041615959156621085e-01 3.151039648412202188e-01 3.140563030183100568e-01 3.066351392994524638e-01 3.110725158748822716e-01 3.009111930586805261e-01 2.882497526877812466e-01 2.791391677900301183e-01 2.715095598574751024e-01 2.469959366224762920e-01 2.417993699180235601e-01 2.277705496391241313e-01 2.275891762386137440e-01
-1.162227671411408293e-03 -1.054732693536260604e-03 -2.940276072509814473e-03 -9.210887126074606551e-03 -1.321231875639545562e-02 -2.441631673812963074e-02 -3.294627568900681397e-02 -4.633344070923552105e-02 -5.904190527969800650e-02 -7.034697621769088471e-02 -8.584261756641395347e-02 -9.649263677405933715e-02 -1.072003192157420792e-01 -1.160092337269220397e-01 -1.170868630628889018e-01 -1.199455279316097300e-01 -1.178251332677132945e-01 -1.101477915101441440e-01 -1.004053008725568907e-01 -8.245455691291742051e-02 -6.214911090395567467e-02 -3.679369742780143338e-02 -4.342764042943965050e-03 1.970347248495060016e-02 5.499572144970101689e-02 8.794285531873773099e-02 1.331133082483677565e-01 1.711695058546265635e-01 2.095113391696389882e-01 3.050043271750285112e-01
-1.780956182105932102e-03 -2.623158038723112824e-03 -6.243358842379625323e-03 -8.108224869239172641e-03 -9.829760752272945212e-03 -7.986884862638210514e-03 -5.853176892816999016e-03 -2.847676002266565781e-03 1.644285940375749162e-03 7.323724454736667798e-03 1.240248862429530266e-02 1.717331417872708030e-02 2.129131126159560308e-02 2.633632053084939903e-02 2.852835632016703996e-02 3.141862445337866017e-02 3.086147531822377305e-02 2.939704277908347305e-02 3.076132300501370140e-02 2.262925702978657236e-02 1.232635369072349399e-02 6.051124184320938459e-03 -4.313502649715986181e-03 -1.558806257547339612e-02 -2.956768992647795108e-02 -4.468375587362790474e-02 -6.639647445964572126e-02 -8.242412636859955399e-02 -1.007400173112431435e-01 -1.444838146485167285e-01
1.196041167234846402e-02 4.822502556941748314e-02 7.535972886011364780e-02 1.009965434541244128e-01 1.298788747830199042e-01 1.473325278145346251e-01 1.735569543716027063e-01 1.975880864693539407e-01 2.191481268945899563e-01 2.408866855523737194e-01 2.662878352487790812e-01 2.843827701206688152e-01 3.017628684432048791e-01 3.262308698999208390e-01 3.522430712951624132e-01 3.763927698610047834e-01 4.037681142333440221e-01 4.301503393463746994e-01 4.661307895348393293e-01 4.879070815331921218e-01 5.082551049647864305e-01 5.333989030420844824e-01 5.617724245428087348e-01 5.795061842397997154e-01 5.954225825336837419e-01 6.079562384003222020e-01 6.175087030012305078e-01 6.245935648017761910e-01 6.233513106379291457e-01 6.065268002720285434e-01
1.402370667848308605e-02 1.232923714857081868e-03 -1.619160067004506848e-02 -2.163527446747073868e-02 -2.632523820083719490e-02 -2.020704504241719462e-02 -9.281286196155671270e-03 1.237108060169685858e-02 4.459372793854817635e-02 7.915568580904537577e-02 1.234692251942958036e-01 1.569047914266001043e-01 2.046561390867514263e-01 2.539489060464671377e-01 3.019017033860502131e-01 3.443675990136537690e-01 3.874687165902762631e-01 4.330693344546617807e-01 4.745354568394271055e-01 5.108273697070551123e-01 5.440222240960472799e-01 5.861078724077979363e-01 6.223181714897154659e-01 6.452654964011518279e-01 6.776667750675535729e-01 7.096718361069797032e-01 7.334248079567904366e-01 7.686305805092303878e-01 7.892202999514095207e-01 8.719268728647007194e-01
-1.669416226427958803e-03 -2.705717584966097281e-02 -5.133704043191131966e-02 -6.935683701412137525e-02 -9.159912459828153941e-02 -9.868159631459032244e-02 -1.097910082417157540e-01 -1.165641381670131788e-01 -1.183675759121431137e-01 -1.181291526552307042e-01 -1.176991697395059211e-01 -1.181133536865387468e-01 -1.145638166515306339e-01 -1.147554948089236360e-01 -1.209940252329803623e-01 -1.270064039327532535e-01 -1.387891672392135567e-01 -1.515119723680313502e-01 -1.687341981805100810e-01 -1.910086510370386792e-01 -2.152933466137273710e-01 -2.368306907122932903e-01 -2.679477038604470840e-01 -2.949816282451092064e-01 -3.234241276737432336e-01 -3.514554641579221705e-01 -3.889002119074732589e-01 -4.132147131350125124e-01 -4.390280261449395205e-01 -4.840924313647741450e-01
2.471158172189869690e-02 8.831249205391911161e-02 1.390728910086411474e-01 1.957938694170998639e-01 2.503310647565069602e-01 2.965346479518923273e-01 3.595242787331821566e-01 4.101424250858728415e-01 4.564510827621223177e-01 5.058824867170816919e-01 5.534523039935811406e-01 5.928389680526927608e-01 6.251084741746535389e-01 6.550577168310921516e-01 6.687702051060383512e-01 6.910163017913797390e-01 7.013511793430423635e-01 7.079179794121783775e-01 7.210439613951464821e-01 7.098832218857904497e-01 6.892464627911137898e-01 6.883819964117633416e-01 6.728388853797219182e-01 6.570868654823043276e-01 6.394591324704665958e-01 6.231682302095993276e-01 5.888437359610261268e-01 5.713124683717428764e-01 5.453798829701085316e-01 5.000974626610606988e-01
-1.818322586999392143e-02 -2.455069501949545471e-02 -2.184717961727175584e-02 -2.704552131737137516e-02 -3.535348199953528697e-02 -4.570060006572226885e-02 -6.021958903185963691e-02 -8.748320433419257136e-02 -1.244344090350760074e-01 -1.567012394368072492e-01 -2.095918392059473445e-01 -2.450071991837483032e-01 -2.968331048500357228e-01 -3.552654673925255691e-01 -4.228756486733485365e-01 -4.804008327255206989e-01 -5.477178475676833802e-01 -6.170999270983228424e-01 -6.858226157011236834e-01 -7.522582955534327098e-01 -8.183485439786392091e-01 -8.812596921698001573e-01 -9.507881325417362195e-01 -1.002895777596946258e+00 -1.057578952571090136e+00 -1.112418523478005072e+00 -1.164001974005131057e+00 -1.207321087078286004e+00 -1.242940046969021051e+00 -1.318895188131200324e+00
1.212185440065676259e-02 5.831729424889003227e-02 9.507261903750527376e-02 1.318857615912329417e-01 1.687437290789609023e-01 1.931998497964003136e-01 2.282972102831137828e-01 2.540662398657819177e-01 2.770132795571401685e-01 2.996731541594097603e-01 3.220793983553543738e-01 3.404944239708251885e-01 3.537304036670140817e-01 3.703798996888898465e-01 3.851196651246391323e-01 4.029157287577208590e-01 4.207929024904483728e-01 4.383041182338003328e-01 4.645246717064830388e-01 4.779400720139218017e-01 4.896947804773449930e-01 5.109323093656775727e-01 5.339203381540775784e-01 5.469418836933528372e-01 5.637171778385228205e-01 5.786862364214508947e-01 5.908138327759699937e-01 6.010982775295382607e-01 6.076624058983570720e-01 6.139786858630873478e-01
2.101467753513834580e-02 6.603282572234502046e-02 9.876790809904327506e-02 1.357399953914857071e-01 1.736365916114585572e-01 2.036830453165442978e-01 2.464556060144773575e-01 2.851166543091754879e-01 3.217598360115238032e-01 3.611352130887340306e-01 4.027971123212720217e-01 4.354385929101034503e-01 4.673856104620219276e-01 5.016944112575751902e-01 5.286253094891889548e-01 5.577337090854568302e-01 5.825659264400668835e-01 6.056025777277360689e-01 6.343649152730932439e-01 6.421250932477862161e-01 6.449098710593209605e-01 6.584181552781831481e-01 6.659478398727993742e-01 6.664657226565434689e-01 6.653554930617632257e-01 6.621498843474722396e-01 6.449023426782454216e-01 6.369380756332170268e-01 6.194809069998787887e-01 5.800596701454148185e-01
-1.081274273963224453e-02 -4.197489346436265867e-02 -6.977293490907421347e-02 -9.791129421183961123e-02 -1.254764198990044599e-01 -1.443351449790213903e-01 -1.695390073497493599e-01 -1.901158086881741538e-01 -2.073761259841878368e-01 -2.225718803317223993e-01 -2.417948323710698566e-01 -2.552031644581101433e-01 -2.671589530704853166e-01 -2.793656635293280122e-01 -2.910757442580422238e-01 -3.046337011200626055e-01 -3.195428803543953755e-01 -3.335716830401297406e-01 -3.492486011574644222e-01 -3.641421034393853562e-01 -3.788432002983728175e-01 -3.935335542538285214e-01 -4.115403476317650577e-01 -4.264562334673699939e-01 -4.422624437915382289e-01 -4.602906913252072241e-01 -4.788316579253569794e-01 -4.916932356183802977e-01 -5.053048927290919590e-01 -5.309435840578561328e-01
