4.580305560871683612e-02 6.127327640824774269e-02 7.440934127060273851e-02 8.426906480177887016e-02 9.707167491609741683e-02 1.085160124443659418e-01 1.184947860622275612e-01 1.285171098912673282e-01 1.407067979893224519e-01 1.495641026454922196e-01 1.585958047821095229e-01 1.661603902359778118e-01 1.742878750149845779e-01 1.805171965623685038e-01 1.848705073328696102e-01 1.886085271431659771e-01 1.910515843808046899e-01 1.917618748986462396e-01 1.929171798832123863e-01 1.932592772164742900e-01 1.922118258649537226e-01 1.926408548591883596e-01 1.921516886355063569e-01 1.911752734743658866e-01 1.906718145522899865e-01 1.906427828716986128e-01 1.898698725450854718e-01 1.906815201018274564e-01 1.930452408822510846e-01 2.048332365467780969e-01
8.056500060487409298e-02 9.639398527823470064e-02 1.168572473553609048e-01 1.327036570840189611e-01 1.541744785026238906e-01 1.742893490236938903e-01 1.940072388481169918e-01 2.148340478037111534e-01 2.417653376964547240e-01 2.635363523828716525e-01 2.897883446705414867e-01 3.147990213423927930e-01 3.441497909419430346e-01 3.714349632676978707e-01 4.006382280645259808e-01 4.275004255174579826e-01 4.574938433935120119e-01 4.867720425298610043e-01 5.146337280081051402e-01 5.449009207745295624e-01 5.721407356110942422e-01 6.033802871186347838e-01 6.304662075590911074e-01 6.542051536280475421e-01 6.830774112561882605e-01 7.092949350345425508e-01 7.304969722060815629e-01 7.552938246244969012e-01 7.783896768166467250e-01 8.225544332319080221e-01
-1.131046739168179750e-02 -1.170183507438575694e-02 -1.512732353922498045e-02 -1.723865922684662821e-02 -1.985698295885715212e-02 -2.274510361420807245e-02 -2.569784784693472657e-02 -2.818777932381465873e-02 -3.026166353571507067e-02 -3.365695974169419236e-02 -3.723837206149911705e-02 -4.064790263522218700e-02 -4.465815590143101810e-02 -4.925347300937042705e-02 -5.489395508257637057e-02 -6.026840299176901283e-02 -6.794348743692518733e-02 -7.666246409020271990e-02 -8.415281785766996758e-02 -9.539331014401628006e-02 -1.063804772407414001e-01 -1.195240751514272670e-01 -1.331415842526092463e-01 -1.460728464790193304e-01 -1.623644833068225157e-01 -1.786606576186821060e-01 -1.937254326267829618e-01 -2.116233584993707229e-01 -2.275502847903669856e-01 -2.678407203905309730e-01
2.565775987036674963e-02 3.706747903686943846e-02 4.729140436813013965e-02 5.574143056838169741e-02 6.614291893405710443e-02 7.497415358981107669e-02 8.220971287267447858e-02 8.981161855727803900e-02 9.784102356893829844e-02 1.032667605994884441e-01 1.080410134804258016e-01 1.114497071570933751e-01 1.146453478353705174e-01 1.163010705270315498e-01 1.153606025959071912e-01 1.148314798888689786e-01 1.120170276393848280e-01 1.077077384627008610e-01 1.044912713112093883e-01 9.958566134404467363e-02 9.393655747860177319e-02 8.848907897229607578e-02 8.283965888555126778e-02 7.697861232226727024e-02 7.059628714686455586e-02 6.478144644428995846e-02 5.917817831932563333e-02 5.310239750372778428e-02 4.916913200732674766e-02 4.127739997632026703e-02
4.212842083262789694e-02 5.395858350896558936e-02 6.698783190310431124e-02 7.716025662438480426e-02 9.038544015963656530e-02 1.018224594271618655e-01 1.121150126714053480e-01 1.225889795870396953e-01 1.351233768238899180e-01 1.443403395123598332e-01 1.542298281800804083e-01 1.632748672355464059e-01 1.736294574187598749e-01 1.829003252587559636e-01 1.917378723999126899e-01 2.001921870744839682e-01 2.086843943033937498e-01 2.175905159918939957e-01 2.264241224112241713e-01 2.370830992048706953e-01 2.462777822184867293e-01 2.584914093600844121e-01 2.703082255339952500e-01 2.809873187413107765e-01 2.948855137973319662e-01 3.093873088533958260e-01 3.215207786831861814e-01 3.366418275186077724e-01 3.521737083690948955e-01 3.919415777327275308e-01
3.105842841939428223e-02 2.372114851661843993e-02 2.440427713670966642e-02 2.452383422206363267e-02 2.925739323574371581e-02 3.423180339905423225e-02 4.062140924859519719e-02 4.909387095024330544e-02 6.335580988410824399e-02 7.527521264521838673e-02 9.044888712844736944e-02 1.072251277272416731e-01 1.282711551075594036e-01 1.477076988345241149e-01 1.718206056838756657e-01 1.927146161226303556e-01 2.175526308632806938e-01 2.433542232136117756e-01 2.675561428882504145e-01 2.944492761928450553e-01 3.189317149222010706e-01 3.485897684380331318e-01 3.760287304308343459e-01 4.000763396668125527e-01 4.294666836199064197e-01 4.577413318563380851e-01 4.816584273442214847e-01 5.114709125094375475e-01 5.383242784741733011e-01 6.042815980811165888e-01
8.162165397394966632e-03 1.480760784465025293e-03 -7.781104785005515077e-04 -2.342373269991974982e-03 -1.026009585600650038e-03 1.002760972083367903e-03 3.940708796509639726e-03 8.666341545713255115e-03 1.708284312100410984e-02 2.387351311446827412e-02 3.286567466735898502e-02 4.228597798224642546e-02 5.418713776767600243e-02 6.434645897391530478e-02 7.644784435648704912e-02 8.644910164205214798e-02 9.773119338463540084e-02 1.083641222963775963e-01 1.182623130570069625e-01 1.274925050460317955e-01 1.354434777063751871e-01 1.451129547643876250e-01 1.529351682920874478e-01 1.588380083496370998e-01 1.658261378800284513e-01 1.717613130971295810e-01 1.763405321492681477e-01 1.826986380304945201e-01 1.883160539665367506e-01 2.019502409580805624e-01
-3.573384707173839214e-02 -5.220980838709872451e-02 -6.647637054406523027e-02 -7.676908090977123400e-02 -8.827206184527588984e-02 -9.887758317185613155e-02 -1.074385910893243812e-01 -1.149736977951245076e-01 -1.207987755309821998e-01 -1.270005242177687232e-01 -1.315142150387516584e-01 -1.335983463219787282e-01 -1.344068249031537821e-01 -1.356757675549484232e-01 -1.328716720638392634e-01 -1.311906970479710111e-01 -1.291711227507434390e-01 -1.255645608185099737e-01 -1.217107863838247789e-01 -1.196591338507327212e-01 -1.176536391221789102e-01 -1.158452837139919145e-01 -1.148263148775230391e-01 -1.145276219797383976e-01 -1.153057768653956705e-01 -1.168379121839945300e-01 -1.187318254094869296e-01 -1.220611153353415163e-01 -1.253100986009068885e-01 -1.396590857844604294e-01
6.980900054910765817e-02 9.058241220888309242e-02 1.106698029285474449e-01 1.259155724976850077e-01 1.464878883315213765e-01 1.659548537760246467e-01 1.838058466282742609e-01 2.031113536191656022e-01 2.266202504895110936e-01 2.456624267325674960e-01 2.672314133365691347e-01 2.864821442213268954e-01 3.076572517231537240e-01 3.263277181489107059e-01 3.429309801546673864e-01 3.579460544045713344e-01 3.731590921950375672e-01 3.845631958172701093e-01 3.955372645065900472e-01 4.050044624707057062e-01 4.120386286132036724e-01 4.195982312059803876e-01 4.234322510429360253e-01 4.255644923184928041e-01 4.279267721780146694e-01 4.282187046739434066e-01 4.269414838111967314e-01 4.252138733791780978e-01 4.248987284408846099e-01 4.162314186891000745e-01
-1.584238704833457190e-03 -1.350858370223820618e-02 -2.115126945117658253e-02 -2.723237193842004827e-02 -3.239059463409883766e-02 -3.769687507102348345e-02 -4.199564047765908664e-02 -4.560540115177567216e-02 -4.693415146210003219e-02 -4.903955052529139491e-02 -5.041342311541893717e-02 -4.900054612077422989e-02 -4.486505375190579653e-02 -4.135409868957432705e-02 -3.219219843354106242e-02 -2.487131257203102283e-02 -1.480749224163240181e-02 -4.616212778391082239e-04 1.332226604352623398e-02 3.184114086804312738e-02 4.933445437556886748e-02 7.299936878440312082e-02 9.843975569802708436e-02 1.220182167209930002e-01 1.517021738252035679e-01 1.839933410900452815e-01 2.125664806664074868e-01 2.483331995521145807e-01 2.820330547418031797e-01 3.770338509064457555e-01
6.725191251261042336e-02 1.009087965013879262e-01 1.280189936324691580e-01 1.493136230230319439e-01 1.733077751082114371e-01 1.940741907076186656e-01 2.112569763253127064e-01 2.277440821764552537e-01 2.442667840631332077e-01 2.561504380406202097e-01 2.672496475847933040e-01 2.745188648075903015e-01 2.803957660053190137e-01 2.848419445919768700e-01 2.826907004081664621e-01 2.820357675829979205e-01 2.776795814427468478e-01 2.698483233143139093e-01 2.632531463057942167e-01 2.541070203745839917e-01 2.439120165832802667e-01 2.319751681089601558e-01 2.189041187230747199e-01 2.064536390701040280e-01 1.917356104362254732e-01 1.769090132927695624e-01 1.633456228989457748e-01 1.460551777893733805e-01 1.336302032424755704e-01 9.967790996598932529e-02
-2.280580949666572918e-02 -2.611648962684909314e-02 -3.397760823785942602e-02 -4.009578326315696439e-02 -4.730494692514874977e-02 -5.508858842252541133e-02 -6.312065010682804678e-02 -7.137803389108948737e-02 -8.070956321273986545e-02 -9.024605128839890966e-02 -1.020717409508256623e-01 -1.131702633140745928e-01 -1.256737345458297239e-01 -1.387988007780987798e-01 -1.526666441638539207e-01 -1.663597079360637498e-01 -1.826576291759762494e-01 -1.984068063622329292e-01 -2.128762400143610622e-01 -2.286166199160853951e-01 -2.443031807794867893e-01 -2.592472201193556369e-01 -2.717235693519685080e-01 -2.831199577454699412e-01 -2.961651654295981428e-01 -3.059275784667279674e-01 -3.141711098661224555e-01 -3.218388111457600731e-01 -3.269475545783888104e-01 -3.218977432862363819e-01
4.459787096506161175e-02 4.378533631691407940e-02 5.088488081824331377e-02 5.673632365537695232e-02 6.711662908186578902e-02 7.775521536263869937e-02 8.956817309516304504e-02 1.037557015409466404e-01 1.244164427488787111e-01 1.417964435726404848e-01 1.641913961736619076e-01 1.876775426009959225e-01 2.163933523030391881e-01 2.435723763710004597e-01 2.754388712499059033e-01 3.046746287222135141e-01 3.382440821532634034e-01 3.719490295752159170e-01 4.043303070356565887e-01 4.383012773570509335e-01 4.700501532841721009e-01 5.049787665100826661e-01 5.354543785926882959e-01 5.621043992379557430e-01 5.936871106283201360e-01 6.215549855151492054e-01 6.441644215018073050e-01 6.704062713608638369e-01 6.929851417653082324e-01 7.311718143554651883e-01
-2.735072881608489187e-02 -2.568223736229577336e-02 -3.021026505891595895e-02 -3.335155071916084957e-02 -3.887639793211876416e-02 -4.601813250611847678e-02 -5.422983644163580086e-02 -6.396447905771031339e-02 -7.714709710740799697e-02 -9.047290344145747509e-02 -1.080272668999398278e-01 -1.256430067461744848e-01 -1.462424512726656356e-01 -1.673951199447309968e-01 -1.909077827599596211e-01 -2.128899871784512565e-01 -2.396106059876535466e-01 -2.654177184857325345e-01 -2.888057264318991124e-01 -3.138950970183773670e-01 -3.380368676642331316e-01 -3.624599403210305715e-01 -3.826892654928931159e-01 -4.007148721401148639e-01 -4.213868574913027798e-01 -4.373587546264802173e-01 -4.505750324791812922e-01 -4.644679186493861911e-01 -4.743339610038171950e-01 -4.778393757231188532e-01
1.111654537592110178e-02 1.046711765013084994e-02 1.126739111924302504e-02 1.181838495247597084e-02 1.423212583290095132e-02 1.598020816815645673e-02 1.781742965466709405e-02 2.027934207565476946e-02 2.436482273119804087e-02 2.682865827625331018e-02 2.930373222138545758e-02 3.253105041339510173e-02 3.696032548610769797e-02 3.993939405523336955e-02 4.460297314544227343e-02 4.794185255873684853e-02 5.161793448596295464e-02 5.594139936328252488e-02 6.058657210702477619e-02 6.608891372392949881e-02 7.056226054167819006e-02 7.798605168061401027e-02 8.563447262850121255e-02 9.220265766112932526e-02 1.010962835812627414e-01 1.110564660670856491e-01 1.194022399238472976e-01 1.309829709526254271e-01 1.425489502095394212e-01 1.774447337271784775e-01
-3.440731712146243709e-02 -5.755093626112288419e-02 -7.477310838547801541e-02 -8.743471579637034086e-02 -1.002740959230657702e-01 -1.111418597602066294e-01 -1.190365159354950103e-01 -1.252066840139220982e-01 -1.276199993067225757e-01 -1.302606062543069654e-01 -1.299035553760120865e-01 -1.263138665182155229e-01 -1.200331961751605336e-01 -1.144061800528527184e-01 -1.028835421476259893e-01 -9.388889453190518708e-02 -8.230223606715639240e-02 -6.952529531068415980e-02 -5.708261331982665554e-02 -4.594897340824746768e-02 -3.541821484090840189e-02 -2.390270246070304999e-02 -1.457561906498913880e-02 -6.970034174967012185e-03 6.830786510330921768e-04 6.786115865658127327e-03 1.094148149707846462e-02 1.538658057026400655e-02 1.788283087273557365e-02 1.525180125217043964e-02
4.848239716797496379e-02 6.324079037425690830e-02 7.716139412497191596e-02 8.782180736557917977e-02 1.023161188888720152e-01 1.153882039064931253e-01 1.273029347632571584e-01 1.400328503109136979e-01 1.557967376752286415e-01 1.681421103519645244e-01 1.817159278924912469e-01 1.940777366405481430e-01 2.079459781062439616e-01 2.203515446796811272e-01 2.314250280684428673e-01 2.416245958065599275e-01 2.519284660807384890e-01 2.607685912987997012e-01 2.694436170232412664e-01 2.780634870600305342e-01 2.851563577213025447e-01 2.936580082134881420e-01 3.005685642153362869e-01 3.060643977509596714e-01 3.132536512790312644e-01 3.197146696293661217e-01 3.246765597584386764e-01 3.310857237319422275e-01 3.380351011459363786e-01 3.542996934517857466e-01
5.954512561307152146e-02 7.369387443343367039e-02 8.725420170676756459e-02 9.674879952530938965e-02 1.117026339999533102e-01 1.265350678967759879e-01 1.402410279328379084e-01 1.559320665369712533e-01 1.765790863718811610e-01 1.933269185178098926e-01 2.126162139275669383e-01 2.297783415951612784e-01 2.488683503899651317e-01 2.652392050973004234e-01 2.793715418692331309e-01 2.914417051614944798e-01 3.032593057947564619e-01 3.103125375781515816e-01 3.168799639511019062e-01 3.202495283001521309e-01 3.213767762772232195e-01 3.220726042425856583e-01 3.184162804407154601e-01 3.138815452595802857e-01 3.073857447092315787e-01 2.991736117933272432e-01 2.903636988096657268e-01 2.801737333023410770e-01 2.715788929336133140e-01 2.477602282308477011e-01
-1.439202974690989047e-02 -2.653813179766576977e-02 -3.462853456173226735e-02 -4.022902406583139107e-02 -4.615299301334219867e-02 -5.187144258004967173e-02 -5.597659598445314105e-02 -5.889231111492458648e-02 -5.939535967533721150e-02 -6.092934424784668401e-02 -6.007689151010254386e-02 -5.628624618551910513e-02 -4.967054856861945894e-02 -4.314522150787052784e-02 -3.059670271101071204e-02 -1.909850612716570972e-02 -5.339249971579747983e-03 1.205519928405283936e-02 2.931036498311141020e-02 4.850549975591413737e-02 6.690827476597092927e-02 8.810010284525471302e-02 1.091508104471187457e-01 1.276845922154273005e-01 1.498914345874970966e-01 1.712929540798592276e-01 1.893093109263893348e-01 2.103626771450871069e-01 2.285946095861887128e-01 2.654714145280070436e-01
-1.361953232696677847e-03 2.809936047019697888e-03 3.850078223312845480e-03 5.274919358512011186e-03 6.654113309367537359e-03 7.104902808187367469e-03 7.040071977509297640e-03 7.022457573198432473e-03 6.950130180631172022e-03 5.243195605740394449e-03 2.957404082113262653e-03 -8.093108200758064585e-06 -3.361826873674467892e-03 -7.790467137656765031e-03 -1.400012143990892952e-02 -1.958684083873189763e-02 -2.812366355937110859e-02 -3.746269720356100452e-02 -4.557086827886268343e-02 -5.670850298706948955e-02 -6.800154783001056968e-02 -8.064264994386867447e-02 -9.330270189729621133e-02 -1.054671886417853505e-01 -1.202824650047317895e-01 -1.345897989920930016e-01 -1.474747447785470789e-01 -1.630602975901020713e-01 -1.759164575321107149e-01 -2.065051567500297280e-01
-6.300056751902553820e-02 -8.877313279416546021e-02 -1.117516836791305757e-01 -1.288599156334086226e-01 -1.481278442631986936e-01 -1.660472075193227259e-01 -1.814271244753727641e-01 -1.960467553120943118e-01 -2.100984902307983793e-01 -2.232130993524508444e-01 -2.361710653060315190e-01 -2.458985627627006121e-01 -2.554017658093273857e-01 -2.650316878250305042e-01 -2.707164699232668115e-01 -2.771983469862424609e-01 -2.840820137421938840e-01 -2.888636820342125322e-01 -2.927688425461685839e-01 -2.983749931075801998e-01 -3.034345143388217370e-01 -3.080399353064716128e-01 -3.118307271479035525e-01 -3.154111955409927837e-01 -3.204096418013800407e-01 -3.242039218903026709e-01 -3.275815750339633459e-01 -3.308708150745081067e-01 -3.343635339614805524e-01 -3.379558095444797905e-01
-5.172107891830259735e-02 -5.905273149741510630e-02 -6.932259625969589001e-02 -7.583530932599145957e-02 -8.671264051286600716e-02 -9.917306560883501487e-02 -1.114427968574913663e-01 -1.252201227014109741e-01 -1.425135456100848630e-01 -1.593922806951569571e-01 -1.792653872547504967e-01 -1.972402704865955647e-01 -2.170347367077914980e-01 -2.355272795733511781e-01 -2.533660115221129661e-01 -2.690703418665768565e-01 -2.875332629948594287e-01 -3.016062238043725197e-01 -3.138329239026584339e-01 -3.256742741423283016e-01 -3.364052350280085646e-01 -3.466128813359868333e-01 -3.525039836099539969e-01 -3.577136220468642436e-01 -3.631349796305168853e-01 -3.657438116970084252e-01 -3.671008684395757893e-01 -3.687634945819898702e-01 -3.689087948111098858e-01 -3.624382124887274292e-01
-1.176227188100739673e-01 -1.507545964900367519e-01 -1.865307808941917278e-01 -2.132471519792648040e-01 -2.458495972167802912e-01 -2.766845328713845586e-01 -3.048432032455681284e-01 -3.328600938060590764e-01 -3.637128881660702806e-01 -3.915768050377432807e-01 -4.217844626202203462e-01 -4.486505238915797222e-01 -4.779206057466535706e-01 -5.060706228833591336e-01 -5.330861993209256022e-01 -5.589042595775228772e-01 -5.885212429621479169e-01 -6.162791419103967883e-01 -6.417131879276254391e-01 -6.728563909305972368e-01 -7.013561281782230150e-01 -7.337835163014246875e-01 -7.632471341260406161e-01 -7.902596390004034133e-01 -8.243174979809748670e-01 -8.557481053234093915e-01 -8.828288571207156821e-01 -9.146862011746189625e-01 -9.440745187539881789e-01 -1.005405987549580660e+00
3.058634491089830265e-02 3.049221660724600602e-02 3.585726290119010257e-02 3.999362105239688547e-02 4.847923479602286867e-02 5.690907420054688859e-02 6.586268254101165787e-02 7.649783312985918016e-02 9.169544215242669827e-02 1.040778600369450940e-01 1.190456733655025079e-01 1.342796226889964861e-01 1.524811985801303171e-01 1.688661407885308496e-01 1.872405416627665464e-01 2.033559768402282697e-01 2.214696020920830788e-01 2.390253361147555711e-01 2.557440761402076657e-01 2.733849119808385297e-01 2.888026630393817906e-01 3.077233661172628643e-01 3.241687199516018469e-01 3.380980070763736633e-01 3.553496114842551457e-01 3.712570265154818139e-01 3.840014022493931645e-01 4.006461151850777003e-01 4.157564872767104958e-01 4.508878475645304862e-01
-3.396485698138742432e-03 -8.156147625182845473e-03 -1.081671604125255572e-02 -1.195096969391007923e-02 -1.342497533211304064e-02 -1.533075683451811701e-02 -1.606121729215278029e-02 -1.622534691651897343e-02 -1.416389333876286356e-02 -1.386694289196533508e-02 -1.122274859036564813e-02 -6.711887612644755821e-03 -4.367833819858210620e-05 6.806178811860330233e-03 1.730098951311595870e-02 2.731370108415383247e-02 3.877770207733097219e-02 5.278580971888371942e-02 6.671287959656119204e-02 8.124203017027571694e-02 9.505178248908874306e-02 1.104067164309154164e-01 1.245086163303142229e-01 1.367059192394937117e-01 1.509589415700981763e-01 1.635324251702008624e-01 1.739159575524667489e-01 1.847607635068730658e-01 1.942887468997044065e-01 2.055648278199987966e-01
2.705128955360778034e-02 3.822471374375392000e-02 4.846278393130277334e-02 5.722705190258838698e-02 6.701343225415080929e-02 7.515223560366079969e-02 8.257035490963082758e-02 8.982931075110089925e-02 9.823925401385001643e-02 1.035505942478278096e-01 1.097494938613454568e-01 1.150583438501498051e-01 1.209709386448943047e-01 1.258879355055644578e-01 1.301463498399436369e-01 1.346798563390274872e-01 1.379701106152811385e-01 1.410352777622137510e-01 1.447561609990705989e-01 1.474562278990051989e-01 1.492694934501186954e-01 1.509822201109428108e-01 1.515041400844260311e-01 1.513658002813786929e-01 1.512473450886440696e-01 1.500914372241313188e-01 1.483627824726547195e-01 1.450890427611536693e-01 1.432197893460934457e-01 1.296813284647801434e-01
-6.200936400881572330e-02 -8.117486403986189092e-02 -1.017326745099196295e-01 -1.170988521685614459e-01 -1.358270580952742612e-01 -1.543076356447933284e-01 -1.713420470380361826e-01 -1.886023011213022738e-01 -2.072360375992239045e-01 -2.248234822795111831e-01 -2.441414824952851670e-01 -2.607539411117543171e-01 -2.783291732073721048e-01 -2.955358946144175936e-01 -3.101615608851029937e-01 -3.246779788757033214e-01 -3.406795405680687061e-01 -3.535410385838542724e-01 -3.651519384355173536e-01 -3.775924672124374992e-01 -3.890288887954477248e-01 -3.997018462244629755e-01 -4.071485010441178720e-01 -4.138269513792269816e-01 -4.217180498367223418e-01 -4.265820583148576262e-01 -4.303251456005000031e-01 -4.333813088491101917e-01 -4.354987135121140551e-01 -4.277188605916011910e-01
5.901809239421509923e-02 7.141047523481833248e-02 8.558550658929255095e-02 9.620782857966740653e-02 1.112677778616804336e-01 1.249411272790847405e-01 1.379684041532909522e-01 1.517210914506198771e-01 1.694213117548507563e-01 1.834140999405664829e-01 1.991569373703753754e-01 2.139680406436877680e-01 2.313920832723009025e-01 2.469113950269392066e-01 2.626545226659560139e-01 2.768820792830954947e-01 2.922179764953318770e-01 3.069441711715066301e-01 3.209868445943240833e-01 3.364861598303331980e-01 3.498841098367070912e-01 3.666511029288894719e-01 3.816444320998203521e-01 3.946277540337470580e-01 4.111003831514378759e-01 4.271737420628515247e-01 4.405283196227873788e-01 4.573575441048384205e-01 4.740558491506722261e-01 5.163165539287597472e-01
9.448942141677690518e-03 9.962874118795782274e-03 8.136786702631741003e-03 5.538121001979982166e-03 4.387105708575181687e-03 2.048948470474721770e-03 -1.150142251166771240e-03 -4.396502191441943944e-03 -7.602092505985442311e-03 -1.193171816490131744e-02 -1.840744189496223288e-02 -2.433775922107358353e-02 -3.048848604373013624e-02 -3.814502219393562515e-02 -4.528682086740713764e-02 -5.338856300508136588e-02 -6.239034362141217260e-02 -7.001767323727722814e-02 -7.685328607284477864e-02 -8.134139167623551103e-02 -8.667373816017970301e-02 -8.688504000338666267e-02 -8.360337780067442215e-02 -8.033413806681073688e-02 -7.413437640705156095e-02 -6.276705878559835083e-02 -5.204566281447506326e-02 -3.492541031896278375e-02 -1.649261037236109811e-02 5.878055037718758757e-02
-7.548656248636639865e-02 -9.173993684568200468e-02 -1.138157044797748485e-01 -1.302905740426454073e-01 -1.514227190419913105e-01 -1.725847221826917743e-01 -1.930167236289497268e-01 -2.140834026782805211e-01 -2.387569700303940057e-01 -2.618051508834313701e-01 -2.882860819387098039e-01 -3.127418510448773947e-01 -3.401474218801445737e-01 -3.672431058610143295e-01 -3.943031174007267103e-01 -4.200524265413216884e-01 -4.500474426135463446e-01 -4.778927165542574684e-01 -5.035470139828855940e-01 -5.318380693081238286e-01 -5.587193323509798137e-01 -5.864868582894551263e-01 -6.100279216865187593e-01 -6.311332303189660653e-01 -6.565752510374469608e-01 -6.773220925064750153e-01 -6.945290247918176618e-01 -7.139374519573032929e-01 -7.295649477731334098e-01 -7.490256356489042311e-01
7.221048831132293941e-03 1.174436763799134413e-02 1.433027471249092091e-02 1.657505024846075981e-02 1.981029179663806525e-02 2.262565521219262604e-02 2.491786007880290865e-02 2.775059913714317261e-02 3.189937550371221842e-02 3.399689419643617261e-02 3.639515314623627262e-02 3.814270288497195738e-02 4.000643650783036742e-02 4.088700526427095638e-02 3.989789272508454526e-02 3.917910713401195899e-02 3.641346089472087544e-02 3.222851381582254870e-02 2.873503345169787365e-02 2.240533896573173450e-02 1.555533966129643564e-02 7.795343720365083273e-03 -9.980436824185319467e-04 -9.718604443685937427e-03 -2.065334266134906394e-02 -3.174740827894863282e-02 -4.217418913773594846e-02 -5.426472858118550069e-02 -6.442666293497788244e-02 -8.949100678746940707e-02
-6.653566451241868518e-02 -9.343894174144383447e-02 -1.205611167603382883e-01 -1.413620923969076681e-01 -1.650811840260650309e-01 -1.862169667799050687e-01 -2.045785653780860525e-01 -2.210426548124407864e-01 -2.360268584149756155e-01 -2.496858686926108906e-01 -2.618333716819766233e-01 -2.700140905218290643e-01 -2.773883462288273538e-01 -2.844339867355246132e-01 -2.868047294257221047e-01 -2.903231590979493681e-01 -2.934096516216700978e-01 -2.951433427535866683e-01 -2.964761756547921179e-01 -3.011357079670168302e-01 -3.052058003108085726e-01 -3.107254509152103661e-01 -3.168280579651368001e-01 -3.231228063053970256e-01 -3.327201900025220094e-01 -3.427822337581735157e-01 -3.520424387829226842e-01 -3.634830001812947020e-01 -3.752278254464491702e-01 -4.058857322636627019e-01
3.069493483542613116e-02 4.151142992675758980e-02 5.112892514190088555e-02 5.878750298182371797e-02 6.836737646620413833e-02 7.632621672575939931e-02 8.329996351365304141e-02 8.998100411086720762e-02 9.811811978759886477e-02 1.034305578697329031e-01 1.088201164452004543e-01 1.133706772159700643e-01 1.186813385019454548e-01 1.226363016703401199e-01 1.259521786251531772e-01 1.289132745104452638e-01 1.310170523558469025e-01 1.333186437237011690e-01 1.358507151841733263e-01 1.392260757879015542e-01 1.411395047335389785e-01 1.454316193202262741e-01 1.498462766388299616e-01 1.534726464421156122e-01 1.587192027611737666e-01 1.649906183835291584e-01 1.702061605108190767e-01 1.769475984235143462e-01 1.851300475636646348e-01 2.087541047895629664e-01
2.103001614824241694e-02 3.387033276703275281e-02 4.222790240281834584e-02 4.898865664153428945e-02 5.641704443003066338e-02 6.171446058141556029e-02 6.572965216427914537e-02 6.921983526139936782e-02 7.238301767032270795e-02 7.316531199940298769e-02 7.256295308432458846e-02 7.097711281222707225e-02 6.851017027058714515e-02 6.473154685282717091e-02 5.885727986038208348e-02 5.339653245295673811e-02 4.536597416651188402e-02 3.669080460914328490e-02 2.931335662106362983e-02 2.064306022005498245e-02 1.128468291736002549e-02 2.466289436294058154e-03 -5.799061502560043380e-03 -1.369565242370839389e-02 -2.240886501605908465e-02 -2.985873892938894700e-02 -3.670665833922214655e-02 -4.389013332654911892e-02 -4.839828041964985839e-02 -5.330005856152356114e-02
2.511064454171983359e-02 2.672500303038425479e-02 3.045907549682571464e-02 3.318289937824041302e-02 3.942207371168073016e-02 4.589228218190777309e-02 5.245155054644572157e-02 6.084205442780914880e-02 7.303856446943907121e-02 8.302669622353850420e-02 9.507888666984813664e-02 1.072349680157274471e-01 1.215555005830189911e-01 1.343150062799194355e-01 1.479331579169305966e-01 1.597446473691518376e-01 1.727632489641788005e-01 1.841494262936395898e-01 1.951692704261522304e-01 2.055887799407458694e-01 2.143337107585635004e-01 2.243648072484149825e-01 2.321452406746797315e-01 2.382724162347830132e-01 2.453284565986091348e-01 2.513545304464771535e-01 2.557033500008182303e-01 2.613465165654361710e-01 2.666002358895298574e-01 2.773637151787842203e-01
4.928270809309908546e-02 7.101856482897640765e-02 9.057151896073042940e-02 1.067759838576547854e-01 1.256704325735707450e-01 1.429411856380373713e-01 1.585784462657350291e-01 1.744872444328255667e-01 1.924568372637577296e-01 2.063113897732488100e-01 2.215905087194962042e-01 2.340661335004350918e-01 2.468955607169446564e-01 2.584683353909864589e-01 2.655206250884800667e-01 2.735324312912197353e-01 2.788930433763736061e-01 2.808821221649720479e-01 2.832530981878870202e-01 2.820442352248703766e-01 2.791938942131021451e-01 2.739138164144672705e-01 2.650520998336862721e-01 2.555999438942704316e-01 2.434174194453522511e-01 2.281577511417888227e-01 2.133299644937005635e-01 1.937390615856183496e-01 1.771630821905094966e-01 1.198869231410828462e-01
-3.753997848210093025e-02 -4.972949130960655634e-02 -6.377275906722672250e-02 -7.399218699925072529e-02 -8.799732315892647150e-02 -1.019718102336190368e-01 -1.143198849925489979e-01 -1.268201718325774885e-01 -1.390851713010789192e-01 -1.516533506479902094e-01 -1.629775453970674082e-01 -1.711205570728410175e-01 -1.782390927458369079e-01 -1.842607682632334820e-01 -1.852242362639441864e-01 -1.859456679531351075e-01 -1.859099089101051705e-01 -1.814193106752483020e-01 -1.763787615254190089e-01 -1.704554625116077304e-01 -1.642025057244529129e-01 -1.568486951389601314e-01 -1.484424906393209953e-01 -1.405397676219817815e-01 -1.318219333514330516e-01 -1.225518164770625223e-01 -1.149094897767243550e-01 -1.070806348180973616e-01 -9.972088889177853355e-02 -8.703192832665615497e-02
8.297313646722129232e-02 1.123932718213009468e-01 1.373212689555420030e-01 1.559021514432808730e-01 1.800673661801647785e-01 2.022815424908101234e-01 2.212311230074087698e-01 2.408298174443220252e-01 2.629587609164905637e-01 2.805589077743054216e-01 2.978754902924116155e-01 3.112711056032815282e-01 3.245572338080150443e-01 3.349471041482209865e-01 3.390622534736002502e-01 3.426785782131765989e-01 3.437343919804134451e-01 3.393099836212973841e-01 3.353395165504133857e-01 3.288136388337047356e-01 3.201103028672415141e-01 3.115166092847800883e-01 3.007858255520474700e-01 2.900651499266438949e-01 2.778693914647781815e-01 2.660400826354514803e-01 2.545164727507353009e-01 2.427499016290530220e-01 2.348652033365367375e-01 2.238913325809458732e-01
-3.663586798361682939e-02 -5.077927185221711714e-02 -6.369613399797424691e-02 -7.287657327265156804e-02 -8.289113944969646319e-02 -9.213479297350314623e-02 -9.983608378581625142e-02 -1.067081134273113324e-01 -1.127097804638988732e-01 -1.188957428288902746e-01 -1.246911117850400541e-01 -1.288894195195905146e-01 -1.330412234853219078e-01 -1.376060094271811529e-01 -1.406102461761963573e-01 -1.441653709136340167e-01 -1.488231451558570118e-01 -1.530956506512125004e-01 -1.567137258320487336e-01 -1.628305830550607070e-01 -1.689043187457307527e-01 -1.758455271003854514e-01 -1.829542421534938457e-01 -1.899892014519115047e-01 -1.993079627743176152e-01 -2.085657238164404792e-01 -2.170968674455252545e-01 -2.269978155410144749e-01 -2.362775667867232643e-01 -2.589139950427040704e-01
-2.645911394270642619e-02 -4.139678277286130276e-02 -5.455021288638308569e-02 -6.534653954664715325e-02 -7.540324411381474357e-02 -8.527115830548115394e-02 -9.391358235102634233e-02 -1.013645975669139609e-01 -1.076751466799094892e-01 -1.138366008316628736e-01 -1.205111632895587565e-01 -1.246815334548126708e-01 -1.276590018777142843e-01 -1.316200020409375449e-01 -1.319688967071867280e-01 -1.338562867518753863e-01 -1.351283101478416571e-01 -1.341313208741602425e-01 -1.326240778409653598e-01 -1.299063372404429539e-01 -1.276180769689485017e-01 -1.213769338611493803e-01 -1.130592316156237703e-01 -1.057924853082184286e-01 -9.591496105661873051e-02 -8.323585107141097394e-02 -7.187417224791742276e-02 -5.556752146449236984e-02 -4.007534329931421169e-02 1.418905877754566593e-02
3.163500939266293555e-02 4.573591282199647445e-02 5.742341019412046388e-02 6.722992875910639710e-02 7.902845105947549353e-02 8.993690492419224858e-02 9.954522378794165849e-02 1.097938909199644431e-01 1.218501213126649274e-01 1.306133351550731181e-01 1.404697830622351762e-01 1.479032373250292187e-01 1.554645784948286424e-01 1.614652787268233969e-01 1.634480018646929933e-01 1.658720273388193112e-01 1.654297146358987003e-01 1.615143895939113172e-01 1.580865564377975929e-01 1.501307496177906042e-01 1.412933197757005044e-01 1.296450234959654613e-01 1.148596936297106019e-01 1.004534305501879332e-01 8.195525322975150129e-02 6.163706389401323038e-02 4.281755172865672754e-02 1.894645990568249311e-02 -1.632431455975910835e-03 -6.137891050586097297e-02
6.724117368961142482e-02 7.995609856439128693e-02 9.741330872928619100e-02 1.111341506498988441e-01 1.310474786979185513e-01 1.503302797616756226e-01 1.691379502589247519e-01 1.897233919899282695e-01 2.160880510075404159e-01 2.377967906512922780e-01 2.633385840875647199e-01 2.869828073276219360e-01 3.137380515158859628e-01 3.380630799967697109e-01 3.617625966133846127e-01 3.832753130360112559e-01 4.062848806930589030e-01 4.261802366858795099e-01 4.449570851777763791e-01 4.632803535196590161e-01 4.789079612327920010e-01 4.961030921687880069e-01 5.089023785338102623e-01 5.191432294092362953e-01 5.313076367798243993e-01 5.405309496278836168e-01 5.473177434410205766e-01 5.549950465056541216e-01 5.624986053384130047e-01 5.702613596081370639e-01
1.957012994396451280e-02 3.186788719438593542e-02 3.931875183812757329e-02 4.504154433844077821e-02 5.159368289924636669e-02 5.711018698446816699e-02 6.137320341944719343e-02 6.581993051728990407e-02 7.106674665051490591e-02 7.389854538417424401e-02 7.661396710691675827e-02 7.837437258613887126e-02 7.976500748232262517e-02 8.025133703300559029e-02 7.821363877129695885e-02 7.672279920378391460e-02 7.291152997912592193e-02 6.728109420847679101e-02 6.268038563513499140e-02 5.530899501619199882e-02 4.716284996785174988e-02 3.808481118876910765e-02 2.777587452090719833e-02 1.774581967563066548e-02 5.469727368432580200e-03 -7.089770937318217413e-03 -1.917080437446841076e-02 -3.310906251501157666e-02 -4.464956392168747956e-02 -7.352502499779184353e-02
-1.968583877837409152e-02 -2.783843093534415017e-02 -3.614920047481460369e-02 -4.249629902364533696e-02 -4.896748697123445848e-02 -5.531301101017627175e-02 -6.105015494902515244e-02 -6.626630308352050858e-02 -7.045955892503368012e-02 -7.559330573828232369e-02 -8.063743738968438823e-02 -8.450974565138356931e-02 -8.811448880022140773e-02 -9.250861655151759733e-02 -9.552197279821264542e-02 -9.920004920192339315e-02 -1.038159543298967369e-01 -1.078908930759930607e-01 -1.111182756616713729e-01 -1.156603538513802376e-01 -1.205173868100747891e-01 -1.245858362444475648e-01 -1.280459700249234334e-01 -1.316268584549331044e-01 -1.359763390373917580e-01 -1.389939175777773761e-01 -1.420190463660191693e-01 -1.444802482230323759e-01 -1.462775094065775217e-01 -1.447017091193140426e-01
-3.326066028403090735e-02 -3.625616096206384781e-02 -4.331268938518732792e-02 -4.814807357674286137e-02 -5.523469015088872114e-02 -6.336768905482030589e-02 -7.170627307487509317e-02 -8.059398281087153115e-02 -9.142978136452764581e-02 -1.024538155761395009e-01 -1.156528214330626997e-01 -1.278562512371582693e-01 -1.416233648927509581e-01 -1.549384077181975017e-01 -1.691110052794368435e-01 -1.819211818533474911e-01 -1.972885711205900061e-01 -2.110600269335860812e-01 -2.233053136544674577e-01 -2.366855073648198027e-01 -2.494416941862865333e-01 -2.624813153315029290e-01 -2.729909033298382193e-01 -2.826808872830574582e-01 -2.939546914324415727e-01 -3.029725017519234176e-01 -3.104528015976051880e-01 -3.189542810459428113e-01 -3.252502340043648688e-01 -3.329928469552528858e-01
-5.691523239928973806e-03 -2.093297022531929487e-03 -2.426246325299608389e-03 -2.633446756085769738e-03 -3.122141905827489558e-03 -4.256086398420922193e-03 -5.896768271755808977e-03 -7.428255787989199860e-03 -9.036689183910375303e-03 -1.224668351810074933e-02 -1.592163406328906544e-02 -1.971693174116624994e-02 -2.423543861721682083e-02 -2.942121339808715166e-02 -3.583596999888236795e-02 -4.184129173993706569e-02 -5.025796293838865475e-02 -5.911839446096386896e-02 -6.691576035555321655e-02 -7.709381720077793099e-02 -8.750072273787568022e-02 -9.857730931169488009e-02 -1.097109284418749664e-01 -1.201060386187199625e-01 -1.327745886562874955e-01 -1.446606825911264382e-01 -1.557313296023729310e-01 -1.684527308088534514e-01 -1.786500489657504853e-01 -2.011316719717115287e-01
1.023012786998163913e-03 -3.793302567073848081e-03 -5.617672116887014594e-03 -6.780028386126762951e-03 -6.174471670703637546e-03 -5.503513246011286671e-03 -4.071876220196079567e-03 -1.246829053439079196e-03 4.295734529416482712e-03 8.212009598989425049e-03 1.388380528937372717e-02 2.065010168567326526e-02 2.934034604028475796e-02 3.687812490028372775e-02 4.694235976443306146e-02 5.557645637550029383e-02 6.525540154929612702e-02 7.531145950938347711e-02 8.536301140532268072e-02 9.516971423000146479e-02 1.040115867134597666e-01 1.145426201028892504e-01 1.235776581676024111e-01 1.312674472937409020e-01 1.402227043271741524e-01 1.485007293859849364e-01 1.550070060626935475e-01 1.626980842374896874e-01 1.698973439145625153e-01 1.832203721595339063e-01
-6.382451664219593312e-02 -7.403898514728682323e-02 -8.881400240450519623e-02 -9.899230258301891516e-02 -1.129150420392075471e-01 -1.272928381859703972e-01 -1.411503944248819753e-01 -1.555676072510664698e-01 -1.731096095861034689e-01 -1.903276300811564958e-01 -2.098544552384787321e-01 -2.287314259016780538e-01 -2.504431221773140703e-01 -2.715512503750473483e-01 -2.946960961220715935e-01 -3.156986368109725993e-01 -3.415497703423061027e-01 -3.663446150059853634e-01 -3.890797019979750360e-01 -4.157591635412554720e-01 -4.408505903723949348e-01 -4.688038083158289071e-01 -4.942370792312519301e-01 -5.174083027418703296e-01 -5.456436426442400345e-01 -5.716719861083230381e-01 -5.940230208104351206e-01 -6.204167283728644344e-01 -6.432942057007554615e-01 -6.922655484779958179e-01
6.924819200347639980e-02 9.077717390625132665e-02 1.108234840107123753e-01 1.261187605780460796e-01 1.455666215063914914e-01 1.634955553359128955e-01 1.800605607650692108e-01 1.970220081849716753e-01 2.180700913146187692e-01 2.343955261828736536e-01 2.533157808999560445e-01 2.702694075875317070e-01 2.891442620509508399e-01 3.064393196050745338e-01 3.223944510758784965e-01 3.373251026566758681e-01 3.527604841925027213e-01 3.664034211360622795e-01 3.792988372763763105e-01 3.925848450586691962e-01 4.038429994698766179e-01 4.167126742132126749e-01 4.267916490161196563e-01 4.352947321577648743e-01 4.458258736184190774e-01 4.548145047228719928e-01 4.615311299512557808e-01 4.696939849624207630e-01 4.784879790702578628e-01 4.950647661637367358e-01
-8.259554014760139840e-02 -1.232904033334334681e-01 -1.587384567262900559e-01 -1.863244487346692735e-01 -2.160455331264806156e-01 -2.434480141431291655e-01 -2.671504239619293952e-01 -2.891421185130993998e-01 -3.098640465087301732e-01 -3.282028428079805105e-01 -3.465069487175584384e-01 -3.594238469448409190e-01 -3.707540955178040831e-01 -3.824443500659429618e-01 -3.861830869861510029e-01 -3.923758814716699073e-01 -3.967826441970598861e-01 -3.967456951286507660e-01 -3.964926510300937346e-01 -3.955054616536456402e-01 -3.940455128718315936e-01 -3.888875439558577285e-01 -3.810326923458350890e-01 -3.740367854054088559e-01 -3.654604728684058834e-01 -3.537399560005772270e-01 -3.427789235978333515e-01 -3.272422158081488841e-01 -3.139304979111098848e-01 -2.636989680036996297e-01
1.624628066465162723e-02 3.222219685818129842e-02 4.255538137576456159e-02 5.150368186736219156e-02 6.086110514075204758e-02 6.823246116156031493e-02 7.378402590051941212e-02 7.851512185503478625e-02 8.235849892140664763e-02 8.373172114195581717e-02 8.335456564778437327e-02 8.086935179942979224e-02 7.654367620614212220e-02 7.129357993426665985e-02 6.111321425434625143e-02 5.209480673390810834e-02 3.912789163618403399e-02 2.431920623726113034e-02 1.067099216089123503e-02 -5.799619773839914671e-03 -2.263234701013468186e-02 -4.073304127596455437e-02 -5.893051746473972063e-02 -7.577752581990877812e-02 -9.573269292631567118e-02 -1.147140223750475058e-01 -1.316842623849801275e-01 -1.516571165964515910e-01 -1.673337737438555795e-01 -2.017815792675617392e-01
1.178298794154981899e-02 9.924758547586546090e-03 1.030825591426244060e-02 1.105002985493280104e-02 1.398381367275262910e-02 1.708236132661485399e-02 2.078729479309812667e-02 2.581205641017034896e-02 3.439349269657231145e-02 4.076189876902583387e-02 4.931355089544423032e-02 5.806827817108295431e-02 6.896246753686113840e-02 7.842927028824155100e-02 8.910546709961444933e-02 9.847734097852159363e-02 1.082482056393322400e-01 1.171926260189204289e-01 1.259682409090599198e-01 1.333918055577109629e-01 1.396449303617688098e-01 1.466455671295540664e-01 1.512118055696252406e-01 1.547258161273906141e-01 1.583411014466180045e-01 1.606643227360019521e-01 1.615017842644890234e-01 1.627275171679167520e-01 1.638332857478090321e-01 1.620249904894758564e-01
1.796659000966989439e-02 2.580544075927766051e-02 3.278008343218551807e-02 3.889540635689308495e-02 4.631068362787078840e-02 5.289264956927817313e-02 5.903274356720171478e-02 6.553357423719224917e-02 7.379775712791081244e-02 7.959370043072426515e-02 8.639103004410442210e-02 9.255031199370152006e-02 9.950014150552545511e-02 1.056675511483031876e-01 1.107825455045190616e-01 1.159265567241994921e-01 1.202194917023213239e-01 1.235805133005392215e-01 1.271629980774446611e-01 1.295064741373904427e-01 1.307750914188162694e-01 1.318192644825434134e-01 1.312434822769953935e-01 1.300826651540513967e-01 1.282978066651735971e-01 1.255252979521181145e-01 1.222103828515321289e-01 1.175496073405195574e-01 1.141277872812445499e-01 9.917165301457260551e-02
-7.167607114117405254e-02 -1.004669028921261476e-01 -1.259761830301382446e-01 -1.443778041219275499e-01 -1.662370736715491626e-01 -1.856426584581870320e-01 -2.011402666667851946e-01 -2.151955882840659862e-01 -2.267302552794892290e-01 -2.377325388361366809e-01 -2.451882825418738587e-01 -2.486239046369296268e-01 -2.503502853808577400e-01 -2.510480131297246897e-01 -2.458662082241435676e-01 -2.414566144772700151e-01 -2.356914780031115764e-01 -2.280778633147708678e-01 -2.200041349500573562e-01 -2.159284907505986673e-01 -2.109073204062498763e-01 -2.090948681113337093e-01 -2.096744703159852397e-01 -2.112244851332936713e-01 -2.160690160376122215e-01 -2.243882309531965435e-01 -2.329871572366530308e-01 -2.459984885729218917e-01 -2.608353942116453106e-01 -3.190627118977057419e-01
4.734564848591726882e-02 6.940103979669495771e-02 8.759361959133844799e-02 1.020984775119198051e-01 1.194066980941938666e-01 1.349275018452368580e-01 1.482206436801626614e-01 1.616729542755959148e-01 1.766290009438080399e-01 1.877933322999752741e-01 1.992308392177331022e-01 2.075569898689778869e-01 2.152744784605550299e-01 2.217278433329266940e-01 2.222188870804104321e-01 2.236165198779004049e-01 2.216718045079126564e-01 2.155841382787630489e-01 2.103527271426408052e-01 2.006649472772181475e-01 1.898877474133131016e-01 1.763694967411501280e-01 1.602923954452521726e-01 1.443905802173192643e-01 1.247541212313015291e-01 1.035207224113770669e-01 8.382012888318639277e-02 5.961667938594263777e-02 3.905131686680025915e-02 -1.676519276300527522e-02
4.006743493163700265e-02 5.938365885268444277e-02 7.664025989163721075e-02 9.122616049238410629e-02 1.075092072043017793e-01 1.221955633895245863e-01 1.358380533455385009e-01 1.495858705352684226e-01 1.656627438514125250e-01 1.776677332155065236e-01 1.918912904437571065e-01 2.039687554073100761e-01 2.168260963467465996e-01 2.289092503731383899e-01 2.378681868863918025e-01 2.477185807674587847e-01 2.557637803361823559e-01 2.613083405981297958e-01 2.672896070680423342e-01 2.695867503068478110e-01 2.708275573789779012e-01 2.692771215209046609e-01 2.638466489702748774e-01 2.574725668443798576e-01 2.486455361165591516e-01 2.357881648128814511e-01 2.231049778473112311e-01 2.054005171414969577e-01 1.894579653499176286e-01 1.286647806236446701e-01
1.479308688866040888e-01 1.894890435266251005e-01 2.330288368864663895e-01 2.657567238892229455e-01 3.090134663183978225e-01 3.495769702215385522e-01 3.868530223193581974e-01 4.251192054313879254e-01 4.705652529424466102e-01 5.083845655455638823e-01 5.497488816288993441e-01 5.860590228237193555e-01 6.258592646030127771e-01 6.617859178089960936e-01 6.934735725838231390e-01 7.223787497596140250e-01 7.530225616141641432e-01 7.779594507796859792e-01 8.013339358758110320e-01 8.261936028680255673e-01 8.465377410091331489e-01 8.709891165831282756e-01 8.898758204054579846e-01 9.057465248198693919e-01 9.261217168383623077e-01 9.441883927832844803e-01 9.579765339002346280e-01 9.753757939210658812e-01 9.937298558813436600e-01 1.033726426055933789e+00
-2.243531761878436032e-02 -4.038254780883561434e-02 -5.433163172857659318e-02 -6.569254557923129290e-02 -7.614269055634453887e-02 -8.596110436627278639e-02 -9.434717763750997965e-02 -1.015968227466784446e-01 -1.068554148517703029e-01 -1.120245365597381387e-01 -1.173312271844192817e-01 -1.202536742536445269e-01 -1.216936174453756847e-01 -1.243540539240007847e-01 -1.231328630609311026e-01 -1.241034488913073386e-01 -1.240547857443666108e-01 -1.221825822169880782e-01 -1.202829257790591355e-01 -1.179497670239170182e-01 -1.162879032961744996e-01 -1.112208337866805730e-01 -1.049303801864280017e-01 -9.969998594352878774e-02 -9.299069196944154125e-02 -8.396050822305628492e-02 -7.598045344855078320e-02 -6.466304838521638731e-02 -5.361417818301646154e-02 -1.291285076664230175e-02
-4.161218582865646581e-02 -5.973013006297601957e-02 -7.793916834710142016e-02 -9.288037215037320271e-02 -1.083635553279090474e-01 -1.229631863212105325e-01 -1.363672516301013549e-01 -1.487340024160588858e-01 -1.607359898043721480e-01 -1.718086731979558412e-01 -1.840335362571967059e-01 -1.936329761249415415e-01 -2.031294131362999800e-01 -2.130504541694994702e-01 -2.207160849355062071e-01 -2.294035263181148643e-01 -2.381820469759143022e-01 -2.457816159831930636e-01 -2.522895942827382831e-01 -2.599652433066903523e-01 -2.673032921879038293e-01 -2.730424084407327423e-01 -2.768478139157659612e-01 -2.805784944374133394e-01 -2.850131445788477436e-01 -2.865105931693018304e-01 -2.875063224827107966e-01 -2.867071230770458778e-01 -2.852916861397546411e-01 -2.663420835437205758e-01
-6.370268642825641092e-02 -8.169110610208564494e-02 -1.011537581664121166e-01 -1.156437611301152218e-01 -1.325622555568201633e-01 -1.486743580389336961e-01 -1.635886155247784357e-01 -1.778625166846869721e-01 -1.934755315456427038e-01 -2.079820488044493154e-01 -2.241839320263755986e-01 -2.386439694851066884e-01 -2.547824962412877925e-01 -2.709007544930358558e-01 -2.873954081008066597e-01 -3.031544596032204608e-01 -3.222477501256509336e-01 -3.410266964086737795e-01 -3.582295042657943629e-01 -3.795153236448288170e-01 -3.998986443700397464e-01 -4.221404932693725298e-01 -4.430081893078622324e-01 -4.623756495308476433e-01 -4.866359556776808648e-01 -5.089865495780412363e-01 -5.282520446192567887e-01 -5.505444354705792964e-01 -5.702814996350729082e-01 -6.093667295328072386e-01
-8.866340923559574982e-02 -1.150760988181887962e-01 -1.405087325977977530e-01 -1.583543326902910331e-01 -1.827416192302025455e-01 -2.069760100240151113e-01 -2.283278959000930031e-01 -2.506682723240282740e-01 -2.749766297034254570e-01 -2.980199551141438086e-01 -3.212334937827944215e-01 -3.401348560432503887e-01 -3.592876502865462451e-01 -3.761270891090970903e-01 -3.876861642242203088e-01 -3.976859881240524253e-01 -4.084004206050254604e-01 -4.126974631608140154e-01 -4.155871751702849837e-01 -4.187282463390422094e-01 -4.200779764095976532e-01 -4.216728860849566773e-01 -4.206600127079425100e-01 -4.194860965510102124e-01 -4.188915697735280941e-01 -4.176081775192543311e-01 -4.162666762779675400e-01 -4.163587575294428467e-01 -4.172710193528988976e-01 -4.262203195763192842e-01
-5.956718797296813375e-04 -5.646243713522436022e-03 -9.177243905573546565e-03 -1.174685606615372656e-02 -1.309234173200105739e-02 -1.358200532283665093e-02 -1.310020304838525537e-02 -1.100321285219358833e-02 -5.421985027010401553e-03 -1.745034648574651792e-03 4.851739762087694044e-03 1.211533843988792103e-02 2.105996387957548288e-02 2.933751304685236483e-02 3.876442655727450892e-02 4.721501361748055986e-02 5.594573333199665682e-02 6.345487523282221376e-02 7.097668479829855048e-02 7.523783412317643082e-02 7.864395738566339056e-02 8.087402289917865195e-02 7.971804545069553771e-02 7.770349684806943102e-02 7.352243068571513718e-02 6.684334833847846435e-02 5.960500869192568441e-02 4.984462057637492616e-02 4.025933915237595723e-02 4.904018268347262385e-03
1.189754698686807388e-01 1.498950708934835008e-01 1.846600512079767942e-01 2.118747321513822779e-01 2.472962432821817214e-01 2.815437307734034444e-01 3.144831599653324372e-01 3.491542133857460373e-01 3.924881897161563993e-01 4.283820761878373018e-01 4.713126680390284928e-01 5.102407586010899720e-01 5.539738379741496743e-01 5.952390128529936320e-01 6.342630394735249144e-01 6.710341810603558388e-01 7.104615503085106587e-01 7.446529300596056444e-01 7.767569706165556864e-01 8.073497751141385237e-01 8.342907245077320066e-01 8.613814167079864026e-01 8.796435691121912148e-01 8.943396735372599604e-01 9.106862863858129487e-01 9.201821161497025781e-01 9.255204006895823010e-01 9.294095854743631424e-01 9.325064846447322919e-01 9.100221071354794855e-01
-5.066613930737009358e-02 -6.714954127583198928e-02 -8.407589466566747771e-02 -9.645839089435728764e-02 -1.109729243975870472e-01 -1.246521439437730250e-01 -1.368061118275452626e-01 -1.479897985177340003e-01 -1.592299801480065169e-01 -1.701013462700566858e-01 -1.808834576394255655e-01 -1.892379672348853403e-01 -1.978844496446084122e-01 -2.066083499725233641e-01 -2.128690693586799965e-01 -2.196075748372771919e-01 -2.272695769349760420e-01 -2.336639406992114254e-01 -2.392533129418973892e-01 -2.471093572623598023e-01 -2.547205289077834056e-01 -2.630613542835779639e-01 -2.711273268568034078e-01 -2.786869502411308264e-01 -2.889020227094516446e-01 -2.985802384264484299e-01 -3.072232375533430204e-01 -3.181300106664546323e-01 -3.276743892337403707e-01 -3.516561508411150117e-01
7.875607854011600073e-02 1.097654127527387807e-01 1.369147217101452374e-01 1.581199127022522299e-01 1.837476714044069537e-01 2.067957927534266327e-01 2.267257575440674022e-01 2.467337766662844878e-01 2.685926870093144347e-01 2.859316300721732040e-01 3.031537410522094911e-01 3.170512624262157297e-01 3.310003760698723707e-01 3.427760999625170113e-01 3.494235867507483606e-01 3.561357399565759918e-01 3.607713959883781518e-01 3.616538667519084149e-01 3.629836629190073549e-01 3.633175278113703333e-01 3.613172339009921852e-01 3.600646944681614170e-01 3.567908168074291897e-01 3.529813423702670150e-01 3.491891255471490929e-01 3.451376870025936183e-01 3.406383113685109709e-01 3.356452773193288608e-01 3.337964497175788248e-01 3.294251822235326754e-01
-1.142855153826593806e-01 -1.605057660718386126e-01 -2.027393159965558411e-01 -2.348518281442287248e-01 -2.716993296587958406e-01 -3.057495537422630916e-01 -3.351062651398268866e-01 -3.632117118547135703e-01 -3.910548807908074131e-01 -4.158070424053977865e-01 -4.401142586180175065e-01 -4.581160738910030616e-01 -4.757152993925218842e-01 -4.923954382275870234e-01 -5.007826027767054988e-01 -5.109260608048779018e-01 -5.197081984601225058e-01 -5.238860704987780004e-01 -5.273489963021391613e-01 -5.316870115894709592e-01 -5.349708437107147940e-01 -5.373623033930475801e-01 -5.375713083511914903e-01 -5.376815098422672579e-01 -5.393428264785363746e-01 -5.389353701572998645e-01 -5.382022240868709062e-01 -5.371345290354548885e-01 -5.373526303053578479e-01 -5.310303394033454305e-01
-1.809896231134332928e-02 -2.463802842009076705e-02 -3.299676035408530966e-02 -3.962997901277691415e-02 -4.685192398270447700e-02 -5.452767684412000021e-02 -6.210489138844668688e-02 -6.938884883412940741e-02 -7.708279540074863823e-02 -8.503553666746159478e-02 -9.445363853530855391e-02 -1.023712180062413407e-01 -1.102608421455139182e-01 -1.190443690053922532e-01 -1.262613179004901665e-01 -1.337778350324246024e-01 -1.424147476043781391e-01 -1.491967014547089521e-01 -1.549569328701186632e-01 -1.604073187428299574e-01 -1.659618097412535465e-01 -1.690018786819101337e-01 -1.698106061522861032e-01 -1.703340428110901583e-01 -1.701615717568899233e-01 -1.666873102247338201e-01 -1.633713319597691060e-01 -1.576153720229929445e-01 -1.505478431577935983e-01 -1.185310531485793545e-01
3.883548558532239070e-02 4.843271891250409966e-02 5.796743701330928783e-02 6.506571675832115154e-02 7.443333479075806003e-02 8.219085314935944964e-02 8.911094358505092239e-02 9.626542499853654733e-02 1.057988896692228648e-01 1.123514001474049395e-01 1.198396944880099763e-01 1.276049908430725299e-01 1.374017730707233209e-01 1.461313327359284042e-01 1.566886379428485410e-01 1.663476265461044379e-01 1.772800703191599325e-01 1.898384395787063306e-01 2.022844490841453902e-01 2.176981001557065087e-01 2.316957942737400411e-01 2.501356764238077957e-01 2.685683458754044572e-01 2.854177781355302645e-01 3.069777787834171989e-01 3.296488398841799228e-01 3.488728987001509241e-01 3.731235345644729473e-01 3.966148471456887870e-01 4.586770595457643207e-01
-4.409907696704469526e-02 -7.555096843577352450e-02 -9.857618461630035522e-02 -1.164425082727908733e-01 -1.339988764265757915e-01 -1.494850480793557534e-01 -1.617834092309076433e-01 -1.721584254773053935e-01 -1.790499040957570231e-01 -1.854040724553896458e-01 -1.896414498199315846e-01 -1.897390919261002784e-01 -1.867887455535128804e-01 -1.844068306319586459e-01 -1.747391591184061510e-01 -1.676493564012135062e-01 -1.576267952878245837e-01 -1.444294650568057059e-01 -1.316706125762537316e-01 -1.174358843048218526e-01 -1.039093991942670880e-01 -8.647165832640997529e-02 -6.864383010409218222e-02 -5.289007754498097069e-02 -3.413385860509143138e-02 -1.441475882513255577e-02 2.564108937781873696e-03 2.439505887827153954e-02 4.323683967714621323e-02 9.556454336447936515e-02
-4.459376412046912874e-02 -6.408385543455510924e-02 -8.253957441157042108e-02 -9.654673429463769829e-02 -1.120807575184810251e-01 -1.265891141075023985e-01 -1.390113024234066463e-01 -1.506242649639830955e-01 -1.609230350139212729e-01 -1.709367083332873904e-01 -1.802294077666874161e-01 -1.867240111227159716e-01 -1.923394045988803258e-01 -1.982889723888656142e-01 -2.001796177483594896e-01 -2.033323859486979579e-01 -2.060880876559285646e-01 -2.068452064206402763e-01 -2.072735070985777250e-01 -2.087375347409599624e-01 -2.100231569381859065e-01 -2.103004883631573452e-01 -2.100059743287951974e-01 -2.099976834419690630e-01 -2.106560155708799009e-01 -2.102815950482263829e-01 -2.098958638826960987e-01 -2.090536664749611251e-01 -2.081263632257044638e-01 -2.012261144776964772e-01
1.319373097536727553e-02 1.782877952918449083e-02 2.126969420905319708e-02 2.411178169993611134e-02 2.826971111860968749e-02 3.158311085092074810e-02 3.454635114655263406e-02 3.803755184562633562e-02 4.290658085773306485e-02 4.559539253960205596e-02 4.882851589825002586e-02 5.199189922387446872e-02 5.575193382934469366e-02 5.845032803055816295e-02 6.114941319088602889e-02 6.347149663513622364e-02 6.494335148457509865e-02 6.634514065757633750e-02 6.806032969815127565e-02 6.943182271612498291e-02 6.972756159237630813e-02 7.117722250581960675e-02 7.221877946535383563e-02 7.272244085554105397e-02 7.352994368862657282e-02 7.480099125738443044e-02 7.540458632202703959e-02 7.653792185346233734e-02 7.884173525194716758e-02 8.594771102252593553e-02
1.835793590245357945e-02 2.392591471304202425e-02 2.780143148601065331e-02 3.053192555990236895e-02 3.558011287301554582e-02 3.981243574186375811e-02 4.320509860124968626e-02 4.721809726727677764e-02 5.231369812565322963e-02 5.581818514206196569e-02 5.818559378600932780e-02 6.036393068465406575e-02 6.255222718740316434e-02 6.279752550013813217e-02 6.204192926497906907e-02 6.036253433504787380e-02 5.758274936955871948e-02 5.322698879080828976e-02 4.994730326995122649e-02 4.563042680950271657e-02 4.062069907835643562e-02 3.716260719164253545e-02 3.402966826583538745e-02 3.071311336819273347e-02 2.773188287335347918e-02 2.630638718654654956e-02 2.475559510682021763e-02 2.565430685447962419e-02 2.779293799689538241e-02 4.579932630764647905e-02
1.710260441711350735e-02 1.940074794929979099e-02 2.299847909327816520e-02 2.629216266171857663e-02 3.149922208176056393e-02 3.626348074551172251e-02 4.109355427856178217e-02 4.678164815799577825e-02 5.490543749628916392e-02 6.080506401920700299e-02 6.790697210081714230e-02 7.468008127558384279e-02 8.273308264432857606e-02 8.929264242149108355e-02 9.583027658365474155e-02 1.014867752378741800e-01 1.066265729134067003e-01 1.105140203257234388e-01 1.146326606732409326e-01 1.165989020236550960e-01 1.175498418823608948e-01 1.184282645174751791e-01 1.173338261211981648e-01 1.153868612449567288e-01 1.125652538822085463e-01 1.086803031637229577e-01 1.042580092728743191e-01 9.871381471034904043e-02 9.421684336187517717e-02 7.862942984360259124e-02
1.224937735823295598e-01 1.592361048541325319e-01 1.964007185536156275e-01 2.249386991038284656e-01 2.618057142362805734e-01 2.966503683364152266e-01 3.286852477318186749e-01 3.619741901379575078e-01 4.014730384630994520e-01 4.343345155804777535e-01 4.708381603883014521e-01 5.029606560191425269e-01 5.378947733194733294e-01 5.696575908727790072e-01 5.970226900330332098e-01 6.228117421494475670e-01 6.493205929560301737e-01 6.700303087957868442e-01 6.896329321968573955e-01 7.086304466918521561e-01 7.241082390104985889e-01 7.407305418902440097e-01 7.513790447118147142e-01 7.598401859742203168e-01 7.700459561708785650e-01 7.767754543275114942e-01 7.805915082997255672e-01 7.849199423917927465e-01 7.905819130923560367e-01 7.926807802064443909e-01
5.058605410193110080e-02 8.158580992308706037e-02 1.053417302256102472e-01 1.239441772579212703e-01 1.445339127252711076e-01 1.604915365291756379e-01 1.722768795289944810e-01 1.814192480336842828e-01 1.870670185365850835e-01 1.895239484143117770e-01 1.863207048244843733e-01 1.793611216360460614e-01 1.684525211642994846e-01 1.561095920163020900e-01 1.356236896450821738e-01 1.173491908159595420e-01 9.344564379055678160e-02 6.823135631841502347e-02 4.524110551262053304e-02 2.309755047547253429e-02 3.945319334960955757e-04 -1.978764022049477392e-02 -3.567073445784246788e-02 -4.957571286229950358e-02 -6.268876990612157196e-02 -7.026249594309613711e-02 -7.591241908670887106e-02 -7.880726404674651131e-02 -7.600332958737329725e-02 -3.967804955780766807e-02
1.159552822139979372e-01 1.391992183807541084e-01 1.671146501805202966e-01 1.876589686597541495e-01 2.178828351229775695e-01 2.482451850277379579e-01 2.779368433856572174e-01 3.111693868295416499e-01 3.544012357015140502e-01 3.914293232265095845e-01 4.355991448613761308e-01 4.773380386091375938e-01 5.246882722495644913e-01 5.692237947667617703e-01 6.128388082662652447e-01 6.529810571708456468e-01 6.973161787907589115e-01 7.353504147554519310e-01 7.710868300412152543e-01 8.049151159179828152e-01 8.348664809234500606e-01 8.651673162612413259e-01 8.863019408997414583e-01 9.031316487707418128e-01 9.217305538698343792e-01 9.334226315411371377e-01 9.409660729935318546e-01 9.481456191610604378e-01 9.538356971322288214e-01 9.430148089921542853e-01
-1.443123703818008363e-02 -1.939070902651036238e-02 -2.675766943212995116e-02 -3.329416000966595179e-02 -3.905741170154478775e-02 -4.423601293628347253e-02 -4.927479105027932071e-02 -5.304459502181500807e-02 -5.563630347338156118e-02 -5.899484558529814737e-02 -6.254598936982433410e-02 -6.526238227762733157e-02 -6.863019401466691205e-02 -7.297560184556881047e-02 -7.781767509010932560e-02 -8.354090356717025490e-02 -9.070670967614774538e-02 -9.963464195811752577e-02 -1.076625240191377425e-01 -1.191561999465744065e-01 -1.307305324271419988e-01 -1.433229606446844162e-01 -1.562715644785360181e-01 -1.686658687402189383e-01 -1.842898153338084488e-01 -1.990857002267278908e-01 -2.122635919869731436e-01 -2.267278202198395043e-01 -2.392179703334556540e-01 -2.613176795538419417e-01
1.706844973872914673e-02 2.551289890541964117e-02 3.055692029739180693e-02 3.428775632338589702e-02 3.918783961236012997e-02 4.300448869678313857e-02 4.588007663339931791e-02 4.855352003164018632e-02 5.195606572522065009e-02 5.313355140360573325e-02 5.377529221090338041e-02 5.361242684120501312e-02 5.300096577752523574e-02 5.137808254243866890e-02 4.773912796904527384e-02 4.416491480730137809e-02 3.866358267815899613e-02 3.235055180525727575e-02 2.674913612653051845e-02 1.994622400513375304e-02 1.251407131893696699e-02 5.719794600160012232e-03 -9.184074747096565572e-04 -7.075487320291671753e-03 -1.404451726190289115e-02 -1.948282219668344417e-02 -2.450884254882537000e-02 -2.950982744983058834e-02 -3.198814005684689349e-02 -2.993856782932516336e-02
-7.088008277201858498e-02 -9.250691988658779619e-02 -1.155291590664841023e-01 -1.325140168093967563e-01 -1.528973258186045459e-01 -1.721635254346451926e-01 -1.897095881151507069e-01 -2.070472147525504458e-01 -2.255766728487290651e-01 -2.426035622776374356e-01 -2.612040497587087562e-01 -2.773361889394172497e-01 -2.946649878260595434e-01 -3.118819116404671354e-01 -3.276768460828932694e-01 -3.432962363634207148e-01 -3.612798741105493483e-01 -3.781241011879327152e-01 -3.932959868243763868e-01 -4.122424314551499935e-01 -4.298106876149252464e-01 -4.494581320510290245e-01 -4.673630905845655992e-01 -4.838645729800799544e-01 -5.047565112944601973e-01 -5.237397705438078255e-01 -5.401572726311122397e-01 -5.594769890706745574e-01 -5.769294402702203062e-01 -6.119761969305290705e-01
-1.168756851248023421e-03 -1.783243992930582701e-03 -3.477385833583645190e-03 -4.491632256799964716e-03 -5.267829769467781073e-03 -6.337547368063679160e-03 -7.313139860715191579e-03 -7.843664289678860951e-03 -7.303427556668809495e-03 -8.318986415139121432e-03 -9.103951769052560233e-03 -9.519497012714076348e-03 -9.843678731849563393e-03 -1.109529337397530818e-02 -1.229231808274488039e-02 -1.367933581068093984e-02 -1.659602484294105812e-02 -1.979694748642967655e-02 -2.232251615823714966e-02 -2.673514684092771765e-02 -3.183456548103841266e-02 -3.698526568672891313e-02 -4.253732224410347595e-02 -4.808579845601008984e-02 -5.527374265419517096e-02 -6.214253728150816863e-02 -6.848689872307962834e-02 -7.599224854028262255e-02 -8.174584310327068226e-02 -9.453340541642366035e-02
5.300229516532543178e-02 6.321115917000545703e-02 7.549528559013488072e-02 8.458804640399428254e-02 9.836931943246708665e-02 1.115291056686827653e-01 1.243312622722308886e-01 1.384147619358009895e-01 1.575100292564976801e-01 1.727102305250141356e-01 1.910720690096432417e-01 2.087719117721346662e-01 2.293149132256953326e-01 2.482467488352331220e-01 2.679097080890276428e-01 2.855285806855980546e-01 3.052256201516216905e-01 3.238252574292163066e-01 3.413332796011394055e-01 3.598496170452505916e-01 3.761104643995921704e-01 3.953367172970699839e-01 4.116947266854684151e-01 4.257397466849387468e-01 4.428538562003632717e-01 4.584227968274863785e-01 4.710659352287236423e-01 4.865924632026938923e-01 5.014974742286165688e-01 5.341427668440463794e-01
2.565629947269271530e-03 -1.123441091543334741e-05 -1.672636088405810365e-03 -3.018846623081581498e-03 -2.999417533822166908e-03 -3.123106462456254340e-03 -2.893866565105693289e-03 -1.861686059236038367e-03 7.665402086850991656e-04 1.947505606235064302e-03 3.453095601375322579e-03 5.589458637396488294e-03 8.405879338600198009e-03 9.904744254268647852e-03 1.235066953823502588e-02 1.374769770957292442e-02 1.478285515050921373e-02 1.540209184435959409e-02 1.668284266333068533e-02 1.675944207317656837e-02 1.615669227667782676e-02 1.631858133270282576e-02 1.628229697971692036e-02 1.553075123185899790e-02 1.465951957866283920e-02 1.427120411251904877e-02 1.339109317441643590e-02 1.309449781202961377e-02 1.365411116741347894e-02 1.765424231118210147e-02
4.049483459876655062e-02 4.753437594774212460e-02 5.657562671812046279e-02 6.343481588791599624e-02 7.510530505997721484e-02 8.663233931449479397e-02 9.766030157579801141e-02 1.104725581620647767e-01 1.275752016481271900e-01 1.414479854495829525e-01 1.575803782709179479e-01 1.724840059019885907e-01 1.892841609299358296e-01 2.037326842180768871e-01 2.172603424077589884e-01 2.287866809485832875e-01 2.407091171129533413e-01 2.494958521232090720e-01 2.579360342091782110e-01 2.647755596121596500e-01 2.698650394032967026e-01 2.763149077923897634e-01 2.797326761759205693e-01 2.816417161358868992e-01 2.840921821457941254e-01 2.853553168303658572e-01 2.853019251595684258e-01 2.868137158351077298e-01 2.884777118712076316e-01 2.933370610409638535e-01
2.428196321779682587e-02 4.292227886774587636e-02 5.560609560637927440e-02 6.653268805687800880e-02 7.705619020940313035e-02 8.524147874702465988e-02 9.179987215957186031e-02 9.728836625158757134e-02 1.021140541873104129e-01 1.039176041531093692e-01 1.050488720849862695e-01 1.046624740284928107e-01 1.031775063450702662e-01 1.009544429271791860e-01 9.611430704281445636e-02 9.246421583800074062e-02 8.577479988702732538e-02 7.860710989589698994e-02 7.255569526290939208e-02 6.478955920323174744e-02 5.662714842726038894e-02 4.705002697456087124e-02 3.748407597030253835e-02 2.847850342232198864e-02 1.780889237509309525e-02 7.086583745223215200e-03 -2.947606386159769276e-03 -1.595958086906680562e-02 -2.561142873389467278e-02 -5.441891625867763260e-02
1.368384187918984529e-01 1.840700349951762682e-01 2.302985169156755996e-01 2.663639901888754657e-01 3.106205930348587829e-01 3.516767142103038313e-01 3.891872266970640148e-01 4.271009602287732521e-01 4.706229591720451078e-01 5.059936302810184028e-01 5.453118194174073619e-01 5.784881448960483841e-01 6.137821966035390542e-01 6.461758017480042637e-01 6.717105317442401136e-01 6.968233226021667281e-01 7.210168201292460610e-01 7.389130274928612518e-01 7.558534573046891136e-01 7.710055744118338161e-01 7.824089904784611305e-01 7.935838651308287917e-01 7.979175027035567691e-01 8.002173775343199846e-01 8.028938789511510521e-01 8.008396711293003234e-01 7.967276409767526379e-01 7.903210297076280755e-01 7.863204900848581591e-01 7.565078203486840236e-01
6.345117001980482563e-02 9.020854204672104637e-02 1.124716439986074290e-01 1.295164138742889992e-01 1.499672073758850643e-01 1.676382716030267450e-01 1.824874010272662384e-01 1.971124266043768891e-01 2.127436921188340102e-01 2.244151129894577656e-01 2.353876142785628622e-01 2.438670549938995458e-01 2.523864925070342102e-01 2.590518952869617642e-01 2.620814824451017655e-01 2.652905077127038491e-01 2.667409973215894015e-01 2.663945623640949778e-01 2.666822025573010735e-01 2.669686562349386505e-01 2.658781356175301536e-01 2.662804979042309172e-01 2.662853094945997756e-01 2.658539117738901725e-01 2.667130820958482085e-01 2.682973921963718311e-01 2.692097578581814088e-01 2.714362594253075800e-01 2.759611128391591395e-01 2.922824339022712659e-01
1.608173924027156698e-01 2.026900910160593094e-01 2.488495687021568537e-01 2.842904079049217714e-01 3.303341886813574435e-01 3.736939798194999773e-01 4.146440205340238272e-01 4.572119088008313459e-01 5.088093042167947111e-01 5.518854534071234719e-01 6.014606920505308763e-01 6.466799438332575534e-01 6.978210315781108175e-01 7.457610649082506704e-01 7.920532831242477201e-01 8.356557523547294419e-01 8.833099388721437073e-01 9.268969926954321314e-01 9.679484825094279987e-01 1.012102944638812341e+00 1.051492956659006550e+00 1.095461680361766721e+00 1.131759707933122749e+00 1.163491548822774835e+00 1.202411769759881732e+00 1.236140987968881610e+00 1.263204064957138106e+00 1.294587014146027615e+00 1.324326093895251244e+00 1.377270247876649867e+00
4.629847513866297906e-03 1.099004557042320904e-02 1.141158352413142174e-02 1.148722016252599898e-02 1.209602895990371206e-02 1.239599363846100727e-02 1.192686986658867895e-02 1.184625874039338042e-02 1.264944472514737545e-02 1.162802823242750465e-02 1.023351887612823467e-02 7.810232637830299279e-03 4.219516509245976529e-03 -4.109619630162176032e-04 -8.553687443654077807e-03 -1.656062867893952351e-02 -2.766913403339152019e-02 -4.170273878533474476e-02 -5.476992285947780703e-02 -7.278965594507269543e-02 -9.104390281220235692e-02 -1.117187389836244438e-01 -1.334322841156797557e-01 -1.541080859241526213e-01 -1.797891863050108396e-01 -2.051970742264444814e-01 -2.280723467259421766e-01 -2.545458115079594630e-01 -2.774496681140686261e-01 -3.280747455469099072e-01
-1.330012022559459370e-02 -1.947803553546126332e-02 -2.436743552933804194e-02 -2.749166452193808549e-02 -3.079169261200655899e-02 -3.453457496388879361e-02 -3.782441929826566018e-02 -4.066417519841449002e-02 -4.308137272977179133e-02 -4.619890890960448582e-02 -4.956624493560856520e-02 -5.174724646567040870e-02 -5.332064187794801485e-02 -5.537898335139287281e-02 -5.612529831125549762e-02 -5.685389101967761039e-02 -5.828510994356293773e-02 -5.832436557369671121e-02 -5.758190082842182256e-02 -5.732311115263612200e-02 -5.717414106277202146e-02 -5.591778559839140350e-02 -5.416265796792475024e-02 -5.286133851095414782e-02 -5.114160565060434094e-02 -4.860590100933358249e-02 -4.667737868007121316e-02 -4.397565770988946798e-02 -4.087102377975389278e-02 -3.118514923363397556e-02
4.115118586127387845e-02 4.360544084127578046e-02 4.925520109075066932e-02 5.249931824821077453e-02 6.191775479678765515e-02 7.207511776116359847e-02 8.198974043102406906e-02 9.404696441082328884e-02 1.114185844182107032e-01 1.258999420178827378e-01 1.420808803853183255e-01 1.569061244585491788e-01 1.733721912293891276e-01 1.867461049595618983e-01 1.984056934768210489e-01 2.068904267271910458e-01 2.156951853688488241e-01 2.193907265805372098e-01 2.227156918080210879e-01 2.226230020144870370e-01 2.206899319332765452e-01 2.193029527636719267e-01 2.145538974103969876e-01 2.088201778104123163e-01 2.015945754559398950e-01 1.937396859635055202e-01 1.857703180356070627e-01 1.784800767829036183e-01 1.724436027569640484e-01 1.651613874171269924e-01
-5.012751458341232341e-03 -8.609093683127986424e-03 -1.253759661239295387e-02 -1.559702244300543994e-02 -1.891982745740212676e-02 -2.277172191762993556e-02 -2.635573090138320501e-02 -2.980557380566833253e-02 -3.228910209647684049e-02 -3.583271154856977614e-02 -3.926551630211783800e-02 -4.083050051049442325e-02 -4.117884567442130911e-02 -4.177196752571873950e-02 -3.929892106986752898e-02 -3.754633864967608925e-02 -3.480750788960665365e-02 -2.931238751302032985e-02 -2.346728884069347598e-02 -1.561049862064679480e-02 -8.136263617629164308e-03 2.535742926823823101e-03 1.457735406897657168e-02 2.555195850835480578e-02 3.958514862900171238e-02 5.523517482635443426e-02 6.903083186087902168e-02 8.641162213800154812e-02 1.032086440267513117e-01 1.512124682112571672e-01
5.794129664263091874e-03 6.819427872393930834e-03 7.266474519219561640e-03 7.905012833174889647e-03 9.833016948688152320e-03 1.183741559318117476e-02 1.392713311054255727e-02 1.685120323328410941e-02 2.175455669263463496e-02 2.478694698931149798e-02 2.873045954966584048e-02 3.247574814524940845e-02 3.677677358565223376e-02 3.981184166914359529e-02 4.225877337557428642e-02 4.413362188419089893e-02 4.474565503979878456e-02 4.363401143006056387e-02 4.316430276626256196e-02 3.981282069647354427e-02 3.563981956847978028e-02 3.072577845318617135e-02 2.408955308795871983e-02 1.716585695543879422e-02 8.196834471155262439e-03 -1.302144824038339171e-03 -1.088643300152999059e-02 -2.180757341457450343e-02 -3.149171452642409580e-02 -5.713825097193653973e-02
4.175182290274670471e-02 5.759051349038455531e-02 7.293615680589191075e-02 8.604358116395199874e-02 1.010019319054159814e-01 1.143993335569910980e-01 1.268512857335364341e-01 1.398416484892519018e-01 1.553615223748107954e-01 1.671044912392291026e-01 1.812089774633053318e-01 1.943502479867187382e-01 2.092523360972523006e-01 2.232527903599555996e-01 2.369130027575793440e-01 2.505382458602248841e-01 2.640938630440686774e-01 2.770129630151043632e-01 2.899368415451117342e-01 3.021741659793594215e-01 3.128448978237483580e-01 3.237909347411906391e-01 3.317878018273035523e-01 3.378569292794105783e-01 3.449524818593623920e-01 3.491766296741447007e-01 3.514203658175649170e-01 3.525253944567692810e-01 3.536948566128789717e-01 3.399785055984493320e-01
4.328910084338691289e-02 4.304022755382200943e-02 4.792361682874722584e-02 5.067044416110356997e-02 5.972571619545727351e-02 6.979470779833253646e-02 8.029254637124436100e-02 9.352957132168340793e-02 1.131922334334382885e-01 1.299687171590582779e-01 1.501352595716221872e-01 1.702694500509978059e-01 1.938462539907063464e-01 2.148053554057859638e-01 2.372508010935953371e-01 2.559573777418682750e-01 2.776821290579364332e-01 2.965248987041514961e-01 3.139601573348793084e-01 3.311895020348627483e-01 3.460414971407769769e-01 3.640555848696654384e-01 3.782508594454603301e-01 3.900803439897016500e-01 4.041933152910284210e-01 4.169431410547264072e-01 4.270732497759496260e-01 4.407868268898591513e-01 4.536157459918940260e-01 4.869966674560375353e-01
-1.016745984720109248e-02 -1.617160350812155839e-02 -2.330447399639158645e-02 -2.935174579600739395e-02 -3.380403967627372552e-02 -3.727704355248824541e-02 -4.061483310620991882e-02 -4.242071319331081752e-02 -4.244788543529451341e-02 -4.311166793954437915e-02 -4.402235234193517532e-02 -4.466790727935478211e-02 -4.540006338805589736e-02 -4.782675648989677397e-02 -5.130970695322172731e-02 -5.589280014130992846e-02 -6.211691380847091798e-02 -7.103848225534921401e-02 -7.915134058920939020e-02 -9.123627939470507764e-02 -1.037056659185248281e-01 -1.171164443974055391e-01 -1.313151037170884605e-01 -1.450140960976703808e-01 -1.621558914612763747e-01 -1.782223795433252600e-01 -1.929454984594851097e-01 -2.087818359277175684e-01 -2.224496734932908115e-01 -2.463257031591025159e-01
8.907570902407480062e-02 1.247751998839186083e-01 1.560967124699969011e-01 1.805295535750539027e-01 2.101844019999650759e-01 2.368898548466574216e-01 2.604605773031881122e-01 2.841414668879866934e-01 3.102648350551143741e-01 3.308075260457009059e-01 3.522485941403871168e-01 3.692349075212587595e-01 3.860937751579523458e-01 4.006229761931572875e-01 4.086748377297264589e-01 4.168259244800283092e-01 4.224381458152915991e-01 4.230623865467934008e-01 4.238120083331041732e-01 4.222409893799241587e-01 4.181293800077527933e-01 4.133138819863886870e-01 4.052201550459482715e-01 3.965634305461216980e-01 3.864588601427531578e-01 3.747043383357645530e-01 3.631738013175936364e-01 3.489472465177978489e-01 3.386138319082839798e-01 3.073111353377160349e-01
-4.718023057316196589e-02 -4.760390736533721967e-02 -5.682133126859967992e-02 -6.317933510758207138e-02 -7.325992044940408954e-02 -8.467333149802222514e-02 -9.696995717468674669e-02 -1.105172667243219387e-01 -1.284088922620367224e-01 -1.461052923495239075e-01 -1.678408646635261847e-01 -1.897627149233852006e-01 -2.156518518917114047e-01 -2.411464995101098574e-01 -2.707654148297004015e-01 -2.978779958121082760e-01 -3.309381834656615617e-01 -3.634686671365532362e-01 -3.935957485840323455e-01 -4.272539380105039308e-01 -4.595023150090840613e-01 -4.939137551073793375e-01 -5.246240057066782203e-01 -5.522787894953786747e-01 -5.851950427247100128e-01 -6.140369054850198793e-01 -6.382679827571452469e-01 -6.659714149755141532e-01 -6.886722654005091870e-01 -7.259674608840187560e-01
5.245923834549268833e-02 7.193783665803808736e-02 9.076889047214942163e-02 1.060394247548206992e-01 1.239359290198964181e-01 1.394747572990781004e-01 1.534117390931560299e-01 1.675941706584321012e-01 1.834668441936668226e-01 1.953975868533130711e-01 2.084930511025491762e-01 2.199495257891103950e-01 2.326456975202730870e-01 2.443183360416933403e-01 2.542048720788888660e-01 2.646629174863865952e-01 2.742611809488387786e-01 2.832240551871942902e-01 2.925245936970736760e-01 3.016903172621170914e-01 3.094740688237588300e-01 3.180281626395896066e-01 3.246217568582578927e-01 3.298566681106709364e-01 3.366744906940116189e-01 3.418407731471310718e-01 3.452520985057855873e-01 3.484188060289244437e-01 3.523649595699388515e-01 3.509770286022729779e-01
7.026784223667988105e-02 9.354320981997553408e-02 1.157548948874800032e-01 1.332520452109303144e-01 1.552395785822636987e-01 1.755554912396797007e-01 1.941195268526727802e-01 2.136848193057673817e-01 2.369567825319156273e-01 2.556804339691106653e-01 2.765156286410199171e-01 2.949776779489208800e-01 3.148513764857022723e-01 3.326095747145983994e-01 3.475468803968913556e-01 3.616712901042435369e-01 3.753553021895095765e-01 3.852338901370316315e-01 3.950173567836381960e-01 4.024462352364117645e-01 4.077609253443048032e-01 4.126787460308051214e-01 4.131487973637674171e-01 4.124543480021302666e-01 4.110544544106773390e-01 4.066816602422566040e-01 4.011827014167397842e-01 3.935633420913280944e-01 3.878199278988550547e-01 3.608279704504102070e-01
-3.167111335117994003e-02 -4.502636945417151648e-02 -5.809088904144736609e-02 -6.841031296732316691e-02 -7.907008566134436645e-02 -8.851294812043064564e-02 -9.695702849925516564e-02 -1.045504744322383606e-01 -1.110448897963290937e-01 -1.175123472844169514e-01 -1.240605846672044321e-01 -1.289019239622779534e-01 -1.341217822304786311e-01 -1.399277594728093876e-01 -1.447295513385235821e-01 -1.503784149028143946e-01 -1.566767332617828856e-01 -1.638207954420189960e-01 -1.696551151974587668e-01 -1.785964402091652636e-01 -1.871428613982187017e-01 -1.964125754443453720e-01 -2.055338927637068713e-01 -2.143142401261973196e-01 -2.256454355046298710e-01 -2.359784121467729534e-01 -2.454158648953669308e-01 -2.553755058599906924e-01 -2.643969930442467975e-01 -2.795143468266019782e-01
