4.644342362880706787e-01 3.007485568523406982e-01 -1.066464185714721680e+00 -6.042577028274536133e-01 -4.033170342445373535e-01 1.136097192764282227e+00 1.303665488958358765e-01 -6.697248816490173340e-01 1.974453330039978027e-01 8.129560202360153198e-02
-2.917256057262420654e-01 -6.860649585723876953e-01 1.157316863536834717e-01 5.840600728988647461e-01 5.512499809265136719e-01 -3.538162410259246826e-01 5.068908929824829102e-01 -6.653115898370742798e-02 -2.665888369083404541e-01 -1.126893982291221619e-01
-3.061122298240661621e-01 -3.762922585010528564e-01 2.828145921230316162e-01 5.458774566650390625e-01 1.933964788913726807e-01 -4.352810084819793701e-01 2.530030906200408936e-01 3.451686501502990723e-01 3.068197146058082581e-02 2.743324963375926018e-03
-9.056108444929122925e-02 -8.044185638427734375e-01 -1.782712221145629883e+00 5.647814273834228516e-02 7.182058691978454590e-01 8.072598576545715332e-01 -3.575408458709716797e-02 3.769840672612190247e-02 -1.668511480093002319e-01 -4.218243360519409180e-01
-2.830596864223480225e-01 -6.450356841087341309e-01 -5.701991170644760132e-02 1.202902048826217651e-01 -3.575149774551391602e-01 4.010141193866729736e-01 7.775444388389587402e-01 -1.100691080093383789e+00 4.806968569755554199e-01 -7.192535400390625000e-01
9.489995837211608887e-01 -2.585336267948150635e-01 -4.022611975669860840e-01 4.624485671520233154e-01 -1.302475929260253906e+00 -5.533168315887451172e-01 5.152995139360427856e-02 -7.630979418754577637e-01 3.037824034690856934e-01 2.399962246417999268e-01
2.244206964969635010e-01 3.936874866485595703e-01 -4.268773496150970459e-01 -2.278010696172714233e-01 -1.854756474494934082e-01 -1.879370957612991333e-01 -5.447373911738395691e-02 -1.226569488644599915e-01 -1.708473116159439087e-01 5.261350870132446289e-01
-6.994668245315551758e-01 -1.450721472501754761e-01 3.352218866348266602e-01 5.318207144737243652e-01 5.587710738182067871e-01 -3.299413323402404785e-01 1.727524995803833008e-01 7.482939958572387695e-01 2.493773996829986572e-01 -3.234367072582244873e-01
1.881256103515625000e-01 3.062217831611633301e-01 -3.572756052017211914e-01 -8.063835501670837402e-01 -4.347035288810729980e-01 5.957374572753906250e-01 2.925624251365661621e-01 -4.510555565357208252e-01 1.365158855915069580e-01 -1.553151756525039673e-01
7.241050601005554199e-01 2.865636348724365234e-01 -1.426052302122116089e-01 -3.975093662738800049e-01 -2.790195047855377197e-01 2.269467413425445557e-01 -2.716117501258850098e-01 -6.337983012199401855e-01 1.585060209035873413e-01 1.571235479786992073e-03
