2.990991175174713135e-01
8.385185599327087402e-01
2.518127560615539551e-01
7.003365457057952881e-02
-1.211852073669433594e+00
1.310737580060958862e-01
1.166232228279113770e+00
8.700106143951416016e-01
-8.850792646408081055e-01
1.741331696510314941e+00
-1.315226703882217407e-01
1.357846975326538086e+00
-2.024424076080322266e-01
4.771952629089355469e-01
1.191647529602050781e+00
1.135519027709960938e+00
1.131665587425231934e+00
1.058107495307922363e+00
2.530342340469360352e-01
5.190742611885070801e-01
-2.405091673135757446e-01
1.851508140563964844e+00
-1.185482442378997803e-01
2.411861658096313477e+00
5.222832560539245605e-01
-1.963931202888488770e+00
8.557493239641189575e-02
-5.525129437446594238e-01
-1.598706245422363281e-01
-6.269519329071044922e-01
-1.687050461769104004e+00
8.297503590583801270e-01
-4.407400786876678467e-01
1.002981185913085938e+00
-1.794067263603210449e+00
-1.771338582038879395e+00
1.542358100414276123e-01
-1.091281026601791382e-01
-3.235119879245758057e-01
8.409779071807861328e-01
1.437090873718261719e+00
-1.146228790283203125e+00
3.727031648159027100e-01
1.316386222839355469e+00
1.972924113273620605e+00
-7.382246255874633789e-01
6.143386363983154297e-01
1.355376839637756348e+00
-1.271304368972778320e+00
-9.647275209426879883e-01
-1.908037424087524414e+00
-3.867210075259208679e-02
-1.403888821601867676e+00
-5.453388690948486328e-01
6.252717226743698120e-02
