-3.527032136917114258e-01 -9.923898577690124512e-01 7.381173372268676758e-01 2.489737719297409058e-01 6.215668916702270508e-01 -8.943830430507659912e-02 -1.757048070430755615e-01 -7.194621562957763672e-01 5.060334801673889160e-01 5.417475700378417969e-01
1.486097574234008789e-01 -4.112083464860916138e-02 3.443343192338943481e-02 5.339434742927551270e-02 2.204421460628509521e-01 2.748751342296600342e-01 6.522850990295410156e-01 -6.919258832931518555e-01 1.509487479925155640e-01 8.795163631439208984e-01
3.905640542507171631e-01 4.806459695100784302e-02 1.375727057456970215e-01 8.332929611206054688e-01 7.929605990648269653e-02 2.203366458415985107e-01 -7.502661705017089844e+00 -1.426447153091430664e+00 7.040927410125732422e-01 3.537453114986419678e-01
2.718399763107299805e-01 -7.507214546203613281e-01 -4.325526952743530273e-01 -5.113583803176879883e-01 -2.066842615604400635e-01 2.891987562179565430e-01 -9.370668791234493256e-03 -1.340026974678039551e+00 -5.415995717048645020e-01 1.625490307807922363e+00
-7.412367314100265503e-02 -7.262308001518249512e-01 8.298601508140563965e-01 7.445200085639953613e-01 5.786958932876586914e-01 1.808913052082061768e-01 -6.278825402259826660e-01 -3.403172492980957031e-01 1.367142945528030396e-01 3.926998376846313477e-01
4.290739893913269043e-01 -2.032951593399047852e+00 -7.321870923042297363e-01 -3.362631082534790039e+00 -1.279577493667602539e+00 -9.929536581039428711e-01 -8.830989003181457520e-01 -7.674496769905090332e-01 -1.950528740882873535e+00 3.610420942306518555e+00
-5.611711144447326660e-01 -5.807031393051147461e-01 4.035983681678771973e-01 2.354021519422531128e-01 4.070596098899841309e-01 4.350610375404357910e-01 6.251589208841323853e-02 -1.249580830335617065e-02 2.168463915586471558e-01 5.348821282386779785e-01
5.393666028976440430e-01 6.528282761573791504e-01 -1.214517116546630859e+00 -6.672200202941894531e+00 -1.918546915054321289e+00 -1.501053810119628906e+00 -2.228197574615478516e+00 1.448414325714111328e+00 -1.319968461990356445e+00 3.660000324249267578e+00
1.196173071861267090e+00 2.407478809356689453e+00 -1.789470911026000977e+00 -1.417006254196166992e+00 -1.898575067520141602e+00 -1.355102062225341797e+00 1.139977097511291504e+00 1.391684412956237793e+00 -1.309947967529296875e+00 -3.230756521224975586e-01
4.188271164894104004e-01 -1.290574222803115845e-01 -3.172873705625534058e-02 2.004047632217407227e+00 1.024029970169067383e+00 1.350140213966369629e+00 1.056314468383789062e+00 -8.486654162406921387e-01 7.850784063339233398e-01 -1.721683591604232788e-01
