5.702970623970031738e-01 1.005742430686950684e+00 1.109557151794433594e+00 9.495235681533813477e-01 1.756358146667480469e-01 -1.382153272628784180e+00 1.700392812490463257e-01 -3.015537858009338379e-01 3.610260963439941406e+00 -1.032476186752319336e+00
-2.737911462783813477e+00 -3.885803461074829102e+00 -3.435243368148803711e+00 -2.943149328231811523e+00 -3.020178318023681641e+00 1.829906225204467773e+00 -8.169011473655700684e-01 4.089856445789337158e-01 -4.328729808330535889e-01 1.063680768013000488e+00
-9.833195805549621582e-01 -1.007597327232360840e+00 -1.204931378364562988e+00 -7.869454026222229004e-01 -1.168908715248107910e+00 2.757709920406341553e-01 -2.942115366458892822e-01 -3.103536963462829590e-01 -2.854994535446166992e+00 1.240221500396728516e+00
-1.644309796392917633e-02 1.429686248302459717e-01 -3.455842435359954834e-01 -2.077343612909317017e-01 1.610558182001113892e-01 -3.045464277267456055e+00 5.051450133323669434e-01 -1.289660453796386719e+00 -2.983539104461669922e+00 2.429587602615356445e+00
-6.700953245162963867e-01 -4.737768471240997314e-01 -1.223164439201354980e+00 -7.051728367805480957e-01 -5.521754026412963867e-01 5.071358680725097656e-01 -2.831266820430755615e-01 4.711306393146514893e-01 -5.442908406257629395e-01 -8.181481063365936279e-02
5.767973065376281738e-01 4.075195193290710449e-01 6.923167109489440918e-01 3.332318961620330811e-01 4.875845015048980713e-01 -8.943146467208862305e-01 4.777248203754425049e-01 -5.287788510322570801e-01 9.372512102127075195e-01 4.906357526779174805e-01
3.881110548973083496e-01 3.984397947788238525e-01 1.801649779081344604e-01 4.657681286334991455e-01 3.251856267452239990e-01 -4.278251230716705322e-01 3.449092507362365723e-01 -5.833925604820251465e-01 -5.945083126425743103e-02 8.789088577032089233e-02
1.884572058916091919e-01 6.803789138793945312e-01 4.048776328563690186e-01 3.880136907100677490e-01 8.012838363647460938e-01 -1.156656071543693542e-01 5.302749276161193848e-01 -2.967798113822937012e-01 -6.687110662460327148e-01 1.450004875659942627e-01
9.440487623214721680e-01 1.009772777557373047e+00 7.776424288749694824e-01 6.897327303886413574e-01 7.405681610107421875e-01 6.921727955341339111e-02 1.547750383615493774e-01 8.279116451740264893e-02 -2.367181777954101562e+00 7.920254766941070557e-02
2.108781576156616211e+00 1.248049974441528320e+00 2.233710527420043945e+00 1.367126584053039551e+00 6.768312454223632812e-01 -5.262349605560302734e+00 4.310933351516723633e-01 -1.823695302009582520e+00 -5.280198097229003906e+00 1.572979688644409180e+00
