6.323864706684212411e-02 7.992364065115238614e-02 1.021829290279803459e-01 1.242130096922242910e-01 1.454993330687220920e-01 1.672895225135164199e-01 1.870228360420962688e-01 2.136304735859994031e-01 2.301390754889908741e-01 2.509831750309001741e-01 2.710056443900512591e-01 2.889834913984846154e-01 3.047107054789532365e-01 3.226038528856772225e-01 3.364074142707764725e-01 3.470048337639133340e-01 3.552615317442865961e-01 3.607658102417204971e-01 3.678657167099686487e-01 3.696608339156420842e-01 3.678056406323089167e-01 3.672049738255347417e-01 3.648140431027418473e-01 3.571317905223728162e-01 3.516824628255327267e-01 3.450952808043862285e-01 3.388291056153963643e-01 3.295100742985050402e-01 3.215448821045913119e-01 2.926611886454369982e-01
3.363896649259440902e-02 4.792930114103523959e-02 6.183171418545514719e-02 7.629851343744098457e-02 9.181735829536100124e-02 1.051493054962612250e-01 1.179707388992550510e-01 1.329500173045702616e-01 1.421133491656355052e-01 1.528051617505629123e-01 1.633778884815282051e-01 1.727017956278638355e-01 1.772710371346659652e-01 1.867186402390826061e-01 1.907211517954180979e-01 1.928839741160000287e-01 1.948045482068062051e-01 1.923708881745916643e-01 1.929080215808387511e-01 1.892819526131559738e-01 1.835276394899971741e-01 1.801237337355506285e-01 1.751854975837258410e-01 1.656313238248702246e-01 1.601246943869539252e-01 1.535608637596227455e-01 1.472040897552135685e-01 1.393518022236525100e-01 1.331457016487193057e-01 1.135638331305190429e-01
2.868381254023885836e-03 -7.946748729749566337e-03 -1.621397350703463608e-02 -2.259431876569702527e-02 -2.768908292822100381e-02 -3.113083820372340368e-02 -3.206023943918118874e-02 -3.436719408086300054e-02 -3.284016572271847290e-02 -3.138021745704786675e-02 -3.002877916507347422e-02 -2.649895631207738189e-02 -2.326376108628990663e-02 -2.041089453696633138e-02 -1.496464579155248886e-02 -1.225748207315558412e-02 -5.996047494132189168e-03 -3.117455703115012272e-03 2.084841372550079799e-03 7.779472759287023829e-03 1.135660265219251563e-02 1.752038407629825587e-02 2.005873626118663197e-02 2.467501619734233792e-02 2.926527667608472619e-02 3.513554418279098146e-02 3.900301698080427260e-02 4.479450326523392450e-02 5.203213932797043362e-02 6.620105215020449796e-02
8.132757282489857034e-03 6.876868424847649638e-03 4.982658611327159086e-03 4.340420160015324123e-03 5.706408423124783094e-03 5.953952916650440651e-03 7.633246530914583779e-03 8.456143554629223791e-03 9.297644185911679154e-03 1.152315516345208540e-02 1.369746525969107141e-02 1.636266244709482648e-02 1.706335500106362368e-02 2.006406304780502040e-02 2.280261319434051179e-02 2.452725408846738453e-02 2.801341407126196892e-02 2.898769180240123866e-02 3.222495634788614949e-02 3.537296926387673707e-02 3.736293249777342118e-02 4.095807494047673525e-02 4.295894065407126344e-02 4.530485693397504066e-02 4.773795596135875507e-02 5.238582452891158564e-02 5.435587470766897744e-02 5.779422621152019435e-02 6.291697132939906567e-02 7.026329686033830346e-02
7.083493998995413037e-03 1.528746187838954385e-02 1.672355257462466993e-02 1.866142894796760099e-02 2.234077556928843605e-02 2.402703676194421073e-02 2.652479387513647160e-02 2.699621365851908109e-02 2.735148372419870730e-02 2.808554054628000646e-02 2.990747070800876470e-02 3.046385304442704445e-02 2.885833459919053337e-02 3.012952145795890629e-02 2.896403353166617997e-02 2.681427937909646592e-02 2.638088379069995770e-02 2.072191990447229751e-02 1.910243206992082859e-02 1.450365570329324033e-02 8.448388491594134575e-03 3.085214536704707772e-03 -2.611614491775315731e-03 -1.348802395474067023e-02 -2.093269859142594946e-02 -2.958281092827461101e-02 -3.925199913985955025e-02 -5.129308540528022820e-02 -6.288040096514993516e-02 -1.021851435729191349e-01
1.040155549690211650e-01 1.156304996620844544e-01 1.431091888467824480e-01 1.681653977840729119e-01 1.879718198552171593e-01 2.161289894281090140e-01 2.392830736011535842e-01 2.763403684410908334e-01 2.999365494880037453e-01 3.285855538762331718e-01 3.602030402590788993e-01 3.893148518309704764e-01 4.259772490194768668e-01 4.561197034292718278e-01 4.920533899085310914e-01 5.225868839422370682e-01 5.503681092708450073e-01 5.861570381686043163e-01 6.182636623989754554e-01 6.501977473501855398e-01 6.793349111565647469e-01 7.069614607576891752e-01 7.297869759554684865e-01 7.619132364448838457e-01 7.832334749559378695e-01 8.080338783239582323e-01 8.300340107979823356e-01 8.537748959709232643e-01 8.765509755299869532e-01 9.054079543169580857e-01
5.790555928924180640e-02 7.705811833495986030e-02 9.970038550320592385e-02 1.217314908150294583e-01 1.439985920310656864e-01 1.647300745010703282e-01 1.828851284045813208e-01 2.075689150764281343e-01 2.218378179149228524e-01 2.390438685304453470e-01 2.577219674342797195e-01 2.731344543184877072e-01 2.872334578204242539e-01 3.043611837989663171e-01 3.173227753000808504e-01 3.288211945026503491e-01 3.378504098442746684e-01 3.472069004563990147e-01 3.572951962091079348e-01 3.638776151387323465e-01 3.684979904203197210e-01 3.737522631823319563e-01 3.779226788408778237e-01 3.812997595452018440e-01 3.833886597338460045e-01 3.860154860102329444e-01 3.878929513530591788e-01 3.888857912692714747e-01 3.905949469346510217e-01 3.820470332422328807e-01
-4.215012319435454402e-03 -5.659288140391736596e-03 -7.474118696436488421e-03 -7.526451742655842179e-03 -5.596171672950159617e-03 -5.190732558122790156e-03 -3.069236170380342139e-03 -3.073444245193185029e-03 -1.500008443746222650e-03 7.336761934158986947e-04 3.115358891682582301e-03 6.420101681727559059e-03 6.841210978842779747e-03 1.063861159676292648e-02 1.349827669242728394e-02 1.630203494173813536e-02 2.081206023801580526e-02 2.356829828309876113e-02 2.935033948954877611e-02 3.491225500099781609e-02 4.084064747761383118e-02 4.881975663256717113e-02 5.417007031849194187e-02 6.324784057786138336e-02 7.137023429631711435e-02 8.226550135428339905e-02 9.066582865449165918e-02 1.020534507493924825e-01 1.152958354977022953e-01 1.442030466073595252e-01
1.765945362094338902e-02 1.341382040995371672e-02 1.225829724071685924e-02 1.239971749698703073e-02 1.310141023303250038e-02 1.525417942382569642e-02 1.844857640129838466e-02 2.245177368806063056e-02 2.729150643665572556e-02 3.192718961129278193e-02 3.838843853658491928e-02 4.528575209985381128e-02 5.317209997793304749e-02 6.051430567568952951e-02 7.008210951273576017e-02 7.753821974406790996e-02 8.691960704533215065e-02 9.670039424737353340e-02 1.060559165979100132e-01 1.171965903403617559e-01 1.270325217029130704e-01 1.381900174840560713e-01 1.466511258649664529e-01 1.596363605775818484e-01 1.692943434446605999e-01 1.818521992500865825e-01 1.918224508989050114e-01 2.044455252725840000e-01 2.182409086773813844e-01 2.448643487065414182e-01
9.825002103349505383e-03 1.688610267886621677e-02 1.919921251479959901e-02 2.200298491322749683e-02 2.608333888158323108e-02 2.859615599683212536e-02 3.191785873417744834e-02 3.393671535553198504e-02 3.518742081920345904e-02 3.738390848580942782e-02 4.034812437063681201e-02 4.217856629112325118e-02 4.314793113490553861e-02 4.593339810118520633e-02 4.733085790167032569e-02 4.757353975402227320e-02 4.997121199831200400e-02 4.867915266609684766e-02 5.033906481991519410e-02 5.040793274058852358e-02 4.932638890922236286e-02 4.881574640979417790e-02 4.760339434258399616e-02 4.422736649585721352e-02 4.222451147929693477e-02 4.019311253654522798e-02 3.646737536279329173e-02 3.162486107427187054e-02 2.758578765463756341e-02 5.529657560248290790e-03
1.881462559064500661e-02 3.377498191389589205e-02 4.562187571509852824e-02 5.839378876811838343e-02 7.233290869946015778e-02 8.196535385920519778e-02 9.003892766866120057e-02 1.002079737364384993e-01 1.055997031634681588e-01 1.125072325779553628e-01 1.199327838965894427e-01 1.260075356323819840e-01 1.303218787127263800e-01 1.385389906440154251e-01 1.440033520856681959e-01 1.514321120919358554e-01 1.574537187517913162e-01 1.658194929717361765e-01 1.761325821772374012e-01 1.865958277434110191e-01 1.978635849271606073e-01 2.102806708553610071e-01 2.213087252508780522e-01 2.378736625314760988e-01 2.512275774279110196e-01 2.673557168420320762e-01 2.810865810070185544e-01 2.978575924549881071e-01 3.157552807063434552e-01 3.484865072737560743e-01
-1.090112708425898178e-02 -3.023868039902970900e-02 -4.972171028305994583e-02 -6.791582567469225951e-02 -8.412018986885125282e-02 -9.767117697008852184e-02 -1.067161063831347650e-01 -1.203342488434378244e-01 -1.252311110087448442e-01 -1.312929989407037867e-01 -1.354068880957783327e-01 -1.370234690624275442e-01 -1.345539903165015871e-01 -1.361951455116100773e-01 -1.305957416023890427e-01 -1.278977133355083673e-01 -1.192385789470569030e-01 -1.121049246223437407e-01 -1.048294118108931972e-01 -9.365680809016366237e-02 -8.450642787719972460e-02 -7.487189172351473021e-02 -6.802970984596981574e-02 -5.665777719993986272e-02 -4.906123286436506192e-02 -3.865772319847311095e-02 -3.316063086803379412e-02 -2.522048260405988784e-02 -1.697404160927067779e-02 -1.183510381438567481e-02
3.759576464880950986e-02 4.559864081447729395e-02 5.590584348287150340e-02 6.610833020887407763e-02 7.587308636278028429e-02 8.731123434973540876e-02 9.800494931407928434e-02 1.123844012387491820e-01 1.217759755811990280e-01 1.334494344660930587e-01 1.458321909893616208e-01 1.570742927770459874e-01 1.672716435081147146e-01 1.783633110544048106e-01 1.888265046696961658e-01 1.955634891487521843e-01 2.028252056798449110e-01 2.061975157374273393e-01 2.122349698546017460e-01 2.146366975646796516e-01 2.136546256874811145e-01 2.142500460081141200e-01 2.118563432382128964e-01 2.054656629669976975e-01 2.011553319925667438e-01 1.956160562128038127e-01 1.898214486446749005e-01 1.812796840794390074e-01 1.734729963785669460e-01 1.431147659703894681e-01
2.186372581824677988e-02 1.364619615654103987e-02 9.446534859672915674e-03 5.753739873905185966e-03 2.408222238888072311e-03 2.693684382836000757e-03 4.219780277179920741e-03 7.072874078844869697e-03 1.122338992726304614e-02 1.619036830960845011e-02 2.227156258093969041e-02 2.960793838820645341e-02 3.907818518297589971e-02 4.602323003992369460e-02 5.760650675587287300e-02 6.548022699174857464e-02 7.600195211000691786e-02 8.570320842981800358e-02 9.587817387322328244e-02 1.068653453879006426e-01 1.151883477162841951e-01 1.245284130262418049e-01 1.305424212685938889e-01 1.392454848067274653e-01 1.457385868011387142e-01 1.536308262019521198e-01 1.584887932770564778e-01 1.645883191129122181e-01 1.719441128252978124e-01 1.772128394077907010e-01
-4.914713392385966842e-03 -1.603964799905591848e-02 -2.698696774846157803e-02 -3.539809616700140271e-02 -4.059850378411702237e-02 -4.699698491653646337e-02 -5.007739321696817736e-02 -5.602611221158780574e-02 -5.780571151663674301e-02 -5.968291242478816067e-02 -6.167327081541055384e-02 -6.151459404158111932e-02 -6.272826385600117904e-02 -6.274976941387275242e-02 -6.146226159281090173e-02 -6.154827848733943063e-02 -5.828700905261868098e-02 -5.747440900479813125e-02 -5.541542166960839594e-02 -5.158558848790077700e-02 -4.887709983630641325e-02 -4.396130191469668769e-02 -4.159640538728911346e-02 -3.684570552921526826e-02 -3.228924528162668145e-02 -2.521618365456243516e-02 -2.127869564751837944e-02 -1.505316312629718239e-02 -6.079179018474104718e-03 1.167819909733715245e-02
4.248094887053981139e-02 5.104574870212305604e-02 6.347435799786069199e-02 7.597248818977839213e-02 8.849366148000858967e-02 1.013871696047406734e-01 1.130753795989003357e-01 1.289907129513382933e-01 1.395599774798634007e-01 1.515883281641167424e-01 1.657345411543557634e-01 1.780159405698367447e-01 1.915558857485856747e-01 2.049129769829647896e-01 2.188515227710438882e-01 2.298428417678237135e-01 2.409867075158214078e-01 2.524605878352720323e-01 2.649068747727278961e-01 2.762644394078919152e-01 2.852828834418010273e-01 2.955645139703145796e-01 3.031176377112773102e-01 3.130222926830560914e-01 3.197807067546626913e-01 3.284382000723127804e-01 3.350440121249657621e-01 3.422238724890893646e-01 3.498509348283120879e-01 3.548614641117543433e-01
-3.469331372973671890e-02 -4.899196957381963397e-02 -7.026578983334140494e-02 -8.783174339926491658e-02 -9.996725077320496589e-02 -1.165419026612861120e-01 -1.273281068951732931e-01 -1.478231236962107842e-01 -1.582616201704303838e-01 -1.701071311209934600e-01 -1.839668781494425143e-01 -1.948515928962210875e-01 -2.115961452081972227e-01 -2.233488264477110907e-01 -2.372321722095540597e-01 -2.513617183589075266e-01 -2.597153347396409240e-01 -2.772648375074176497e-01 -2.901469117517861407e-01 -3.021363910267307884e-01 -3.157442885054329018e-01 -3.245595090803153338e-01 -3.349852741336759587e-01 -3.495357082052660824e-01 -3.573541649365598039e-01 -3.644940246459716926e-01 -3.727556496031769195e-01 -3.816216568414144139e-01 -3.858742943260601854e-01 -3.867305128662897884e-01
7.046527861318568897e-03 1.495196545331375047e-02 1.704147240199569563e-02 2.039119054084694016e-02 2.543042733275812511e-02 2.767456196156942855e-02 3.026813045919095682e-02 3.184660448202551730e-02 3.282404811738955097e-02 3.359621344305221274e-02 3.529274262939485762e-02 3.541336345467615415e-02 3.321966132907889363e-02 3.414216405331858828e-02 3.232252509371721927e-02 2.899567600405324186e-02 2.787853104797845954e-02 2.152924967115008026e-02 1.855484191296512264e-02 1.378816987716604409e-02 7.243608509172425047e-03 3.099868257373792832e-03 -2.483365654790719440e-03 -1.234101449662264316e-02 -1.808476764965887343e-02 -2.474679074807843021e-02 -3.159118653413272443e-02 -4.092197078402114163e-02 -4.821013886014925698e-02 -7.332267043065997247e-02
-4.427696254146980259e-02 -5.113943620840818993e-02 -6.798767330208936588e-02 -8.192119506025982711e-02 -9.181931562122196133e-02 -1.048387239847317493e-01 -1.139078556376903334e-01 -1.309567228672114114e-01 -1.421925670820972931e-01 -1.528876216008353273e-01 -1.657686464639870627e-01 -1.773278125746028389e-01 -1.949435485821614522e-01 -2.072062876132458875e-01 -2.237949564666099622e-01 -2.406817416745973826e-01 -2.525995974911474096e-01 -2.755487336066284598e-01 -2.922414385684614646e-01 -3.113768624921008366e-01 -3.319938575997206098e-01 -3.486439262783876392e-01 -3.658767874495880146e-01 -3.920316576444671797e-01 -4.083798954359206257e-01 -4.266417100256912898e-01 -4.449745785277817722e-01 -4.663068245615377139e-01 -4.835696374739970604e-01 -5.188974239395913735e-01
5.219924843136616865e-02 7.670328561407824264e-02 1.001233164595801833e-01 1.228833650102640895e-01 1.452499869464384530e-01 1.657287208352912766e-01 1.842682336187120851e-01 2.069775823808551185e-01 2.201180637429401010e-01 2.364632507090195790e-01 2.516731194812475425e-01 2.631314058917361143e-01 2.714824259605437828e-01 2.826516228801996822e-01 2.876714867962181787e-01 2.887168758678854696e-01 2.881506306801034922e-01 2.808878475634330463e-01 2.775481346393779414e-01 2.668527573835532962e-01 2.512923964502686847e-01 2.376163152252709354e-01 2.243256903443021089e-01 1.985669443896454778e-01 1.805981788557851075e-01 1.580577821237385550e-01 1.374445191281014333e-01 1.097905054811322278e-01 8.387666558428145958e-02 1.046557153285378877e-02
1.062417275196307076e-01 1.191745570989570652e-01 1.491959413553435587e-01 1.773092532442026026e-01 2.017479957170232874e-01 2.326129122414007933e-01 2.589137953078223253e-01 2.990090890954523184e-01 3.256058902748025230e-01 3.563330951865649188e-01 3.903151345023139207e-01 4.212222720907650708e-01 4.570986669931550450e-01 4.896777134149474242e-01 5.244992707636715323e-01 5.546923621678949701e-01 5.810040137621186318e-01 6.139073198977028634e-01 6.444143835140361265e-01 6.727515882671731839e-01 6.985736543052643022e-01 7.233449038973290834e-01 7.439650707927366602e-01 7.719763242692694316e-01 7.905003364372092944e-01 8.131358244139048619e-01 8.328240197320816440e-01 8.558591564550294128e-01 8.775209151400225061e-01 9.105186818664592341e-01
-2.003475091759178428e-02 -1.825720126538436794e-02 -2.280668645940555836e-02 -2.443459720588493991e-02 -2.218766834954288836e-02 -2.551670599515195453e-02 -2.633280525802040792e-02 -3.285443411764280008e-02 -3.727221892215593080e-02 -4.203653465752850427e-02 -4.681321834199528992e-02 -5.220427539419995877e-02 -6.290394163561043028e-02 -6.805421186415457069e-02 -7.859306684562826495e-02 -8.803236670096474537e-02 -9.542911957295160952e-02 -1.074052773404953753e-01 -1.172526176772216294e-01 -1.269127908910719638e-01 -1.365204900763060947e-01 -1.424506295994116822e-01 -1.486201281587397893e-01 -1.581476758031262475e-01 -1.619174822550581150e-01 -1.644853975677484648e-01 -1.682340592062210594e-01 -1.720347932232314525e-01 -1.712646868326351546e-01 -1.636143595397551720e-01
1.591064202840303810e-01 1.881889549140964846e-01 2.417305548139190574e-01 2.915588859935572819e-01 3.344610493196782941e-01 3.853878076659607577e-01 4.272703795288202988e-01 4.913680375363769781e-01 5.307582350959418882e-01 5.774492491900101721e-01 6.270404149179276132e-01 6.723649625202287039e-01 7.231111786489351489e-01 7.703785843335265726e-01 8.188205940006940686e-01 8.623589834612828131e-01 8.976417385910229196e-01 9.450467828601022413e-01 9.872100898643419997e-01 1.027545277804404966e+00 1.063754180052663978e+00 1.098743510912689736e+00 1.129304135346801630e+00 1.171083430126537817e+00 1.198645132340243835e+00 1.231303250683317696e+00 1.261470843401914621e+00 1.295631996201486613e+00 1.327815734463630770e+00 1.379868395092552324e+00
9.548939547127885397e-02 1.141708284890257663e-01 1.452290669169447601e-01 1.750897393420910997e-01 2.019855750616524059e-01 2.315263982837583723e-01 2.558803107842291258e-01 2.931228433321694804e-01 3.162058500699656549e-01 3.435571315395390957e-01 3.726121203850324970e-01 3.989041569413797617e-01 4.279696099195304249e-01 4.563748536199825900e-01 4.845682400151116176e-01 5.107647812835642842e-01 5.326037658845271805e-01 5.611291372900493180e-01 5.875465816756960669e-01 6.128540002506596140e-01 6.365704931257127885e-01 6.596216890981914105e-01 6.795748886099776120e-01 7.074568378357499743e-01 7.261301684880331342e-01 7.493807241129807339e-01 7.694467330498017121e-01 7.934296630280346374e-01 8.166689233233472844e-01 8.536445770818228418e-01
-2.270403448395282020e-02 -3.053578021900570441e-02 -4.243719484506166401e-02 -5.210921983399208202e-02 -5.808564625309559082e-02 -6.633700062625100258e-02 -7.130774382198599992e-02 -8.213911784050126341e-02 -8.730755523284876307e-02 -9.309408598104082500e-02 -9.899743202117469720e-02 -1.039696434743384440e-01 -1.125160530885982446e-01 -1.176565817802121966e-01 -1.246063485092186035e-01 -1.317440181256420983e-01 -1.355922473980986365e-01 -1.446030905928076260e-01 -1.512314177874315713e-01 -1.576908213352488930e-01 -1.651976281525637802e-01 -1.700652284510797696e-01 -1.762130479891055590e-01 -1.858617557691344124e-01 -1.899129747065964324e-01 -1.938992912876223995e-01 -2.000418167308598838e-01 -2.064284984531216116e-01 -2.093953394076668029e-01 -2.170818065774852423e-01
5.481961186001893527e-02 7.035398270993616088e-02 8.898932816332073836e-02 1.072461471566942548e-01 1.246474651618770246e-01 1.423035904294930598e-01 1.580221048615412793e-01 1.788484873389176999e-01 1.912405334656430700e-01 2.067361128703074369e-01 2.230501683712400596e-01 2.363976142653193002e-01 2.497315127982076832e-01 2.641276034009161777e-01 2.757434915162649269e-01 2.848086407667665965e-01 2.926193024125402498e-01 2.988156090570597279e-01 3.066169865237929892e-01 3.111716093361835411e-01 3.125844769669017253e-01 3.149137267355587300e-01 3.156473266599062466e-01 3.135016093180525987e-01 3.115646261481169743e-01 3.099998379058209741e-01 3.072939354874514861e-01 3.024567074847800408e-01 2.985653864396075607e-01 2.746497375131625174e-01
-3.994142372007067343e-02 -5.184354427964207174e-02 -7.190681438752946630e-02 -8.914967296975156996e-02 -1.016644915650464637e-01 -1.178006825758495663e-01 -1.279375426607527455e-01 -1.479582570263116847e-01 -1.577713235715627882e-01 -1.696187296457562776e-01 -1.822480445856231868e-01 -1.928136080126046092e-01 -2.083117963408289697e-01 -2.190648721753490347e-01 -2.325674381811300151e-01 -2.455732306816586497e-01 -2.537015770886126287e-01 -2.703287632787213512e-01 -2.825511045105639218e-01 -2.945619702301018328e-01 -3.076841832727928439e-01 -3.177741330937865483e-01 -3.286750064613317424e-01 -3.449750625108990443e-01 -3.548418575929097041e-01 -3.642586268134362926e-01 -3.750349113108318311e-01 -3.864419436625418092e-01 -3.949996350822488900e-01 -4.121123319963354015e-01
-1.628900184441607266e-02 -2.324816416723727436e-02 -3.668338942016056980e-02 -4.786736262118743840e-02 -5.533725449827167631e-02 -6.458926383054490461e-02 -6.938611080992727886e-02 -8.069406343800858417e-02 -8.597107876037715646e-02 -9.116976207364430040e-02 -9.852981083363181181e-02 -1.039238745378580353e-01 -1.145526217665481239e-01 -1.219710015759948724e-01 -1.314005998195055813e-01 -1.441652241028161807e-01 -1.516059488293584889e-01 -1.716745495757349416e-01 -1.859047933489533511e-01 -2.035381347798853879e-01 -2.258011233441890864e-01 -2.440788262214671767e-01 -2.637580033295351400e-01 -2.951376468467174496e-01 -3.159377902230479096e-01 -3.405010198215824291e-01 -3.647661944330244932e-01 -3.942925806034499048e-01 -4.202803075423450219e-01 -4.820137515162308262e-01
-3.844742495014161557e-03 1.156796348659168416e-02 1.395083632808463703e-02 1.671715904292373628e-02 2.242499269672702453e-02 2.224195247272678019e-02 2.322244495503935843e-02 1.919736786260328384e-02 1.574369252142613501e-02 1.292460334459185310e-02 1.061555976202611593e-02 5.913033728165818272e-03 -1.678231780623877685e-03 -4.783349845075154060e-03 -1.209057218154416767e-02 -1.888731781122935174e-02 -2.327371440949852280e-02 -3.380836990736360570e-02 -3.984694353447600784e-02 -4.794618397165434365e-02 -5.742946229309615208e-02 -6.597780612959731894e-02 -7.338192342614556496e-02 -8.775683681652665658e-02 -9.762245659730878211e-02 -1.086641028462728975e-01 -1.214284553636797298e-01 -1.374444722298374111e-01 -1.531837585836703652e-01 -2.066133626415084246e-01
4.826551310943275053e-02 5.923788485498404643e-02 7.331660547769022762e-02 8.715111052823953930e-02 1.008549432688717884e-01 1.147390663758719315e-01 1.270549214573946373e-01 1.435672179281149985e-01 1.541410892077299810e-01 1.660331427641849045e-01 1.805221531496211396e-01 1.920972763310004328e-01 2.054775270731883929e-01 2.183395860280501755e-01 2.311187910624448172e-01 2.412040606334030501e-01 2.510692753250227671e-01 2.623257936115853117e-01 2.726529612333382646e-01 2.825697856164720578e-01 2.905016351941334674e-01 2.990704330198866168e-01 3.061174790513451760e-01 3.142580985831621709e-01 3.201936860734257428e-01 3.275365474498853069e-01 3.330550609782921834e-01 3.381684096153043662e-01 3.441167050316397691e-01 3.436488427964282666e-01
-4.212945088230536650e-02 -5.215476153107238833e-02 -7.089777975267660959e-02 -8.614228184765534979e-02 -9.647534635100821210e-02 -1.111391095677948804e-01 -1.207222226212587429e-01 -1.393105463121655230e-01 -1.502563274619855560e-01 -1.613394729230486491e-01 -1.743161903676132551e-01 -1.850422728217567536e-01 -2.023891131858384096e-01 -2.138342866151607402e-01 -2.289719081384987143e-01 -2.434436953394986669e-01 -2.533013240911102248e-01 -2.725937632741737282e-01 -2.869542085149284216e-01 -3.015754875594980344e-01 -3.175868390288086318e-01 -3.300007811511970757e-01 -3.426128710783062359e-01 -3.618934915871316327e-01 -3.730137998808330524e-01 -3.843746695626654164e-01 -3.971915225475108890e-01 -4.109258289487222604e-01 -4.206959054613962357e-01 -4.382776596160358196e-01
-6.059267408993856963e-02 -8.116275734955052945e-02 -1.101944588530670704e-01 -1.350736242677764987e-01 -1.542484663498588648e-01 -1.772488744222185386e-01 -1.935618064298585961e-01 -2.212235602906318099e-01 -2.367601815767056972e-01 -2.530046940467858829e-01 -2.711999098000220099e-01 -2.854566908975890160e-01 -3.048858797868637671e-01 -3.197804075370753174e-01 -3.357808588358001112e-01 -3.499557588261898444e-01 -3.577763297968362677e-01 -3.748562072768195641e-01 -3.866067249231645020e-01 -3.963875160379826679e-01 -4.065393568101683952e-01 -4.130930112396748455e-01 -4.211955950048926756e-01 -4.311342568518928275e-01 -4.354964077541797485e-01 -4.386016793966093785e-01 -4.438412107122609584e-01 -4.486496122509296414e-01 -4.489560578873005858e-01 -4.429518092708664145e-01
1.244285203456274753e-02 2.787845029004819980e-02 3.773690595759632976e-02 4.880448450947640765e-02 6.218567267438444152e-02 7.010916801294680978e-02 7.881417102469495672e-02 8.546040621647466029e-02 8.846584135701598961e-02 9.415856490727698980e-02 9.712153938100633044e-02 9.952572743537710376e-02 9.438613021313436990e-02 9.665793151953167017e-02 9.061282790507441121e-02 8.557809513281978975e-02 7.968346109659681098e-02 6.763676201135181143e-02 6.029837254407779956e-02 4.906746811573488298e-02 3.615761102733153903e-02 2.648257345779884628e-02 1.709834773853709244e-02 9.923491374722818309e-04 -8.670817741427033418e-03 -1.879825006215282701e-02 -2.867025972049608989e-02 -4.074888354037329435e-02 -4.929629598137223040e-02 -6.728854891565259899e-02
5.562424161569463898e-02 6.617186350500867120e-02 8.314790355141840617e-02 9.974897614834811466e-02 1.150601315570697336e-01 1.322411429748641953e-01 1.468742611818196486e-01 1.691471250628126810e-01 1.832792096641252810e-01 1.994746106326687196e-01 2.182042194236562538e-01 2.354558040754047288e-01 2.544659097976902373e-01 2.733350872513224394e-01 2.932143807809011182e-01 3.107609614698358946e-01 3.273179475918195358e-01 3.478075059080222298e-01 3.673754177680256250e-01 3.875850473228121817e-01 4.059046086590080149e-01 4.254662643657733945e-01 4.409860821220196181e-01 4.637083535062028750e-01 4.799761183288842048e-01 4.999434331776849705e-01 5.176234737227063398e-01 5.378543226929475285e-01 5.589350908492068948e-01 5.964113535639836705e-01
3.064792121738912911e-02 3.853709922400363336e-02 4.756764424114614392e-02 5.654152893909158289e-02 6.641887559333119195e-02 7.549651030792779716e-02 8.436797527966380383e-02 9.584217300897010516e-02 1.025933281611259018e-01 1.120220641615571749e-01 1.209594199207801729e-01 1.297807310416383975e-01 1.366507807424120757e-01 1.458483901547822092e-01 1.532946728463016051e-01 1.593909079537245976e-01 1.658565351435141999e-01 1.706553705247031982e-01 1.766339276250556423e-01 1.815754324318323842e-01 1.843994541711940216e-01 1.889539152173032588e-01 1.916069631735944911e-01 1.941025037281493282e-01 1.960367344984699223e-01 1.996739999450057312e-01 2.015392494104278065e-01 2.038213992652636586e-01 2.071315765852562718e-01 2.076805611342999180e-01
-7.545718607781949638e-02 -8.874080607807624532e-02 -1.168161975475370540e-01 -1.406807790466561014e-01 -1.582131407610732621e-01 -1.821860037714325420e-01 -1.990306420278237787e-01 -2.295804634509108211e-01 -2.470783443736714324e-01 -2.670082008427531739e-01 -2.889103160498156520e-01 -3.080972169719209397e-01 -3.343519123991658959e-01 -3.544023180851331167e-01 -3.788553177337697364e-01 -4.019506636316454995e-01 -4.184449983645796012e-01 -4.473194624968168109e-01 -4.699703419019658490e-01 -4.930856315927084621e-01 -5.171281695026962444e-01 -5.368675663599509207e-01 -5.569781719396939001e-01 -5.866164780781258914e-01 -6.049172118790600017e-01 -6.250232049536458279e-01 -6.462021478983652756e-01 -6.695465410240567516e-01 -6.891078891224178271e-01 -7.312400878423175321e-01
-7.488899567688238681e-03 -1.748478318798882963e-02 -2.903002591365633211e-02 -3.769208923594484506e-02 -4.325989501437045581e-02 -5.023617646849893453e-02 -5.440208783241731738e-02 -6.195518459634936914e-02 -6.510017066871698344e-02 -6.796048472302422538e-02 -7.135661126963557810e-02 -7.222941834533898320e-02 -7.602307352375060889e-02 -7.735575268969840934e-02 -7.811855873154793795e-02 -7.930339365309897748e-02 -7.721024891049767247e-02 -7.812048437809350487e-02 -7.722526625171027836e-02 -7.456291110851782922e-02 -7.234946685517389120e-02 -6.731993106779209091e-02 -6.495218348061210234e-02 -6.004639094592020138e-02 -5.453572564226280561e-02 -4.631616102081989594e-02 -4.083824309878796022e-02 -3.291238045752004765e-02 -2.159718713506391177e-02 6.051407404363617210e-03
-1.005322948780968950e-01 -1.144797188863968529e-01 -1.485210919887803294e-01 -1.775970666093396044e-01 -1.985791454189199390e-01 -2.288122207658406793e-01 -2.505760619817994916e-01 -2.905190343649414197e-01 -3.140028139000350382e-01 -3.410070466173878434e-01 -3.707886365622869995e-01 -3.973320791792955831e-01 -4.338367007014879428e-01 -4.614199990261292905e-01 -4.951275571437852019e-01 -5.258620431158619324e-01 -5.491249260923362074e-01 -5.864859531921983171e-01 -6.158421807932520364e-01 -6.454089717627935485e-01 -6.743421791070702831e-01 -6.982577037901288586e-01 -7.214088120579640329e-01 -7.544475202386142776e-01 -7.738000059435724554e-01 -7.947965265353458264e-01 -8.165879775822240116e-01 -8.403960422638826477e-01 -8.587799600131041933e-01 -8.907995395173698983e-01
-4.630672307148024636e-04 -5.930042730040488951e-03 -1.204201577150174063e-02 -1.695028579171305172e-02 -1.955382118295821356e-02 -2.240754429325399893e-02 -2.257781349590596773e-02 -2.591809915295445119e-02 -2.597609658111954545e-02 -2.611690132022722460e-02 -2.556279108307957584e-02 -2.408291499024308932e-02 -2.394534526935783100e-02 -2.292424061067554683e-02 -2.086128960769701238e-02 -2.058653455768028745e-02 -1.749988315453977761e-02 -1.697981951328397451e-02 -1.547072926349613714e-02 -1.303495894888449108e-02 -1.147817719483319211e-02 -8.162570481615031778e-03 -7.308064814070631618e-03 -5.764780771848705340e-03 -2.837412462114845615e-03 1.109026627908866330e-03 3.173429118775083699e-03 6.233499382078101780e-03 1.161346528757566457e-02 2.219636623840912093e-02
-2.420200853436676319e-02 -2.450538880254547053e-02 -3.479825140803605166e-02 -4.317621259243063780e-02 -4.826831052152259771e-02 -5.676449618275603015e-02 -6.255132048432313074e-02 -7.459592175148664628e-02 -8.233170297573531859e-02 -8.971637199328204304e-02 -9.788486718114217111e-02 -1.052146571597816077e-01 -1.165252053460171661e-01 -1.241034486874475901e-01 -1.339672296397140527e-01 -1.437549374625311516e-01 -1.501003034548458737e-01 -1.628844742407917767e-01 -1.712394431247265536e-01 -1.809239065362480969e-01 -1.911854153092437669e-01 -1.993464487782136696e-01 -2.082538890289107880e-01 -2.219336373438806909e-01 -2.299550504738708812e-01 -2.389061684208329261e-01 -2.496627013770705006e-01 -2.616873824695198358e-01 -2.711508373951269091e-01 -3.004065765118766884e-01
1.175895423510959353e-01 1.417731219400699127e-01 1.824366749334267734e-01 2.206490413526781824e-01 2.548803350525845057e-01 2.929935197304620598e-01 3.246199793596551419e-01 3.714908580276668482e-01 4.005250253559389240e-01 4.342003287770191955e-01 4.710376220989418439e-01 5.041201355454287825e-01 5.414555986803019083e-01 5.771520196931479996e-01 6.125717964101103918e-01 6.457333687865709493e-01 6.727636002583909924e-01 7.106571541660475777e-01 7.443021885319032194e-01 7.777264596971626975e-01 8.095752978727340787e-01 8.404525769776985955e-01 8.676184408404241655e-01 9.064839518159069076e-01 9.328796040353263264e-01 9.650174530490818192e-01 9.942049935609633682e-01 1.027814229497972631e+00 1.060749547301030216e+00 1.119027985900985733e+00
-1.847135897801044195e-03 -9.324368858145191605e-03 -1.731330227216852299e-02 -2.345792839963389484e-02 -2.739040690970051539e-02 -3.210393828233810282e-02 -3.478654763327339305e-02 -3.973215509296489090e-02 -4.072839880554576103e-02 -4.300126523040490034e-02 -4.403184362913278166e-02 -4.443336678441629772e-02 -4.459045584297938181e-02 -4.525110839088099246e-02 -4.269260711104784500e-02 -4.305447215120675186e-02 -3.951734384660776644e-02 -3.840947374734278441e-02 -3.524668113222655802e-02 -3.099377390837523144e-02 -2.783539907015929876e-02 -2.189442766051848122e-02 -1.898169058353710303e-02 -1.358645796119243090e-02 -8.223422086157453764e-03 -9.698229331065559566e-04 3.777946862786886115e-03 1.023385179810108563e-02 1.877235585477582402e-02 3.649820533492612734e-02
2.616866037361342476e-02 2.354914479703116778e-02 2.511980902043622205e-02 2.766289637317891764e-02 3.044693964736875508e-02 3.451530655062639424e-02 3.880246882781848011e-02 4.502586589760334407e-02 5.037570378784568537e-02 5.801402248775363452e-02 6.513661455396350941e-02 7.322785982402918448e-02 8.256172825709870433e-02 9.079814167492858412e-02 1.018950877018385270e-01 1.111917306169048075e-01 1.217402816702617963e-01 1.328557590818447431e-01 1.449973083458855339e-01 1.581240617884195898e-01 1.704690287744896893e-01 1.842807304265552115e-01 1.945493288356961448e-01 2.109776217278729049e-01 2.228003939832561009e-01 2.380204491748194595e-01 2.508510014714160352e-01 2.669105399621644614e-01 2.838571132915640449e-01 3.180331601119222862e-01
1.163151170175203211e-02 6.395482304688307647e-03 2.436200961510304880e-03 -1.818887689180956595e-03 -6.089944365892684119e-03 -7.141423883641258297e-03 -6.410527020649968780e-03 -6.435365556823305529e-03 -4.313611167992629537e-03 -6.527782775806291807e-04 3.606434018287005099e-03 7.939338979664352022e-03 1.544913057734985037e-02 1.990193587149545473e-02 2.799261610202384218e-02 3.322845239670960821e-02 4.136243611731846986e-02 4.636308812456563927e-02 5.297350658398165824e-02 5.929669428397729702e-02 6.265569279085983490e-02 6.560641835600129756e-02 6.671171136257653123e-02 6.637563944814028893e-02 6.539693026518422769e-02 6.429751924602410129e-02 6.040160864521369743e-02 5.590694483011900834e-02 5.019945874661989327e-02 1.850563879471822659e-02
3.384047430003436080e-02 4.624186569323086859e-02 5.914650317903150795e-02 7.295914575522473300e-02 8.792140014838530082e-02 1.004538760663563624e-01 1.122561964553078773e-01 1.265315931780767733e-01 1.358890449359171360e-01 1.464390179463281594e-01 1.569922112791957702e-01 1.660701854141448663e-01 1.711713266561696034e-01 1.809556515485467310e-01 1.853708225164196477e-01 1.887819173667377448e-01 1.914264213995656716e-01 1.907293937081974144e-01 1.919085212153021636e-01 1.902917961836461391e-01 1.860831629459521186e-01 1.840473308637567695e-01 1.807678904990865643e-01 1.731404853891834739e-01 1.687518051754087756e-01 1.643547196796715237e-01 1.593459953372892146e-01 1.528363903031810245e-01 1.484975226041137519e-01 1.311557886895025615e-01
-1.775605660440150030e-02 -2.125785855733746191e-02 -3.018126532285029390e-02 -3.779436851868937103e-02 -4.169887150027429962e-02 -4.877155952266067768e-02 -5.193785316644343453e-02 -6.175465641412169332e-02 -6.618394180725040155e-02 -7.085949081107234537e-02 -7.548252153424141186e-02 -7.920619928200436921e-02 -8.662350204657101593e-02 -9.010662944475955616e-02 -9.532009877417529919e-02 -1.004789048788360672e-01 -1.025661690873247989e-01 -1.100255390188762811e-01 -1.141792701276071603e-01 -1.178072572121878492e-01 -1.235230727277045193e-01 -1.262690682044801671e-01 -1.307128430918151063e-01 -1.378774398802549706e-01 -1.412589185497153677e-01 -1.443453605100596948e-01 -1.488964115087999529e-01 -1.550599038294783460e-01 -1.581539296422011798e-01 -1.693985072775359146e-01
-1.222426434799839812e-01 -1.422216699649478666e-01 -1.873031472795215480e-01 -2.272039424545336805e-01 -2.590953406733729758e-01 -2.986926142479173762e-01 -3.287936931313932276e-01 -3.794647885037686907e-01 -4.098716148165891804e-01 -4.437388840932997569e-01 -4.805948569827506733e-01 -5.129979510673643439e-01 -5.546120410744254103e-01 -5.886950910601882470e-01 -6.261321458131361428e-01 -6.616818813900534613e-01 -6.870470848886998105e-01 -7.298726881651872445e-01 -7.633330124374477776e-01 -7.964996724926777238e-01 -8.309945601872464893e-01 -8.604846187380272848e-01 -8.893001636094842732e-01 -9.315868121608802399e-01 -9.580353064945995589e-01 -9.882524643315648838e-01 -1.019661943770628021e+00 -1.055257791196897221e+00 -1.086069235634425478e+00 -1.154818378329679485e+00
-1.095139517096678783e-01 -1.039668023322870699e-01 -1.285783589263459481e-01 -1.483006404982386284e-01 -1.588514891911468607e-01 -1.850723574900844937e-01 -2.053466188739506426e-01 -2.445528831585557228e-01 -2.710844533956809910e-01 -3.011445068799420977e-01 -3.346914557658220990e-01 -3.665172627386126258e-01 -4.124483345022920133e-01 -4.440382929984336702e-01 -4.874117635478980026e-01 -5.248498829819612244e-01 -5.560140252315797227e-01 -6.013809014489183147e-01 -6.374310045280443537e-01 -6.738876949628642699e-01 -7.093164684510413487e-01 -7.379179456435539519e-01 -7.641140243908943752e-01 -8.021825441161056780e-01 -8.242620434816394503e-01 -8.487215255610209841e-01 -8.730583769229905977e-01 -9.006135412354125958e-01 -9.221583134243043212e-01 -9.620052594582110261e-01
1.043745442505622234e-01 1.345867899766993447e-01 1.751481341723589713e-01 2.141633321199872264e-01 2.500975676505954870e-01 2.873938694217800238e-01 3.183845539690347559e-01 3.627923717417096405e-01 3.887073225255583964e-01 4.195020333302748039e-01 4.520541454671991866e-01 4.797781524496370631e-01 5.076094239731416824e-01 5.369034455875127954e-01 5.621094561900137343e-01 5.837279550633416303e-01 5.998714520158864305e-01 6.206693621221084367e-01 6.404260227633696845e-01 6.562223514473741748e-01 6.696394225951320944e-01 6.833065796794790536e-01 6.948950926543864259e-01 7.081168133079409621e-01 7.176397685431156193e-01 7.289477244076616458e-01 7.398918322439804740e-01 7.506713423090636272e-01 7.626107549081370118e-01 7.763227273150925534e-01
-1.126678257051437308e-03 -2.495108944327113255e-03 -8.782169270458446697e-03 -1.445353529057569371e-02 -1.868534321090487005e-02 -2.246912782812597251e-02 -2.411248929457354001e-02 -2.898444862794980967e-02 -3.113444819375062525e-02 -3.288074085777446115e-02 -3.413098320042947525e-02 -3.552304770431233272e-02 -3.824665386709574094e-02 -4.006206077891398543e-02 -4.189888072047640022e-02 -4.687034881574481809e-02 -4.768184347089571284e-02 -5.615754559365856297e-02 -6.098538728249069257e-02 -6.817266320039168381e-02 -7.854135370048133391e-02 -8.730940903445080781e-02 -9.723579274165340680e-02 -1.147533357017445632e-01 -1.265594385339817163e-01 -1.404995266024686162e-01 -1.558271586798706254e-01 -1.745351910067751144e-01 -1.921671047639829655e-01 -2.452565343774742446e-01
