4.333450975742988986e-02 7.152449898129630002e-02 1.029008437679763965e-01 1.356542846127821722e-01 1.725500208688308668e-01 2.091620087907673786e-01 2.460755233254368901e-01 2.819814211400031301e-01 3.196596400807155680e-01 3.532693421314451743e-01 3.880351522702135680e-01 4.185304108324320871e-01 4.491179020605451377e-01 4.770028106414284652e-01 4.997491597115721884e-01 5.172033223881741248e-01 5.361313364689399563e-01 5.485032705673669184e-01 5.546043697319357202e-01 5.574566826434658173e-01 5.553472088707307464e-01 5.536974017185528618e-01 5.449754718194774750e-01 5.327148623986373011e-01 5.211040972052776166e-01 5.070959447282792354e-01 4.902841293985104598e-01 4.746772219370708479e-01 4.605536160098837040e-01 4.179276452758822757e-01
2.096403914230491813e-02 5.414981822519272792e-02 8.246785708961409944e-02 1.102480311837354676e-01 1.370812952347442992e-01 1.641302837476312781e-01 1.895788739443564075e-01 2.131520896041813884e-01 2.345977781310206733e-01 2.534230583937716608e-01 2.702578159659088652e-01 2.838502231339702364e-01 2.969385554146712902e-01 3.073990672225253018e-01 3.142990545064846541e-01 3.166697081506112399e-01 3.212583353726141677e-01 3.222906016623850456e-01 3.193599070480888091e-01 3.160976469112069531e-01 3.098267219768941483e-01 3.051678501076887096e-01 2.969449897272762873e-01 2.875103488495373005e-01 2.783588380478303481e-01 2.682978003540411049e-01 2.567688044312563256e-01 2.464035720914745375e-01 2.370102364416825369e-01 2.078686506746055263e-01
5.122152748098904480e-04 -2.055863636110927609e-02 -3.383082068062582409e-02 -4.608716418501654366e-02 -5.430048377532239318e-02 -6.216949053432727773e-02 -6.822446466926541941e-02 -7.294190035504427572e-02 -7.419911774414138239e-02 -7.430487401791617541e-02 -7.189757070307067899e-02 -6.859064698357261736e-02 -6.397684505742672056e-02 -5.742069438574720630e-02 -5.096671073717814332e-02 -4.026570383639863776e-02 -3.127551914163623215e-02 -2.108442407765289545e-02 -9.851800617471781138e-03 8.309919070459558139e-04 1.379099057936211334e-02 2.447267084277901864e-02 3.791749170960122262e-02 5.245119240415909573e-02 6.541289284603100940e-02 7.982523746091332861e-02 9.506463653218216736e-02 1.115767730963496823e-01 1.273898803202906105e-01 1.725608268491243547e-01
1.976048323482987572e-03 5.044476726147588234e-03 7.488343035775479536e-03 9.109373538571349446e-03 1.104974020930431233e-02 1.325016042729806019e-02 1.555505207153449337e-02 1.746601035963899276e-02 1.919008531653756261e-02 2.115915928033047788e-02 2.294309190385873665e-02 2.470229500350782856e-02 2.659531707723715444e-02 2.904283764206294291e-02 3.086835286448361831e-02 3.403699738453472290e-02 3.715591060140260860e-02 4.089660666644354126e-02 4.469699260947261610e-02 4.911892507307959177e-02 5.486135807002278514e-02 6.009004144241221479e-02 6.666904822309857592e-02 7.431712683144470200e-02 8.098604629942537936e-02 8.859128113474770694e-02 9.640120012682867889e-02 1.050492964741256141e-01 1.131409763037615757e-01 1.322207408120358585e-01
6.052319189413023041e-03 2.067818445917527295e-02 2.997678389066478488e-02 3.793217180987332182e-02 4.583023915826690137e-02 5.351110471520631462e-02 6.083036941601534242e-02 6.731150897057287807e-02 7.301846108099285804e-02 7.809610511132755728e-02 8.231049824752270649e-02 8.549846200351907122e-02 8.822024003047471141e-02 9.046445165575579817e-02 9.100245561330196076e-02 9.022530323391877993e-02 9.024269547632263189e-02 8.800510727605798111e-02 8.367737843538644582e-02 7.948744118132951286e-02 7.286425160253777455e-02 6.649091477384302951e-02 5.743954092207738393e-02 4.802779667639418826e-02 3.746313024916888418e-02 2.569227938459305721e-02 1.162714914469109920e-02 -2.510422760008788542e-03 -1.627425383061009007e-02 -6.582544867806512656e-02
6.039035143727308069e-02 8.884898429310256196e-02 1.265950224585957185e-01 1.630781492155183865e-01 2.045683348840832139e-01 2.462588457856501045e-01 2.893290573005041222e-01 3.325545119992381338e-01 3.816280796929739649e-01 4.275986164526077160e-01 4.781182235023587745e-01 5.305076978912811603e-01 5.837835717590640350e-01 6.400245119240436376e-01 6.946121434920922155e-01 7.514641706604940907e-01 8.071451264629430078e-01 8.630445022298486313e-01 9.192804782434345068e-01 9.700218215532475652e-01 1.025528795239035951e+00 1.079554443991416868e+00 1.129167388443546027e+00 1.176200736028181870e+00 1.221351582247148349e+00 1.265691994679759347e+00 1.309583481833314522e+00 1.350653340102395905e+00 1.385174709164948226e+00 1.450965322111228861e+00
3.559940135516855009e-02 7.517815205176658910e-02 1.122620275268083612e-01 1.481201468563615453e-01 1.840622246678132179e-01 2.202863172100436584e-01 2.554565894144477656e-01 2.886100872712936694e-01 3.215163057231282817e-01 3.509518685136776561e-01 3.799507591172375243e-01 4.067857010434687282e-01 4.331128629136813957e-01 4.580981033390643109e-01 4.799757858343399741e-01 4.981452687420285241e-01 5.182454993775045260e-01 5.354178061891257112e-01 5.494353645356577776e-01 5.615413563841893385e-01 5.730034143667279700e-01 5.855625030644047158e-01 5.934173002053971802e-01 5.994886390278959531e-01 6.058150797346479877e-01 6.109295358587534253e-01 6.146874211951692812e-01 6.185926782623971665e-01 6.213750024618898138e-01 6.174657120079816153e-01
-3.155404626756275893e-03 -3.400410227477734543e-03 -1.285785277360929155e-03 2.555880997104922024e-04 1.958996802142759942e-03 4.041044412848727140e-03 6.310763385471470331e-03 7.919533161146179168e-03 9.194305070560212026e-03 1.086109202191511310e-02 1.247891477184946349e-02 1.404090492900141214e-02 1.613474086563701157e-02 1.894642944323905037e-02 2.159977518104895522e-02 2.644261169164070779e-02 3.130461056640203299e-02 3.831321544439474092e-02 4.626789645221463659e-02 5.538040672173898116e-02 6.819411221211348073e-02 8.041914290879854932e-02 9.601120510478464154e-02 1.137146698619734553e-01 1.307667564459683296e-01 1.500780849394212635e-01 1.712415570963499722e-01 1.939261597503899037e-01 2.155017357236544695e-01 2.763733013213336420e-01
9.493352421269106445e-03 1.753590065261028102e-03 -1.534104700869533960e-04 -2.522240113225054144e-03 -2.091993899360893375e-03 -1.380519982634638779e-03 7.200469008997313451e-04 3.058287517089100949e-03 8.162962394942230998e-03 1.369128007408053696e-02 2.125118080168603846e-02 3.003840626946058245e-02 3.985169743122339570e-02 5.179518768340663631e-02 6.374393699163871663e-02 7.974934892560658906e-02 9.456583409100463578e-02 1.112499048751383335e-01 1.293870856449975959e-01 1.469064778429865770e-01 1.682090657009500112e-01 1.876338866101427971e-01 2.093614122116606024e-01 2.321538480451500741e-01 2.533062362481479091e-01 2.759185480282904113e-01 2.995619451859881655e-01 3.236338706940171672e-01 3.456042826641914645e-01 4.014384224501142961e-01
7.623311179885533355e-03 1.744803650208451989e-02 2.397027869935820094e-02 2.937839467025544354e-02 3.519580054309588701e-02 4.095996958352088324e-02 4.658985329063358716e-02 5.185344047044952720e-02 5.703425535412248726e-02 6.206363513309469393e-02 6.665282933339825022e-02 7.095449514844524852e-02 7.528354490883198968e-02 7.968867422936212752e-02 8.293799371423993261e-02 8.630791894946315823e-02 8.991181235086244394e-02 9.229911841140900353e-02 9.389958872950132651e-02 9.540643225293762852e-02 9.607509124607672979e-02 9.645449039362405386e-02 9.574448496060246339e-02 9.503140564454698458e-02 9.303587295735157858e-02 9.050733378444578148e-02 8.650765197962820285e-02 8.241478900568045829e-02 7.812349426918577255e-02 5.659165906333041979e-02
6.414438140886456752e-03 4.356238126562976543e-02 7.302312567952960742e-02 9.929722741964272514e-02 1.206609442358413803e-01 1.430264076134166729e-01 1.627479327333963277e-01 1.796669184191719282e-01 1.924307615897516144e-01 2.039810878916506476e-01 2.121953707038019277e-01 2.201656280170064817e-01 2.273101112776301780e-01 2.342197262760225551e-01 2.405575678743747114e-01 2.463408289659502759e-01 2.541827231485118688e-01 2.649465368473847837e-01 2.765350579108160622e-01 2.900493199828348412e-01 3.084859558731975482e-01 3.286123430711597737e-01 3.508776559266240658e-01 3.752991397239753835e-01 3.996635763350212533e-01 4.263657381335677066e-01 4.551348608095081572e-01 4.847896493438031973e-01 5.117187670491153417e-01 5.791764353500868934e-01
-9.229958800802670615e-03 -4.480036261900861849e-02 -7.433251834174518791e-02 -1.053598071395393382e-01 -1.319426644845257124e-01 -1.589199123389051227e-01 -1.826158137224322964e-01 -2.039022545971755362e-01 -2.195225935097694925e-01 -2.319104959438419433e-01 -2.399798128197184188e-01 -2.429572367375898434e-01 -2.446749209029696059e-01 -2.407929656473508373e-01 -2.341112610648326542e-01 -2.183692498494707313e-01 -2.064305595152185202e-01 -1.910826239245551061e-01 -1.711653134092089856e-01 -1.519912075644969662e-01 -1.287734844436430881e-01 -1.097878672946979994e-01 -8.777815595827750950e-02 -6.423850777757009189e-02 -4.497175789331694234e-02 -2.556797654053312441e-02 -6.883325027662710698e-03 9.310616287123135021e-03 2.222914852949635714e-02 3.610615792324516071e-02
2.424384608871061123e-02 3.622587898261440953e-02 5.139741071158623192e-02 6.706111817507963424e-02 8.663613049452466297e-02 1.058507395880861346e-01 1.261354378763605844e-01 1.462759641023314017e-01 1.692729371755218593e-01 1.900863554122777799e-01 2.130141614243291071e-01 2.341933654475210347e-01 2.558551708280937809e-01 2.770360506540835988e-01 2.953774751894165940e-01 3.122519231421386765e-01 3.290388878228858172e-01 3.418856305964174669e-01 3.515306278797172279e-01 3.584614959319877836e-01 3.625231248310227250e-01 3.658665287812659095e-01 3.645742031875040534e-01 3.608151098199855467e-01 3.561828080858193690e-01 3.494833718726508831e-01 3.401049796300780748e-01 3.304794804339293846e-01 3.208261143257377102e-01 2.830786284754840398e-01
1.357986150365037004e-02 -5.257886680402341049e-03 -1.471179601930420675e-02 -2.351669494604708907e-02 -2.664882060168823411e-02 -2.990123838856535016e-02 -3.052946551159885918e-02 -2.937347677884477593e-02 -2.260903593118296015e-02 -1.542194046205109040e-02 -3.845777709111512441e-03 9.399747289913388398e-03 2.399301174905121500e-02 4.152488257041490188e-02 5.891405204034174531e-02 8.093799273885982082e-02 1.007002765862599486e-01 1.207187680963724419e-01 1.415193068859691428e-01 1.600894731931216397e-01 1.802961994391036882e-01 1.975116088159311334e-01 2.148392786949976374e-01 2.317151554970940941e-01 2.462309025696868825e-01 2.604704396725532334e-01 2.740308855963451973e-01 2.869099894187350230e-01 2.978859914874379955e-01 3.171573735333801936e-01
-4.292773554023920218e-03 -2.300054389998971299e-02 -3.651918164965951841e-02 -4.949933095844805120e-02 -5.981173501541459103e-02 -6.989533195209804428e-02 -7.848560675353816185e-02 -8.664990808241522513e-02 -9.250105580891769541e-02 -9.748118113810133600e-02 -1.007631436984089968e-01 -1.035567111282778840e-01 -1.054479374950773457e-01 -1.057395547570735839e-01 -1.060691371202050481e-01 -1.027488244828214797e-01 -1.004136571149288476e-01 -9.692554750003790076e-02 -9.241860425890288666e-02 -8.741980117121481153e-02 -8.018464397486461948e-02 -7.475110441866789079e-02 -6.592484406758553073e-02 -5.556672785086141930e-02 -4.631264392275377673e-02 -3.552870222204568273e-02 -2.363313214690951694e-02 -1.017701627371904102e-02 3.265650344562713581e-03 4.452367045199108475e-02
2.647718505177529963e-02 4.617000356805242567e-02 6.676439407949456839e-02 8.588771967316943812e-02 1.064886520909746198e-01 1.271488959066005564e-01 1.480433624776646417e-01 1.682313793324092255e-01 1.898907964719867558e-01 2.100274797713641561e-01 2.312440277030322622e-01 2.525437603642865514e-01 2.740974846650974239e-01 2.964899654462465062e-01 3.174701574672889048e-01 3.391046529194796655e-01 3.607210037953118009e-01 3.820540737610865767e-01 4.028735265362856643e-01 4.220672293475751236e-01 4.430899115211675565e-01 4.636079075957560969e-01 4.823104479218700558e-01 5.004801426734017955e-01 5.173179326565962022e-01 5.340251388187582382e-01 5.500964526888036943e-01 5.656376439099308762e-01 5.785123624969452649e-01 5.990710597387299829e-01
-1.680419565600602474e-02 -3.944990719867398632e-02 -6.122272469442511383e-02 -8.164442724662818174e-02 -1.008638671341752779e-01 -1.197885833658998839e-01 -1.379855674828126266e-01 -1.562269169808079838e-01 -1.749078626604612940e-01 -1.920647590174208996e-01 -2.097189582896484550e-01 -2.290693416581967568e-01 -2.477824902626869219e-01 -2.670067674010234149e-01 -2.871945131212195745e-01 -3.060686505673195779e-01 -3.247120216611481536e-01 -3.437151053440794524e-01 -3.636176173249334176e-01 -3.809877450492017981e-01 -3.994564147942954446e-01 -4.186153890005047673e-01 -4.338448237241162020e-01 -4.469447694607061594e-01 -4.602189519685924157e-01 -4.716763287020097062e-01 -4.823002639152695892e-01 -4.894424405527702526e-01 -4.931753839064245692e-01 -4.863455252880162227e-01
2.352716317792025256e-03 1.661807704968995547e-02 2.602197880732663032e-02 3.472836379904636894e-02 4.261360370500884981e-02 5.074384770354058161e-02 5.811021367871300330e-02 6.406667135720883755e-02 6.868426751148440368e-02 7.243948775927122607e-02 7.472861543347995850e-02 7.534445479353918396e-02 7.555773036731704140e-02 7.461895175982477535e-02 7.195420651192073469e-02 6.757754548033682862e-02 6.442782461730617305e-02 5.970471931391370390e-02 5.296091639026721809e-02 4.700595637703778445e-02 3.971105173551906647e-02 3.281028177504009824e-02 2.524634957150432776e-02 1.788239177751426920e-02 1.028815284577105742e-02 2.516837235757699021e-03 -6.168404252354708038e-03 -1.344701358005304971e-02 -1.980541087437751729e-02 -3.879238972387519246e-02
-2.682761238223563965e-02 -4.085746973671013083e-02 -5.933378388224151007e-02 -7.715824858357597793e-02 -9.478727053650956580e-02 -1.125074288025161989e-01 -1.301495081606613979e-01 -1.479590292596723589e-01 -1.671113434453523894e-01 -1.849986553571913994e-01 -2.043732665873458365e-01 -2.258061376747902971e-01 -2.472499437932501043e-01 -2.700740989183473273e-01 -2.941955807030208203e-01 -3.188707534722131642e-01 -3.431760667100159368e-01 -3.697961012291034466e-01 -3.986589044597748099e-01 -4.250559070415790286e-01 -4.555332979033045460e-01 -4.864680626160286514e-01 -5.162482324591582961e-01 -5.448152568952090435e-01 -5.740111917860583057e-01 -6.033472633616044911e-01 -6.343314691952127715e-01 -6.627919266405001286e-01 -6.871905374674289746e-01 -7.471713311195431473e-01
3.566945244832452067e-02 7.280243109951524405e-02 1.064111233130391465e-01 1.412678800503772147e-01 1.780839540925767961e-01 2.146696354203913026e-01 2.501437231144763018e-01 2.840730676512964181e-01 3.172112639209119789e-01 3.462886914312726661e-01 3.741228885649384162e-01 3.962539754991117880e-01 4.179232666285553899e-01 4.349038988187108878e-01 4.458940520130156293e-01 4.484578409265634336e-01 4.538003933180466687e-01 4.501843492413514225e-01 4.385191588318802514e-01 4.244943759167488229e-01 4.013209650920366856e-01 3.802069414935163039e-01 3.498528428505429666e-01 3.153337311734656367e-01 2.820002809741898320e-01 2.450234120420921313e-01 2.032876412506293140e-01 1.629777984472018937e-01 1.261879972069518685e-01 2.056251464738135040e-02
6.572677146283856242e-02 9.834402356243264476e-02 1.413360404904822065e-01 1.842058599977476341e-01 2.324901437751229483e-01 2.811319898160548059e-01 3.308023931923231853e-01 3.802520302109975714e-01 4.348371896569684925e-01 4.855589723916199918e-01 5.401420598692171504e-01 5.948071603066547031e-01 6.503280662522291644e-01 7.072192384754818484e-01 7.609795714997354965e-01 8.150133839907878208e-01 8.685805503236867509e-01 9.210449455573651578e-01 9.720380311260174988e-01 1.017416394814137481e+00 1.066224589221760333e+00 1.114202848550524205e+00 1.157328921893542972e+00 1.197402674943403689e+00 1.236689946983612787e+00 1.275499510296922212e+00 1.314255426877136257e+00 1.351750391312676935e+00 1.384063047772466915e+00 1.454359237496058554e+00
-8.461917871077072675e-03 1.268145956689624692e-03 4.866537537125901688e-03 8.289938923502009407e-03 9.025423658713515457e-03 1.044663449657086060e-02 1.017250992618950675e-02 8.158956866856192924e-03 2.228316810529981391e-03 -3.750154599919804273e-03 -1.305645068292704547e-02 -2.521896270153405062e-02 -3.770276382419424088e-02 -5.246250757420772154e-02 -6.909987007918932944e-02 -8.783794903993855097e-02 -1.046253893625859466e-01 -1.219368418563541168e-01 -1.413326489871491731e-01 -1.577265251016181924e-01 -1.752341844671265747e-01 -1.914857750669543557e-01 -2.054164480127652070e-01 -2.174078390908463221e-01 -2.288849041333757273e-01 -2.385288224873116925e-01 -2.474528243886628398e-01 -2.530404166121227871e-01 -2.559912556469888245e-01 -2.520510108230841761e-01
9.626011809198253832e-02 1.622716443281756460e-01 2.378336071808119789e-01 3.128638256191026423e-01 3.922723889633581984e-01 4.725997739684075771e-01 5.524909824525271462e-01 6.307683763333720162e-01 7.135831521157844914e-01 7.900487085390303088e-01 8.697191124167804599e-01 9.484870810404063546e-01 1.027841422019708517e+00 1.107653920956755522e+00 1.182810601989100929e+00 1.254890314033460852e+00 1.328219184097247041e+00 1.399608485875236230e+00 1.468409315607230203e+00 1.529582689921099803e+00 1.595130316860088993e+00 1.661763447129840809e+00 1.720072949671159535e+00 1.773757879052457742e+00 1.827795151315674271e+00 1.880987734749093754e+00 1.934521252270323677e+00 1.985884034539652676e+00 2.030219330388238319e+00 2.125981425966810168e+00
5.594725199263431842e-02 9.829836796107552233e-02 1.448583646045495110e-01 1.901213574598391576e-01 2.370546348825728067e-01 2.847329612460272052e-01 3.319615692610590196e-01 3.776224420980849317e-01 4.253528362396968299e-01 4.695419969068400090e-01 5.151758092168068348e-01 5.603419995274608878e-01 6.061534689940197840e-01 6.523367581998065212e-01 6.960079699245604878e-01 7.388383965459750513e-01 7.825001974022371964e-01 8.260914689389489141e-01 8.687119116887951353e-01 9.075320839994712729e-01 9.505220957786228997e-01 9.938593247784469620e-01 1.033695722824640395e+00 1.071722348417337267e+00 1.109433200565809408e+00 1.147332848819355711e+00 1.185808503924321577e+00 1.223505674304278035e+00 1.256309371788946194e+00 1.330055910838980893e+00
-1.145499868736926663e-02 -2.225060490747382200e-02 -3.453810090299277297e-02 -4.698551531903041867e-02 -5.886071487513573619e-02 -7.063109603997209940e-02 -8.198446613116797121e-02 -9.350436907825906974e-02 -1.049585498543524620e-01 -1.153557913870995877e-01 -1.259827971116685430e-01 -1.371230599902249492e-01 -1.478450301607630857e-01 -1.583147193317671897e-01 -1.693132529335883429e-01 -1.787257556055497909e-01 -1.882201321896423418e-01 -1.979702316775880933e-01 -2.079682984889782982e-01 -2.163909185026856308e-01 -2.254161223185769947e-01 -2.353369043986553999e-01 -2.432023819302642498e-01 -2.496655964183118193e-01 -2.572069287293817785e-01 -2.640953150284801598e-01 -2.713915842373614273e-01 -2.772591118639642915e-01 -2.816365974308416842e-01 -2.919564981393492631e-01
3.291937068675257483e-02 6.400217091088557242e-02 9.317128117599912662e-02 1.212521297983631258e-01 1.507292871794427558e-01 1.800436063277318366e-01 2.090797846748737032e-01 2.370605682754581278e-01 2.660793907158722771e-01 2.924848120322763312e-01 3.193472817476277759e-01 3.448155630864484511e-01 3.702629657022062371e-01 3.949112986218941135e-01 4.168225573129172856e-01 4.361735584911837771e-01 4.564381355506086924e-01 4.732157687226588028e-01 4.871583612385596007e-01 4.986577150373446843e-01 5.080562309829960155e-01 5.178528564463908967e-01 5.221683254333784330e-01 5.241086258214129323e-01 5.252516477260434913e-01 5.242566332864294631e-01 5.205223675158273666e-01 5.157278812203393015e-01 5.096019566557478120e-01 4.744894863396528772e-01
-2.335914811355111961e-02 -4.471850654590778240e-02 -6.681231733663735295e-02 -8.820635481552263624e-02 -1.088860993948948946e-01 -1.295075949547636329e-01 -1.496461937663837449e-01 -1.693715090568068127e-01 -1.895539159726921941e-01 -2.079637828779596909e-01 -2.271119778116504062e-01 -2.469518043718961220e-01 -2.665330917540191247e-01 -2.861763197071782727e-01 -3.062264054230916521e-01 -3.247011943054730621e-01 -3.433556808011580253e-01 -3.624448078416872554e-01 -3.820321669851130530e-01 -3.991946200724132421e-01 -4.179851492954141934e-01 -4.376121184394784480e-01 -4.541577880454232274e-01 -4.688170569973695856e-01 -4.843531776325634697e-01 -4.989038324120969037e-01 -5.136378408340293023e-01 -5.260746087004618543e-01 -5.356412375407265669e-01 -5.532613166137199112e-01
-3.702094043613716329e-03 -2.427538418012451654e-02 -4.400543272812543205e-02 -6.154730181510235237e-02 -7.483595876006630954e-02 -8.864953988029887488e-02 -1.006972149841677822e-01 -1.120451694028825745e-01 -1.213331878771984756e-01 -1.303982352423503077e-01 -1.380849186711674004e-01 -1.487829253676372643e-01 -1.586827304050353604e-01 -1.699900028520834883e-01 -1.839131273434054525e-01 -1.992320299551569029e-01 -2.144305059506275701e-01 -2.354705062074081701e-01 -2.604987749417806420e-01 -2.857265093755740892e-01 -3.184223657264150242e-01 -3.520498243042649023e-01 -3.882863936552593542e-01 -4.259203719751464279e-01 -4.641267772954900117e-01 -5.046860348609649716e-01 -5.487605432074766920e-01 -5.911098532234926317e-01 -6.284555873233685919e-01 -7.266239623664804137e-01
-9.447745658419264871e-04 3.000008684119673252e-02 4.540186266924555597e-02 5.719484139690844682e-02 6.439796608181885818e-02 7.168654866060585051e-02 7.678364514053122314e-02 7.963161468270668619e-02 7.866642307786383959e-02 7.717919426729875909e-02 7.204644062757847855e-02 6.605592016087526164e-02 5.894605585873266551e-02 5.041814640891489896e-02 4.099023349792374482e-02 2.897589963147828573e-02 1.875536221383997115e-02 6.521202111040147811e-03 -7.076513821207299632e-03 -1.912507938900057450e-02 -3.397149606465979521e-02 -4.757134132457255249e-02 -6.368539231809169920e-02 -7.979007212768826629e-02 -9.704660232671108444e-02 -1.160928798131470596e-01 -1.383464049748538149e-01 -1.614115723945207803e-01 -1.840182896523216149e-01 -2.645684895866282083e-01
2.615162526570274926e-02 5.019108349917704437e-02 7.324635151970435021e-02 9.449886022744259650e-02 1.164553949563196383e-01 1.385550838519703509e-01 1.604724858466911874e-01 1.813763624982999978e-01 2.031425501301855063e-01 2.232923621506068268e-01 2.437400539837174807e-01 2.641787291003485638e-01 2.846743262797659657e-01 3.055506675497672853e-01 3.249476055253222029e-01 3.441951318134069959e-01 3.639191054780466783e-01 3.827662050297710450e-01 4.009276797663634540e-01 4.175245961461083177e-01 4.352453036049721558e-01 4.527562489277369151e-01 4.680561975887980730e-01 4.825590872381123608e-01 4.958713899312117701e-01 5.085756002005935583e-01 5.204071623437240834e-01 5.315719519771295865e-01 5.404418416163516703e-01 5.502676225176523772e-01
-2.505832278523513479e-02 -4.176517139834933640e-02 -6.194391296809529518e-02 -8.165921359983550898e-02 -1.013791312991250554e-01 -1.211548524695398588e-01 -1.405519875659347051e-01 -1.602040423664339852e-01 -1.809961186382356424e-01 -2.002026943489772226e-01 -2.205563906933196705e-01 -2.424419404994990479e-01 -2.639453838638813887e-01 -2.862681267849599975e-01 -3.091932753726940875e-01 -3.315712636189463991e-01 -3.536396636246626479e-01 -3.769875931959227877e-01 -4.013527448198898062e-01 -4.230987652309433078e-01 -4.474405239226101338e-01 -4.721748732878950916e-01 -4.946507251364824498e-01 -5.153423660260074701e-01 -5.367964413199856066e-01 -5.577500207854170222e-01 -5.794834618859574515e-01 -5.988888057258279218e-01 -6.150743745148344876e-01 -6.522055080111581749e-01
-3.817057637995702191e-02 -7.509436318179357750e-02 -1.110861894426506680e-01 -1.465388079816232758e-01 -1.814579199653077179e-01 -2.162314060694103535e-01 -2.498852991968885107e-01 -2.825081100615406959e-01 -3.154050465719096530e-01 -3.446799381895321868e-01 -3.743581502791373250e-01 -4.031616562755994670e-01 -4.311224131607864773e-01 -4.579396048136653574e-01 -4.833233917008445957e-01 -5.040052733366573445e-01 -5.259999725301325313e-01 -5.457128697040847243e-01 -5.632597386360458369e-01 -5.774851682245614182e-01 -5.905603124919669433e-01 -6.053504612041520350e-01 -6.133925178095425146e-01 -6.178911452153443840e-01 -6.237979682341855403e-01 -6.271987157947110925e-01 -6.292836677655642141e-01 -6.289968479911502985e-01 -6.266190175423496100e-01 -6.079714594239499226e-01
4.015071037526901122e-03 4.017479633921809679e-02 6.693024824759488678e-02 9.305650908136514632e-02 1.155186201738941654e-01 1.385782985572545367e-01 1.588426217917518479e-01 1.759157615373260763e-01 1.876131430561863711e-01 1.969344692477954240e-01 2.016467976976772380e-01 2.016234492787504773e-01 2.002984262682000471e-01 1.947362178418601542e-01 1.854577850708981346e-01 1.698602649156396305e-01 1.576651645342433405e-01 1.423381896999901530e-01 1.222456569894822126e-01 1.043134255108590092e-01 8.319505358179440924e-02 6.472583865657824398e-02 4.489512542193684064e-02 2.538416229546349573e-02 7.465555576149127993e-03 -9.942188526484280892e-03 -2.774948145114532194e-02 -4.212242156270516735e-02 -5.352960729566138415e-02 -7.498349119359064285e-02
3.658171794737621885e-02 6.022203110449725338e-02 8.817206875738027583e-02 1.148555960803904347e-01 1.435741230460386986e-01 1.726985382466041108e-01 2.022096733944372393e-01 2.306869040361320955e-01 2.614068159368799771e-01 2.901343503250838340e-01 3.205437992372844325e-01 3.513672966264326791e-01 3.827080721967482946e-01 4.153959224391355898e-01 4.466376285121581580e-01 4.790188935386742175e-01 5.115061992874261332e-01 5.447001172191594520e-01 5.781336481354507617e-01 6.093472717543846340e-01 6.444739265955866658e-01 6.792304817868650701e-01 7.128982123064020460e-01 7.460193272274830978e-01 7.780794554658885254e-01 8.109023261094160384e-01 8.443897475575325995e-01 8.772559477609548351e-01 9.060890053831750501e-01 9.719707623195896762e-01
1.811106051137501699e-02 3.507480882471595424e-02 5.131393004001612995e-02 6.635110315416120619e-02 8.205761045830692324e-02 9.803705603955001346e-02 1.137222436860026303e-01 1.285803384597668519e-01 1.435359630487747506e-01 1.574881844745567305e-01 1.713115099733757973e-01 1.844976087086452332e-01 1.978525939091786978e-01 2.111906607247234779e-01 2.228279846285324828e-01 2.344485550869211676e-01 2.465255430195314179e-01 2.580230860521997571e-01 2.684712093351321327e-01 2.782676076175114588e-01 2.887592039153988321e-01 2.991611693525398907e-01 3.084060823649832361e-01 3.174730442261344820e-01 3.256617475101015735e-01 3.339647704593134980e-01 3.416315408134879550e-01 3.495773433061652447e-01 3.564495924018218354e-01 3.665082540631112717e-01
-4.409013086696253469e-02 -7.060469562732608895e-02 -1.037060295833608092e-01 -1.364070385717678913e-01 -1.697562391210079846e-01 -2.030564591961014909e-01 -2.361729027980987994e-01 -2.690611802501894356e-01 -3.038672664070694029e-01 -3.357645542560723784e-01 -3.696673925197244137e-01 -4.046955080754403022e-01 -4.397535683857263233e-01 -4.755796042438863447e-01 -5.115261557002219739e-01 -5.466729301811272812e-01 -5.818218873869958063e-01 -6.184107283036245351e-01 -6.559880919223141094e-01 -6.899096485304634374e-01 -7.281565701317106454e-01 -7.668676107868095393e-01 -8.029191938163560138e-01 -8.367520186934573889e-01 -8.715690881811184454e-01 -9.063447248335733120e-01 -9.428202123184377115e-01 -9.768119685486995607e-01 -1.006226821461468912e+00 -1.079986777716269275e+00
5.371432969467557217e-04 -1.496878007312437905e-02 -2.782689332174406727e-02 -4.057983595128488580e-02 -5.195354511700115557e-02 -6.295057630354987388e-02 -7.300296893187832592e-02 -8.287143183508902111e-02 -9.157411647062635440e-02 -9.898123101521839884e-02 -1.056756895410771030e-01 -1.118319894312684998e-01 -1.171046469390860933e-01 -1.210349251495722311e-01 -1.247753113090101229e-01 -1.249985824714265059e-01 -1.257670276359892647e-01 -1.248430240811999742e-01 -1.226416984212202743e-01 -1.192246566432129534e-01 -1.133608778573823028e-01 -1.089237049045198719e-01 -1.003553832331749024e-01 -8.991013051932464362e-02 -8.040356983422757009e-02 -6.898378307091528050e-02 -5.610995652317503357e-02 -4.148480759402946305e-02 -2.679867146845927445e-02 1.981047684136055462e-02
-5.714612982318286599e-02 -8.307460045245543268e-02 -1.199544985764963295e-01 -1.564389522426392343e-01 -1.967149590969191064e-01 -2.365510392731435541e-01 -2.773573739708017905e-01 -3.189985288545993392e-01 -3.657539321328753257e-01 -4.090680302988640160e-01 -4.568232841302786729e-01 -5.068103442499528599e-01 -5.570226338788176745e-01 -6.092766308723251978e-01 -6.613612929591010658e-01 -7.133478528052424883e-01 -7.641733289194886369e-01 -8.150472905432726289e-01 -8.665736683825402409e-01 -9.117368955726189439e-01 -9.604207351527238590e-01 -1.008363955649152155e+00 -1.050263638663307075e+00 -1.088000338814876233e+00 -1.125609229892056584e+00 -1.161194194960477377e+00 -1.196533705793371150e+00 -1.227498002507431796e+00 -1.252227848188071979e+00 -1.299642576467710864e+00
1.275512793869791866e-03 -1.073758116137684543e-02 -1.970437637792312596e-02 -2.877661348119641208e-02 -3.545780952893771293e-02 -4.203279370243635793e-02 -4.741033955057468580e-02 -5.222807116210589906e-02 -5.502582938583064354e-02 -5.683434273868419317e-02 -5.727398099087004091e-02 -5.698949045485069559e-02 -5.590413224902728018e-02 -5.327387340143657779e-02 -5.083429851787464593e-02 -4.507959591055164111e-02 -4.041749824637447253e-02 -3.490955539023457566e-02 -2.860326564151434783e-02 -2.230650979329925135e-02 -1.445082761308590438e-02 -8.372820524644161017e-03 -1.878334827310861044e-04 8.967410052788381616e-03 1.644780750784080245e-02 2.469816778841230423e-02 3.312015965156452080e-02 4.228220125035228594e-02 5.079361387374897036e-02 7.145157757735914883e-02
-1.444983808380944507e-02 -1.330602645272123928e-02 -1.937519924884025663e-02 -2.665940495918946163e-02 -3.585593775325258276e-02 -4.494285715763157024e-02 -5.478269093379773552e-02 -6.549598217914931464e-02 -7.835673003718414409e-02 -9.023379193170562307e-02 -1.041850625670585062e-01 -1.188766819116190976e-01 -1.336847710652084575e-01 -1.491228773642654382e-01 -1.649392778561113992e-01 -1.806528969841104393e-01 -1.957112826005177331e-01 -2.112916985015916016e-01 -2.272572009239298418e-01 -2.408771582758631458e-01 -2.559090314658051812e-01 -2.708735041690244483e-01 -2.843409164128394284e-01 -2.963447147890978517e-01 -3.093035397737883274e-01 -3.220647466566551320e-01 -3.359145083172986324e-01 -3.485691833582761356e-01 -3.597795634028088663e-01 -3.923828413254505931e-01
7.460774276763765256e-02 1.301130256029793819e-01 1.915248239228994898e-01 2.514961723119276127e-01 3.136023831873358536e-01 3.766016244500726140e-01 4.389639422641419819e-01 4.991804885618140175e-01 5.620716328647180626e-01 6.201681795209281756e-01 6.799819484782780865e-01 7.395240859138046963e-01 7.993964918825622323e-01 8.600875955200694145e-01 9.175500549807862338e-01 9.735767063033408109e-01 1.030958613466839591e+00 1.088420003261428182e+00 1.144984375340206917e+00 1.196740526638072621e+00 1.254153891928855735e+00 1.312620823524822011e+00 1.366738358044044865e+00 1.418596894675939968e+00 1.470449298690453377e+00 1.522994117387607815e+00 1.577232856537360561e+00 1.630133157325274196e+00 1.676704815557467310e+00 1.786971161118482199e+00
-8.898163696119008523e-05 -1.225312925284741464e-02 -2.109799118407416907e-02 -2.998703153029035062e-02 -3.674094466486936550e-02 -4.341641098973756524e-02 -4.894487583973237271e-02 -5.429854057023454639e-02 -5.788207857891840280e-02 -6.065463845928631414e-02 -6.225701103984641882e-02 -6.335525361122726351e-02 -6.363583042431662784e-02 -6.251839227969516188e-02 -6.154917088566182887e-02 -5.737602351417060709e-02 -5.386687130732688289e-02 -4.931495768745618874e-02 -4.399654717064377385e-02 -3.817245894712186643e-02 -3.029901304109729188e-02 -2.403091369597644064e-02 -1.514395003456852663e-02 -4.886771777148491216e-03 3.980965227150129807e-03 1.407807040060960434e-02 2.485546114791027661e-02 3.670081283942665251e-02 4.818493868412791759e-02 7.999877755276710301e-02
1.590159399921169461e-02 1.479074771233674507e-02 1.980985732466093024e-02 2.461366573859864737e-02 3.189136885767351187e-02 3.961963266897336466e-02 4.831163615475611572e-02 5.682245564359132695e-02 6.749760547055970450e-02 7.805393808267190037e-02 9.015151933304951792e-02 1.030024610457759560e-01 1.165873045248047440e-01 1.320093960252002596e-01 1.467835775884434035e-01 1.647076744445896690e-01 1.821408127378641995e-01 2.016252409855986971e-01 2.221249414295692337e-01 2.421545798934442717e-01 2.664968158464184333e-01 2.896203243372574287e-01 3.152475790010114687e-01 3.420382281639165467e-01 3.677386934701489807e-01 3.954270436747229778e-01 4.251755171060390137e-01 4.558804051892874076e-01 4.843936170965477128e-01 5.625851795653987741e-01
9.626814315308636003e-03 -5.223559233926032205e-04 -7.839248306396314619e-03 -1.603485865959964826e-02 -2.013814496932403789e-02 -2.461979545498577462e-02 -2.713786368095465890e-02 -2.814835057986571701e-02 -2.462327637949864381e-02 -2.033341098388928223e-02 -1.303996918860544224e-02 -3.526220258197685937e-03 6.677114708821552287e-03 1.946667189453421543e-02 3.237401802738924111e-02 4.859904334630718581e-02 6.285934377688066899e-02 7.570072328247126614e-02 8.905665209035590335e-02 1.000907783585528454e-01 1.101194366200569097e-01 1.176045947114263829e-01 1.225792082884478995e-01 1.263666748997402944e-01 1.270586073037607011e-01 1.255392669689821827e-01 1.208401136378680213e-01 1.138528035533093868e-01 1.051687520614216359e-01 5.842694047717304079e-02
2.093400593804104273e-02 4.891059423611845286e-02 7.347855249947804479e-02 9.746517616910047033e-02 1.212366079039342431e-01 1.452330735171180609e-01 1.680324162519120923e-01 1.894770799303198694e-01 2.095758331590286128e-01 2.277256160137398067e-01 2.443054601753296140e-01 2.586091411335965651e-01 2.725067827787697183e-01 2.844741315975194418e-01 2.934723829148639385e-01 2.990712832912635344e-01 3.062125125457421104e-01 3.103762584665848423e-01 3.113834605194518712e-01 3.116433814665737212e-01 3.096778513617614026e-01 3.087293586261228295e-01 3.045486550086884403e-01 2.992759462766155232e-01 2.939892885871663308e-01 2.879475456444791082e-01 2.803461499264016110e-01 2.736750050743478324e-01 2.674204290024586594e-01 2.453097872334802088e-01
-1.105873819113370980e-02 -1.402154909629711038e-02 -2.041777848266382658e-02 -2.789276923374597872e-02 -3.578701451876695888e-02 -4.355902080429225470e-02 -5.129880014882206435e-02 -5.940274320985897138e-02 -6.813207553985338449e-02 -7.598873391124230658e-02 -8.454273556055204308e-02 -9.296685889254614754e-02 -1.015292288784096775e-01 -1.095264536580802667e-01 -1.177067095861639712e-01 -1.244591026010628959e-01 -1.312426112247190857e-01 -1.376680988438030440e-01 -1.439242762195263314e-01 -1.486378656662978859e-01 -1.533370238692479126e-01 -1.585560128044145034e-01 -1.620434440878726345e-01 -1.641844977249270754e-01 -1.676119397569632297e-01 -1.704948303717576663e-01 -1.738394682769335287e-01 -1.764892423939258825e-01 -1.786303483237990652e-01 -1.878773655265256470e-01
-7.206717957492009274e-02 -1.174942017887910667e-01 -1.736258865344360858e-01 -2.294793631574726656e-01 -2.874318381001280676e-01 -3.456921545546643437e-01 -4.035718150007878147e-01 -4.606160786924662909e-01 -5.210905047805287627e-01 -5.762217809701238869e-01 -6.344240712613060662e-01 -6.933192061801102257e-01 -7.520716381093204284e-01 -8.114997403378955143e-01 -8.695367543352277018e-01 -9.254026331232014790e-01 -9.816149566631727774e-01 -1.038617863535168606e+00 -1.095343615268943971e+00 -1.146225947173401760e+00 -1.202560104968770194e+00 -1.259575304524465977e+00 -1.311552304367416211e+00 -1.359794231026114408e+00 -1.409561734999042137e+00 -1.459125223523113579e+00 -1.510713006897213218e+00 -1.559701144089939095e+00 -1.602210544581970098e+00 -1.709757654932369197e+00
-6.716147208807193847e-02 -5.065715615442546726e-02 -6.392235216047810475e-02 -8.013250732923318798e-02 -1.094003569609944965e-01 -1.374277636685665993e-01 -1.708074864509506186e-01 -2.083789624399628448e-01 -2.586609760171150740e-01 -3.063882339291581491e-01 -3.647263846069937476e-01 -4.267751123814722547e-01 -4.909253678335365190e-01 -5.597129670707934324e-01 -6.283138495699361892e-01 -7.015742840298956340e-01 -7.704468707578014941e-01 -8.386157745771705141e-01 -9.079248369842303212e-01 -9.673699648906879389e-01 -1.030788027429497156e+00 -1.089964783694238992e+00 -1.143181840722472975e+00 -1.190863395709607087e+00 -1.237282650696772901e+00 -1.281175641709656698e+00 -1.325090162820601325e+00 -1.364721196445538132e+00 -1.397528041922799114e+00 -1.472467983029791760e+00
6.228454377078805615e-02 1.304955928494467843e-01 1.963117956929720520e-01 2.611310939066028292e-01 3.253320983330392213e-01 3.902020299133152070e-01 4.526443254006353722e-01 5.121117457699645437e-01 5.700105469261617097e-01 6.223959961720066936e-01 6.734213934152345482e-01 7.206814049742861217e-01 7.674647453941496611e-01 8.115317805091912806e-01 8.504929735563733217e-01 8.830909571004468273e-01 9.188919763117389117e-01 9.515537879116944264e-01 9.796023641007332028e-01 1.004503652846337580e+00 1.029753075867474443e+00 1.057822836520426302e+00 1.079444011162296491e+00 1.098254052690526672e+00 1.118401498453381882e+00 1.138053607581751780e+00 1.157401092509745322e+00 1.177159675664703586e+00 1.194379346832987299e+00 1.230606273109008164e+00
-5.881758505253084114e-04 -6.476529650396543880e-03 -1.387628125338797973e-02 -2.124802634248287164e-02 -2.624922428189748608e-02 -3.144913347513945273e-02 -3.583207487685603071e-02 -3.955984402459096494e-02 -4.154893517156592331e-02 -4.316375072668918872e-02 -4.389863600133859373e-02 -4.526076728584023379e-02 -4.622168456494543665e-02 -4.717646569329794065e-02 -4.951065864733359551e-02 -5.169649308675231675e-02 -5.452303799492649178e-02 -6.060849331748319191e-02 -6.869592804933370711e-02 -7.737961124865634643e-02 -9.040043381293415281e-02 -1.046127173181460729e-01 -1.214223627260934274e-01 -1.392022485966535883e-01 -1.588559921050007040e-01 -1.805275982987731009e-01 -2.057470830180159194e-01 -2.311809676284845572e-01 -2.551774784632055426e-01 -3.327354532827523359e-01
