3.701795300003141165e-03 3.569028078345581889e-02 7.386378006776794791e-02 1.162682086578570306e-01 1.618028976372443140e-01 2.094486052519641817e-01 2.582719171768985689e-01 3.074324870831333101e-01 3.561759604490362108e-01 4.038191153085790575e-01 4.497310420847497880e-01 4.933136193430982530e-01 5.339832319295965135e-01 5.711564770317636430e-01 6.042467480874620378e-01 6.326766809797845781e-01 6.559125459170900285e-01 6.735178208327852190e-01 6.852148449397645891e-01 6.909377700067125261e-01 6.908620423055253923e-01 6.854037991142831743e-01 6.751939406967721879e-01 6.610343432403169572e-01 6.438417187309823930e-01 6.245809024549089372e-01 6.041882088757120073e-01 5.834844908094964921e-01 5.630761510110460222e-01 5.124760059989057481e-01
1.897032780107110739e-03 4.450795630691573024e-02 8.253588242223486304e-02 1.204629553831182420e-01 1.577791072777472436e-01 1.938530443585477769e-01 2.281060735112987459e-01 2.600453304476104677e-01 2.892686738050542772e-01 3.154637268162332475e-01 3.384054726338945329e-01 3.579526780522428453e-01 3.740416406071744859e-01 3.866774304187856615e-01 3.959238766110502183e-01 4.018932966864667833e-01 4.047376117086969316e-01 4.046411527669988573e-01 4.018140113330446184e-01 3.964861495769582689e-01 3.889041891670785844e-01 3.793315938091836870e-01 3.680553486919961870e-01 3.553952997899614275e-01 3.417098796344362199e-01 3.273875465965829790e-01 3.128181448555551469e-01 2.983414357877336442e-01 2.841770271188579500e-01 2.487672692514024675e-01
-1.052439736668020487e-03 -2.939656941452994943e-02 -4.798558360198512673e-02 -6.390644243219867349e-02 -7.737591542536392808e-02 -8.835198782617226243e-02 -9.677090455079451203e-02 -1.025896478095091879e-01 -1.057955893338657916e-01 -1.064104880788363516e-01 -1.044944972381927073e-01 -1.001504948944784701e-01 -9.352655388647690415e-02 -8.481585938716307282e-02 -7.425119314575567842e-02 -6.209307402605190873e-02 -4.861116834217682481e-02 -3.406053507933393121e-02 -1.865828415611758828e-02 -2.565663366112858057e-03 1.411906949942931533e-02 3.135524730896577239e-02 4.914537625154480338e-02 6.751530658220872283e-02 8.649516053264960647e-02 1.061060497886501253e-01 1.263562249368987978e-01 1.472488189465366304e-01 1.688089384115301073e-01 2.246823603636585176e-01
8.386880508624017239e-04 6.137132353615015745e-03 1.061226607998833060e-02 1.469933980843052268e-02 1.842782500898465514e-02 2.182336960686370730e-02 2.491401712177321315e-02 2.773229143349453807e-02 3.031835815636441112e-02 3.272372443461790681e-02 3.501492826035246253e-02 3.727646433981135488e-02 3.961249307030811906e-02 4.214665613835677505e-02 4.501962993526831269e-02 4.838330758502706885e-02 5.239036137936636806e-02 5.717992637073621154e-02 6.286054471274837852e-02 6.949481129413470626e-02 7.709045516094192863e-02 8.560006826883181930e-02 9.493103291606530547e-02 1.049615791416727006e-01 1.155587718239985406e-01 1.265926681808196008e-01 1.379441678873263299e-01 1.495050223893485963e-01 1.611737715429626405e-01 1.877861893153749406e-01
-5.390071892179548740e-04 2.064588008215650916e-02 3.479019546648487449e-02 4.741514794295653701e-02 5.892002274049445987e-02 6.940742529695853591e-02 7.889839814743027091e-02 8.738628536229953170e-02 9.485453594243153930e-02 1.012826039805077016e-01 1.066485335468314588e-01 1.109315226203761995e-01 1.141154127544723451e-01 1.161920125014148653e-01 1.171622094116173685e-01 1.170326941064558923e-01 1.158074144623242319e-01 1.134754469967447221e-01 1.099986326298676431e-01 1.053046569577418268e-01 9.929065540200099349e-02 9.183642681455239654e-02 8.282463758951053023e-02 7.215978432213887572e-02 5.978006351506337523e-02 4.565650265431031585e-02 2.977777103660628200e-02 1.211441325722262263e-02 -7.459065702278167009e-03 -7.071992807323113084e-02
-9.112000116147100925e-04 3.507588681532070041e-02 7.678422558819875121e-02 1.209661126486025751e-01 1.677538803196512163e-01 2.173032066202722490e-01 2.697142301476560533e-01 3.250358267105184495e-01 3.832709020352922380e-01 4.443726702011190355e-01 5.082343345857225358e-01 5.746775245643220842e-01 6.434442898607812822e-01 7.141933715320192277e-01 7.865029847598634660e-01 8.598792380071245134e-01 9.337702667689882219e-01 1.007589173910673708e+00 1.080740188655909151e+00 1.152650763688143343e+00 1.222801407275255769e+00 1.290749197301920503e+00 1.356143956480082124e+00 1.418731098470743746e+00 1.478343581256922334e+00 1.534888704714830965e+00 1.588325594959314913e+00 1.638629143533762544e+00 1.685699080524500459e+00 1.764355187711771578e+00
6.398665136657655239e-04 5.365111571154557168e-02 1.024825749336741865e-01 1.512473630136810243e-01 1.996185681200586259e-01 2.471386412507854402e-01 2.933773672557435930e-01 3.379658958292566240e-01 3.806037357426248491e-01 4.210582016385160387e-01 4.591611078358255327e-01 4.948040707386098802e-01 5.279317697859369218e-01 5.585335953510366380e-01 5.866345366812311113e-01 6.122850230312906206e-01 6.355512192822061479e-01 6.565065881586633623e-01 6.752246370888315141e-01 6.917746490216813982e-01 7.062230682349763811e-01 7.186405336833558977e-01 7.291169291711412370e-01 7.377784153795801103e-01 7.447999095893464983e-01 7.504034987068735063e-01 7.548357149935327470e-01 7.583184367395006120e-01 7.609644806361757219e-01 7.548727667308412492e-01
-5.102927854750305414e-03 -5.035410285927355289e-04 5.089086189400404692e-03 1.027415104908868670e-02 1.477675960632041097e-02 1.849839458009228110e-02 2.142108295811340213e-02 2.357665024464949965e-02 2.503885462647303939e-02 2.592560503398999572e-02 2.640457678353413939e-02 2.669764537131413817e-02 2.708181826164945960e-02 2.788600831991061568e-02 2.948339091381058097e-02 3.227862803032621741e-02 3.668764972826465964e-02 4.311007022624835372e-02 5.189534038072451949e-02 6.330818397691473365e-02 7.750188600039109588e-02 9.450564015423879027e-02 1.142317451885901392e-01 1.365000311634503305e-01 1.610730955726467073e-01 1.876924815005622804e-01 2.161084371036849916e-01 2.461037984467111528e-01 2.775314109749160707e-01 3.603315664804540575e-01
7.574331830255687237e-04 -7.237215933855623007e-03 -1.036184915574267507e-02 -1.243318530032411218e-02 -1.341407146537676454e-02 -1.312991447048261762e-02 -1.140736468369141221e-02 -8.097318990621715784e-03 -3.077008354011923075e-03 3.751044569071382284e-03 1.245958212530240417e-02 2.309629827504977584e-02 3.568386979168280959e-02 5.022032390115782619e-02 6.668053328758105636e-02 8.501799491932615638e-02 1.051659653312526643e-01 1.270382017246447504e-01 1.505278129479847848e-01 1.755062466836534441e-01 2.018230738467536867e-01 2.293069376028142869e-01 2.577696064836345613e-01 2.870114496327005327e-01 3.168284720159135759e-01 3.470211750245653093e-01 3.774045421159826219e-01 4.078191010630689561e-01 4.381434334791265428e-01 5.073622962809167802e-01
5.538542172871530056e-04 1.352823892375454307e-02 2.282613742863759398e-02 3.136195515980944037e-02 3.941179014509543777e-02 4.707814235007390380e-02 5.440695252036675811e-02 6.141983572160825133e-02 6.812618713593110442e-02 7.452765287598595023e-02 8.062020590296015143e-02 8.639580843737348914e-02 9.184474771609529853e-02 9.695791773265227675e-02 1.017277673236094415e-01 1.061463779187761247e-01 1.101999296224676073e-01 1.138607425964437425e-01 1.170786623260937631e-01 1.197763136005960405e-01 1.218514930806122720e-01 1.231864536530338228e-01 1.236625932506285608e-01 1.231747245765291154e-01 1.216406444436870515e-01 1.190021051443181932e-01 1.152162807411514223e-01 1.102327922708354890e-01 1.039430177188478410e-01 7.699979603057727218e-02
-6.208774691913276911e-03 5.104769807076081634e-02 9.563444316154345870e-02 1.355460616177879274e-01 1.709030730999074876e-01 2.016970342374406755e-01 2.279796352959237993e-01 2.498821797198615968e-01 2.676235413528047502e-01 2.815235028392635286e-01 2.920196498162113130e-01 2.996820820844732225e-01 3.052201880491338670e-01 3.094785636640153825e-01 3.134174472070299089e-01 3.180725066340528429e-01 3.244896693504415452e-01 3.336373804486356676e-01 3.463084115064702928e-01 3.630321560776792467e-01 3.840216411626897752e-01 4.091691090143285692e-01 4.380932649946771562e-01 4.702236218727193773e-01 5.049000172293744981e-01 5.414623407996259630e-01 5.793100869632326066e-01 6.179281672812066972e-01 6.568884751177392900e-01 7.455304539180360734e-01
-7.003418286330997944e-04 -4.645158309722319245e-02 -8.838708378607407212e-02 -1.302525501814670861e-01 -1.706302418024279177e-01 -2.082291893311776221e-01 -2.419875017949379981e-01 -2.710618856945075095e-01 -2.948093140148557723e-01 -3.127777507179416716e-01 -3.247021982097066939e-01 -3.304998190724290907e-01 -3.302572598331607878e-01 -3.242113707237876952e-01 -3.127265372895635664e-01 -2.962734983884729445e-01 -2.754127947264350951e-01 -2.507812497788108885e-01 -2.230797582888044417e-01 -1.930547510855831206e-01 -1.614747946732677519e-01 -1.291065118857659400e-01 -9.669768583262339234e-02 -6.497361097717657685e-02 -3.464151505613699555e-02 -6.390516238752752542e-03 1.912219676887616515e-02 4.129197489237412810e-02 5.955053068464621902e-02 7.383284479146823287e-02
-2.093748247716575861e-03 1.097704278072342277e-02 2.797289000591263175e-02 4.750040284125134349e-02 6.930601404746994376e-02 9.310496080433949828e-02 1.185904009616933763e-01 1.454493761411868036e-01 1.733656250289641321e-01 2.020128848380409181e-01 2.310433755046688020e-01 2.600763397640548646e-01 2.886898791766725481e-01 3.164174681878648698e-01 3.427523909485898912e-01 3.671617782092653215e-01 3.891129134572111070e-01 4.081114096916280687e-01 4.237442216253839433e-01 4.357202848768793046e-01 4.438985264278016984e-01 4.482975764549337327e-01 4.490872299647890031e-01 4.465633755899034441e-01 4.411107873893342912e-01 4.331585442996583879e-01 4.231306439614854753e-01 4.113878621137700975e-01 3.981406292296014726e-01 3.522405786789022386e-01
1.944627787452191114e-03 -2.451325888978317380e-02 -4.112696839729323983e-02 -5.467049969593062997e-02 -6.493972061434760690e-02 -7.160989154363051057e-02 -7.442714885110035539e-02 -7.322662795195356011e-02 -6.793221418047323823e-02 -5.856003338703885674e-02 -4.522613022709265351e-02 -2.815397601807489991e-02 -7.676574925426393747e-03 1.576752768596634269e-02 4.164708772441372275e-02 6.935955997323617339e-02 9.826224803691729903e-02 1.277124839252792299e-01 1.571109280339442194e-01 1.859426046139560640e-01 2.138061555451713502e-01 2.404244536883197725e-01 2.656362517154775560e-01 2.893701674765907228e-01 3.116102194762788713e-01 3.323644003248773515e-01 3.516434369958005846e-01 3.694485811865888536e-01 3.857497362769208848e-01 4.120439080870710313e-01
2.033329044934362173e-03 -2.229823364177718759e-02 -3.972065454581752419e-02 -5.547067249426618218e-02 -6.975620758021250367e-02 -8.256711444118991494e-02 -9.386001207167282701e-02 -1.035943409078754485e-01 -1.117402022355236113e-01 -1.182798189693130553e-01 -1.232076204032637179e-01 -1.265309639857150614e-01 -1.282706126221455634e-01 -1.284607244306243956e-01 -1.271467372425831854e-01 -1.243804577388800681e-01 -1.202128963195718825e-01 -1.146857743733562529e-01 -1.078251959406770766e-01 -9.963931381935253739e-02 -9.012121759587898850e-02 -7.925683032954111695e-02 -6.703376170480623841e-02 -5.344983335817232728e-02 -3.851810615742579103e-02 -2.226794610032811761e-02 -4.740187490824609995e-03 1.402654865523800254e-02 3.403406770667061210e-02 9.084283973788842559e-02
1.169010240118950605e-03 2.804926451062783599e-02 5.390954989707097411e-02 7.987292617326602340e-02 1.060558896861039102e-01 1.324944649240933359e-01 1.591939622885547578e-01 1.861478159553371370e-01 2.133456258452497423e-01 2.407754524028860033e-01 2.684228433645330369e-01 2.962687420076690614e-01 3.242876803851686418e-01 3.524458496249280870e-01 3.806992894387803972e-01 4.089906601584516466e-01 4.372443793690763414e-01 4.653617157018743455e-01 4.932161955512128770e-01 5.206531150615774095e-01 5.474954000092111528e-01 5.735550871468149126e-01 5.986500060535036027e-01 6.226203492260538042e-01 6.453406712389551103e-01 6.667247316217981279e-01 6.867188191390596330e-01 7.052793478942476213e-01 7.223183190799318254e-01 7.466857632971368730e-01
9.831388888414949179e-03 -2.016190631547942758e-02 -4.566553566837683320e-02 -6.989231851184740663e-02 -9.333614032948389649e-02 -1.163112912909127772e-01 -1.390595310949720442e-01 -1.617762814857997000e-01 -1.846191785880364478e-01 -2.077093781554140151e-01 -2.311298405402339995e-01 -2.549237995990552008e-01 -2.790949368500150740e-01 -3.036090103560127318e-01 -3.283951175981201231e-01 -3.533446868532337248e-01 -3.783078292035497725e-01 -4.030889073037542403e-01 -4.274444529437460005e-01 -4.510877454304136336e-01 -4.736997620784677565e-01 -4.949460686766542494e-01 -5.144937993609346449e-01 -5.320265279733575881e-01 -5.472548255347646773e-01 -5.599256628775037825e-01 -5.698283860110677779e-01 -5.767890499555505812e-01 -5.806158134364522994e-01 -5.639047721051611006e-01
1.308795937802642584e-03 2.018964471062645316e-02 3.461938671534880996e-02 4.815393075114116073e-02 6.069736549397930503e-02 7.203576475149020553e-02 8.196415187558159232e-02 9.031167667126283050e-02 9.694867715006694198e-02 1.017900457954965532e-01 1.047983769676648080e-01 1.059862491092644632e-01 1.054167565307579935e-01 1.032013478106819093e-01 9.949472494190558791e-02 9.448595944559201598e-02 8.838575467234477401e-02 8.141015417641028762e-02 7.376276742434129119e-02 6.561870541190728545e-02 5.711565207457169890e-02 4.835411481326445937e-02 3.940788417821750045e-02 3.034010011469945312e-02 2.121847582748159766e-02 1.212117885006591678e-02 3.129378834273666143e-03 -5.695306987036019564e-03 -1.434498379239812493e-02 -3.567638114327564836e-02
-3.178793529514223337e-03 -2.372615697095170617e-02 -4.501078097382560372e-02 -6.614846788579598069e-02 -8.728807844454422593e-02 -1.086263089091517031e-01 -1.303561842651106417e-01 -1.526563773513771594e-01 -1.756897918530739844e-01 -1.996036558994092047e-01 -2.245285553508438170e-01 -2.505768337869085371e-01 -2.778400690876878798e-01 -3.063862738781608641e-01 -3.362564766430296004e-01 -3.674598006182350218e-01 -3.999669203185476363e-01 -4.337039911770261824e-01 -4.685478271567262709e-01 -5.043266290449537337e-01 -5.408243709825910628e-01 -5.777905532740987837e-01 -6.149516353034414351e-01 -6.520242826663888991e-01 -6.887292587780393660e-01 -7.248100438737310469e-01 -7.600520202540792525e-01 -7.943025925778783858e-01 -8.274808326386846602e-01 -8.965379023575223982e-01
2.633299620356410742e-03 4.766524274600669742e-02 9.185638086637482047e-02 1.386735992855392396e-01 1.871513588703237474e-01 2.361718932515941560e-01 2.846715370542369783e-01 3.316898992634378374e-01 3.763731247163377702e-01 4.179622171795926988e-01 4.557764320052228868e-01 4.891963018453679979e-01 5.176478973007760942e-01 5.405898256576620042e-01 5.575085519230924547e-01 5.679264119244180620e-01 5.714276744402013719e-01 5.677013000822626054e-01 5.565917840576730669e-01 5.381441539502702653e-01 5.126323303557001054e-01 4.805629527545534074e-01 4.426590143120847642e-01 3.998247174895368516e-01 3.530940985656343400e-01 3.035600943840108812e-01 2.522836005664430559e-01 2.001799172139726579e-01 1.478744255728088319e-01 1.796060096239671111e-02
1.767208275850862265e-03 4.195900441845878959e-02 9.118435665732249618e-02 1.443471651873551309e-01 2.008371273404918611e-01 2.602377528673969209e-01 3.221837966120801866e-01 3.863430073834024370e-01 4.524091123021207750e-01 5.200912518776021898e-01 5.890988162136636674e-01 6.591248637414537370e-01 7.298309853649698198e-01 8.008355027413927019e-01 8.717102161026559770e-01 9.419871172285638750e-01 1.011178066430147737e+00 1.078807508049067110e+00 1.144450431165751070e+00 1.207769473490770906e+00 1.268541207013186067e+00 1.326667418179567903e+00 1.382174064812716097e+00 1.435198788938578218e+00 1.485969474015291780e+00 1.534778108296450227e+00 1.581945156154688448e+00 1.627773513493593782e+00 1.672475611267145723e+00 1.761543115077074617e+00
3.252690134104341269e-03 1.926041132537648082e-02 3.032164176693186164e-02 3.999142715474590659e-02 4.773777251830324531e-02 5.303680937504395843e-02 5.546801671152934432e-02 5.471838958328589797e-02 5.058066308265551925e-02 4.295730724697932601e-02 3.186830639606341720e-02 1.745766814565286040e-02 -6.082991603761911392e-06 -2.013622602680698037e-02 -4.244135814951732755e-02 -6.634581513935700059e-02 -9.121721569681540132e-02 -1.164020198048092425e-01 -1.412657388136722147e-01 -1.652340558939613402e-01 -1.878244113759137690e-01 -2.086619218462146819e-01 -2.274737987318076193e-01 -2.440662473090924323e-01 -2.582930666976608336e-01 -2.700321465381421149e-01 -2.791769183822907507e-01 -2.856399217271246016e-01 -2.893332769745029509e-01 -2.784925387823022902e-01
3.033123852219432592e-03 8.744867838686332107e-02 1.779160084552131593e-01 2.720863255090080202e-01 3.690606294549070299e-01 4.680946631706319749e-01 5.685452124453149736e-01 6.698637208319269121e-01 7.715866541839204729e-01 8.733198171830736101e-01 9.747184714651666582e-01 1.075466205773409456e+00 1.175255437789019197e+00 1.273770784435328096e+00 1.370680188236292452e+00 1.465634753403719515e+00 1.558278789219912142e+00 1.648271923360880464e+00 1.735314463672693819e+00 1.819173072872217745e+00 1.899700631794985384e+00 1.976847787795122713e+00 2.050672118959482759e+00 2.121341471967753023e+00 2.189127658901270479e+00 2.254390840826090425e+00 2.317536537942942232e+00 2.378948335943277925e+00 2.438869034347590059e+00 2.555896764097269624e+00
1.901339215692132711e-03 5.899836838943883777e-02 1.168311782530508935e-01 1.756164929247461259e-01 2.349925520247779787e-01 2.946432842290960252e-01 3.543030819273553789e-01 4.137596911168657243e-01 4.728544330573640764e-01 5.314795015729032457e-01 5.895728221512399614e-01 6.471108695841394365e-01 7.040997347212396562e-01 7.605648687458597124e-01 8.165409988141618669e-01 8.720619133091531694e-01 9.271499118185602129e-01 9.818066856241784990e-01 1.036004615423735231e+00 1.089681913552340120e+00 1.142743637261446565e+00 1.195070286688860506e+00 1.246536647377070040e+00 1.297036101517733186e+00 1.346502309141214937e+00 1.394923572835978121e+00 1.442336787877138704e+00 1.488799740967806429e+00 1.534329911170061678e+00 1.626621698436792940e+00
1.471472147386521101e-03 -1.315788930514827371e-02 -2.720652712741866708e-02 -4.114776855567470193e-02 -5.496296478668227792e-02 -6.863172497833147645e-02 -8.214169746497645974e-02 -9.548771061236038804e-02 -1.086698091239668429e-01 -1.216909601935185492e-01 -1.345544816576875746e-01 -1.472615744569338858e-01 -1.598084276192821562e-01 -1.721837386139668524e-01 -1.843665647902525961e-01 -1.963249245309270918e-01 -2.080157232121564448e-01 -2.193866461166180670e-01 -2.303800299414433539e-01 -2.409381815814413130e-01 -2.510079197236336768e-01 -2.605440323823131621e-01 -2.695102091529406607e-01 -2.778788242139853537e-01 -2.856306261965073645e-01 -2.927567517035640776e-01 -2.992613991373218596e-01 -3.051649672561325133e-01 -3.104998157941736281e-01 -3.185223849141038954e-01
4.349499358795583248e-04 4.051643906859681010e-02 7.743886759271845222e-02 1.147229908383451402e-01 1.524083096883259714e-01 1.903185354894958436e-01 2.282267934060655534e-01 2.659025242901407182e-01 3.031247010803781450e-01 3.396813920116983354e-01 3.753639771020971239e-01 4.099606251693330705e-01 4.432515329099260271e-01 4.750059111393056810e-01 5.049809975898824632e-01 5.329236289835534990e-01 5.585741674876771867e-01 5.816755196428857744e-01 6.019851765013299882e-01 6.192918023443780839e-01 6.334334588027559221e-01 6.443149274564348161e-01 6.519219478941522539e-01 6.563269546604715288e-01 6.576829230762086809e-01 6.562038338161073625e-01 6.521282470203004777e-01 6.456601819372735918e-01 6.368583044386468828e-01 5.932448258972726762e-01
8.392305462621152401e-04 -2.581674937391653657e-02 -5.126618692884221673e-02 -7.650078606093302369e-02 -1.015950213768519461e-01 -1.265865644090808928e-01 -1.515050097950734198e-01 -1.763777994201518595e-01 -2.012311732978560030e-01 -2.260887236916460097e-01 -2.509682183736003935e-01 -2.758781710290350020e-01 -3.008141168975271285e-01 -3.257553321891464293e-01 -3.506616862141527236e-01 -3.754708194755949080e-01 -4.000958153628744185e-01 -4.244253696524538100e-01 -4.483262361609376967e-01 -4.716501520597375929e-01 -4.942421899759210646e-01 -5.159505406045354903e-01 -5.366345891379751265e-01 -5.561715835356153548e-01 -5.744613060378469527e-01 -5.914312773966230452e-01 -6.070400798344053328e-01 -6.212758408510126173e-01 -6.341342651867307723e-01 -6.525757634663023055e-01
9.973939915653318167e-03 -2.215917600551620126e-02 -4.811587330186739564e-02 -7.068582350620999932e-02 -9.021395310992375016e-02 -1.070753229432739317e-01 -1.216767584555782378e-01 -1.344393971958197653e-01 -1.457973714568652213e-01 -1.562078637653030455e-01 -1.661643484258092940e-01 -1.762080221087671816e-01 -1.869330690824426711e-01 -1.989846672513522208e-01 -2.130461652413941920e-01 -2.298127008252777159e-01 -2.499470846378244460e-01 -2.740213317447341979e-01 -3.024513056152500212e-01 -3.354401500546373427e-01 -3.729432062827982008e-01 -4.146648836904205382e-01 -4.600871750735677779e-01 -5.085247667157091200e-01 -5.591963739716447890e-01 -6.113038943731226027e-01 -6.641068780445493758e-01 -7.169909799122251570e-01 -7.695294046425260603e-01 -8.893903145217336714e-01
3.289746528025716543e-03 4.618578910594806075e-02 7.037186942761763930e-02 8.934729819884523749e-02 1.041127475327812135e-01 1.150370067334733903e-01 1.223357547423802316e-01 1.261794561869464815e-01 1.267299879691563547e-01 1.241582133225165308e-01 1.186576005420647562e-01 1.104576340294443071e-01 9.983614034717902541e-02 8.712739910697564483e-02 7.271880045300349593e-02 5.703122302656993270e-02 4.047927301144227386e-02 2.341624296968802810e-02 6.076311168726533651e-03 -1.146796211833134294e-02 -2.931594901019707322e-02 -4.771464463556185365e-02 -6.700755242491140962e-02 -8.757516887271776795e-02 -1.097832737141288817e-01 -1.339536165469326079e-01 -1.603626576834358275e-01 -1.892781877540983260e-01 -2.210629755281843245e-01 -3.210619041346944869e-01
-1.203963183797895908e-04 3.121573984390124679e-02 6.011151144048199058e-02 8.877154201036319137e-02 1.173080349690280855e-01 1.457166666514240205e-01 1.739631802192889154e-01 2.020085038966499269e-01 2.298181200749240816e-01 2.573646562523208559e-01 2.846273960894905031e-01 3.115906430757604539e-01 3.382421782589517534e-01 3.645710064447484910e-01 3.905647410429082811e-01 4.162046997225843370e-01 4.414586736238561571e-01 4.662728658295236528e-01 4.905638335621915758e-01 5.142151913023553789e-01 5.370815409696660936e-01 5.589997670031152666e-01 5.798073163605295122e-01 5.993610447621904314e-01 6.175519204116426408e-01 6.343107795692048967e-01 6.496005108929239213e-01 6.633898591971956193e-01 6.755913099623285234e-01 6.878435587859712541e-01
2.197780995629727840e-04 -2.160328539321199059e-02 -4.440530907595530152e-02 -6.745206244522705674e-02 -9.077144652837887406e-02 -1.144315573037602007e-01 -1.385040665627457201e-01 -1.630564109073020518e-01 -1.881494527333416045e-01 -2.138351598405279219e-01 -2.401531939976848662e-01 -2.671268922858871520e-01 -2.947589480900205672e-01 -3.230277472757734358e-01 -3.518843916826881468e-01 -3.812509426497854292e-01 -4.110198566340841353e-01 -4.410562129341997206e-01 -4.712024764739908278e-01 -5.012866096221841872e-01 -5.311301299952901900e-01 -5.605563880526460707e-01 -5.893964046263135970e-01 -6.174936020397581160e-01 -6.447079727076925337e-01 -6.709237048053182662e-01 -6.960573369287885725e-01 -7.200656631612218916e-01 -7.429397651576437056e-01 -7.870440730475820601e-01
-1.055512402672320604e-03 -4.672065895283594728e-02 -8.962814655387774110e-02 -1.327600763761438429e-01 -1.760154567309655249e-01 -2.191565815010108054e-01 -2.619351591565646231e-01 -3.041220405721105635e-01 -3.455123031162656844e-01 -3.859213204705156386e-01 -4.251770103001035750e-01 -4.631115072988905013e-01 -4.995528259896673262e-01 -5.343177975737489760e-01 -5.672069290303625166e-01 -5.980026671313680708e-01 -6.264731349074281752e-01 -6.523827859782613814e-01 -6.755100587033666670e-01 -6.956691467785276473e-01 -7.127307006740011275e-01 -7.266379842185415328e-01 -7.374149957322515547e-01 -7.451655590557493269e-01 -7.500643903040327132e-01 -7.523414590978063643e-01 -7.522578784846700728e-01 -7.500694939517416060e-01 -7.459542477154172957e-01 -7.188947224640287459e-01
-7.695039384998381138e-04 4.797899437835440040e-02 8.818755618995055556e-02 1.268302057287655771e-01 1.630528526729904115e-01 1.959147392190061510e-01 2.246118722832761705e-01 2.485036844736896455e-01 2.671131411916576326e-01 2.801282493746839464e-01 2.874063453054986894e-01 2.889766855514608324e-01 2.850356860435567796e-01 2.759343454963527620e-01 2.621586373425088823e-01 2.443041274673305452e-01 2.230458328849636018e-01 1.991026340401731431e-01 1.731984088546596467e-01 1.460220678127370775e-01 1.181961935362778604e-01 9.026122133946046233e-02 6.268164463108405471e-02 3.587073407834395766e-02 1.022136112442240119e-02 -1.387822214746847749e-02 -3.605486784363165498e-02 -5.598717700922861695e-02 -7.343813177431002259e-02 -9.989588015014305711e-02
5.156439146958291531e-04 3.317355568287894130e-02 6.713528692489489913e-02 1.016437638900242746e-01 1.366272526211105287e-01 1.720622009015642107e-01 2.079387655830942094e-01 2.442579729831777513e-01 2.810334595269523561e-01 3.182921907282434404e-01 3.560732169426046312e-01 3.944246074534021318e-01 4.333994923508726060e-01 4.730509346700273454e-01 5.134264877415262163e-01 5.545611581183038652e-01 5.964679694152437150e-01 6.391280120587907732e-01 6.824793195701204240e-01 7.264099842286668718e-01 7.707577398396097124e-01 8.153179338551126420e-01 8.598610883927904069e-01 9.041554605937562883e-01 9.479886418557725847e-01 9.911852082586847246e-01 1.033611801860388368e+00 1.075167586503084749e+00 1.115749990043696016e+00 1.198555459675844759e+00
1.856480666901916265e-03 2.548081631539389491e-02 4.711246414808556437e-02 6.850996514549478889e-02 8.965123345842584968e-02 1.104456059983931482e-01 1.307988459593616426e-01 1.506301634362898767e-01 1.698784003383480012e-01 1.885046096867881715e-01 2.064929766929708421e-01 2.238504788256250322e-01 2.406057803309522569e-01 2.568064717925153673e-01 2.725150170153938234e-01 2.878022989607416093e-01 3.027383251464925706e-01 3.173816049820743501e-01 3.317674709833227098e-01 3.458998328424058855e-01 3.597492030239664018e-01 3.732584318495355546e-01 3.863565115607343614e-01 3.989757275558076799e-01 4.110665222979150712e-01 4.226052103913389146e-01 4.335891357040964067e-01 4.440173855400644243e-01 4.538513658917509019e-01 4.691204442060552537e-01
-2.312546654138714075e-03 -3.679427882889285684e-02 -7.502693642163649201e-02 -1.144354208954609931e-01 -1.547080455929972231e-01 -1.956983823911286891e-01 -2.373169041820801795e-01 -2.795056678005494177e-01 -3.222297528409399092e-01 -3.654725500964559615e-01 -4.092300297343172133e-01 -4.535031752311624587e-01 -4.982887753867544234e-01 -5.435693436884321272e-01 -5.893049599253572524e-01 -6.354278461658395827e-01 -6.818409362458623946e-01 -7.284224504255689681e-01 -7.750333124422468245e-01 -8.215280571603216231e-01 -8.677632758044637740e-01 -9.136040681623853743e-01 -9.589289078139699996e-01 -1.003634209337178618e+00 -1.047639893891755491e+00 -1.090899745526257902e+00 -1.133410053851548582e+00 -1.175218636693898588e+00 -1.216426963510457426e+00 -1.306664744915906340e+00
1.109147787792608142e-02 -7.932690961752086878e-03 -2.313256036723032594e-02 -3.769062535138800740e-02 -5.169571220176294446e-02 -6.509436160558834672e-02 -7.780911918962374330e-02 -8.976134244585409760e-02 -1.008741600089706481e-01 -1.110697524272836745e-01 -1.202653218642808497e-01 -1.283700783387757838e-01 -1.352832257398404181e-01 -1.408936284133233130e-01 -1.450806162902154028e-01 -1.477161837392486632e-01 -1.486695469939149916e-01 -1.478141653933562338e-01 -1.450377782457508147e-01 -1.402533571817912161e-01 -1.334079919033683836e-01 -1.244886271306313574e-01 -1.135215112590231001e-01 -1.005668878206051886e-01 -8.571001567179337144e-02 -6.905072421068325639e-02 -5.069113854551687837e-02 -3.071753872791305184e-02 -9.153995721135288477e-03 5.419292155420407653e-02
1.206010521855205297e-03 -3.033599961781874299e-02 -6.918131985003128648e-02 -1.107886653044261038e-01 -1.551417480804957449e-01 -2.023272612714208663e-01 -2.524024728336371481e-01 -3.053821516805328429e-01 -3.612354421638883650e-01 -4.198772521340288222e-01 -4.811535985791124403e-01 -5.448262305581010878e-01 -6.105603487812913954e-01 -6.779181459569372237e-01 -7.463609600090421736e-01 -8.152614632272161543e-01 -8.839276531361974776e-01 -9.516415917896665633e-01 -1.017705241742078215e+00 -1.081490533950272948e+00 -1.142478833498898894e+00 -1.200283984246198088e+00 -1.254655013384763151e+00 -1.305461684765759856e+00 -1.352669517102185637e+00 -1.396318862738553435e+00 -1.436507368984166533e+00 -1.473372201027814299e+00 -1.507033536734525114e+00 -1.559338758292142302e+00
2.244311559479683638e-03 -1.300001383060589433e-02 -2.413051790790632367e-02 -3.421700192848220468e-02 -4.324488883139565587e-02 -5.110838991822674870e-02 -5.771033518249168992e-02 -6.297636689851060510e-02 -6.685578549513593316e-02 -6.932085385778918862e-02 -7.036657357821241021e-02 -7.001095736632123590e-02 -6.829431751975789666e-02 -6.527763284975662827e-02 -6.103939987951889634e-02 -5.567104794317856431e-02 -4.927135637262836099e-02 -4.194040742004290223e-02 -3.377458784962072968e-02 -2.486289764055982232e-02 -1.528507197508588433e-02 -5.111933278385549784e-03 5.593280016910284758e-03 1.677209086483344436e-02 2.836775005562230945e-02 4.032266227295622230e-02 5.257804872235283256e-02 6.507654901361092925e-02 7.777089666342362761e-02 1.087841479456983507e-01
8.915950893424451351e-04 3.999990818556398153e-03 -1.888457336463034153e-04 -6.669204740319401026e-03 -1.508755289250984788e-02 -2.530585374915972352e-02 -3.723209962481632829e-02 -5.078446358675137162e-02 -6.587818503612652421e-02 -8.241685671964660287e-02 -1.002834267565049231e-01 -1.193314786651171744e-01 -1.393773998715914786e-01 -1.601956254453398287e-01 -1.815195563831366599e-01 -2.030507545568980277e-01 -2.244783822097815573e-01 -2.455078592174686491e-01 -2.658933099010027945e-01 -2.854662412428297102e-01 -3.041503229760564864e-01 -3.219598071300424635e-01 -3.389822603785432875e-01 -3.553530988865531981e-01 -3.712296956800855696e-01 -3.867740412824787199e-01 -4.021459431969560683e-01 -4.175094017409719527e-01 -4.330519685172475874e-01 -4.716527076088823378e-01
2.821951115038245916e-03 7.814461662201210856e-02 1.547527810907922685e-01 2.326110242283903062e-01 3.111306256032548845e-01 3.898308774805627763e-01 4.683250872767530382e-01 5.463154813623987138e-01 6.235887458897195756e-01 7.000101184821687639e-01 7.755157476640306413e-01 8.501027947640977800e-01 9.238176247454248369e-01 9.967418587184511125e-01 1.068978955445345491e+00 1.140639712510164827e+00 1.211827059683855623e+00 1.282621984777506441e+00 1.353067984280642122e+00 1.423160245118197054e+00 1.492841740546282381e+00 1.562010144290979952e+00 1.630540510115679353e+00 1.698316862282808870e+00 1.765263547596987337e+00 1.831368466315325350e+00 1.896679421362932771e+00 1.961274807748850435e+00 2.025198166666086763e+00 2.160407995281275362e+00
1.596581132616847754e-03 -1.260939362691715360e-02 -2.345302520552650094e-02 -3.364510560641065240e-02 -4.315349977696314454e-02 -5.185108334990218282e-02 -5.961285677039995790e-02 -6.633198779309168458e-02 -7.192080520326271653e-02 -7.630908448481932282e-02 -7.944208948174491525e-02 -8.127921778941527009e-02 -8.179222053149715066e-02 -8.096368011320009828e-02 -7.878495060140267015e-02 -7.525452418485656381e-02 -7.037745747948065400e-02 -6.416633963817730546e-02 -5.664438154781237245e-02 -4.784940980607643723e-02 -3.783722087973728776e-02 -2.668346703285351396e-02 -1.448269333923235536e-02 -1.345376542303711176e-03 1.260672317584976554e-02 2.724608121206983924e-02 4.244645027210935950e-02 5.809177405899390578e-02 7.409313082462176681e-02 1.140850777155719697e-01
2.482654235791414976e-03 3.053722146432846785e-03 9.280516474973410368e-03 1.682313130004331470e-02 2.539282984798774123e-02 3.492829081369563937e-02 4.542603640584275126e-02 5.690456548472866416e-02 6.939651019638404250e-02 8.294787717750295997e-02 9.761830413481220603e-02 1.134797171107493341e-01 1.306134848273359239e-01 1.491062431014142931e-01 1.690457998192869127e-01 1.905174287385307252e-01 2.135995490825735033e-01 2.383590055978856981e-01 2.648437669849954545e-01 2.930745942867361009e-01 3.230375102139078081e-01 3.546788221574388444e-01 3.879076814628206193e-01 4.226046292460523546e-01 4.586351527250371873e-01 4.958655028021894395e-01 5.341761796153150499e-01 5.734761445201002061e-01 6.137299439287744462e-01 7.135300761437974870e-01
-1.926431490574032068e-03 -1.842097245389595628e-02 -3.235719545045867562e-02 -4.508904000977054238e-02 -5.577023053774610162e-02 -6.375768414000049233e-02 -6.859286414692178369e-02 -6.996713351691141725e-02 -6.770421989494934678e-02 -6.175857462221756577e-02 -5.222110875183716416e-02 -3.932371182600036263e-02 -2.343591820681467652e-02 -5.053815024439245462e-03 1.521829090779647231e-02 3.669146209722384810e-02 5.862026842078194022e-02 8.023737225448712707e-02 1.007918691611848772e-01 1.195910781971178949e-01 1.360385189182125032e-01 1.496600736281834543e-01 1.601114603108726442e-01 1.671634665108285844e-01 1.706711365259252489e-01 1.705382777727209032e-01 1.666861785924993455e-01 1.590183781809173524e-01 1.473336959606967866e-01 8.822018973296508193e-02
9.216174366883933544e-04 3.821860841708257794e-02 7.166870607761666179e-02 1.050576893030665815e-01 1.380325783393345773e-01 1.701202452532015741e-01 2.008772822446189821e-01 2.299210181809030473e-01 2.569354860461317003e-01 2.816710410988889635e-01 3.039422085857950151e-01 3.236243961728177965e-01 3.406489206827245653e-01 3.549962913966737688e-01 3.666887259460054338e-01 3.757823644555173814e-01 3.823605565703473985e-01 3.865281803882680833e-01 3.884071832871995866e-01 3.881329274154268205e-01 3.858539475477300584e-01 3.817347338772378862e-01 3.759639723575673997e-01 3.687639808631502092e-01 3.603960400796495378e-01 3.511529801762662828e-01 3.413337966776452959e-01 3.311979076243005693e-01 3.208963511860929430e-01 2.912110103643499315e-01
1.134750375058501959e-03 -2.416152332443743944e-03 -9.242905827704817057e-03 -1.727094041416421533e-02 -2.618592145154252648e-02 -3.578741714591160417e-02 -4.591847589472308755e-02 -5.644728668266907334e-02 -6.725802790606394410e-02 -7.824441842967644334e-02 -8.930346049601212144e-02 -1.003296007984317839e-01 -1.112087928340770304e-01 -1.218140270211733878e-01 -1.320041483850218356e-01 -1.416279408731497824e-01 -1.505350890220142901e-01 -1.585933976457454264e-01 -1.657090630033053458e-01 -1.718441076227463782e-01 -1.770246397354640067e-01 -1.813382576801814139e-01 -1.849212754168547690e-01 -1.879412173875607550e-01 -1.905792407342232764e-01 -1.930175140150822699e-01 -1.954322807141579688e-01 -1.979946592473424971e-01 -2.008805606164969504e-01 -2.107022056006826460e-01
-1.929630117956548929e-03 -5.925188824767246842e-02 -1.241811328218318522e-01 -1.919262777664698660e-01 -2.616825546720065176e-01 -3.329467871808446944e-01 -4.053347618901170790e-01 -4.785396964871324599e-01 -5.523170554661192000e-01 -6.264748150133527815e-01 -7.008617842220701277e-01 -7.753525772714056075e-01 -8.498289236449636519e-01 -9.241609075688757002e-01 -9.981919327401556075e-01 -1.071731756033841521e+00 -1.144560421409551054e+00 -1.216444546880666167e+00 -1.287159929575864226e+00 -1.356516296567860991e+00 -1.424373934569302946e+00 -1.490651304426137358e+00 -1.555326933565083891e+00 -1.618437851371709257e+00 -1.680078695120755583e+00 -1.740404526295606047e+00 -1.799628908338490874e+00 -1.858019630017224699e+00 -1.915886382164899260e+00 -2.044130961003247648e+00
3.412514342926442623e-04 3.031218837713822722e-02 3.045365231810137630e-02 2.077263029059395194e-02 1.870623265858739614e-03 -2.626026101643219590e-02 -6.362780980998650193e-02 -1.101444480591453612e-01 -1.655986155965365469e-01 -2.296262053423561156e-01 -3.016743162297643721e-01 -3.809652873896993697e-01 -4.664726541959680617e-01 -5.569140860461629927e-01 -6.507726670824922621e-01 -7.463517063879407942e-01 -8.418697291635908186e-01 -9.355926165007986128e-01 -1.025980467500630766e+00 -1.111821974220220000e+00 -1.192319194378796965e+00 -1.267104471626225859e+00 -1.336191172304097563e+00 -1.399876261653844267e+00 -1.458625460567418486e+00 -1.512979308667127043e+00 -1.563494945468846709e+00 -1.610726813378278166e+00 -1.655206198396626860e+00 -1.740311274828854948e+00
2.704800514038652182e-03 9.185839205747470260e-02 1.774598894990049303e-01 2.637286683893762529e-01 3.496336540556512773e-01 4.341402290738187730e-01 5.163566818810068071e-01 5.955543568707071245e-01 6.711648380733095109e-01 7.427733293152414262e-01 8.101112669683061540e-01 8.730460157967172563e-01 9.315658411360345781e-01 9.857609546161256731e-01 1.035802615282591432e+00 1.081923325953539461e+00 1.124398266372736543e+00 1.163530593214090914e+00 1.199636166391428560e+00 1.233030398783739656e+00 1.264019226131495088e+00 1.292897542414721102e+00 1.319962968525942415e+00 1.345539440808352083e+00 1.370000620780047029e+00 1.393776809272821993e+00 1.417329748568590730e+00 1.441092704830225557e+00 1.465381433663424104e+00 1.516924624738749117e+00
-1.754223660100251436e-03 -1.295978418784216046e-02 -2.370179613353684545e-02 -3.336357913212850690e-02 -4.160575038986280560e-02 -4.828760219970718026e-02 -5.337938718730583787e-02 -5.692389566684141755e-02 -5.902374122524634004e-02 -5.984264478320255876e-02 -5.961190775269642472e-02 -5.863548308843746781e-02 -5.728935223305597901e-02 -5.601501330966129899e-02 -5.530687008285894990e-02 -5.569358222419396043e-02 -5.771283485228195786e-02 -6.187935132766142488e-02 -6.864938844228163362e-02 -7.838582951808348298e-02 -9.133003518218174577e-02 -1.075874255620874465e-01 -1.271301801898516715e-01 -1.498184973024763167e-01 -1.754357596510089934e-01 -2.037321874522604048e-01 -2.344691833131946623e-01 -2.674697093316353858e-01 -3.027036903076805174e-01 -4.032637333148159087e-01
