7.334350797419844636e-02 8.881735915140920312e-02 1.088950977362158068e-01 1.291777191993210838e-01 1.505095328210013239e-01 1.701665299920477048e-01 1.917271679541876217e-01 2.131827093889973324e-01 2.335162159601554266e-01 2.553286485878025758e-01 2.731524814541558266e-01 2.915550484312585677e-01 3.062309014067981505e-01 3.230196941353806195e-01 3.341805372868407731e-01 3.471647526829955699e-01 3.562831053981526663e-01 3.604758274994708800e-01 3.664397958565743796e-01 3.695343337198973011e-01 3.671707641020856561e-01 3.679008940692639618e-01 3.623129969564586883e-01 3.582577088924907560e-01 3.509549842357800875e-01 3.430845831832470827e-01 3.357222697877760842e-01 3.264951595172608245e-01 3.168041362135696204e-01 2.881579938211175640e-01
5.044973429566717432e-02 6.611865864819106708e-02 8.162498601171938595e-02 9.712338991493595086e-02 1.116240252016136025e-01 1.255723303066456631e-01 1.393949800005301887e-01 1.521525074635189934e-01 1.645172697507862880e-01 1.762501455678268658e-01 1.855328257839720107e-01 1.946245867070663382e-01 2.009892139974013836e-01 2.080202936775937539e-01 2.118264527328398428e-01 2.167452931201433453e-01 2.187360533754517666e-01 2.179062442920529086e-01 2.185473657837651573e-01 2.175742655853569185e-01 2.132841229633155589e-01 2.111506598256924216e-01 2.051981856527879400e-01 2.009091074072615613e-01 1.944691334385672543e-01 1.877157771446477663e-01 1.815897646148825761e-01 1.742940484569050485e-01 1.670276653309661352e-01 1.447387923257712761e-01
3.734637622427116645e-03 -7.648216873769787642e-03 -1.474392471739536560e-02 -2.100646949349130668e-02 -2.504964545545376037e-02 -2.877539833951160003e-02 -3.055804509823987700e-02 -3.190155478720473059e-02 -3.162698112000653095e-02 -3.174947174840563047e-02 -2.972637524439816076e-02 -2.745233659736113010e-02 -2.461007708034358352e-02 -1.990761400165640127e-02 -1.481824329044808403e-02 -1.048858550560057001e-02 -4.694632924439402430e-03 1.173537244978506769e-03 8.058344524608677950e-03 1.412429073886105162e-02 2.055752278481089851e-02 2.746611452901433909e-02 3.432282080390673673e-02 4.098244947430176865e-02 4.771660823850745747e-02 5.454627482464969451e-02 6.128264691802287611e-02 6.859492753776445795e-02 7.561841185349169048e-02 9.487202720389456556e-02
1.180556004837166051e-02 1.133311968613561101e-02 1.156244959880125579e-02 1.259900312828876948e-02 1.354785749834343592e-02 1.497159652083035128e-02 1.698568149718399783e-02 1.824497242194405774e-02 2.050239092083169790e-02 2.185772294285568546e-02 2.403338277543941998e-02 2.596071340767013708e-02 2.763176260057003536e-02 3.039822037405473173e-02 3.260792723944148236e-02 3.482330109620193626e-02 3.757944667796823263e-02 3.971329714871971867e-02 4.328470111632035100e-02 4.599719336530257163e-02 4.874354357723939546e-02 5.248327914862418314e-02 5.564257519016219816e-02 5.918819627914606585e-02 6.261046426112648611e-02 6.612343127653104446e-02 6.974188294318617309e-02 7.371722991952676940e-02 7.752105388073304848e-02 8.649959382756045034e-02
1.725723332182599323e-02 2.466718088702467976e-02 2.966481494494878010e-02 3.443172818008767566e-02 3.913772257765594370e-02 4.337506969586047562e-02 4.763082143897008625e-02 5.168097385662207693e-02 5.545550052722207635e-02 5.909172178397145703e-02 6.169151508477112994e-02 6.469212509965938107e-02 6.590464160565187579e-02 6.787366660083202219e-02 6.839733643408565933e-02 6.903583946384600489e-02 6.893345977885233233e-02 6.638048572613046427e-02 6.497331049456987750e-02 6.214601694732613257e-02 5.673739441883239587e-02 5.288385339982053929e-02 4.604099890334320544e-02 4.009236271591681139e-02 3.134897918236632247e-02 2.248713865332202522e-02 1.309146422241967006e-02 2.419634295152033390e-03 -8.905928903926586815e-03 -4.676123854290664683e-02
1.115460205154556739e-01 1.288538753670558090e-01 1.541422952107941446e-01 1.783090293057103537e-01 2.056710887124185150e-01 2.301396215415176805e-01 2.598691792331487838e-01 2.892878521859705843e-01 3.209151152589259093e-01 3.540340859635472404e-01 3.856459548957806849e-01 4.182816558985726907e-01 4.492350908179941205e-01 4.857465881761885429e-01 5.190427794399511408e-01 5.534974594225805511e-01 5.857494507149432206e-01 6.177441638125541479e-01 6.519266135271210016e-01 6.844602766446724607e-01 7.135844995975024752e-01 7.448074274579722376e-01 7.722542558144832592e-01 7.983215627866776520e-01 8.241911502771754883e-01 8.471361322016986994e-01 8.716328321784805322e-01 8.928533407764500662e-01 9.123052191652081255e-01 9.501516840696553334e-01
7.512135571279705826e-02 9.534543942171862241e-02 1.169575141114069100e-01 1.385943509735098333e-01 1.595293030908878362e-01 1.793012758206316004e-01 2.001456219973253292e-01 2.199338531526064122e-01 2.399159880022747049e-01 2.594697542788750311e-01 2.765985342575562056e-01 2.938098713863271927e-01 3.081000118115850284e-01 3.244466292093208803e-01 3.368298254217692578e-01 3.510218155494995163e-01 3.618688003292338529e-01 3.702901932935230289e-01 3.807813860381585314e-01 3.894431308980602635e-01 3.944548229468234357e-01 4.021221017409208898e-01 4.054582301945121592e-01 4.098615955962763291e-01 4.125042551853850270e-01 4.141535365138364622e-01 4.167358096923604038e-01 4.175572122660723973e-01 4.178502839255362478e-01 4.128086043677958172e-01
5.515760679774729322e-03 4.396937496884275112e-03 4.656549283979191135e-03 5.981356858509015786e-03 6.593076307599183769e-03 8.225014111797733507e-03 1.039946455883439258e-02 1.111812102383924299e-02 1.339838125452708431e-02 1.424823046967848769e-02 1.631486215138397422e-02 1.796247414292927516e-02 1.968368109323927195e-02 2.274165587935985181e-02 2.507192748551903896e-02 2.797065757170795822e-02 3.169543712760707760e-02 3.573862314805222040e-02 4.155100105259856846e-02 4.667542759559874244e-02 5.305365939192277502e-02 6.088663252114250024e-02 6.868942366150802836e-02 7.727546166264238903e-02 8.679843392451008777e-02 9.671824337851357700e-02 1.072501788408746770e-01 1.191181157040342997e-01 1.309645027072370294e-01 1.644742445082701121e-01
1.948187405308372117e-02 1.463012401590495226e-02 1.336907667203885049e-02 1.276555227807107083e-02 1.376951267198044983e-02 1.475081190176785566e-02 1.775629861351895114e-02 2.068277611593236781e-02 2.528048773927178694e-02 2.925336576022188190e-02 3.503194050323553410e-02 4.087708712616526519e-02 4.713910773319957698e-02 5.562335635479944557e-02 6.370982279375839163e-02 7.166990711441123540e-02 8.060826271516155495e-02 8.992521300427276654e-02 1.005885152448020015e-01 1.104612396179201483e-01 1.206406277322258080e-01 1.317112501358362331e-01 1.424295436216901078e-01 1.531110394240772221e-01 1.643467450632943028e-01 1.750888428386080387e-01 1.863893600699331743e-01 1.978428366850722431e-01 2.089140403951973146e-01 2.368539836178416014e-01
1.790180111618100769e-02 2.174409554288218860e-02 2.472677916033790002e-02 2.773881523197269799e-02 3.093227592840774864e-02 3.400179782778431359e-02 3.761571057609562618e-02 4.073685162156303469e-02 4.436744382034227274e-02 4.764613566620751889e-02 5.082477355759201093e-02 5.405315797678095224e-02 5.649002847997539045e-02 5.984042919756412532e-02 6.244561811582346328e-02 6.472045118576845446e-02 6.715714837931099912e-02 6.800212608006675485e-02 7.015609695832157600e-02 7.102381568422268254e-02 7.065161644652093176e-02 7.146825350086659367e-02 7.043859648986063038e-02 6.993870202262153501e-02 6.792796811670817614e-02 6.572707656554964417e-02 6.335449950167736100e-02 6.042283285343200139e-02 5.693576663249191872e-02 4.293484896661270422e-02
3.657327494159585274e-02 5.615116121807288418e-02 7.196932081849141682e-02 8.782748014021236893e-02 9.962404434904195694e-02 1.118896053590206635e-01 1.241024446108980606e-01 1.322152604523230413e-01 1.422542679602169513e-01 1.496199879445042069e-01 1.573227259687812185e-01 1.634698498530295363e-01 1.693597927985167340e-01 1.760550879989579709e-01 1.816650237035436488e-01 1.886939458599042607e-01 1.954433464324661640e-01 2.031308147913142848e-01 2.133035523870293049e-01 2.233375345107636023e-01 2.342933557819520396e-01 2.476007363343728229e-01 2.605875499866036615e-01 2.744704208104375431e-01 2.898987316004294490e-01 3.046960025283143580e-01 3.207027431895447811e-01 3.374693239932238242e-01 3.533976623789701343e-01 3.908184434953181352e-01
-2.230660973061573266e-02 -4.044351357298352212e-02 -5.698401464225005125e-02 -7.395863124784657350e-02 -8.705731169602445862e-02 -1.004140458730595487e-01 -1.109399663203620295e-01 -1.199047286975318399e-01 -1.265937500130394078e-01 -1.325927727153076718e-01 -1.348353737718905876e-01 -1.359359045334297411e-01 -1.350578739381855797e-01 -1.312654962503747025e-01 -1.243249158453193365e-01 -1.200687516973490548e-01 -1.110602623722889842e-01 -1.012366379464437888e-01 -9.054543731059577771e-02 -8.023148131025137353e-02 -6.885561160010804371e-02 -5.802104145212680364e-02 -4.607899736214571967e-02 -3.610023156192151972e-02 -2.670864812756895690e-02 -1.771799334642232271e-02 -1.012697504054619127e-02 -3.312544154476728883e-03 2.090253906708876633e-03 5.763522273690835709e-03
4.648944353223859183e-02 5.191628412201639009e-02 6.163529246421795005e-02 7.138133081020199555e-02 8.317588212225257571e-02 9.369928307232908149e-02 1.061880517740195762e-01 1.192482702611118300e-01 1.319474150170696358e-01 1.460369617949441035e-01 1.579910526437496576e-01 1.710648358859067353e-01 1.815793867548518015e-01 1.947691042315995436e-01 2.043973767709293954e-01 2.147084478719216150e-01 2.237208293603650811e-01 2.290514483759253650e-01 2.361574633851464822e-01 2.408281611527771371e-01 2.417716096687622662e-01 2.450439482538698532e-01 2.436835554483118838e-01 2.431533381683268213e-01 2.399674013850821019e-01 2.362401025996193615e-01 2.324332722495176251e-01 2.272303052432448900e-01 2.213016509374381713e-01 2.016912327994405119e-01
1.997698631698110669e-02 1.064250398413154469e-02 6.443815898257488663e-03 2.268793828444794387e-03 1.675525392186912044e-03 5.685992750787249167e-04 2.487472405574058833e-03 5.569316094848696108e-03 1.026157140282631976e-02 1.580265331962496522e-02 2.264541086700590580e-02 3.060764142859776979e-02 3.851441202924816426e-02 4.943934202510595621e-02 6.061483177970307390e-02 7.055283163666968560e-02 8.165948011892799896e-02 9.248857954042510876e-02 1.041304393914952442e-01 1.148540512042708905e-01 1.246707791754347039e-01 1.348505946931257971e-01 1.441095006357039632e-01 1.525831898840628587e-01 1.605593488035322036e-01 1.679437295064277191e-01 1.752424721284082665e-01 1.817693783559934939e-01 1.875834170157313074e-01 1.987527227346319036e-01
-3.756413892315195804e-03 -1.631385463824559789e-02 -2.523771126240792473e-02 -3.293431256275741736e-02 -3.896952954983284867e-02 -4.418573137518554822e-02 -4.831865624852167695e-02 -5.195387560535179305e-02 -5.428351308570682904e-02 -5.732793098932303238e-02 -5.826020838556061898e-02 -5.905609204492409670e-02 -5.934441847601373832e-02 -5.826701424725426459e-02 -5.704511334794590965e-02 -5.618667155380829142e-02 -5.427288746674693853e-02 -5.205757849544368626e-02 -4.892909154187687071e-02 -4.651430985080626246e-02 -4.315823264703336215e-02 -3.939393656703234214e-02 -3.528673041012261868e-02 -3.085141434799898094e-02 -2.585853738645697494e-02 -2.039507848434679582e-02 -1.480468939106688656e-02 -7.884563341898579575e-03 -7.357164935876056577e-04 2.199793096023102551e-02
5.270873993946507963e-02 6.405232886309954188e-02 7.671541813363333406e-02 8.913390431736038788e-02 1.021444685657052903e-01 1.141422805058559947e-01 1.280601801631971459e-01 1.410785292584860462e-01 1.556101107687902219e-01 1.693958878736161189e-01 1.831936147049678665e-01 1.969048701212889885e-01 2.095436450466876543e-01 2.245641171864821706e-01 2.375512158271154417e-01 2.515384379786536617e-01 2.640830480822310977e-01 2.760925295245744149e-01 2.897545378978924613e-01 3.021569043290703860e-01 3.127060933869434400e-01 3.250519011444533146e-01 3.349395802388844268e-01 3.450746147188900048e-01 3.542509059691607565e-01 3.625072649197569885e-01 3.714009071327487588e-01 3.790963510270382031e-01 3.856972576336399339e-01 3.960322135489119377e-01
-2.965885208161498157e-02 -4.540237675903595338e-02 -6.013230952774765992e-02 -7.297967367827665197e-02 -8.563569321272346269e-02 -9.643767095965413705e-02 -1.081144943498618810e-01 -1.194959129197829401e-01 -1.310667871510919347e-01 -1.431683500065373260e-01 -1.543681720872599195e-01 -1.652229503683145528e-01 -1.765957417059234591e-01 -1.880103488363746855e-01 -1.997264964623784722e-01 -2.117208681006614301e-01 -2.221587891050317287e-01 -2.345629500309310000e-01 -2.456056299023414158e-01 -2.578296808353245373e-01 -2.691108364872896730e-01 -2.795042900800107644e-01 -2.902255716427896703e-01 -2.989503958979656817e-01 -3.083695027040402326e-01 -3.156743119771182604e-01 -3.236406425281542210e-01 -3.291304428709661001e-01 -3.336928832537058853e-01 -3.357493706246057474e-01
1.487679115486650709e-02 2.102025584707972045e-02 2.537432301800341544e-02 3.034818652299686378e-02 3.428831350247170395e-02 3.858107472389782355e-02 4.274033521630209165e-02 4.592046213509681091e-02 4.891552107802454863e-02 5.142575800427560961e-02 5.277125747060338462e-02 5.441525340304173564e-02 5.403727033793594148e-02 5.440936170811641603e-02 5.266449180832609434e-02 5.175270185636098030e-02 5.002294052695932525e-02 4.582652620836970281e-02 4.327030364629373682e-02 3.934445910565029930e-02 3.395455823088959491e-02 3.022647930233028635e-02 2.422037668192880688e-02 1.967018474063942160e-02 1.349834638513184616e-02 7.863366392409202460e-03 2.106965412224963072e-03 -3.546117417704981387e-03 -9.212983611945512602e-03 -2.622971563634110548e-02
-3.961922815689147837e-02 -5.070182208526381740e-02 -6.407213127236252581e-02 -7.623590546117203770e-02 -8.828772764806488982e-02 -9.912103795495921799e-02 -1.110674409980350053e-01 -1.225920772801559477e-01 -1.351500597421328165e-01 -1.477464229790372008e-01 -1.602430268974440186e-01 -1.723314083161618382e-01 -1.852206534879699829e-01 -1.987608674590392310e-01 -2.130182311160843389e-01 -2.277268605064180496e-01 -2.409303649674120751e-01 -2.574584562060269199e-01 -2.730155996035286137e-01 -2.901519518113940821e-01 -3.077774252063639193e-01 -3.243779130500664132e-01 -3.423694558832023338e-01 -3.588493833526464338e-01 -3.775665527128432286e-01 -3.945927224153950585e-01 -4.129496227023727317e-01 -4.302439124827297512e-01 -4.469450139444037795e-01 -4.886148027523868898e-01
6.774970431699964268e-02 8.635864512126900649e-02 1.067520624493222825e-01 1.272515528829295528e-01 1.479585910682561511e-01 1.672198708404580014e-01 1.866471521268393829e-01 2.061801364096254308e-01 2.236710840720871341e-01 2.420826600856547661e-01 2.555519225149384122e-01 2.695702250727513016e-01 2.787301179028445208e-01 2.889402054011286358e-01 2.929060823002851977e-01 2.989072647585427900e-01 2.998289316175311026e-01 2.944631895520504750e-01 2.905614557011650945e-01 2.835498079144547212e-01 2.698051463901500746e-01 2.592235215210504373e-01 2.412067461708501392e-01 2.256109101742908019e-01 2.049797827881371104e-01 1.843982591433802054e-01 1.637930815630423698e-01 1.410346929880472722e-01 1.182453439709249543e-01 5.465101199717360692e-02
1.205221115153138761e-01 1.387338640210530605e-01 1.665878403835168997e-01 1.939717783292209674e-01 2.240509985574374308e-01 2.515848569774271626e-01 2.839813000768491857e-01 3.159947027483407389e-01 3.495470185347933634e-01 3.847890314411490653e-01 4.174762773627254120e-01 4.510830531261329490e-01 4.822312622177851171e-01 5.188063433708345329e-01 5.502446748553964095e-01 5.841997766420841121e-01 6.146267249352017625e-01 6.436119150081428542e-01 6.751041328269931086e-01 7.045202842547229061e-01 7.299163585133636722e-01 7.581778802245413562e-01 7.816186742589423808e-01 8.046650260758343443e-01 8.273728529377042396e-01 8.477194932210363465e-01 8.699179335851913164e-01 8.895868410053039410e-01 9.078128243407727060e-01 9.483841269422010889e-01
-5.040638378751577039e-03 -3.827691222982185920e-03 -4.444339810189315218e-03 -3.550432472163830670e-03 -5.059703984714337445e-03 -5.037493191558405081e-03 -6.803404136806849578e-03 -1.009873921701443834e-02 -1.338125380135704937e-02 -1.886126848966121830e-02 -2.409503845614645659e-02 -3.041603907584059657e-02 -3.755762555138920933e-02 -4.591924910564598727e-02 -5.520742176282820296e-02 -6.404796430884455993e-02 -7.343411087208122356e-02 -8.423110039721816433e-02 -9.363621552882227250e-02 -1.038432147455697063e-01 -1.137680062617477672e-01 -1.222008200776413533e-01 -1.312442602750724940e-01 -1.382829008166666651e-01 -1.453454060522838542e-01 -1.512693254921834707e-01 -1.569161801600666706e-01 -1.606417387187179524e-01 -1.637278285581728332e-01 -1.650466551696343487e-01
1.871422110411759265e-01 2.255672095672894839e-01 2.742618730522136117e-01 3.211653127908023486e-01 3.704400819959345892e-01 4.153600029334759136e-01 4.663427228826251270e-01 5.152749885994942769e-01 5.664275351032758143e-01 6.190956670110911997e-01 6.675517425403694194e-01 7.160261479441052401e-01 7.612751389680632030e-01 8.128632464902623145e-01 8.573467444438704899e-01 9.054569432283275932e-01 9.472373267523690465e-01 9.880878000180113307e-01 1.031679307491291775e+00 1.073066437623385161e+00 1.108515398489541948e+00 1.147806568567098839e+00 1.180537710295662013e+00 1.212933810974182514e+00 1.245081119534781733e+00 1.273420395995541021e+00 1.304970691140148631e+00 1.332203088920231870e+00 1.357730392065426450e+00 1.410724049277451320e+00
1.123562301693170340e-01 1.358923338130255398e-01 1.646733301226531998e-01 1.927176248879677867e-01 2.212673677191585864e-01 2.478877676082133774e-01 2.780949572410109094e-01 3.060939755357111602e-01 3.363932589468807688e-01 3.665097610052077126e-01 3.949320221211753967e-01 4.230290111719791635e-01 4.494921414615217214e-01 4.798808428400393455e-01 5.065185422098903434e-01 5.350454390411709671e-01 5.606133331916305362e-01 5.857897317983736807e-01 6.136102749376163290e-01 6.397289267649158839e-01 6.631845835399717837e-01 6.892985308626797814e-01 7.118518672272854397e-01 7.341276406139195521e-01 7.567839922518383444e-01 7.770163675950941817e-01 7.993072419034448206e-01 8.194758722014170438e-01 8.382768335217616329e-01 8.796450114055401892e-01
-1.279368413173796910e-02 -2.174189541233480932e-02 -3.072770624992372107e-02 -3.882205164154003268e-02 -4.640167270620903367e-02 -5.308771491222912670e-02 -5.975768924998034470e-02 -6.630528022063600369e-02 -7.244520065860970970e-02 -7.934950525223423423e-02 -8.493122827707005884e-02 -9.031869966924424564e-02 -9.586639579184823290e-02 -1.011016847618660119e-01 -1.059758881606235326e-01 -1.117202551059465754e-01 -1.159935608278652858e-01 -1.214081833622810414e-01 -1.258270925677015262e-01 -1.311952507967912018e-01 -1.364073518569556831e-01 -1.407731351426318445e-01 -1.457278972494260860e-01 -1.498019584831752904e-01 -1.548536059979795376e-01 -1.590081769008979684e-01 -1.638277483141622470e-01 -1.675867282739528508e-01 -1.714939704399156550e-01 -1.800782862364799786e-01
6.731889275370635251e-02 8.539906165002672522e-02 1.041367868835914312e-01 1.223869866454563859e-01 1.409878922470852725e-01 1.580289916789344440e-01 1.768928261026959103e-01 1.949522224209205845e-01 2.133254196507994860e-01 2.318142660535383592e-01 2.482138148024560786e-01 2.650021748127519561e-01 2.790523487835507854e-01 2.953944119005004199e-01 3.081519511337824091e-01 3.221258158462902976e-01 3.334993685985659373e-01 3.420316487133968630e-01 3.522878159122040942e-01 3.605818172879390326e-01 3.647413364928422386e-01 3.714967110831383090e-01 3.735122349888882476e-01 3.762788484418186363e-01 3.763679597640885999e-01 3.755016334643883624e-01 3.749591424799413319e-01 3.722645050414966628e-01 3.683683576712410424e-01 3.481358202893239384e-01
-3.523096066044376085e-02 -4.877222077696433816e-02 -6.316546153939089914e-02 -7.601211611055688766e-02 -8.862169490128374294e-02 -9.984538944908757929e-02 -1.116228869347987290e-01 -1.231746798551645594e-01 -1.347920198108005507e-01 -1.470836202907581658e-01 -1.579739003269164666e-01 -1.686320814488617148e-01 -1.796153864061991734e-01 -1.908570240429542375e-01 -2.018336523849752762e-01 -2.135994516994814962e-01 -2.234864549147860258e-01 -2.354479936327791012e-01 -2.462825862405328969e-01 -2.581848790252015968e-01 -2.696883641635125506e-01 -2.802265101336125497e-01 -2.912950818675281162e-01 -3.008180037460531642e-01 -3.115666013835022841e-01 -3.205341254775132542e-01 -3.305510791129169790e-01 -3.385851738064725724e-01 -3.463549071226200704e-01 -3.617242647838085912e-01
-1.118616039556418439e-02 -2.413248933373006444e-02 -3.618140218037271122e-02 -4.725438107412159583e-02 -5.571740634904384648e-02 -6.416532868603215534e-02 -7.246627410561064242e-02 -7.900163477074148566e-02 -8.706620675267143228e-02 -9.374163295439663646e-02 -1.015056206703102010e-01 -1.078940214154929245e-01 -1.164663536757573198e-01 -1.247503188047211359e-01 -1.347108869751164617e-01 -1.455715462319126519e-01 -1.559780877476042993e-01 -1.715407316382787928e-01 -1.863593259593580298e-01 -2.037473881189677538e-01 -2.242215687831024262e-01 -2.432304678439968781e-01 -2.662458842733622100e-01 -2.874037365908770347e-01 -3.129192432190024409e-01 -3.367110876345389414e-01 -3.624669446613574264e-01 -3.879913014964398443e-01 -4.133644354747404992e-01 -4.780687126911056239e-01
7.794524704623424435e-03 2.174952739521981634e-02 2.772409824462037167e-02 3.326075951059584423e-02 3.621553237752467291e-02 3.917405819981219228e-02 4.071603583719887731e-02 4.045490110145315288e-02 4.005868567121177726e-02 3.813268289510532427e-02 3.561470193996932321e-02 3.245815531258629261e-02 2.802797355188536149e-02 2.246363244915015878e-02 1.684433512387889867e-02 1.071544882285108136e-02 4.532479270823799866e-03 -3.957039212974824277e-03 -1.112903917116978871e-02 -1.939353352809128350e-02 -2.960907526833185879e-02 -3.809672571967670507e-02 -4.899028888397138209e-02 -5.879069331312132551e-02 -7.127721808338921550e-02 -8.379176173988907295e-02 -9.724988579803633959e-02 -1.115803489735289061e-01 -1.266803477388711852e-01 -1.760660002164192162e-01
5.232070526439860925e-02 6.478819684592798667e-02 7.855431005212645812e-02 9.222930910843987751e-02 1.059461041933266040e-01 1.188481410602913874e-01 1.339042250896601560e-01 1.475140283905777838e-01 1.622462310811398356e-01 1.770268337458449359e-01 1.908185063314056518e-01 2.047104338700632409e-01 2.171856797680157547e-01 2.319461535326023949e-01 2.440627728100717153e-01 2.575852296026532873e-01 2.696464016915487982e-01 2.801937292388323453e-01 2.927388036334646060e-01 3.037339675141749740e-01 3.125701974861223031e-01 3.236155754347028179e-01 3.316303056081101874e-01 3.399287847874996604e-01 3.472404810090461424e-01 3.537704325600374289e-01 3.608429632298602585e-01 3.666456828229070486e-01 3.716480481444166539e-01 3.776922659211563449e-01
-3.866466906392648784e-02 -5.141496404520386199e-02 -6.579276577100580392e-02 -7.870423762468838069e-02 -9.155228116231782509e-02 -1.028213229061992195e-01 -1.152900141887781421e-01 -1.278755919228460880e-01 -1.404052768716171906e-01 -1.541898118106843074e-01 -1.665127862590279617e-01 -1.791869230421742065e-01 -1.919416661272614899e-01 -2.055718519269286171e-01 -2.189880895227889757e-01 -2.332449142286316390e-01 -2.458808242120548715e-01 -2.605463423445307236e-01 -2.744235733149759660e-01 -2.893819334111060182e-01 -3.039539304902601491e-01 -3.177703250305494165e-01 -3.319456581049510802e-01 -3.446315590419349317e-01 -3.587317337806577022e-01 -3.709686937752804670e-01 -3.842071712887721313e-01 -3.957815376840485011e-01 -4.067650986306822758e-01 -4.308114869688273174e-01
-6.152374273525954007e-02 -8.429504023431626247e-02 -1.078625101100677969e-01 -1.297525928856946287e-01 -1.511301892919600376e-01 -1.703725782718265302e-01 -1.905788877770244749e-01 -2.105067047871043706e-01 -2.295963884230689256e-01 -2.501291441003030136e-01 -2.672363980578418285e-01 -2.846274664307592572e-01 -3.004699991422076222e-01 -3.169826566057174499e-01 -3.308450321690332707e-01 -3.467768325888759828e-01 -3.586829218368809413e-01 -3.705411012919357372e-01 -3.818427400742550049e-01 -3.932320282435144421e-01 -4.018526112542787354e-01 -4.106721862962297576e-01 -4.173641697984429300e-01 -4.231198626054366585e-01 -4.287423458848288460e-01 -4.323530792447022320e-01 -4.370107096684338610e-01 -4.388701861879779620e-01 -4.400495654661462641e-01 -4.361613036504282670e-01
2.141708108841439834e-02 3.697639428270737411e-02 4.940075319751699445e-02 6.266337390976138566e-02 7.240822573235258797e-02 8.291853700879137090e-02 9.134587597390587954e-02 9.744440487829268693e-02 1.025688189065706996e-01 1.060961852040213649e-01 1.069588274477765860e-01 1.071162179318310981e-01 1.041324802753462175e-01 1.007749674241429777e-01 9.363917870377021224e-02 8.844650801397775652e-02 8.050210720785409835e-02 6.942455914269732298e-02 6.012458078241927906e-02 4.953056671210423478e-02 3.687406121169581330e-02 2.689848521007671273e-02 1.393762450822536893e-02 3.809017215961179106e-03 -7.907678455173917237e-03 -1.875076470536901629e-02 -2.905841447464105678e-02 -3.846905666116567923e-02 -4.751691584641455635e-02 -6.781738061273848150e-02
7.247037002358325264e-02 8.581157816502646418e-02 1.029253834593563954e-01 1.196671494137465236e-01 1.370275869136576841e-01 1.533324190091923944e-01 1.724274178580546546e-01 1.901744426591261694e-01 2.100386351117917438e-01 2.292192902504130991e-01 2.484114746403087992e-01 2.674502278340261663e-01 2.857263214214526004e-01 3.071409032235981051e-01 3.264470552164796535e-01 3.470757350260531560e-01 3.660075151596891008e-01 3.855933385118461287e-01 4.070012222895905696e-01 4.275326689821833948e-01 4.466372250121493637e-01 4.676152576167322827e-01 4.865364145886388325e-01 5.053626155953022669e-01 5.245498005843659550e-01 5.421502953318335649e-01 5.612365548424109729e-01 5.790296979745996886e-01 5.957893723565248489e-01 6.331414472719782971e-01
4.276067718741629470e-02 5.007905449923023833e-02 5.926624994454827988e-02 6.869195399857948303e-02 7.844804579869948946e-02 8.772586304816494540e-02 9.820266539977040576e-02 1.079597731575441394e-01 1.185340520685038701e-01 1.286935301206185711e-01 1.383601330630825632e-01 1.479783956278514223e-01 1.564813848268209462e-01 1.666346085655439346e-01 1.748980859249449904e-01 1.837379406424000106e-01 1.918536391402120844e-01 1.984252688079064242e-01 2.066873789974024433e-01 2.135617184437244576e-01 2.186000102649467147e-01 2.255484788426165010e-01 2.299796287098067327e-01 2.348736337244905215e-01 2.387527343000720725e-01 2.420471796000159548e-01 2.458148572433723200e-01 2.486351343357255939e-01 2.511097362127214239e-01 2.537500284578015353e-01
-6.814110862309216698e-02 -8.634760439953428901e-02 -1.091975938510283684e-01 -1.306868818609931149e-01 -1.522216322143727929e-01 -1.719972058380461744e-01 -1.937853150102464284e-01 -2.149909517319447128e-01 -2.370092129270370829e-01 -2.599683436042414253e-01 -2.811711380724876697e-01 -3.022535042830966079e-01 -3.234508675488581009e-01 -3.463308473929864739e-01 -3.678633112826337204e-01 -3.911805187991647670e-01 -4.115618239178341908e-01 -4.347304976215646266e-01 -4.573924669423213296e-01 -4.810021101362382812e-01 -5.042474835927417409e-01 -5.269752661380823211e-01 -5.499406609769721399e-01 -5.708794314957590377e-01 -5.944500369412287766e-01 -6.155012781132253030e-01 -6.385386063284608227e-01 -6.595537188288670416e-01 -6.799707793706289971e-01 -7.296501359578855261e-01
-5.388753476366169200e-03 -1.437498130849850647e-02 -2.194372364975336401e-02 -2.870975172476693954e-02 -3.498719553595401599e-02 -4.031274440155153960e-02 -4.495323309589548816e-02 -4.984553486599387073e-02 -5.377185760691884087e-02 -5.802977659682254791e-02 -6.098678021280487527e-02 -6.364050776084721750e-02 -6.605785085575499593e-02 -6.712394767118255723e-02 -6.779431644428281223e-02 -6.920134724704785079e-02 -6.841118731309903112e-02 -6.789939583148515978e-02 -6.609245188419204942e-02 -6.471359362989431707e-02 -6.232878457535023092e-02 -5.910826650583508174e-02 -5.561896762126335159e-02 -5.153018614713616996e-02 -4.705463374187660031e-02 -4.187870748779842084e-02 -3.672961903493075081e-02 -3.045155241751187555e-02 -2.390370513397656327e-02 -4.586825549766625557e-03
-8.699564003743696927e-02 -1.085740247073357784e-01 -1.360267212589670038e-01 -1.612609558052726377e-01 -1.883372320106452003e-01 -2.121685618729414469e-01 -2.397957994088544820e-01 -2.678735428916824146e-01 -2.965820790563200582e-01 -3.279781768796270480e-01 -3.568074390966322063e-01 -3.863049346132466644e-01 -4.154307900390870056e-01 -4.478603407945019321e-01 -4.780683049876702229e-01 -5.099945970676609264e-01 -5.386730500673129196e-01 -5.690578469220730629e-01 -5.989646764093172759e-01 -6.292241976191055297e-01 -6.570653298540858334e-01 -6.844637641007266238e-01 -7.102597040553361163e-01 -7.335577626233897863e-01 -7.576300100502653123e-01 -7.785095914259586580e-01 -8.010600521800418372e-01 -8.195367322698828838e-01 -8.366843545838392737e-01 -8.697788058227216013e-01
-3.668862795596968679e-04 -7.160486188405799403e-03 -1.252272466665330444e-02 -1.724511583496908529e-02 -2.089637768428113246e-02 -2.398750996190016777e-02 -2.588863553409385954e-02 -2.825553475780062315e-02 -2.898145488127159414e-02 -3.064344371799633537e-02 -3.065186590737175795e-02 -3.047322677985370848e-02 -3.028506953902602300e-02 -2.881170911997945477e-02 -2.704664840503552894e-02 -2.596673411716835661e-02 -2.358797174137459290e-02 -2.157144953295093287e-02 -1.840334679491437836e-02 -1.603703021695722375e-02 -1.343024185884630559e-02 -9.875429943928433485e-03 -6.595616518551514554e-03 -3.097702325389617949e-03 2.443081917517780227e-04 3.981313200894908561e-03 7.596290595184317096e-03 1.191343291379146074e-02 1.606634102883949117e-02 2.773674062026152548e-02
-1.842691273198820978e-02 -2.189397152372141858e-02 -2.865159782476541656e-02 -3.451374453658901525e-02 -4.141050829065390237e-02 -4.725257983637903836e-02 -5.413027462388322886e-02 -6.155054594810876328e-02 -6.897367701896339742e-02 -7.789267567347382681e-02 -8.571576238693567884e-02 -9.403825499965534629e-02 -1.025807774420853108e-01 -1.119503637933841195e-01 -1.211172257104880939e-01 -1.307945989511913321e-01 -1.398014914621875104e-01 -1.498385369933885602e-01 -1.593529311255602321e-01 -1.693904059492833958e-01 -1.795490594031063925e-01 -1.888467375899149092e-01 -1.986279196163531768e-01 -2.071410984023429047e-01 -2.169038165559362130e-01 -2.256517919469213651e-01 -2.350080997811145878e-01 -2.435235849431947042e-01 -2.517779532295614242e-01 -2.738357062116700269e-01
1.456592778994289794e-01 1.775661034978116282e-01 2.160015286061176543e-01 2.534902011435374858e-01 2.914320225467165737e-01 3.267239121766898347e-01 3.662776656041125678e-01 4.033349137042324672e-01 4.429462426300453948e-01 4.822839143081312230e-01 5.192794200410451033e-01 5.560590335558305286e-01 5.904605181216195930e-01 6.297867029590633603e-01 6.640823345023967317e-01 7.017634378281550900e-01 7.343883225320200214e-01 7.676103295066910581e-01 8.035731908892631559e-01 8.382452531052674294e-01 8.696245600776592033e-01 9.038213840060933535e-01 9.343264151343539936e-01 9.643613363555144646e-01 9.955645513930980739e-01 1.023507926295576187e+00 1.054494627393909756e+00 1.082717569103730071e+00 1.109583387452057091e+00 1.170507073587233826e+00
-1.047986162604983180e-03 -8.911284133927332984e-03 -1.480489430089815782e-02 -1.976802247557350387e-02 -2.383593468614697564e-02 -2.731293128835019304e-02 -2.973273567786916677e-02 -3.222081673581321526e-02 -3.349309707577088902e-02 -3.538921051155802244e-02 -3.550688918433149432e-02 -3.571803340603514620e-02 -3.541895159908067803e-02 -3.383830271339020868e-02 -3.202030749660467190e-02 -3.076774217834334427e-02 -2.807984277900840708e-02 -2.547796059708809513e-02 -2.173430012050263371e-02 -1.868081137364668853e-02 -1.503548111337759362e-02 -1.066163072162555799e-02 -6.301599258231316281e-03 -1.796766204888659846e-03 2.926484802094061338e-03 7.880622333674383584e-03 1.280486017253535183e-02 1.842379917134333994e-02 2.380865579576767893e-02 3.836499789454335396e-02
3.192712446704883134e-02 3.263790383687718843e-02 3.658706981981756784e-02 4.129018767402614642e-02 4.637325132799678673e-02 5.158880596677525854e-02 5.898204324283494449e-02 6.498251376883323882e-02 7.326074329855333800e-02 8.034194522686670392e-02 8.917295845924375075e-02 9.735295399571591846e-02 1.061505902088934056e-01 1.170908539128165532e-01 1.270973979315954405e-01 1.378057931030709782e-01 1.488250301418576060e-01 1.607666342331550424e-01 1.743090384331677511e-01 1.871830264041845493e-01 2.006675578492346512e-01 2.155452590731130602e-01 2.301356398684205884e-01 2.447405178335791409e-01 2.605887573746267782e-01 2.761435882532600750e-01 2.924948471813047512e-01 3.092987330914317989e-01 3.258545645342266761e-01 3.686546248810018689e-01
1.477355831130345958e-02 1.022599054692673384e-02 7.121059217274815223e-03 3.317432928744991003e-03 2.814752647638072737e-03 1.072906342241675311e-03 1.828876603751941349e-03 4.051215891138259043e-03 6.851533020480501772e-03 1.125393806632311693e-02 1.597680962591931098e-02 2.210073128506866505e-02 2.771874787002097384e-02 3.598219838823743522e-02 4.443660204467466540e-02 5.112497964591915245e-02 5.965458085727760873e-02 6.615473523220624652e-02 7.364742929366495383e-02 7.978156870640264187e-02 8.358568534743038292e-02 8.818710527978869396e-02 9.038529889954396990e-02 9.188467963400945293e-02 9.083791435050143914e-02 8.904525435107632503e-02 8.632319636788232664e-02 8.162913984058581263e-02 7.575064993985171358e-02 4.870840489240173266e-02
5.058634677798003187e-02 6.387289092846455685e-02 7.749577052063026661e-02 9.126284461918629520e-02 1.046678628412087697e-01 1.172081942573338087e-01 1.301551398273582127e-01 1.424195037120925544e-01 1.543036930161074127e-01 1.661019583024094803e-01 1.757475303100477226e-01 1.855376881854493287e-01 1.928818518853702701e-01 2.012110433917470853e-01 2.067492993039167781e-01 2.130079749586494264e-01 2.174176744772914616e-01 2.187511053277615136e-01 2.217378158628320606e-01 2.229276619438118612e-01 2.207517504111327078e-01 2.209673945856371613e-01 2.171838537598651531e-01 2.144815402217648548e-01 2.094765352575322925e-01 2.039222395779936581e-01 1.986029314852429395e-01 1.919097193955686398e-01 1.848153407165986362e-01 1.613278676885639140e-01
-1.061630910112794542e-02 -1.444714228350770825e-02 -2.015616222433058019e-02 -2.533712024653125838e-02 -3.071524230497496566e-02 -3.525709314570702607e-02 -3.992598265887242065e-02 -4.522047813219852441e-02 -4.972385268779494494e-02 -5.513692967857287963e-02 -5.945124403156760301e-02 -6.383236183631904592e-02 -6.833049406305241602e-02 -7.245405684749553488e-02 -7.592551914888440168e-02 -8.035312342146939957e-02 -8.315688570045982886e-02 -8.685112397481964397e-02 -8.934473152629672510e-02 -9.255069966236201262e-02 -9.548046680722313551e-02 -9.764554716203710516e-02 -1.000802879565051984e-01 -1.019027373090543170e-01 -1.045875934176020289e-01 -1.066533533071718221e-01 -1.092280771753382784e-01 -1.111776425045147842e-01 -1.134346888795822461e-01 -1.209112609969522217e-01
-1.181520797716615057e-01 -1.479539910278602488e-01 -1.857098365315143496e-01 -2.219296229822257660e-01 -2.584236501949631615e-01 -2.920653503299918685e-01 -3.294944452503491550e-01 -3.657115415397839131e-01 -4.031683926234131965e-01 -4.419831432394083492e-01 -4.776507585683931745e-01 -5.133334599704638679e-01 -5.480153418375348640e-01 -5.859502025796602398e-01 -6.199901712411185484e-01 -6.575922743063326026e-01 -6.899226258370657616e-01 -7.246303289773369238e-01 -7.596141421355016021e-01 -7.949494429523279448e-01 -8.283527742522647230e-01 -8.622029604148090387e-01 -8.945348407107015509e-01 -9.247978970423889056e-01 -9.576938064794857652e-01 -9.872196434853333091e-01 -1.019839182638848429e+00 -1.049391013551234098e+00 -1.078071876818744723e+00 -1.148334489272945902e+00
-9.126933476958193348e-02 -9.255504390179603025e-02 -1.095580000192028225e-01 -1.247634894487816559e-01 -1.470360086812265987e-01 -1.654918740684798717e-01 -1.908998025351504035e-01 -2.201017611608185598e-01 -2.499471264171817531e-01 -2.853131797965939853e-01 -3.184228894636587648e-01 -3.544904746980747090e-01 -3.900079453113243777e-01 -4.316563859480840870e-01 -4.707562774967738450e-01 -5.107738516370605719e-01 -5.487485490673980060e-01 -5.876269918695485872e-01 -6.258235180799720521e-01 -6.635615081791138570e-01 -6.979572925066599431e-01 -7.318070923675931150e-01 -7.630872111379322087e-01 -7.909531876259576766e-01 -8.193232116934597853e-01 -8.446331056402628379e-01 -8.711112472865034650e-01 -8.934692471240336387e-01 -9.144381356260601335e-01 -9.622354676409616836e-01
1.342366863170942892e-01 1.703811500904441889e-01 2.106972733967071854e-01 2.507021794582552365e-01 2.890372713513320591e-01 3.254378760955957683e-01 3.637051263631828069e-01 3.994250897156991220e-01 4.354585734155190790e-01 4.713954775693580124e-01 5.027235855542371290e-01 5.334031457317419678e-01 5.604075297793510435e-01 5.901466090274708476e-01 6.131807411883848369e-01 6.399033364844891603e-01 6.606209703451083604e-01 6.789096122486371065e-01 6.998444766558100660e-01 7.185571703038566849e-01 7.324449062081874740e-01 7.503661013223478227e-01 7.622273627679173602e-01 7.755216330187371110e-01 7.878670891895931394e-01 7.982681993578822910e-01 8.110723945876602281e-01 8.217838520564176852e-01 8.317829668849343605e-01 8.528939071224131974e-01
-2.512979509448854884e-05 -4.472447136382980484e-03 -9.220142157669369495e-03 -1.387487048595654505e-02 -1.673390028388172662e-02 -1.987368328066801276e-02 -2.260027321116376067e-02 -2.415336241043704313e-02 -2.612570836619899570e-02 -2.760289611456927250e-02 -2.930730536988510743e-02 -3.016931032163218396e-02 -3.230989983089061629e-02 -3.367720005470393324e-02 -3.562126769314804403e-02 -3.879693989284720146e-02 -4.137176918972817335e-02 -4.698618636536627813e-02 -5.195413987792821958e-02 -5.862771430279740265e-02 -6.781452216347071127e-02 -7.592047668434021013e-02 -8.682889056484559276e-02 -9.726789563836743535e-02 -1.108590131284264285e-01 -1.241161644885157289e-01 -1.386308499072466671e-01 -1.541280792779515796e-01 -1.701630233894353417e-01 -2.178795649340343477e-01
