9.766807359313813691e-03 4.426120447164312577e-02 7.107286624456256308e-02 1.137820820905446062e-01 1.512560187571012071e-01 1.631678369953973862e-01 2.473467986275043051e-01 2.677696108318227131e-01 3.470958348561279938e-01 3.869295924011778021e-01 4.225845947493462873e-01 4.878130086743217575e-01 5.238719134785275733e-01 5.673006377346150320e-01 5.847466945765323887e-01 5.901960205624375844e-01 6.361299701886383717e-01 6.348058890033700941e-01 6.510958983645414033e-01 6.425410134913895899e-01 6.523931045881795621e-01 6.523319211977198773e-01 6.343763541035389864e-01 6.318975450949982919e-01 6.163417842918380574e-01 5.838381512224152248e-01 5.762410080411100033e-01 5.533365167155143149e-01 5.437748985414782021e-01 4.982934228598763227e-01
1.117804659294220279e-02 5.582246415366837189e-02 8.763029585813739142e-02 1.173013895057726519e-01 1.527655490996447929e-01 1.811752343665691267e-01 2.177525283109534582e-01 2.300232205924904183e-01 2.693379461621021598e-01 3.186214556374448725e-01 3.148782098333819945e-01 3.313413190844176071e-01 3.495240476400764962e-01 3.502459000454227200e-01 3.678416002544236951e-01 3.494414567572547980e-01 3.751596354039724024e-01 3.469438514346845359e-01 3.570518879284424463e-01 3.382210629798710344e-01 3.286078076135341419e-01 3.312472173819873689e-01 3.089691873318667903e-01 3.064239709686102930e-01 2.950071082358299290e-01 2.705826574829093278e-01 2.630854544907542114e-01 2.473808209077659470e-01 2.432844964407806509e-01 2.091403368622752057e-01
4.202267455094046630e-03 -3.733682028466264735e-02 -6.103980610576583560e-02 -5.752575724640835581e-02 -7.785251742394484753e-02 -9.325983201961518532e-02 -8.983791417542896784e-02 -8.544025993411813458e-02 -7.444807511869283578e-02 -9.003074460871762774e-02 -7.551333265820263374e-02 -5.576890281134161409e-02 -5.494488136612135643e-02 -3.244884978429230654e-02 -5.080522979442887721e-02 -2.197817071011914924e-02 -2.429252115636847120e-03 8.796405782496026504e-03 2.550907020562529978e-02 4.593177457617944603e-02 6.088614255672876452e-02 7.688057879241792791e-02 8.614118657038168092e-02 1.017987607515086906e-01 1.262045127533279743e-01 1.459364737204140727e-01 1.666348141634551860e-01 1.980400520371758677e-01 2.183436884181162441e-01 3.096425263070681222e-01
-3.903919066025824183e-03 4.345004256009235913e-03 4.817333889960859379e-03 1.798075798359753674e-02 2.125019012855205308e-02 3.390093732038753499e-02 3.134619281492986853e-02 3.886248273883018828e-02 4.924650348523219173e-02 6.256697836182301131e-02 5.336495939491043422e-02 5.310450015825879388e-02 6.181098037350226532e-02 5.405894513798028406e-02 6.486688214797622920e-02 5.981519564382982435e-02 6.648105656954583775e-02 5.522304864499860688e-02 7.373980608166721962e-02 7.006813427785241188e-02 7.382625378611401556e-02 8.020991331604571117e-02 8.287694681280390052e-02 8.948920099527847560e-02 9.516337496034814325e-02 1.082373800502151595e-01 1.213691659498243036e-01 1.288372675641928922e-01 1.379289649903975012e-01 1.698084048016834102e-01
-2.038233124117490996e-03 8.198029495556403978e-03 2.658759313951998202e-02 3.143559423735951819e-02 2.996273928480187171e-02 4.549482926998669324e-02 4.853036444072028610e-02 5.233809643343051432e-02 5.257181891778443805e-02 6.352821370123797051e-02 6.405826210212821337e-02 6.566478869075742519e-02 6.737594723423590004e-02 6.377260670176879143e-02 6.540675175812347975e-02 6.659973172707342459e-02 6.784921529960656617e-02 6.994725651334902927e-02 5.029312922325640534e-02 5.168254718669162279e-02 4.497921098834959525e-02 4.418918739002591911e-02 2.862544271253053552e-02 2.544333402338350841e-02 1.139198536937737621e-02 -1.856746894646266188e-02 -3.975010309827423094e-02 -5.053062172558933640e-02 -7.089938411780913330e-02 -1.355049502367205172e-01
1.472277696299121967e-02 5.585574307493998414e-02 8.158225347661793303e-02 1.429727475283349980e-01 1.659431263242056587e-01 1.864610427437764506e-01 2.636392116296057964e-01 2.885644108792755347e-01 3.721707463829965756e-01 4.049265662284577405e-01 4.788021785869966962e-01 5.593310471931931538e-01 6.232798437769883071e-01 6.883648378922748723e-01 7.196702736028786074e-01 7.797767830492585706e-01 8.526455482696948529e-01 8.996985510345913983e-01 9.746012479087021729e-01 1.024518994104156588e+00 1.126988339187538379e+00 1.155847953840530407e+00 1.213617755103413298e+00 1.255297978355886634e+00 1.315688288859774291e+00 1.362999990009034601e+00 1.417009518516601396e+00 1.449286612217391079e+00 1.483709541009467614e+00 1.582921220305947507e+00
6.853080982340005456e-03 6.634130047347849835e-02 1.065350732872272638e-01 1.518397253594648277e-01 1.947432208992394276e-01 2.334866576198394161e-01 2.863234914519392493e-01 3.055118492258268592e-01 3.670352186345812728e-01 4.214490399598367354e-01 4.348159291456855091e-01 4.825881316885709538e-01 5.234676626799992238e-01 5.532820171137587950e-01 5.905595281460753743e-01 5.937711870797058866e-01 6.210257062093441638e-01 6.327199905242090194e-01 6.527135472284391060e-01 6.654200151458196100e-01 6.969893550886419042e-01 7.084893289624716317e-01 7.149913520856822080e-01 7.293036559757775095e-01 7.377502763364027771e-01 7.343227530976128570e-01 7.490349892283021394e-01 7.466991053707646708e-01 7.557067072691528997e-01 7.560117454854655694e-01
-6.375957363499839409e-03 -5.086755997173357871e-03 -5.340124691465228737e-03 4.360297661457341115e-03 9.316637177490256008e-03 1.902652114700211644e-02 8.645555275263797079e-03 1.926523035079417273e-02 2.556227677554786040e-02 3.610925682438076434e-02 3.405111632998616272e-02 3.160194926648310365e-02 3.590844530772832610e-02 3.034228512646369724e-02 3.149958521512294385e-02 3.524425281925926828e-02 6.201580855172852264e-02 4.443862949599102635e-02 5.799319422791889694e-02 6.904662026222635474e-02 7.934261064055996016e-02 9.974722035727216773e-02 1.113687979659022109e-01 1.290636949916184606e-01 1.535453023339030110e-01 1.792615726619556926e-01 2.028583747165263740e-01 2.335417288195470453e-01 2.573094176540138833e-01 3.550204319737475522e-01
-4.997246263854478524e-03 -1.399108688926901760e-02 -1.804740206996410107e-02 -5.787269399235461798e-03 -1.398165619292012288e-02 -9.711124547283832634e-03 -1.406677571568821714e-02 -5.578322538672228492e-03 3.247498999238731393e-03 3.514322194087898810e-03 2.192189523555785821e-02 2.614144822021872636e-02 4.308706073776897433e-02 4.204955014719540668e-02 4.980641895245215695e-02 6.654411160617645926e-02 1.034872132182484417e-01 9.426526901406953596e-02 1.299478206009632708e-01 1.462617712198782671e-01 1.735879773298780737e-01 1.886085829351705767e-01 2.157055072459069800e-01 2.335186062195909185e-01 2.637717503082721016e-01 2.924281137578889633e-01 3.210015473404813080e-01 3.487279450335502018e-01 3.709167562154098152e-01 4.595901330361976678e-01
-1.676974365281667240e-02 -3.516754163627646562e-04 1.202896889612183051e-02 2.776105967501669991e-02 3.101153832709958869e-02 4.721237717865878203e-02 5.969225162723252459e-02 6.577463487877049930e-02 7.923848325513262181e-02 9.497937480187337855e-02 9.448933675231617479e-02 1.030156277792385194e-01 1.116265944601158439e-01 1.144094125852284649e-01 1.235930549806001644e-01 1.265766441896635230e-01 1.196519090086980014e-01 1.305247847687165674e-01 1.265066565221079631e-01 1.249062330643525565e-01 1.240665415580733122e-01 1.253577428778377689e-01 1.148226645608741436e-01 1.118949508463210618e-01 1.025410403599129883e-01 8.646500454956096426e-02 7.801157590541872577e-02 7.004135333460095869e-02 5.836373596656466156e-02 1.623181084837601110e-02
2.059375038645862646e-02 9.240857319537397474e-02 1.166488656901305127e-01 1.486300980597731469e-01 1.926853557168607678e-01 2.355910325908604497e-01 2.358492721349048082e-01 2.540086610281189206e-01 2.865896439942395291e-01 3.319703387160828911e-01 3.201982289612444466e-01 3.172971740868623103e-01 3.447474352599612102e-01 3.299263844512053123e-01 3.455442433238770095e-01 3.462468912423910528e-01 3.741334422578609376e-01 3.596737456862626470e-01 3.969398721989175760e-01 4.031200749055043331e-01 4.291114324263332058e-01 4.494531036596429163e-01 4.798709843204798098e-01 4.995197770839884810e-01 5.278260633387898970e-01 5.685604608729433185e-01 6.038622811100998744e-01 6.334618984704427636e-01 6.662931737005209909e-01 7.536387749206184816e-01
-1.528245566600142449e-02 -7.312122019061276235e-02 -1.079119785557880740e-01 -1.172712108522868113e-01 -1.774849993393449732e-01 -1.999236639258741843e-01 -2.289107273532257347e-01 -2.424936500311491994e-01 -2.729205007622319545e-01 -3.264005031793954514e-01 -2.959900439083401058e-01 -2.928015620410359121e-01 -3.013082104592791355e-01 -2.875942248537399770e-01 -2.969964868309967754e-01 -2.551305883889429249e-01 -2.679380061979969585e-01 -2.195241838915856225e-01 -2.072411179707438489e-01 -1.677362897091307370e-01 -1.246034589587116520e-01 -1.156487324975087189e-01 -9.370693477205289945e-02 -6.667496444643097875e-02 -3.971837656824984963e-02 -1.596507982084201596e-02 1.611838160097408407e-03 2.364674876213973195e-02 2.575707141758308213e-02 6.532208608743467204e-02
4.285374015152803272e-03 2.883896424953630994e-02 4.489306124483177785e-02 7.671662690421834907e-02 9.508959780411808949e-02 1.126765636713054630e-01 1.494655332934149150e-01 1.532861202237875697e-01 1.960145405361086168e-01 2.194288868495180012e-01 2.490178568238861634e-01 2.872386436270811250e-01 3.129395635416926114e-01 3.371182106434281178e-01 3.527967192696876975e-01 3.709651834240940138e-01 3.930811953303296469e-01 4.097294079385784826e-01 4.266193935524050240e-01 4.347512797406949403e-01 4.608135484928954084e-01 4.623557076698242563e-01 4.655433085020300177e-01 4.743464473563101524e-01 4.783424972639490069e-01 4.683939499588323230e-01 4.674922203882208582e-01 4.542442293650109097e-01 4.503369879241195251e-01 4.134174408977527859e-01
-6.943916098501441009e-03 -3.471684152508273252e-02 -5.929643158689482108e-02 -4.889031880756804921e-02 -7.408831361729022180e-02 -8.027334522725021460e-02 -7.724128495213977708e-02 -8.206890249699839990e-02 -6.538305823665239991e-02 -8.259759444647714333e-02 -6.270894054525760763e-02 -2.876958387082418495e-02 -1.658146372765701565e-02 -1.998650331388947786e-03 -1.064404912696299312e-03 4.236308138826057335e-02 4.999123801563824104e-02 9.274317050316817357e-02 1.039873330259319384e-01 1.367330488429164825e-01 1.710585153894308985e-01 1.897680499442336854e-01 2.063414833243972235e-01 2.279247004768382157e-01 2.429677906157793055e-01 2.569252185317828507e-01 2.743900965123454716e-01 2.917772434053815811e-01 2.974573249277851494e-01 3.270540778220132339e-01
-5.599630196425342543e-04 -2.506077944340581731e-02 -4.226285383788898342e-02 -4.706756813524532596e-02 -6.012912824608963869e-02 -6.454589508018167276e-02 -7.918651739319508553e-02 -8.634195791519209962e-02 -9.954028620483734713e-02 -1.106441562187262667e-01 -1.103011871036919389e-01 -1.165350236510562659e-01 -1.224299775753523722e-01 -1.274640463810904345e-01 -1.333953580110893988e-01 -1.222102903260591372e-01 -1.248817754747840597e-01 -1.221842697437249825e-01 -1.078302427501659222e-01 -9.897301909854153146e-02 -9.366321420268415576e-02 -9.089756893472314414e-02 -7.619130909918127303e-02 -6.430718366887348825e-02 -5.299903617143920942e-02 -3.492882498492955873e-02 -2.315397352756583954e-02 -4.075123454907266310e-03 1.063116665123343269e-02 7.181905793005169403e-02
1.898228843462284807e-02 4.890761988081408773e-02 6.270920780236910463e-02 9.388594481560440241e-02 1.116381960721512800e-01 1.308658564397406354e-01 1.621295099630498948e-01 1.780224973588132586e-01 2.165927120574461795e-01 2.454017705003782024e-01 2.646701291518649413e-01 3.011232090663105154e-01 3.292966529340952686e-01 3.552674399106199310e-01 3.677675445503434948e-01 3.884192563290352340e-01 4.269411045355825385e-01 4.389478230431628769e-01 4.738230752042988936e-01 4.965895317436966883e-01 5.379648370512735145e-01 5.542822688528769026e-01 5.761650509095378458e-01 5.963495521045164560e-01 6.250122734726278884e-01 6.475033228659131668e-01 6.688324496207805892e-01 6.849983285428008495e-01 7.021401814886467641e-01 7.369661164842093992e-01
-1.528706946585055466e-03 -3.206104358071791560e-02 -5.274736803532961010e-02 -7.596479915661932814e-02 -9.136120325229793449e-02 -9.713960157725723410e-02 -1.354053909211426210e-01 -1.419965592149894373e-01 -1.769253293431871099e-01 -1.899118624999764082e-01 -2.134443783350870594e-01 -2.445574180727141667e-01 -2.730354382480751352e-01 -2.994228683765360888e-01 -3.135287813870857865e-01 -3.336775511135139372e-01 -3.319779871692559170e-01 -3.784561154809025219e-01 -3.981379911897523494e-01 -4.108558859615697445e-01 -4.557118067119669824e-01 -4.594294145128007267e-01 -4.808015484822811825e-01 -4.872836037836112411e-01 -5.062999501156594251e-01 -5.193413812024066933e-01 -5.284120274683206109e-01 -5.265631888999303678e-01 -5.348990667998360093e-01 -5.181763515329156355e-01
-6.452999998588451573e-03 1.971690724720269114e-02 3.425261627933898212e-02 4.285115813400277446e-02 5.561748062102644941e-02 6.793402267905752911e-02 7.566148851038959067e-02 7.781167911630705591e-02 8.349836795647402887e-02 9.490211982111294853e-02 9.376645593052782002e-02 8.752869488811386434e-02 8.845257800085490341e-02 7.929259614491253327e-02 8.522410449049440395e-02 7.843738795653580620e-02 6.727915989804912622e-02 6.508435170702334127e-02 5.799296317486836438e-02 4.681059403812169728e-02 3.757631924516729310e-02 3.347288050477741778e-02 2.037139949651509130e-02 1.790862154327141700e-02 5.709350133189908943e-03 -9.069118983262980729e-03 -1.941373482382120069e-02 -3.087385861224283684e-02 -3.819728815975521885e-02 -7.504080555111135309e-02
5.705575339060730070e-03 -2.169434353637652094e-02 -4.424096697400332207e-02 -7.317037923452672510e-02 -8.192623260772236016e-02 -9.675600471719129902e-02 -1.360605816519664113e-01 -1.414081261123529276e-01 -1.871501756115501736e-01 -2.074394741967184042e-01 -2.379140354977491434e-01 -2.777661737361213357e-01 -3.150495908390109623e-01 -3.418115302676614786e-01 -3.609391279402511810e-01 -3.938853436846748712e-01 -4.163000283123978185e-01 -4.592578512296202065e-01 -5.047305502764508622e-01 -5.309223293394940146e-01 -5.907893458720209212e-01 -6.098857632578028598e-01 -6.470927331486514555e-01 -6.612886689222455816e-01 -7.028968595497839811e-01 -7.392691005394315118e-01 -7.674802545840760937e-01 -7.945001816546926054e-01 -8.132620876522969056e-01 -8.613889988588636637e-01
4.521276951140046352e-03 5.510865592149588599e-02 1.055533325724522936e-01 1.449891000632881066e-01 1.866013411144855083e-01 2.132354305804689265e-01 2.893940931110913772e-01 3.028266050504821449e-01 3.676389877204402357e-01 4.246313486120142366e-01 4.401796865199134046e-01 4.897240211222302353e-01 5.118815328728875125e-01 5.443099401457418551e-01 5.536486662421576943e-01 5.443030908459696171e-01 5.728204890776027458e-01 5.624313956121466118e-01 5.316718413021566114e-01 5.119971460459897816e-01 4.849837180659977154e-01 4.821854359780332611e-01 4.295291708429438970e-01 4.067452264675912033e-01 3.612303139230442772e-01 2.802826911681643440e-01 2.381033087836667561e-01 1.843235774497702650e-01 1.431120534859186277e-01 -2.622322761003340053e-02
2.500541846184724942e-02 7.761492707129571955e-02 1.111630645648667148e-01 1.801460027788501506e-01 2.240686727429395675e-01 2.491151235884532245e-01 3.383738466670290768e-01 3.611674936968605198e-01 4.719012724172855222e-01 5.201122732100135204e-01 5.840929324204023887e-01 6.786055309988802131e-01 7.466496932510960916e-01 8.137053231248102536e-01 8.492446813156966368e-01 9.010660613792433882e-01 9.680811344465611867e-01 1.015985137964160900e+00 1.083310624835471359e+00 1.127539679947531459e+00 1.223987325972029527e+00 1.244940112245019215e+00 1.299667837350822364e+00 1.332523562538026507e+00 1.398185770161804786e+00 1.433359640955610637e+00 1.474856439369328864e+00 1.508089022562681070e+00 1.545398751447244701e+00 1.647485968263568745e+00
-1.348016890870807304e-02 7.380520634089112603e-03 2.432386680631802231e-02 1.919805644939185513e-02 3.885345108130473790e-02 5.441140229684569840e-02 4.141357792127268317e-02 5.383211679953061463e-02 3.821193305984506294e-02 5.522967999302372255e-02 2.472874147119998728e-02 -1.665039037456905735e-02 -2.665716911850277843e-02 -6.373861744719860889e-02 -6.086927234047719015e-02 -1.020769723554208475e-01 -1.074665239980040626e-01 -1.629383760325957553e-01 -1.630550345827487257e-01 -1.989889984710407622e-01 -2.387195325570529159e-01 -2.418221065337465003e-01 -2.668533420519497712e-01 -2.716318292962182079e-01 -2.932345066966394187e-01 -2.991302477406060367e-01 -3.055638371386388275e-01 -3.087887979025014107e-01 -3.040323778156753254e-01 -2.867830325010701786e-01
2.969126486599671724e-02 1.441959669080609130e-01 2.109115837541729044e-01 3.233730824809641913e-01 4.052210093920490253e-01 4.733808301117009010e-01 6.037629212640316378e-01 6.431605864294487329e-01 8.122772208805255634e-01 9.110654353111047321e-01 9.935450280534693368e-01 1.119629675223863474e+00 1.237039614237470664e+00 1.323048493520654567e+00 1.391733617536969447e+00 1.458041274925581554e+00 1.552228311745130762e+00 1.618199965361065695e+00 1.726207764552125656e+00 1.781564763646137584e+00 1.925732287294591227e+00 1.963909313723444461e+00 2.042677616962018217e+00 2.096056353372531156e+00 2.184606152604534834e+00 2.246155878455196930e+00 2.317981349326750262e+00 2.371346868148602738e+00 2.428617622589760217e+00 2.587251358917685096e+00
1.686769095649158501e-02 8.856864630703836783e-02 1.222353199263856022e-01 1.928437469058009168e-01 2.370705979871306490e-01 2.801216545031823824e-01 3.457372170717381565e-01 3.736419469646942160e-01 4.712540711925412018e-01 5.296689392726399159e-01 5.727899797993100117e-01 6.504302332706149992e-01 7.189978138859777212e-01 7.679963917411826158e-01 8.083330246704781841e-01 8.540685757030173075e-01 9.047791073102247061e-01 9.540426687522678417e-01 1.014939795409251388e+00 1.053324963455983587e+00 1.139490907229393502e+00 1.171780789494697217e+00 1.215494977367106211e+00 1.242380547878689345e+00 1.302272324055929964e+00 1.338003480107467613e+00 1.382073682639382461e+00 1.414146853052720587e+00 1.446408461402598711e+00 1.530525729131332113e+00
4.633830688097070015e-04 -2.116598650189904784e-02 -3.759372067177918497e-02 -4.728602730169192275e-02 -5.922418854620063039e-02 -6.286995242017114072e-02 -8.669851600724416685e-02 -9.118670756545685374e-02 -1.142020767328503772e-01 -1.223012198359913483e-01 -1.393987059529331884e-01 -1.527342491511609612e-01 -1.664899517095589365e-01 -1.818266473880416623e-01 -1.878847324062642432e-01 -1.903920681128622172e-01 -2.046063823345675159e-01 -2.117510389597875298e-01 -2.393403308669483087e-01 -2.395649596868247300e-01 -2.596401916895532680e-01 -2.561306504329797229e-01 -2.726443672436349441e-01 -2.721634853205511240e-01 -2.919831980144366179e-01 -3.088343584362776562e-01 -3.157499016699659156e-01 -3.236426107191085477e-01 -3.385824030490116598e-01 -3.638097951970974964e-01
8.557300094963107145e-03 5.604414992112374122e-02 9.267622755733211093e-02 1.305636402030020682e-01 1.681226495254916908e-01 1.951800570249353495e-01 2.472675506572975246e-01 2.699191697146201552e-01 3.230321299185061057e-01 3.665271963100876773e-01 3.797160596757172546e-01 4.249584399494208409e-01 4.654895469157520060e-01 4.985686571849440307e-01 5.283904543025406131e-01 5.457467247380581865e-01 5.416745761944822268e-01 5.848357163546114013e-01 5.914754283517033029e-01 6.008197187660624383e-01 6.336944418550541913e-01 6.376783391284043256e-01 6.418933323797342272e-01 6.450433093702564458e-01 6.515390023196945268e-01 6.367912413834260210e-01 6.381767015146702082e-01 6.313660354789913942e-01 6.321275092474635260e-01 6.054519270747856785e-01
-4.607443778501190725e-03 -4.284787037388250452e-02 -6.354264149449503907e-02 -8.426215722755768522e-02 -1.148240670516856576e-01 -1.169795669429159468e-01 -1.555485842039046052e-01 -1.624771050313034981e-01 -1.996645409577608998e-01 -2.155129037827966387e-01 -2.463697607645911059e-01 -2.776059826678833331e-01 -2.991430985536051024e-01 -3.259778502016987822e-01 -3.334683333042216535e-01 -3.521298747476221402e-01 -3.798205944927618427e-01 -3.991170379910901622e-01 -4.302501098109789424e-01 -4.449393700644219130e-01 -4.842865706869601272e-01 -4.982503057892926357e-01 -5.235336235305479979e-01 -5.340296490356648551e-01 -5.634404160070396461e-01 -5.913488133996630536e-01 -6.121921766195946857e-01 -6.280917329056660003e-01 -6.436180027226755529e-01 -6.805859465772794437e-01
3.305569676512949348e-03 -3.220887937114021160e-02 -4.285306344524675293e-02 -5.860704766514969466e-02 -8.657093535504918613e-02 -9.746514992972729607e-02 -1.041727164674315503e-01 -1.130101915071337892e-01 -1.295069609026864577e-01 -1.450732347538515876e-01 -1.560262430469274431e-01 -1.649161126423189239e-01 -1.894156757818363235e-01 -2.035776895552056931e-01 -2.143832827976197564e-01 -2.347336792619300616e-01 -2.470293452984420601e-01 -2.718234634331323507e-01 -3.154182531389562727e-01 -3.440626601922460170e-01 -4.039364361435929807e-01 -4.217881593963258013e-01 -4.778473614759310983e-01 -5.070190659304204539e-01 -5.620436784966688082e-01 -6.261169636746167777e-01 -6.745392699644856549e-01 -7.155814987583503095e-01 -7.591296600784015469e-01 -8.965738219384051799e-01
1.042471385564341241e-02 5.746052351193656205e-02 7.431887468210296444e-02 7.669901367215614663e-02 9.891969215780870017e-02 1.199634647161038348e-01 1.035889731805005043e-01 1.110821847901524440e-01 1.050957500766526720e-01 1.191966306059403791e-01 9.851427909588690579e-02 7.187212722498548256e-02 6.776832348678485385e-02 4.513637678820747734e-02 4.086420961555621567e-02 2.023156524270013773e-02 8.542500575984877595e-03 -1.248425916744237349e-02 -2.603805209150606911e-02 -4.519096928719226747e-02 -6.772445177433172869e-02 -7.828865025743791950e-02 -9.955391975389522863e-02 -1.098779761770847796e-01 -1.297034604409900982e-01 -1.501789100120848042e-01 -1.695789761263257756e-01 -1.923221206412338569e-01 -2.123793180245581724e-01 -2.957823579395471580e-01
1.698228585026315476e-02 6.331863234351713110e-02 8.020123590507041711e-02 1.125595505136949143e-01 1.416309630722669688e-01 1.628332043626895542e-01 1.943962987086534366e-01 2.016632521675749690e-01 2.451466303434843563e-01 2.741844399279996236e-01 2.967413400401928691e-01 3.347671161880143020e-01 3.629795158891647167e-01 3.902179938341974186e-01 4.014101781465826413e-01 4.348341522150273031e-01 4.482301507714901989e-01 4.893943836792064017e-01 5.082262604938164730e-01 5.330368108961676121e-01 5.752906892656487470e-01 5.945264825584054558e-01 6.081419121265689842e-01 6.247923327029126783e-01 6.520073497324710976e-01 6.640384514223416357e-01 6.808078034381465082e-01 6.932679659382390280e-01 6.991176780594291484e-01 7.053715450367359363e-01
-3.001998300593481175e-03 -2.231296988309913742e-02 -3.990498501677300358e-02 -5.868731087698508125e-02 -7.857662515716580531e-02 -8.144589357487047598e-02 -1.194997061246980130e-01 -1.338854257295294670e-01 -1.748949939889399285e-01 -1.889013702632698632e-01 -2.160387193916062099e-01 -2.484395154243084214e-01 -2.742791645129708522e-01 -3.006695636062036714e-01 -3.129594231253598480e-01 -3.272178080845272730e-01 -3.658946956783648563e-01 -3.749383881996926626e-01 -4.124587540829107168e-01 -4.269377915425272008e-01 -4.701909138648561193e-01 -4.835950918393782105e-01 -5.106979269525157017e-01 -5.259723970648857438e-01 -5.597396562105210194e-01 -5.922823381517832164e-01 -6.171258543010740283e-01 -6.404920288007730500e-01 -6.657091790756642924e-01 -7.396489813766251586e-01
-9.499065141251747391e-03 -6.475314397027873148e-02 -1.013447089064817147e-01 -1.431169419715634938e-01 -1.827155653819634018e-01 -2.038897644237545603e-01 -2.700812964986050169e-01 -2.844961327374596616e-01 -3.498164827513208786e-01 -3.952088295074526747e-01 -4.263228864340335988e-01 -4.784633120127298467e-01 -5.213289723501319806e-01 -5.612226797412604995e-01 -5.807385420098228890e-01 -5.942027796073756640e-01 -6.269964678130867108e-01 -6.523039597947729584e-01 -6.762060147649768815e-01 -6.802432457218284823e-01 -7.198436093350857323e-01 -7.248123132620630793e-01 -7.369985020970403200e-01 -7.367801318335756022e-01 -7.479068575764763471e-01 -7.380878437989376595e-01 -7.412239330198073795e-01 -7.283764035122987091e-01 -7.257315726627249219e-01 -6.829072013940005181e-01
2.641797502603890346e-03 5.490794861300740681e-02 8.847270667790502197e-02 1.023283903002233652e-01 1.506398960017532596e-01 1.768503107733279678e-01 1.881485962931827849e-01 2.062754745138208889e-01 2.201671974535185095e-01 2.565119143481872643e-01 2.376524617382877180e-01 2.249996127314765337e-01 2.291766018058780940e-01 2.160140266101746309e-01 2.379232139119798195e-01 1.896786987254297230e-01 1.929533859621461178e-01 1.404003677082161228e-01 1.355526697872471709e-01 1.013929651462556758e-01 7.364667609968929274e-02 5.992982381197212161e-02 3.456933116281528384e-02 2.745662382290192660e-02 2.576321438279974285e-03 -2.003331924540141529e-02 -3.536265074973282685e-02 -5.442821487690253229e-02 -5.845312365101521662e-02 -8.601305220190851031e-02
1.042079241941195993e-02 4.781438634785489111e-02 6.569977243087982144e-02 1.086703957400145387e-01 1.273714027684109407e-01 1.555701882835120731e-01 1.901346915472391930e-01 2.054480780693780095e-01 2.626539299207084066e-01 2.978850728114234570e-01 3.281232512388241318e-01 3.651568165906258212e-01 4.142019679490310802e-01 4.390877297147040004e-01 4.611532308320642759e-01 4.978856814962254185e-01 5.516558176511371370e-01 5.705948913121652311e-01 6.446972285140082359e-01 6.766775571396252964e-01 7.503768072095963193e-01 7.837685919495149811e-01 8.281173377778632272e-01 8.637675009672448612e-01 9.236940176844801176e-01 9.783113005810658569e-01 1.029877223030588596e+00 1.072305905669090009e+00 1.111065640061703608e+00 1.224845645224736268e+00
2.072512919045925613e-03 3.359181662194435369e-02 4.741331040295691801e-02 6.925081134159172258e-02 8.450402183762187325e-02 1.020927192879320516e-01 1.173867696366957397e-01 1.321278460221407547e-01 1.513469336073072768e-01 1.693501475852177973e-01 1.848688145717063969e-01 1.929628271323650945e-01 2.127723543782307492e-01 2.162479842439858357e-01 2.298152032043893345e-01 2.315138324195606945e-01 2.520011716756447306e-01 2.452672647933432926e-01 2.794274420328416997e-01 2.772927975574870918e-01 3.009955325630469525e-01 3.062220836196408169e-01 3.132536812242230351e-01 3.211538866217452104e-01 3.366306982487599075e-01 3.460912230992169714e-01 3.550554640441480059e-01 3.605000576883019558e-01 3.686605221761191653e-01 3.806899081005377106e-01
-7.489707758465247167e-03 -5.723351015347783594e-02 -9.474872119589866637e-02 -1.345327896110325716e-01 -1.731106940511275560e-01 -1.952157198979136143e-01 -2.571202433423945277e-01 -2.686474805563403012e-01 -3.336369251601806196e-01 -3.808820705289307496e-01 -4.199711800058830713e-01 -4.683440573354218373e-01 -5.207518104574058171e-01 -5.549651889999935861e-01 -5.805903585741581940e-01 -6.102743844364456605e-01 -6.586613078294288881e-01 -6.900974551160936610e-01 -7.389633985562954477e-01 -7.629487459337780386e-01 -8.312344793598569481e-01 -8.522685416502882028e-01 -8.967340791150978374e-01 -9.135776785543876510e-01 -9.597008157025253006e-01 -9.914566723995483777e-01 -1.021979738958034067e+00 -1.044379648494961010e+00 -1.074596492303222961e+00 -1.138209936362582830e+00
2.804730578132098862e-02 -5.004556255714569593e-05 -2.789569753790880138e-02 -3.880723734434114724e-02 -5.480350789042500587e-02 -6.068234089143337284e-02 -8.391178014257215378e-02 -8.888616423813643086e-02 -1.016039133191058708e-01 -1.248246599002960644e-01 -1.281773687092671588e-01 -1.338371167296169839e-01 -1.409882238707081403e-01 -1.437602253496798599e-01 -1.479490858746292381e-01 -1.386758027767230894e-01 -1.513261749929884215e-01 -1.468458250604739723e-01 -1.445211832359122872e-01 -1.371115445123473608e-01 -1.346791396671724872e-01 -1.383461918278007519e-01 -1.273423873117448535e-01 -1.146444004344116807e-01 -1.121142664619357437e-01 -9.665321190294552667e-02 -8.305363025671230748e-02 -6.788455144402724684e-02 -5.342191970690651770e-02 1.599059775671549111e-02
-2.774775719838439014e-02 -6.611572032003329435e-02 -9.061579313268203206e-02 -1.433010874766452447e-01 -1.765497160039868896e-01 -1.977789525184914243e-01 -2.771754315841469252e-01 -2.847150499368718002e-01 -3.791484950487764016e-01 -4.247714870101256257e-01 -4.843354581248501267e-01 -5.762906132001281989e-01 -6.452056817931628441e-01 -7.141897971010845447e-01 -7.431613867595917577e-01 -8.113753593718355805e-01 -8.614068416306216447e-01 -9.420576415811422466e-01 -9.991298944020163830e-01 -1.054217390808457777e+00 -1.159635426085889431e+00 -1.189434233911825123e+00 -1.250780611133509357e+00 -1.279882626404352797e+00 -1.349524114109817541e+00 -1.394108609551690581e+00 -1.441472156943903959e+00 -1.473234908569597046e+00 -1.505613352974497499e+00 -1.600567738330103351e+00
1.633834109115298375e-02 -3.795908592565123453e-03 -2.124819787162251367e-02 -2.351646158012099530e-02 -3.300604036965450877e-02 -3.888615346086082836e-02 -5.401013462054611580e-02 -5.545554843651207683e-02 -6.333766320261460803e-02 -7.412122903966772425e-02 -7.257747325540445105e-02 -6.658641395929963680e-02 -7.612623875933113848e-02 -6.596525356326787826e-02 -7.560970176589847103e-02 -6.257550974527985310e-02 -6.240762150629695221e-02 -5.328720284438327043e-02 -5.990517046279525415e-02 -4.516339220584963954e-02 -3.801592881084913528e-02 -2.983652011053276182e-02 -2.921284816019775396e-02 -1.648060591748125997e-02 -7.679227666684282708e-03 -1.921859194118654898e-03 4.612214375014115145e-03 1.826657905986942693e-02 2.309028887816953757e-02 6.156622699721114866e-02
5.730496815746341857e-03 -7.187041109299333388e-03 -1.655837700537726373e-02 -2.963422010234746315e-02 -4.189392245069867293e-02 -3.698438194438329052e-02 -6.787208661021809641e-02 -7.153507674176749764e-02 -9.800676778010028456e-02 -1.039779092427198653e-01 -1.283738040479671660e-01 -1.621846784785629658e-01 -1.719804846407292642e-01 -2.079375274947425078e-01 -2.001343264810826472e-01 -2.249089671311230443e-01 -2.458499472407097430e-01 -2.754277677742239527e-01 -2.793258035432940600e-01 -3.045976283728182854e-01 -3.339987112917744971e-01 -3.519023143750305560e-01 -3.654984877656493047e-01 -3.740971451222662170e-01 -3.974027840963686442e-01 -4.074477103085835106e-01 -4.227874944878613483e-01 -4.318330501055177573e-01 -4.394944449881486026e-01 -4.615454895147814707e-01
3.742857062043495470e-02 1.299065307988353790e-01 1.789142034361952405e-01 2.639759434541297800e-01 3.252718995087073295e-01 3.796252887925672947e-01 4.671060211105594329e-01 5.008800511395403721e-01 6.195515513140419372e-01 6.981573776563324563e-01 7.501653407927725281e-01 8.344476674827850937e-01 9.139139495902259824e-01 9.749658336700773864e-01 1.010943502975736319e+00 1.063609274523832804e+00 1.136324737306068755e+00 1.186422783004751791e+00 1.268695838187908098e+00 1.312673202795855643e+00 1.417026757868028009e+00 1.458527339049922489e+00 1.513372763428113110e+00 1.559710009188485902e+00 1.633961264001217550e+00 1.695840656921982603e+00 1.754987947268408233e+00 1.811818099067695087e+00 1.865776296573788295e+00 2.006847136146716615e+00
9.401729792473478495e-03 -9.893111303895699843e-03 -1.144430950015311657e-02 -1.212493368787372246e-02 -2.694392470528556710e-02 -3.196204225628036799e-02 -3.920028011904720666e-02 -3.473417710399523406e-02 -4.593765121868338686e-02 -5.778515208354366439e-02 -5.951858694750170042e-02 -6.373497897332777717e-02 -6.237055509350152016e-02 -6.366364022992984650e-02 -6.172271586230064500e-02 -4.814082900694752198e-02 -6.509916040435717588e-02 -4.664476884670534090e-02 -2.775383135109534688e-02 -2.095773677774990379e-02 -6.649472665887203038e-03 -4.182306655116480379e-03 1.008414236897884481e-02 1.999665584438456781e-02 3.123043718439523844e-02 4.796557649172791815e-02 5.800138996991495433e-02 7.146245908238409161e-02 8.422857996394537972e-02 1.193236549609673208e-01
2.885711425669187924e-02 3.130127252254837067e-02 2.174152990248760797e-02 3.986072527759522421e-02 4.635860231164541656e-02 5.148378111221384862e-02 5.529700054804630865e-02 6.704152647170960599e-02 9.079915653014047905e-02 8.969005767364529591e-02 1.112134317442916992e-01 1.332494940977437814e-01 1.477181991476135270e-01 1.675632012036579743e-01 1.674237999823954270e-01 1.864618223992213220e-01 2.194715611161238700e-01 2.228449913745072508e-01 2.581539667913804736e-01 2.776853888598819764e-01 3.086326801919876961e-01 3.213979842969226786e-01 3.481853603259935648e-01 3.709938801975314893e-01 3.982588146460256939e-01 4.286554040072432237e-01 4.616796585453040724e-01 4.859586033929544913e-01 5.097473996496840742e-01 6.073968809885995634e-01
-1.728716792181737502e-02 -2.179570415946832651e-02 -2.292619741339822076e-02 -6.875887973128600068e-03 -1.970550517223884635e-02 -2.684613334549799252e-02 -1.039782482654964466e-02 -8.050546742227136093e-04 -2.541345507765902650e-03 -8.324946877183311833e-03 2.022125109902894041e-02 3.673610715737887777e-02 3.945936738615776762e-02 6.411288108463827906e-02 6.064485685550426164e-02 8.615513228608936980e-02 8.356157632382785194e-02 1.171461181345735264e-01 1.245590497321497209e-01 1.360291255589831383e-01 1.639314894287421664e-01 1.829053805872992156e-01 1.706105051440562625e-01 1.816911062887203998e-01 1.941810618827952140e-01 1.926318555810306310e-01 1.952487871596724212e-01 1.963053368655354736e-01 1.861597697875329582e-01 1.516815321574339626e-01
-9.636917242211806220e-03 2.974813023840018611e-02 5.813261346374479221e-02 8.058389451977737705e-02 1.114580709072880982e-01 1.328446311751240727e-01 1.634119509709413276e-01 1.761918262706044236e-01 2.100754383136451131e-01 2.442736888893574376e-01 2.466436870420301575e-01 2.694043137928288090e-01 2.839318121997487232e-01 3.008901404965682591e-01 3.165406613806666658e-01 3.036692947455373881e-01 3.199227333225622139e-01 3.096471601352469016e-01 3.102276317663523741e-01 3.040631351485297285e-01 2.943052639097279433e-01 2.895957040614968170e-01 2.787080349911988386e-01 2.683418512028922231e-01 2.564576344085131021e-01 2.258596389624048517e-01 2.163704580802872091e-01 1.973916273067321259e-01 1.865123965282980967e-01 1.479539518776872564e-01
-6.364372362074538839e-03 -6.789708302912287469e-03 -1.069202109250613417e-02 -1.251574244073243303e-02 -2.243432952571217456e-02 -8.944203760585019841e-03 -3.245278971693162096e-02 -3.320746491709290760e-02 -4.353710006026459411e-02 -4.807364448773489285e-02 -5.691000007476187950e-02 -7.026073445599453904e-02 -7.332175467843778105e-02 -8.300005985930922203e-02 -8.334817795785373629e-02 -8.946965833047655636e-02 -1.018119599115652890e-01 -1.032534237385224901e-01 -1.132921612574931541e-01 -1.144338018913509114e-01 -1.247229193919229817e-01 -1.261737586002762701e-01 -1.424518898734099814e-01 -1.379165033251992245e-01 -1.490817505018988409e-01 -1.604273173443383771e-01 -1.652664554154094634e-01 -1.701693071193845774e-01 -1.771930890251876833e-01 -1.943873656316221499e-01
2.081929908606779817e-03 -9.144093410647030629e-02 -1.520368855690129029e-01 -2.341254894122403729e-01 -3.034676417724621045e-01 -3.486720865985620255e-01 -4.522612667804477016e-01 -4.916537270511621149e-01 -6.067239329843043816e-01 -6.846901090371061427e-01 -7.497264087751851491e-01 -8.445470796481382436e-01 -9.271474153342930125e-01 -9.975616423674646960e-01 -1.038160263600067745e+00 -1.082808705465759358e+00 -1.156426422964292433e+00 -1.211644411864498894e+00 -1.296242667550123961e+00 -1.334505463977598172e+00 -1.451609939124649751e+00 -1.490492772397665977e+00 -1.551485785743391910e+00 -1.587884668465408655e+00 -1.664129686923694562e+00 -1.717163224990090775e+00 -1.770785256111899297e+00 -1.814006921880652712e+00 -1.856803701551922758e+00 -1.979438188436113411e+00
-1.645570183769484718e-04 4.317825638988109782e-03 3.743735629235902737e-03 -5.177384920043913430e-02 -5.469398139267203640e-02 -3.369690061483130578e-02 -1.358320690375464379e-01 -1.405781979681198224e-01 -2.417620975488284918e-01 -2.498921123357495389e-01 -3.469556902417197941e-01 -4.766858293281218684e-01 -5.394191291817472811e-01 -6.476680913549134333e-01 -6.589376921367716688e-01 -7.629154451573824103e-01 -8.211569611295330695e-01 -9.453038232109185479e-01 -9.974478067590527575e-01 -1.078738192713537325e+00 -1.206556837975270025e+00 -1.240775508803272142e+00 -1.309688616289523599e+00 -1.345776376181143874e+00 -1.424678983565532686e+00 -1.463352931605756968e+00 -1.509051541779390160e+00 -1.544972976710932588e+00 -1.574376007046668136e+00 -1.644512568434628230e+00
2.658509387219903236e-02 1.305852427689243034e-01 1.940101974961569720e-01 2.691564190559926906e-01 3.464148862671386220e-01 3.926838175364252836e-01 4.881534452331571794e-01 5.234968892978179023e-01 6.349216646023316812e-01 7.083761927133909175e-01 7.631929953799320154e-01 8.410514408957385779e-01 9.087953222003771758e-01 9.559717088945540731e-01 9.952195268855066335e-01 1.017247393785762233e+00 1.093955220908458648e+00 1.100990954233521668e+00 1.161967883253375522e+00 1.180160767631256435e+00 1.248773859870708769e+00 1.262620376517038734e+00 1.301116312234686045e+00 1.318156372022174283e+00 1.360588549613996445e+00 1.375320249691175167e+00 1.402824704188862182e+00 1.416549258725367189e+00 1.445466803748481244e+00 1.500435927703528405e+00
-1.036510984917221254e-02 -3.301555012056826832e-02 -4.344136825329968782e-02 -4.394824901552578378e-02 -5.763943801986140536e-02 -5.833411202564807441e-02 -5.926250407022705391e-02 -5.975333002131132110e-02 -5.788262428713979169e-02 -5.454803348098516413e-02 -6.410796792789609511e-02 -5.354672613144816767e-02 -5.338199567390293498e-02 -4.648362866595545650e-02 -4.919095097200160832e-02 -4.580788665335482068e-02 -5.323172824534708886e-02 -4.685817278910540257e-02 -7.134484419198332261e-02 -7.596580114634342296e-02 -1.023519113230302868e-01 -9.733946296276418941e-02 -1.405261957164058162e-01 -1.542706722941236952e-01 -1.829912495943603334e-01 -2.287531237212240276e-01 -2.489749510040807079e-01 -2.829375385225441630e-01 -3.212024543210583172e-01 -4.295484397979422719e-01
