2.453012932508313176e-02 5.590870211412546364e-02 9.331888270461247137e-02 1.337905172395056352e-01 1.766219361121456610e-01 2.209964515536788632e-01 2.657714530990814561e-01 3.107669924152365315e-01 3.551324127223078886e-01 3.986214897276854630e-01 4.399155236049311357e-01 4.793167248797385871e-01 5.163642875767791018e-01 5.499713010011422210e-01 5.799410997689630198e-01 6.056558404536088736e-01 6.264938956101891998e-01 6.418404916087689926e-01 6.521753313299711863e-01 6.570114162760242182e-01 6.571093236517927538e-01 6.523420153981882574e-01 6.436489934917679623e-01 6.315224037102767918e-01 6.166757035523559027e-01 6.000139997407079040e-01 5.819221393864110192e-01 5.632307604856873207e-01 5.446212037672774064e-01 4.963585185735785998e-01
1.539649371197004263e-02 5.407736793486286886e-02 8.909449365434249368e-02 1.236173025864024666e-01 1.575834178879862713e-01 1.903474520357821276e-01 2.212952166228862871e-01 2.500686994023458287e-01 2.762762210313879363e-01 2.999861484973506132e-01 3.205626358296124190e-01 3.382400376532076480e-01 3.531067080022373128e-01 3.649047699281039447e-01 3.736536163437631508e-01 3.796479324554917767e-01 3.828110683695965522e-01 3.827834093784305836e-01 3.806010887527289110e-01 3.759315077399202898e-01 3.693469519835861914e-01 3.607881689349450305e-01 3.508227698232180836e-01 3.396570308485247214e-01 3.275265087150194265e-01 3.149680778783612300e-01 3.020360446693873269e-01 2.891389922087195252e-01 2.765292013220541634e-01 2.425833030321025152e-01
-2.147007350551725924e-03 -2.730370606539598080e-02 -4.346844644355515874e-02 -5.725482992111900760e-02 -6.906665792653363112e-02 -7.866818918990013676e-02 -8.602140360121357521e-02 -9.093265959186436209e-02 -9.343705581919309333e-02 -9.362702335965208955e-02 -9.154881298694389491e-02 -8.740575488670236648e-02 -8.122757161270199866e-02 -7.322612064661965237e-02 -6.357990863116295965e-02 -5.274113044253710136e-02 -4.076908441035426156e-02 -2.756940088576688083e-02 -1.377510828382039546e-02 6.435972654873509460e-04 1.579307775067513575e-02 3.142139733767737586e-02 4.755657434764472974e-02 6.424928431731477541e-02 8.153631052798518408e-02 9.930745631849885457e-02 1.174780659487338480e-01 1.361620160690561743e-01 1.552055273838727489e-01 2.061640877351414991e-01
3.398980128786427933e-03 7.619578964181221090e-03 1.136270497645904855e-02 1.476228703334977674e-02 1.791912561080324928e-02 2.085236941055111995e-02 2.363006253374756727e-02 2.619485526918377549e-02 2.858305176792011806e-02 3.092951867756317183e-02 3.324326041917504554e-02 3.547591648338513370e-02 3.788047665709927403e-02 4.055290697222430768e-02 4.350530908013443276e-02 4.688712505520330892e-02 5.087387722055103367e-02 5.551276661184115224e-02 6.093052847515692538e-02 6.708244295230882115e-02 7.413651873759258271e-02 8.185790261973997783e-02 9.027747111128762991e-02 9.932976282525582401e-02 1.088938277041851532e-01 1.188998641423582303e-01 1.291255266255775525e-01 1.396204928354158603e-01 1.501778652268210001e-01 1.745022521529961124e-01
4.343503782713645060e-03 2.339354494598531661e-02 3.590123770054522157e-02 4.705741527627687465e-02 5.734893368285340354e-02 6.678888989075693061e-02 7.532918546148645311e-02 8.296274804590371421e-02 8.966066557397080194e-02 9.545090441696704731e-02 1.002369818832315462e-01 1.041266760278450748e-01 1.070651708757986709e-01 1.088930429075156137e-01 1.098084723341588020e-01 1.097490246369205863e-01 1.087819017413381162e-01 1.066340674168421015e-01 1.034615441574988082e-01 9.913124348237066508e-02 9.352090070861054927e-02 8.650810110474041470e-02 7.798070280446967040e-02 6.790716088925051463e-02 5.608659741503001228e-02 4.272101688403007191e-02 2.777607773495292115e-02 1.120054262688963131e-02 -6.747162077719960800e-03 -6.268326771266673203e-02
3.178307946126215922e-02 6.646994284170169853e-02 1.071525228638636890e-01 1.500151326610946190e-01 1.954610723877740208e-01 2.434418773319059204e-01 2.939000863733028934e-01 3.471513966343917068e-01 4.029000889321904810e-01 4.614043990453945421e-01 5.216990245251875713e-01 5.841998132068698668e-01 6.490025111409761793e-01 7.153416745350266170e-01 7.831000197596449386e-01 8.511105318589559099e-01 9.192102020345043201e-01 9.876593719387546377e-01 1.055102153820232092e+00 1.121201590821323979e+00 1.186425540968044645e+00 1.249146490253245867e+00 1.309682761178941002e+00 1.367568540445712522e+00 1.423023015075454589e+00 1.475655748412104895e+00 1.524791774905494890e+00 1.571321588314351203e+00 1.614669016339127072e+00 1.690356585916190424e+00
2.260952332013808908e-02 7.128816564444215298e-02 1.166901402609155092e-01 1.616784575791200829e-01 2.064414746056050798e-01 2.503977116015514981e-01 2.930634689456054764e-01 3.341896882965753046e-01 3.734054043642547893e-01 4.109164438337355452e-01 4.459425435295115703e-01 4.788450672792071705e-01 5.098129764400662900e-01 5.385021865605084113e-01 5.649417025095193612e-01 5.891709710490310448e-01 6.111422791014634592e-01 6.306680407537588184e-01 6.483340949974107925e-01 6.637605303891982444e-01 6.775626394793264895e-01 6.891874936454172040e-01 6.991794414020809922e-01 7.075087058339567525e-01 7.144007035574700959e-01 7.201359336814679990e-01 7.245092630179483795e-01 7.281094659338481767e-01 7.309264905454039285e-01 7.249315975113873600e-01
-2.733694874184850430e-03 7.500202630180761824e-04 5.185966217787893809e-03 9.143307583408590358e-03 1.258579557953626131e-02 1.543430022131634348e-02 1.783665551007864586e-02 1.960195143367179232e-02 2.082299893296297999e-02 2.178815659960132989e-02 2.259299054880219149e-02 2.311737690762346448e-02 2.395532156247233771e-02 2.550727529753781669e-02 2.768832565602325629e-02 3.103646894458518893e-02 3.588012446208984491e-02 4.248610644557070104e-02 5.126681011333682897e-02 6.218904048778733235e-02 7.568910693459471317e-02 9.144430450175834724e-02 1.096102604374105255e-01 1.300593784557982358e-01 1.526798082642040477e-01 1.772184783156041388e-01 2.032713136735812554e-01 2.309386682771426835e-01 2.596507250264451505e-01 3.339708581165645174e-01
5.200846678880931793e-03 -1.913527752529904646e-03 -4.338272086073203908e-03 -5.760490123515874666e-03 -6.179342993250015216e-03 -5.394998643225556827e-03 -3.217864056300224866e-03 4.791651151493710875e-04 5.756416784903998878e-03 1.273793801691227093e-02 2.138592056129386132e-02 3.161995480104999590e-02 4.366573578585276894e-02 5.748826690363173508e-02 7.300242383739696805e-02 8.995812473674848209e-02 1.084747097301704682e-01 1.287756509555183504e-01 1.503315926085380116e-01 1.731321127251814751e-01 1.973417941484434945e-01 2.224181314472106208e-01 2.483559571831103763e-01 2.749869532281726814e-01 3.022358807270476011e-01 3.298046926684324864e-01 3.573472187591639204e-01 3.850266374153701876e-01 4.124307904642441902e-01 4.762116649679225544e-01
4.970118954151629166e-03 1.661707178124713011e-02 2.494682870549339709e-02 3.261516302401651357e-02 3.994800504116161055e-02 4.699807434535427375e-02 5.376355218178260897e-02 6.026700128068229745e-02 6.649253750121966733e-02 7.248820177939153953e-02 7.816559202291335773e-02 8.357642095694745032e-02 8.873773363248299573e-02 9.351924326503124885e-02 9.803637418104893531e-02 1.021819451246130106e-01 1.060297069277426063e-01 1.094360429340071189e-01 1.123965485844398704e-01 1.148102067885070354e-01 1.166505130611074220e-01 1.177014966918554784e-01 1.178981430158691501e-01 1.171882670453659320e-01 1.154179985544634551e-01 1.126720223424300671e-01 1.088408446357655018e-01 1.039381216822147375e-01 9.804864273646909933e-02 7.469429572283842189e-02
7.485325573433957574e-03 5.785828826188871982e-02 9.658286969474541572e-02 1.309505442712181333e-01 1.618051586300477407e-01 1.888193353070500846e-01 2.123582129992849787e-01 2.319354339746320659e-01 2.478199212055812728e-01 2.607735603856143891e-01 2.709523534949015433e-01 2.785168159880178629e-01 2.846669572719108809e-01 2.903126121545868132e-01 2.956159247288595582e-01 3.019088527393340438e-01 3.099505077111702200e-01 3.201739384832882340e-01 3.337568000030314841e-01 3.505619212321089417e-01 3.711913377005298664e-01 3.949401945534354863e-01 4.219570642556944584e-01 4.517294988700391034e-01 4.838928862345822646e-01 5.179530543735054726e-01 5.530342898011234576e-01 5.892737823783886775e-01 6.256621986633379429e-01 7.051131391416008976e-01
-8.673073313246812063e-03 -4.970404753083441235e-02 -8.784143718065368089e-02 -1.252321506620931446e-01 -1.611348825352801883e-01 -1.943163486969120834e-01 -2.238326894768966624e-01 -2.489103824953878275e-01 -2.690359609836532329e-01 -2.842782318620850068e-01 -2.940181444416824497e-01 -2.984936677677021422e-01 -2.979352822026541947e-01 -2.924990980190479983e-01 -2.820411879987564374e-01 -2.677346126340647281e-01 -2.494138711020907340e-01 -2.267953135563569034e-01 -2.021048194093321149e-01 -1.750668057274152867e-01 -1.466426719552004210e-01 -1.175199887157574730e-01 -8.871148139150400458e-02 -6.069506406861822911e-02 -3.411060871232397818e-02 -9.668919078628056968e-03 1.224619708167589555e-02 3.119917461650712973e-02 4.694775743959260506e-02 6.675236724558733514e-02
1.111982157271137160e-02 2.472849241704208612e-02 4.178835715281122021e-02 6.084423574775826155e-02 8.173975023963882258e-02 1.042907949448368260e-01 1.279868482404369623e-01 1.529506193142727011e-01 1.787529028921087115e-01 2.052058870534043677e-01 2.315813210018142776e-01 2.580556313606493513e-01 2.842222055194125185e-01 3.092682766234007286e-01 3.331445359533098949e-01 3.550618247868631561e-01 3.746411248347269463e-01 3.915057702427966468e-01 4.053364458623917588e-01 4.158431715626282887e-01 4.232186360141755310e-01 4.271452925422893898e-01 4.279184092232233283e-01 4.257114628818746693e-01 4.207860813682070544e-01 4.135670918426114784e-01 4.042158724737526798e-01 3.931440279130304916e-01 3.808091931803844754e-01 3.401459015957832843e-01
5.834759823184504195e-03 -1.673211324917830978e-02 -3.037557645888768268e-02 -4.116486233245145870e-02 -4.921033649066075544e-02 -5.405879451754266873e-02 -5.561167600169585057e-02 -5.341874927188415556e-02 -4.752799632721418227e-02 -3.810910489474415852e-02 -2.536296562547450673e-02 -9.368981195753479582e-03 9.563699223829099511e-03 3.085703395961583717e-02 5.440368883614513096e-02 7.910141602724923837e-02 1.047504386249983183e-01 1.313808256443565470e-01 1.576199381747830641e-01 1.834482143813251920e-01 2.087215040632673380e-01 2.328796021786452008e-01 2.557790384911421411e-01 2.773514542666378757e-01 2.975944687295455915e-01 3.163579399485712540e-01 3.335327536362414080e-01 3.492898266889028491e-01 3.636158353956313594e-01 3.904294342954440777e-01
-1.652374972254639501e-03 -2.396568750711856183e-02 -3.964634040296297762e-02 -5.380664235646724636e-02 -6.680581697733496693e-02 -7.847161079263090255e-02 -8.873329536585190802e-02 -9.751829695633626449e-02 -1.047999990153467703e-01 -1.106067993952830064e-01 -1.148512461264747930e-01 -1.177634676281688886e-01 -1.192327234176681766e-01 -1.192521716607662235e-01 -1.179640371855602277e-01 -1.154785870720127505e-01 -1.117334612934703236e-01 -1.066263582605721932e-01 -1.004206613105544654e-01 -9.305907505911459321e-02 -8.440326180462053018e-02 -7.456913539123906365e-02 -6.352386179376381947e-02 -5.120938973894998553e-02 -3.765151010960587907e-02 -2.295014884588585102e-02 -7.208464203204077193e-03 9.603988059868695873e-03 2.727886000672591696e-02 7.806563744118528991e-02
1.690942208453873052e-02 4.178160494409095815e-02 6.602338272556237952e-02 9.028123493456401139e-02 1.148945570855554738e-01 1.397808024212099931e-01 1.648996485104063658e-01 1.902822919660502321e-01 2.158216710865056287e-01 2.417116642764317036e-01 2.675400603825168200e-01 2.935037903476183652e-01 3.197853391884603602e-01 3.461321308790726858e-01 3.725752489127259204e-01 3.988280835056943752e-01 4.249427723535843526e-01 4.509631035157311008e-01 4.766432763296621911e-01 5.017802408966129946e-01 5.266566752128354345e-01 5.505448838688957736e-01 5.736051504024576309e-01 5.956269005838374930e-01 6.166117149148055976e-01 6.364593488053169601e-01 6.548044555039582715e-01 6.720174458371691584e-01 6.878547037745709192e-01 7.118848502873419415e-01
-3.624368656776563030e-03 -3.250376213536029790e-02 -5.632876203881378996e-02 -7.901506257789275844e-02 -1.012824304464267633e-01 -1.231753392613513243e-01 -1.448876075454154366e-01 -1.665853304995462691e-01 -1.883139040406932863e-01 -2.102532924892959731e-01 -2.321864285093600544e-01 -2.544654556214651642e-01 -2.770652877908639788e-01 -2.998257248433219280e-01 -3.229027173736119805e-01 -3.459000033727471224e-01 -3.687809729363722977e-01 -3.917119449504097850e-01 -4.140992994420599760e-01 -4.358372474459465407e-01 -4.567613786351448768e-01 -4.762808476334416397e-01 -4.942211196890626823e-01 -5.101836282239073928e-01 -5.241312353328364537e-01 -5.357522353174973828e-01 -5.447965499357310115e-01 -5.514162180322259577e-01 -5.554760889873603391e-01 -5.437370064877260489e-01
4.709951987535179914e-03 2.109131581834546021e-02 3.375142501541648216e-02 4.549183439046754207e-02 5.640057870136252344e-02 6.625864097690455090e-02 7.487312410823100672e-02 8.204016528137651754e-02 8.766388061061330950e-02 9.181926741927118329e-02 9.437178576977499345e-02 9.535203853034042443e-02 9.490941438779003370e-02 9.306232285878926480e-02 8.987559008607684530e-02 8.567138070633147084e-02 8.055096227173177970e-02 7.432020264232688800e-02 6.762831739265802444e-02 6.034572815203582963e-02 5.269293574717145989e-02 4.469569598737668792e-02 3.652055815110313158e-02 2.826008837411367672e-02 1.986578587181912769e-02 1.158785650430341554e-02 3.395536096593828636e-03 -4.654366392353119670e-03 -1.246719428335023305e-02 -3.248324121924976021e-02
-1.645929091906032926e-02 -3.583327642902077448e-02 -5.598293108350953229e-02 -7.606111332611786846e-02 -9.640104710688154888e-02 -1.169808581782677687e-01 -1.380165296559597299e-01 -1.595966898169082770e-01 -1.817901609762521686e-01 -2.048718688047119763e-01 -2.286106705207240908e-01 -2.532751405848068793e-01 -2.791045213386175172e-01 -3.061115533978220338e-01 -3.342780706761123155e-01 -3.633625579277225404e-01 -3.934006107002680497e-01 -4.248311748386335296e-01 -4.570652163946065660e-01 -4.900540678921631033e-01 -5.239798113580873551e-01 -5.581150977304741856e-01 -5.925254957041068415e-01 -6.268019695267761371e-01 -6.610566166816521649e-01 -6.947875333925601637e-01 -7.275753883813149692e-01 -7.597708576312895978e-01 -7.908209268161525696e-01 -8.552269355535315754e-01
2.032539857567019007e-02 6.321862982851697566e-02 1.054601144301792193e-01 1.492925052607343150e-01 1.942149049931438942e-01 2.392679719714295161e-01 2.831497031098445527e-01 3.255428641756193953e-01 3.655590047025691347e-01 4.028652821595345990e-01 4.361928894033085813e-01 4.659056543964897878e-01 4.913900511944669924e-01 5.115797612706911579e-01 5.264306270603659188e-01 5.356007502254527264e-01 5.384574609559922287e-01 5.340668972845769025e-01 5.234921634576309435e-01 5.061986783587598682e-01 4.827674826028843236e-01 4.534720845054147631e-01 4.191920465828061215e-01 3.805564223004970770e-01 3.382022212651442650e-01 2.933741478517173373e-01 2.467124316592938515e-01 1.988545498454875049e-01 1.509102010628779744e-01 2.971005084084813591e-02
3.617989503075695612e-02 7.465771446219553187e-02 1.226945378916270424e-01 1.739671048807726328e-01 2.282754575611355974e-01 2.851280831640755631e-01 3.440063626620006865e-01 4.049824775299035173e-01 4.674808039442103214e-01 5.316954813258869539e-01 5.963386292194831073e-01 6.618335837716506909e-01 7.282792240741485790e-01 7.948230243365588255e-01 8.611928501125659663e-01 9.264760839773743539e-01 9.903541761233595198e-01 1.052954884238685551e+00 1.113595281013309846e+00 1.171834934421864372e+00 1.228581208198857633e+00 1.282469777456902493e+00 1.334290647708872291e+00 1.383862693144555678e+00 1.431746589164573535e+00 1.477881171577744679e+00 1.521810589187615026e+00 1.564674704607206035e+00 1.606033352186619467e+00 1.688581587949543383e+00
2.354122823652895179e-04 1.237794672386588121e-02 2.099766662031666772e-02 2.824020513207167044e-02 3.382999596284808064e-02 3.730363531573703539e-02 3.837984364465837905e-02 3.655366450842460063e-02 3.174686835257493900e-02 2.410179815041682549e-02 1.366287811920601815e-02 3.184515388817339178e-04 -1.548639910991641590e-02 -3.331203051922960318e-02 -5.318725715979493590e-02 -7.405146056272238209e-02 -9.565335542700631466e-02 -1.181371272669536066e-01 -1.399971145321007859e-01 -1.613158494225131467e-01 -1.815832996569333446e-01 -2.004026043033529381e-01 -2.173899412635969530e-01 -2.322975204146433548e-01 -2.451240346731352604e-01 -2.555406178101324866e-01 -2.635364968318173462e-01 -2.691142332653027602e-01 -2.723346478631917256e-01 -2.660830730990118576e-01
5.914432710801261622e-02 1.406915704207203077e-01 2.292984054296846319e-01 3.205496142326634823e-01 4.144697609216770329e-01 5.100769634416281173e-01 6.065851482489482693e-01 7.038942544116502109e-01 8.011703408710276753e-01 8.989051376971149976e-01 9.952338974741741229e-01 1.090946823902440244e+00 1.186392482891291511e+00 1.280636269396170590e+00 1.373358973887806034e+00 1.463791290789210331e+00 1.551631082034144349e+00 1.637083855859263970e+00 1.719750886764053410e+00 1.799026228408062034e+00 1.876264258291655773e+00 1.949550377901293263e+00 2.020111408517138774e+00 2.087583353728427404e+00 2.152749000553336955e+00 2.215512364749469221e+00 2.275107329708757842e+00 2.333202765483998853e+00 2.389019532114729838e+00 2.494840869750779344e+00
3.483105908289249597e-02 8.812666976230934535e-02 1.429426818768076424e-01 1.982503516985062997e-01 2.543146026935872994e-01 3.106077861504696891e-01 3.668604838181956929e-01 4.229341213938087041e-01 4.784951271436472808e-01 5.339860800485891623e-01 5.884668503727624733e-01 6.423687612538615532e-01 6.962007199888031739e-01 7.496443115915075728e-01 8.025910101498591187e-01 8.548538161264033208e-01 9.064756817247938692e-01 9.577008342334969448e-01 1.008483492108090296e+00 1.058439466661537764e+00 1.108457473565394258e+00 1.157247644011743626e+00 1.205465350201408548e+00 1.252766361684624297e+00 1.299445901452038754e+00 1.345289977493754785e+00 1.389625170662257325e+00 1.433379493975787566e+00 1.475866905205496460e+00 1.560429035449331758e+00
-5.308191960551392197e-03 -1.915340081783491535e-02 -3.233060895447577299e-02 -4.537584367048749789e-02 -5.840873294696130591e-02 -7.129653448464341736e-02 -8.402214944612271252e-02 -9.659151886834224654e-02 -1.089612722254818394e-01 -1.212084679997002812e-01 -1.331517070016780269e-01 -1.449812208792068680e-01 -1.566924435825397255e-01 -1.682342661980253395e-01 -1.796058095547179434e-01 -1.907178069639653140e-01 -2.014841377804119649e-01 -2.120301654947450987e-01 -2.222225293220084219e-01 -2.320198369459858800e-01 -2.414752756714706461e-01 -2.504072083041124497e-01 -2.588903701870360896e-01 -2.667938986073828955e-01 -2.742618315558723596e-01 -2.811688160608908360e-01 -2.874611588448819366e-01 -2.933053337088145085e-01 -2.986017117725374148e-01 -3.062295119140179267e-01
1.958313816014363787e-02 5.708848843560643954e-02 9.185348149810811103e-02 1.267253625008928353e-01 1.620326716825309377e-01 1.974933919018942996e-01 2.327233732615044959e-01 2.677273684431516476e-01 3.021743053302994308e-01 3.361102463130937745e-01 3.688185663298765848e-01 4.006405330681241939e-01 4.314419293516363885e-01 4.606300191955073897e-01 4.882927380252288785e-01 5.139515521148785293e-01 5.374398565166459418e-01 5.584722404697590736e-01 5.770017545637770029e-01 5.926889614067774037e-01 6.057832255039801161e-01 6.157186472105802277e-01 6.227688888064931705e-01 6.268894928690019741e-01 6.282098422637290014e-01 6.270170501733207669e-01 6.232142558919623321e-01 6.172523312166983134e-01 6.093606994053463177e-01 5.712561388152473940e-01
-1.277908353867829826e-02 -3.798892304258533192e-02 -6.193240940725537602e-02 -8.562520963738272373e-02 -1.093750198308497124e-01 -1.330318729343663298e-01 -1.566024656392858705e-01 -1.801279823305588224e-01 -2.035531425260904137e-01 -2.270451337286521487e-01 -2.502641501988471795e-01 -2.735231416627999512e-01 -2.968738883894352920e-01 -3.201790134282987421e-01 -3.434621307567246595e-01 -3.664811213305958493e-01 -3.891576302291513967e-01 -4.116887581089031523e-01 -4.337557329334800760e-01 -4.552493440071668784e-01 -4.763015019927793747e-01 -4.964197671284726332e-01 -5.157180575825005553e-01 -5.339326004551852023e-01 -5.512249978221754887e-01 -5.673701619985467293e-01 -5.821583186769063722e-01 -5.959075663877344553e-01 -6.083926667778544184e-01 -6.267135154843457290e-01
7.634868666049035753e-04 -2.666232795462707486e-02 -4.898546171245515835e-02 -6.863498795878271441e-02 -8.628846016185122425e-02 -1.019301909556378921e-01 -1.161776952901480281e-01 -1.288994092032368644e-01 -1.404647432552903197e-01 -1.515088024666920163e-01 -1.622878574985419098e-01 -1.729743897252253026e-01 -1.844582924310850247e-01 -1.975121780805542959e-01 -2.122001785266851848e-01 -2.292057376251039613e-01 -2.490414072276492807e-01 -2.724857674869765045e-01 -2.995787613666767157e-01 -3.303912542397086649e-01 -3.651981047689060733e-01 -4.032455721685014316e-01 -4.444456383133453814e-01 -4.881460882754932173e-01 -5.341491611735120770e-01 -5.815608644305190200e-01 -6.295851704476485011e-01 -6.783349103498556021e-01 -7.266958363725756209e-01 -8.359354523878677057e-01
5.743868948620134765e-03 4.259042813034014802e-02 6.270623243238954148e-02 7.846691931832319722e-02 9.098933172384085499e-02 1.003245698579925960e-01 1.066580045906547064e-01 1.098521587672346284e-01 1.101111639455478325e-01 1.076421626042493307e-01 1.026809750645837627e-01 9.541657721617560761e-02 8.601558728009325860e-02 7.472819433374724984e-02 6.199991959518827422e-02 4.831106623735038214e-02 3.403472567094892320e-02 1.887567164685968746e-02 3.477163868027356285e-03 -1.225787456077595018e-02 -2.867464816126537655e-02 -4.580401020200302459e-02 -6.401306448684404571e-02 -8.349989311446093243e-02 -1.047872346171937752e-01 -1.277432803060755961e-01 -1.525306108619135514e-01 -1.794797068223082104e-01 -2.083872114556594157e-01 -2.974310275003285153e-01
1.573147528972815637e-02 4.461219281929632019e-02 7.147748296139992685e-02 9.801656941989919658e-02 1.246099262478625458e-01 1.511264157099393990e-01 1.774905357304154829e-01 2.036915769950916333e-01 2.296089413889516595e-01 2.554443599668763110e-01 2.807747157920650327e-01 3.058216674007621094e-01 3.307642434457197522e-01 3.553655868234143478e-01 3.796864767418953734e-01 4.035179097042455032e-01 4.269187252324835868e-01 4.498880170498657516e-01 4.723227610814031419e-01 4.940050583272808105e-01 5.152129223147094983e-01 5.352752753723661883e-01 5.543574196185567793e-01 5.722648151764261337e-01 5.889879542570798376e-01 6.044845391219951791e-01 6.184161412082388454e-01 6.311357723159962685e-01 6.424594890974137940e-01 6.550470149814221488e-01
-1.367171106359518426e-02 -3.460730539232580172e-02 -5.634265697660410105e-02 -7.825835449388574006e-02 -1.005928417024077731e-01 -1.232426793252511532e-01 -1.462678759724231892e-01 -1.697434821686725770e-01 -1.936369186622101668e-01 -2.181413788476098681e-01 -2.429180036335921167e-01 -2.682561568728500379e-01 -2.942611676709547264e-01 -3.208098692250455630e-01 -3.478781608084617893e-01 -3.751692863494142660e-01 -4.026123103904726275e-01 -4.305070281306474511e-01 -4.583706761141308483e-01 -4.861076424067747315e-01 -5.138988200721055222e-01 -5.411396200747604635e-01 -5.679485400961776786e-01 -5.940212286970492084e-01 -6.195379678323884587e-01 -6.441630048604749526e-01 -6.676174101717015086e-01 -6.902700058720339094e-01 -7.117690009511655758e-01 -7.531053586314031545e-01
-2.254494179081745209e-02 -6.569213032717430290e-02 -1.062338241588487581e-01 -1.467472843251206860e-01 -1.875046422476096819e-01 -2.280837811010856253e-01 -2.681145793214864126e-01 -3.075695595362606394e-01 -3.461462787642026195e-01 -3.839319600543453781e-01 -4.201662549093124199e-01 -4.553498877397482159e-01 -4.893197131882380257e-01 -5.215883765853436271e-01 -5.522045928475345367e-01 -5.807567630912217060e-01 -6.069501648062866073e-01 -6.307246150256593520e-01 -6.520000121156163120e-01 -6.704799762646246331e-01 -6.864380171908551764e-01 -6.994066153844058498e-01 -7.097252639720772471e-01 -7.172697349249529397e-01 -7.223958790457283285e-01 -7.252189946468702297e-01 -7.257055561244415420e-01 -7.243884307699264280e-01 -7.213836796543655616e-01 -6.975871512246851758e-01
6.882998787589897360e-03 4.946748935411270087e-02 8.506295287346538059e-02 1.187658906513260337e-01 1.503427696355253140e-01 1.788667946804308462e-01 2.036470494493395900e-01 2.239725003423693184e-01 2.394900995574095748e-01 2.503720097534932743e-01 2.562059611227772704e-01 2.571153548252597676e-01 2.535213852143594071e-01 2.456522460438513300e-01 2.335116814036056476e-01 2.182896141732774686e-01 2.001144377741225222e-01 1.786198937661056807e-01 1.559234278196956203e-01 1.317276530660667633e-01 1.068422545698862747e-01 8.165019029237700898e-02 5.688493340725092606e-02 3.289287302523426215e-02 9.879886361560168140e-03 -1.148981196706945311e-02 -3.112307806896368045e-02 -4.875176898762504513e-02 -6.421455254783253741e-02 -9.270018685915402956e-02
2.193623526723605804e-02 5.220080803014376380e-02 8.413901366321793751e-02 1.164159452101906633e-01 1.493241425884501983e-01 1.826908075747959437e-01 2.165246670865021428e-01 2.508155249752443416e-01 2.854483236657272549e-01 3.207709293378164794e-01 3.562659919673808462e-01 3.921648842370638044e-01 4.288994168108051230e-01 4.663060022585934217e-01 5.043247114421860466e-01 5.427414717097492902e-01 5.816799793211830938e-01 6.214089679371332942e-01 6.616281720506171915e-01 7.021121371410740108e-01 7.434099086241939824e-01 7.844723852365770300e-01 8.256177518220229050e-01 8.665094490308667963e-01 9.072237392996386207e-01 9.474480853643747480e-01 9.865747195396846747e-01 1.025182633843880309e+00 1.062649571853826025e+00 1.139177222418352731e+00
1.296533669759596802e-02 3.432700998213442101e-02 5.423428955836748222e-02 7.382018200000829700e-02 9.328496222506346691e-02 1.124667176738419622e-01 1.312641018883354549e-01 1.495898417417171888e-01 1.673413085494597496e-01 1.846862902936189654e-01 2.013253719864923630e-01 2.173810141638168880e-01 2.330680743028450963e-01 2.482795423099336263e-01 2.630448520448115945e-01 2.773707782668486943e-01 2.913471968380542676e-01 3.049538432074386796e-01 3.183447876080695571e-01 3.313467769241600913e-01 3.442670965838898756e-01 3.566663725789269712e-01 3.687394029811377760e-01 3.803918509086050004e-01 3.916203292615800247e-01 4.024449260602810940e-01 4.126148267706771788e-01 4.223982648545879237e-01 4.316385559824537643e-01 4.463288293464945933e-01
-2.529912224742708951e-02 -5.825214041909549528e-02 -9.479595632707410457e-02 -1.322063567002806361e-01 -1.705762204052909126e-01 -2.095777349505133225e-01 -2.491170831736879698e-01 -2.891955528083589577e-01 -3.296509067403021187e-01 -3.707896909177885170e-01 -4.119482191770088009e-01 -4.535297909723484122e-01 -4.958011348659090434e-01 -5.385488737323569364e-01 -5.816572975053962979e-01 -6.247910742954206897e-01 -6.678409812589836125e-01 -7.112374480522729581e-01 -7.545383399864485918e-01 -7.975260751771588996e-01 -8.407787528582157943e-01 -8.833565254234949649e-01 -9.256832168122609561e-01 -9.674051647843679991e-01 -1.008908666663026699e+00 -1.049801826074169053e+00 -1.089651808043497150e+00 -1.129179192327083303e+00 -1.167810459702690151e+00 -1.250606909427510738e+00
6.101796591859921792e-03 -1.225363185399092059e-02 -2.628709090545530008e-02 -3.962830412643016109e-02 -5.252444897574944094e-02 -6.482318821983323875e-02 -7.638612542395958882e-02 -8.723162458561284360e-02 -9.724842417376335091e-02 -1.063848779302151437e-01 -1.144471972771532453e-01 -1.216605208259831650e-01 -1.277765787800787534e-01 -1.325951260985069324e-01 -1.362200346178763233e-01 -1.384973209621755963e-01 -1.392426295435313932e-01 -1.383124054574738637e-01 -1.357329221676772113e-01 -1.314160635911282571e-01 -1.252003726759648439e-01 -1.171579344578403958e-01 -1.072579520294902888e-01 -9.547956818617359120e-02 -8.191154592782418087e-02 -6.668962231520679518e-02 -4.999103622094105970e-02 -3.183017903490893696e-02 -1.252269801841903070e-02 4.364030453739888016e-02
-2.998449781666399222e-02 -6.288724663333904175e-02 -1.015458328125294074e-01 -1.423941380334622919e-01 -1.857446495207507042e-01 -2.315370518936484823e-01 -2.796561610577624202e-01 -3.304804327529363150e-01 -3.837513089534817512e-01 -4.396062449447648568e-01 -4.970750678409203704e-01 -5.567103109078206380e-01 -6.183173817896868707e-01 -6.810579661822652175e-01 -7.448636810641124928e-01 -8.084153704636733995e-01 -8.713062310299662938e-01 -9.338567001165665182e-01 -9.945729141571900689e-01 -1.053138162420194535e+00 -1.109840390531287246e+00 -1.163369371808073538e+00 -1.213943760939268035e+00 -1.261131148274565961e+00 -1.305359664053716173e+00 -1.346232928557273167e+00 -1.383389057874410355e+00 -1.417678601450377940e+00 -1.448835898538158196e+00 -1.498826746544235755e+00
1.072867316000230675e-03 -1.288362676648342926e-02 -2.282122439013148027e-02 -3.175349770971146873e-02 -3.980347934468971005e-02 -4.677646978514350684e-02 -5.258961375240768510e-02 -5.713814369920114378e-02 -6.039403717089876500e-02 -6.237502347227971700e-02 -6.304431675351100661e-02 -6.254719983986634091e-02 -6.083578672335424042e-02 -5.798504571392405077e-02 -5.405783613691068912e-02 -4.926268414897574943e-02 -4.354918720218668715e-02 -3.687997816470874046e-02 -2.958591736553715587e-02 -2.165113411596578108e-02 -1.303348906946203388e-02 -3.924779961501659309e-03 5.638254913234337640e-03 1.565842787369960479e-02 2.606001249224667790e-02 3.676697409891755558e-02 4.766661028761864927e-02 5.877989351972320864e-02 6.998797879049944992e-02 9.873522533316135552e-02
-6.239186910310934135e-03 -4.900673524638908193e-03 -1.008426133620429765e-02 -1.718608850205237057e-02 -2.589052612139611936e-02 -3.608860418560588118e-02 -4.764508755990368161e-02 -6.067437137442503736e-02 -7.502216022833441134e-02 -9.063433672130324914e-02 -1.071676992912155291e-01 -1.247484831607508643e-01 -1.432229405214479057e-01 -1.623029148763217577e-01 -1.818255204937378466e-01 -2.013328890429868234e-01 -2.205571473910142855e-01 -2.396619760259222076e-01 -2.581229226321224424e-01 -2.758990867470433317e-01 -2.931548687456555502e-01 -3.096485253301666241e-01 -3.255901611280954677e-01 -3.409462381546908838e-01 -3.560575873062610253e-01 -3.708083768284026194e-01 -3.852257533118698118e-01 -3.996411729656462186e-01 -4.139584606436162995e-01 -4.487887780301462182e-01
4.676259411162507484e-02 1.178319582329211829e-01 1.911068816469429221e-01 2.649440767863638357e-01 3.396413689752780241e-01 4.144332631263649702e-01 4.889673870788234789e-01 5.630176010938088282e-01 6.361492697105192162e-01 7.089802499904842570e-01 7.802983137880725728e-01 8.506819298509233906e-01 9.208603730445904523e-01 9.905187834493232035e-01 1.059474365238095794e+00 1.127619533013962894e+00 1.195033803385263216e+00 1.262105494306487108e+00 1.328859138258349892e+00 1.394844958321213468e+00 1.461265749419774940e+00 1.526467706427448112e+00 1.591374747771370890e+00 1.655520634153249793e+00 1.719341415387462213e+00 1.782506167822070164e+00 1.844108911891608305e+00 1.905391913579246310e+00 1.965341134001936663e+00 2.088592208726833821e+00
-1.928381888033799119e-04 -1.347463997033124770e-02 -2.344466416284495675e-02 -3.275559723263622020e-02 -4.148503384626180124e-02 -4.943188591557007988e-02 -5.645073657420516394e-02 -6.246660898831082886e-02 -6.740223859709328080e-02 -7.122411627587825478e-02 -7.382255499728115899e-02 -7.535716001754087789e-02 -7.568613552164402125e-02 -7.477024661036360542e-02 -7.266278164274846130e-02 -6.944593865037315683e-02 -6.499789303176319033e-02 -5.922532982024210357e-02 -5.238335634601211377e-02 -4.443635789154230104e-02 -3.532892902092182180e-02 -2.526256306916653538e-02 -1.429543264213287666e-02 -2.462085043626454153e-03 1.011673154189882476e-02 2.330482287360559346e-02 3.692948500136039591e-02 5.098141560397293631e-02 6.525296525882839926e-02 1.020169234085129550e-01
1.050999815432676621e-02 1.098354855536044436e-02 1.713656671803656661e-02 2.438194433832277519e-02 3.256098626083751835e-02 4.164587290698044952e-02 5.170368921020360858e-02 6.271274677531304964e-02 7.465676031465787177e-02 8.774413454156698711e-02 1.018024873446930628e-01 1.167817819915357158e-01 1.330881945719647741e-01 1.507660217873095232e-01 1.696575111191139518e-01 1.897493854777769218e-01 2.111886556419923511e-01 2.342660393508576855e-01 2.587948747678094907e-01 2.847111370659617946e-01 3.124863305217350784e-01 3.415256958997139325e-01 3.720695740490366221e-01 4.039746364577059268e-01 4.372907641295790127e-01 4.717343613821870507e-01 5.068862183517941489e-01 5.430809433241974293e-01 5.797439668169114269e-01 6.698876842948444654e-01
1.314699191863406141e-03 -1.203878289308736582e-02 -2.371635067746591385e-02 -3.404562899782079960e-02 -4.256650748628708347e-02 -4.862997516430022510e-02 -5.202070268737649106e-02 -5.216241618655935441e-02 -4.902501162209929597e-02 -4.283291626849146383e-02 -3.367235031838590464e-02 -2.152354491284680371e-02 -6.944841191987950052e-03 9.367199649123731861e-03 2.754367751794064428e-02 4.628914625120558735e-02 6.540126208300789390e-02 8.468310967528319688e-02 1.025831569277336486e-01 1.190752716349657292e-01 1.335353822201186813e-01 1.454731479525880056e-01 1.543787326106197122e-01 1.601006752059980776e-01 1.623962489420071598e-01 1.612083879371848660e-01 1.565318802142736387e-01 1.482810884932737883e-01 1.368154877130552671e-01 8.801395853521928880e-02
1.406310297740498948e-02 4.791400650021793856e-02 7.869023476070585721e-02 1.091077894599896819e-01 1.391840447744689124e-01 1.684210779607820951e-01 1.963245003103548381e-01 2.226356714918121538e-01 2.470275577728376359e-01 2.695695055115057137e-01 2.896931064119591670e-01 3.076143423967783175e-01 3.234002024794268015e-01 3.367759833248971102e-01 3.477756619010048955e-01 3.565398284254945871e-01 3.630038934762366276e-01 3.668701238619404559e-01 3.688767002493897329e-01 3.687241709596933981e-01 3.668772330435515761e-01 3.631752883460133141e-01 3.580650595139033832e-01 3.516803088905635644e-01 3.441933764963545639e-01 3.360280083493235037e-01 3.271847722761157540e-01 3.180311480811572333e-01 3.087664887093977684e-01 2.806262094164946874e-01
-3.269258482867600651e-03 -7.401895441309589915e-03 -1.441087808208392669e-02 -2.236110773842392430e-02 -3.102050274041846106e-02 -4.019353951743711434e-02 -4.970082348073986966e-02 -5.954367843002075084e-02 -6.957504702681485687e-02 -7.974553702536643640e-02 -8.980024760977499410e-02 -9.985953499888822193e-02 -1.097960004728579381e-01 -1.194437900354245602e-01 -1.287055318074658006e-01 -1.374123088422378458e-01 -1.453534659446313326e-01 -1.525792044718385643e-01 -1.589948583773737045e-01 -1.645612516252448476e-01 -1.694087754362476050e-01 -1.735309968409322889e-01 -1.771313618537188606e-01 -1.802428767702045909e-01 -1.831467357490837722e-01 -1.858631624933801962e-01 -1.884970305201913443e-01 -1.912586685412398513e-01 -1.941711640621848478e-01 -2.024716824708709395e-01
-4.106033926088308028e-02 -9.719247615594037160e-02 -1.602122280328325821e-01 -2.251984148965646693e-01 -2.921028536427563993e-01 -3.602639767013434691e-01 -4.292432347048521502e-01 -4.989903615591461117e-01 -5.690695880904678150e-01 -6.398986214656731120e-01 -7.101824651976584857e-01 -7.805539736246465132e-01 -8.513646528247100775e-01 -9.220556464917710748e-01 -9.924041340954554702e-01 -1.061818762779595637e+00 -1.130013817091238826e+00 -1.197498493645154483e+00 -1.263816069150429433e+00 -1.328491132522790164e+00 -1.392653245093652403e+00 -1.454868941191627130e+00 -1.515989231788422043e+00 -1.575641079761732399e+00 -1.634550205989248717e+00 -1.692357347547525315e+00 -1.748493432481696308e+00 -1.804231623799143591e+00 -1.858883561489023339e+00 -1.976266724656962515e+00
-2.925110988068127180e-02 -1.019222079091649906e-02 -1.646616912295871538e-02 -3.093966048833756907e-02 -5.293109068295299979e-02 -8.273612531156172845e-02 -1.200111024128953235e-01 -1.656840936401547948e-01 -2.192374463601368673e-01 -2.802512901596237449e-01 -3.473631755444482327e-01 -4.209338702538090726e-01 -4.999846971168989684e-01 -5.826936756348364277e-01 -6.686597749382729994e-01 -7.550191486209494318e-01 -8.407095060755861438e-01 -9.260019612118202126e-01 -1.007718634386027823e+00 -1.085582438875950517e+00 -1.159755830467247950e+00 -1.228817168677433402e+00 -1.293017799703438664e+00 -1.352215259344755616e+00 -1.407276322633921328e+00 -1.457884478164532149e+00 -1.504077644719363338e+00 -1.546995044978219935e+00 -1.586764960981172035e+00 -1.666234489106004135e+00
4.196307132775357884e-02 1.249997517413544701e-01 2.060274084726854971e-01 2.868959277995802304e-01 3.675743808692704118e-01 4.468232450685628021e-01 5.237416411219815160e-01 5.977528020591551527e-01 6.681786972979602002e-01 7.354658197872272485e-01 7.982222357732472462e-01 8.570702841550953410e-01 9.125496518382578692e-01 9.642888955078083857e-01 1.012166462080201779e+00 1.056575643428323330e+00 1.097441927853484378e+00 1.134683472152772099e+00 1.169550505580377431e+00 1.201450351844356668e+00 1.231739919946008843e+00 1.259500084674307185e+00 1.285937791724157009e+00 1.311008398772608219e+00 1.335322986779519105e+00 1.359229165021574426e+00 1.382316572501569141e+00 1.405777267809163567e+00 1.429261811384272107e+00 1.473704551550967023e+00
-2.933774100247366502e-03 -1.185535666957729037e-02 -2.101835844255261002e-02 -2.922472303729304471e-02 -3.637498845425140431e-02 -4.220039468866856880e-02 -4.687902041887881399e-02 -5.013140662575221729e-02 -5.210127815612675822e-02 -5.312489849612138382e-02 -5.335454423136719304e-02 -5.280996337734893131e-02 -5.210120937578714695e-02 -5.185541129790648129e-02 -5.196702538184003184e-02 -5.321307308342055481e-02 -5.586580976957151307e-02 -6.041685995385841224e-02 -6.740256394278038021e-02 -7.690400158293464461e-02 -8.935303869899866025e-02 -1.046299127307428328e-01 -1.229720817103185926e-01 -1.441845944994769035e-01 -1.683626069330544373e-01 -1.950968167356281480e-01 -2.240550436674621226e-01 -2.553737373826152623e-01 -2.883364710876282211e-01 -3.780296181888347373e-01
