4.852477583341070072e-02 7.737821589888113638e-02 1.076177595891682770e-01 1.381355757921016447e-01 1.757433833446544469e-01 2.115730427348437581e-01 2.515642654524299915e-01 2.855313737246951145e-01 3.230853475473742797e-01 3.612648020985135267e-01 3.926927287262818589e-01 4.260014756625968291e-01 4.572759766137200477e-01 4.827397703940040086e-01 5.100056359841022013e-01 5.304646976588829332e-01 5.471521344905271311e-01 5.610336951997905164e-01 5.702712970180412455e-01 5.740297410692138946e-01 5.730436824314595334e-01 5.716519329013645123e-01 5.649528472341680541e-01 5.567994551627030164e-01 5.438878066948895640e-01 5.331716754207067588e-01 5.181401892701000822e-01 5.034945200774730845e-01 4.877307224529610075e-01 4.464328850056917819e-01
2.885526488750852353e-02 6.046558040598922629e-02 8.670776067628530037e-02 1.128211814421133385e-01 1.417781692546918326e-01 1.670453493206077722e-01 1.941116342054645671e-01 2.161188538326357378e-01 2.383700694616149862e-01 2.585638298790492451e-01 2.739197744616007069e-01 2.885395510023673338e-01 3.016132755590403836e-01 3.104806166917795651e-01 3.200156726817032782e-01 3.242359786596165083e-01 3.273235342564095873e-01 3.282248264900395895e-01 3.272375512312443169e-01 3.238153670509474336e-01 3.175322594412468558e-01 3.116547955556888683e-01 3.038389792197508932e-01 2.956607984847975379e-01 2.848163090753215720e-01 2.761100764087650039e-01 2.656238145062868039e-01 2.550770305213013733e-01 2.444827260900241661e-01 2.159501798513940030e-01
2.103968340305982510e-03 -1.958591870217362557e-02 -3.166843413238186467e-02 -4.297372988448209391e-02 -5.275487032917409308e-02 -5.902793377574191980e-02 -6.550156331868156601e-02 -6.887357954739604937e-02 -7.057955197027090954e-02 -7.016748665374826499e-02 -6.733839144108441643e-02 -6.265967740466954483e-02 -5.706052281226901141e-02 -5.002429292777919173e-02 -4.268201237207303045e-02 -3.291124527834528302e-02 -2.298325681173939844e-02 -1.214241854206284284e-02 -6.577790256942555799e-04 1.170407518440269752e-02 2.369972215937642124e-02 3.711184222504779195e-02 5.022233052372035433e-02 6.349607926180282635e-02 7.788294314424246134e-02 9.164040950288475373e-02 1.060576784109888704e-01 1.211519275123555534e-01 1.365930818741607766e-01 1.786198694874446546e-01
1.047999987421983914e-02 1.172231011762835465e-02 1.399819871674337635e-02 1.637599681457271861e-02 1.877078210200702063e-02 2.150976536766408681e-02 2.398995129528582945e-02 2.654684874754562052e-02 2.926910969360140696e-02 3.156020726195478410e-02 3.393874322991431020e-02 3.684842048549501203e-02 3.954484709233190010e-02 4.235202295003730882e-02 4.514329215974567655e-02 4.839863443197919141e-02 5.217513145907856642e-02 5.634239515527450504e-02 6.094618805142710399e-02 6.649658240714582946e-02 7.137755573810576626e-02 7.800919396654440452e-02 8.461421272574347341e-02 9.170739879130863914e-02 9.920769530519762958e-02 1.069216099704165673e-01 1.152351559387666674e-01 1.237392621420035504e-01 1.326065030860800742e-01 1.539782435400995908e-01
1.076284639547940222e-02 2.545058914294475588e-02 3.462490557458066526e-02 4.231899801339180506e-02 5.066117514859376503e-02 5.721360889811434591e-02 6.432941873155705037e-02 6.964823322436032582e-02 7.521474215897930304e-02 7.968638782868159298e-02 8.270806246233618209e-02 8.536991144817429600e-02 8.796329908984718005e-02 8.835165659141210048e-02 8.960020748191799278e-02 8.950857377098896117e-02 8.820988618512898283e-02 8.587424971815904584e-02 8.287379266748898243e-02 7.863768033796070256e-02 7.273377723237928194e-02 6.629338014219698927e-02 5.889952048331268536e-02 4.989568988992534176e-02 3.857282958852455146e-02 2.778200618806268840e-02 1.483279146252896794e-02 5.648210679494464898e-04 -1.517483711764668931e-02 -6.419968864160788269e-02
6.751596309464329149e-02 9.908596547783113384e-02 1.336800878443570317e-01 1.670300098764902486e-01 2.065292327352489243e-01 2.486587570948338988e-01 2.934812134352330348e-01 3.370298242544738643e-01 3.835690947317992872e-01 4.345383505710065375e-01 4.841358720005122795e-01 5.387393037810955798e-01 5.927609421205338736e-01 6.465856265558473925e-01 7.032801637449174192e-01 7.592839098576016355e-01 8.148924502973310391e-01 8.732631444065191983e-01 9.284643572538842093e-01 9.813296856561385395e-01 1.032939853555341347e+00 1.088710543923690377e+00 1.136148915991443964e+00 1.184780389761003416e+00 1.230841485340325336e+00 1.274673010818618391e+00 1.313950111423092260e+00 1.353911062209819827e+00 1.390117231684776744e+00 1.455508527309313793e+00
4.565035447194683987e-02 8.728952625417565891e-02 1.229361014071335412e-01 1.579262270138230839e-01 1.964650379398395486e-01 2.320891947911741526e-01 2.697194073030641515e-01 3.023462605216024057e-01 3.353837786000620214e-01 3.675074193208814899e-01 3.948063846590281201e-01 4.228106610207762461e-01 4.488764190630804563e-01 4.714615261581063255e-01 4.952084641045281788e-01 5.142356314905873749e-01 5.324123554136928060e-01 5.496986942277550803e-01 5.645131029362366881e-01 5.768730389084997245e-01 5.866923907412018302e-01 5.981543399500706126e-01 6.057576024109829760e-01 6.136113474766631271e-01 6.185856710549018089e-01 6.246004943227794204e-01 6.278210309022850266e-01 6.312562939337484913e-01 6.335040643306932839e-01 6.289640348814210524e-01
7.855606598062368079e-04 8.604704370967983240e-04 2.568750716879003061e-03 5.177879962770421361e-03 6.749302961745003507e-03 8.927868351499227556e-03 1.000210520380631976e-02 1.200785352469960730e-02 1.312745720473381707e-02 1.324079346508394255e-02 1.453705442789921150e-02 1.595444548892232389e-02 1.707367785924894521e-02 1.955589887812744787e-02 2.119101813992503580e-02 2.415742614555115714e-02 2.906708552019090369e-02 3.513225774697597420e-02 4.286215536663699754e-02 5.304486393133905908e-02 6.332145940720194932e-02 7.684315650641589113e-02 9.140054105757758340e-02 1.075606947409736558e-01 1.261645650181660860e-01 1.445550943807616673e-01 1.653729428988316152e-01 1.871241563580235689e-01 2.102418465071417830e-01 2.703382350010630208e-01
1.335442020038241258e-02 5.790912606596195639e-03 3.716436547120192946e-03 2.229595648472531329e-03 1.322027606070556513e-03 3.199002887926538988e-03 4.772682186982821033e-03 8.624303113520317976e-03 1.328682954162086101e-02 1.948829996273335544e-02 2.764580349307089666e-02 3.760821405438786319e-02 4.813216826007934296e-02 6.017885786251235547e-02 7.252066754055601361e-02 8.714935068157053655e-02 1.025835174664013194e-01 1.196733313254121078e-01 1.372877515710084206e-01 1.562084072013295299e-01 1.749529772435461650e-01 1.963977697757558483e-01 2.167693656224534693e-01 2.380253223057724188e-01 2.603995016749544034e-01 2.817591202590713495e-01 3.035706527389880338e-01 3.259644803746544195e-01 3.481618655603850865e-01 4.010746970325275718e-01
1.071500109896824857e-02 2.087675636320454609e-02 2.799045653560809643e-02 3.422312989033857861e-02 4.086257043349229845e-02 4.677806462598859544e-02 5.309234470059889799e-02 5.860321433995375334e-02 6.431390374887357986e-02 6.962032794733299945e-02 7.405724708205657647e-02 7.880090225807032112e-02 8.362454747810048328e-02 8.711895165570442134e-02 9.139791543627177883e-02 9.542721641054015269e-02 9.863618098635228149e-02 1.016901272717206928e-01 1.043223608124799473e-01 1.064187061163374554e-01 1.074041382447064041e-01 1.088187542921376372e-01 1.090542951106976688e-01 1.084149276057811417e-01 1.062707705993530816e-01 1.043280097880091295e-01 1.007541375713915111e-01 9.643111382741734183e-02 9.098634366758752423e-02 6.958197166847444881e-02
2.207705817319893099e-02 5.974724717262060170e-02 8.719149071172567489e-02 1.141376598325354735e-01 1.385354087834629877e-01 1.596826740498123176e-01 1.791704488520846905e-01 1.963532546803268830e-01 2.103698669680174327e-01 2.204350117737380599e-01 2.295451997180154302e-01 2.375988781302177388e-01 2.441553301298075018e-01 2.512080756257645819e-01 2.575208467783515753e-01 2.633008551477277193e-01 2.724755405667772523e-01 2.832132457105931422e-01 2.955776460701606823e-01 3.107872687074791362e-01 3.270570960276598105e-01 3.480127908455528107e-01 3.694647360763996247e-01 3.938192014921219064e-01 4.200976215520785817e-01 4.464607656046745143e-01 4.746290617676119927e-01 5.036434718809397193e-01 5.333812621762362705e-01 5.989409268600781600e-01
-1.711276260620700831e-02 -5.135027749413927090e-02 -7.869204056326643826e-02 -1.076191161676084140e-01 -1.376299490897394395e-01 -1.614006455350055214e-01 -1.864570621924964144e-01 -2.045929316887433735e-01 -2.209065840504081946e-01 -2.327584026063445055e-01 -2.381647250485892653e-01 -2.406502145341962717e-01 -2.397854324945956905e-01 -2.350404957195939559e-01 -2.288384719851534466e-01 -2.150330440176510260e-01 -2.009262505507319052e-01 -1.837730780996102431e-01 -1.647044464316425039e-01 -1.437530432532533042e-01 -1.216122232746465887e-01 -9.865110907204954760e-02 -7.649860025369784045e-02 -5.582870537544898371e-02 -3.442399157336432924e-02 -1.666410348222128676e-02 7.715240394906303784e-05 1.523992125048072126e-02 2.745508202584384660e-02 4.166119550737487631e-02
2.559168075361479069e-02 3.933952566086367647e-02 5.426656511150584894e-02 6.874991185708254071e-02 8.768010096066579384e-02 1.066808628942664261e-01 1.283322863789526924e-01 1.477370490390162994e-01 1.694150209361773018e-01 1.928699070816259353e-01 2.135648012395548745e-01 2.360181916538662272e-01 2.579020415948800604e-01 2.768526677662462854e-01 2.975461802730155481e-01 3.154293504628975509e-01 3.307678350270074064e-01 3.449169552350587198e-01 3.562477512935745549e-01 3.642242680600327187e-01 3.689701514012933559e-01 3.734399529605231249e-01 3.738483076079260337e-01 3.725834499124596189e-01 3.677941706276252609e-01 3.633479003148056274e-01 3.552452083822047468e-01 3.466035949806137717e-01 3.359594961290620074e-01 3.008270309293498146e-01
1.224703059909233900e-02 -5.521373698498559766e-03 -1.408344765127132400e-02 -2.294575896446852947e-02 -2.890248858503646767e-02 -3.043403171412220609e-02 -3.105255931101268824e-02 -2.866336129290465717e-02 -2.340665545036642314e-02 -1.412170703407805879e-02 -2.543195290644963656e-03 1.223441467575565184e-02 2.821018412718472729e-02 4.536500035538243436e-02 6.397309922424951334e-02 8.517730811835072524e-02 1.054640594650542440e-01 1.271261492301939966e-01 1.481884225882987571e-01 1.688029920041785037e-01 1.882830084251352343e-01 2.089391880582511796e-01 2.266919393057480470e-01 2.437265906446992036e-01 2.601383337246664929e-01 2.748369126030058007e-01 2.880303848056159910e-01 3.010108184016813682e-01 3.123338138410567955e-01 3.340482774332424465e-01
-3.929618540567471167e-03 -2.324722217044833047e-02 -3.541635040391419992e-02 -4.649927704826552904e-02 -5.761108476704643322e-02 -6.590566056417310192e-02 -7.496037591703430536e-02 -8.114864930121286346e-02 -8.662563963155578417e-02 -9.119548365483734487e-02 -9.363012716297344773e-02 -9.498769802038997678e-02 -9.562688798273946689e-02 -9.498534959889479157e-02 -9.466321444278009978e-02 -9.187912899454860061e-02 -8.853035666180143759e-02 -8.463953053555714479e-02 -7.942738180337460818e-02 -7.274076292335904248e-02 -6.610673572287112387e-02 -5.795490240730132026e-02 -4.868277667793886876e-02 -3.908349506660921402e-02 -2.740611500757067498e-02 -1.623349970642563866e-02 -3.107195299403828215e-03 1.080012205430494129e-02 2.573895091072704241e-02 6.849916063208838501e-02
3.282013689184079541e-02 5.456196229034310230e-02 7.438912931384900062e-02 9.341714191981011217e-02 1.149319147317296175e-01 1.362319507282334086e-01 1.587058134019237454e-01 1.794347827616696867e-01 2.009720860432607503e-01 2.234489375381812637e-01 2.444149807974134170e-01 2.672269245451842634e-01 2.891958814406493938e-01 3.104813637097675327e-01 3.329248217968680534e-01 3.542441015486113010e-01 3.756165567665220584e-01 3.976446757726893599e-01 4.185243499835011316e-01 4.385144185565939545e-01 4.573896851218237636e-01 4.783968078740159502e-01 4.962597640115648523e-01 5.145002756011639589e-01 5.314105448259454079e-01 5.478939498321594437e-01 5.626665890117549251e-01 5.773737684105153534e-01 5.907213296607731756e-01 6.112436862874324195e-01
-1.388742054603125595e-02 -4.063230514934808996e-02 -6.081611145008895131e-02 -7.928666552302710002e-02 -9.898032131865110161e-02 -1.176533949293795539e-01 -1.373285389666647205e-01 -1.553176251941197350e-01 -1.732630460734787825e-01 -1.924005409166278380e-01 -2.104043800563336897e-01 -2.293810200782699371e-01 -2.481557714084967059e-01 -2.667933505953400397e-01 -2.868073725917731354e-01 -3.057456600344517494e-01 -3.246637438672282938e-01 -3.449658159583736117e-01 -3.635233382564279636e-01 -3.804971650788931403e-01 -3.981823465216556834e-01 -4.160234834713338881e-01 -4.299463667306631098e-01 -4.441898011321484541e-01 -4.561961010047129728e-01 -4.667580310447385639e-01 -4.738987171930195696e-01 -4.805186894999627922e-01 -4.842087458696693325e-01 -4.753553920753975648e-01
8.868768004585282638e-03 2.160108916452754477e-02 3.048437709153285075e-02 3.945080690202126816e-02 4.826838074116239496e-02 5.538040249096355672e-02 6.261067866378261515e-02 6.792784196268712715e-02 7.285156210815171840e-02 7.602907448942232416e-02 7.725940108442597154e-02 7.804565394110035692e-02 7.785031843667511442e-02 7.599360693757159502e-02 7.388883202951472551e-02 7.037265697081003524e-02 6.634833760514122214e-02 6.134720258920824815e-02 5.603148947682611708e-02 5.044909470531473011e-02 4.345058944671882639e-02 3.692761867556042243e-02 3.071315908199996267e-02 2.400000017535541125e-02 1.650070678737012436e-02 1.018533893129264754e-02 3.701666895133411128e-03 -3.062291488462128355e-03 -9.623200208633997388e-03 -2.681257221383123029e-02
-3.106360988363224968e-02 -4.850027124509409537e-02 -6.555488879673124214e-02 -8.208900459887898127e-02 -1.001429693408021071e-01 -1.187418410122896700e-01 -1.378692613278567902e-01 -1.566671778980932017e-01 -1.754310470771842934e-01 -1.958781982649437647e-01 -2.164220297494611200e-01 -2.384916548856672591e-01 -2.602092287504912949e-01 -2.833903283918506877e-01 -3.074638403402696341e-01 -3.313025946637790931e-01 -3.564564000643854480e-01 -3.840178401792998519e-01 -4.106626229782265880e-01 -4.371851924522189847e-01 -4.652881261925462808e-01 -4.955090161092263745e-01 -5.224804353937662071e-01 -5.517147879163866175e-01 -5.811087468379670939e-01 -6.090218426892781700e-01 -6.359384667186860352e-01 -6.639117125737061809e-01 -6.908738486559300451e-01 -7.498671405237294918e-01
3.953686681178857076e-02 7.823692688830652386e-02 1.115149303188559121e-01 1.444644841241171651e-01 1.836196558065973372e-01 2.180565262079771083e-01 2.568275712147896073e-01 2.875082710078001313e-01 3.207068938286059545e-01 3.523955438345616198e-01 3.756790756084356087e-01 3.986065627675208223e-01 4.193221655527017422e-01 4.320581798727265443e-01 4.465035710649439271e-01 4.519638303214969510e-01 4.526380190435084772e-01 4.487329935535975811e-01 4.398041750291528107e-01 4.244866802545403939e-01 4.033852484263369953e-01 3.799688561249076058e-01 3.520877167783114658e-01 3.214628805499213926e-01 2.843833457426759304e-01 2.507825563137803249e-01 2.121221454033106746e-01 1.725232966520660605e-01 1.316639018486759904e-01 2.701562397561939333e-02
7.320561905831092508e-02 1.087644207208861014e-01 1.486675072763423699e-01 1.883448426155965028e-01 2.356129231681822755e-01 2.844131146807169497e-01 3.364444669540349042e-01 3.860522141572247379e-01 4.382718398837427420e-01 4.941333496778832490e-01 5.469921249971028132e-01 6.040717262502637297e-01 6.597001592725104668e-01 7.136599629989575089e-01 7.700890894140225429e-01 8.232840283449669450e-01 8.756554765401389773e-01 9.294932176069001795e-01 9.791773647916821588e-01 1.025806674903055882e+00 1.070131921507568862e+00 1.118618719412612261e+00 1.158839127095037780e+00 1.200854869362960153e+00 1.240093986784606361e+00 1.278639695543683619e+00 1.313308188498661266e+00 1.349545290347343496e+00 1.383391584872616153e+00 1.452582072744193820e+00
-4.325741417612496802e-04 6.454266418411124494e-03 1.026231442760664782e-02 1.527059102976435767e-02 1.877646084293840834e-02 1.951392386537274815e-02 1.935754160647423089e-02 1.731222711538772663e-02 1.355200690581245294e-02 6.120485222402854975e-03 -3.124068372479393927e-03 -1.448719960547044730e-02 -2.711040060668042095e-02 -4.115782231385697876e-02 -5.679879926620674813e-02 -7.426658609230299413e-02 -9.098566201996156899e-02 -1.094619598280935913e-01 -1.267579175437812955e-01 -1.427940277289128368e-01 -1.598885527147251295e-01 -1.760898327137343233e-01 -1.892042112526718389e-01 -2.017488414121025309e-01 -2.129643785037374226e-01 -2.219244122314552314e-01 -2.281671720017414695e-01 -2.338661352337237098e-01 -2.368936846196260104e-01 -2.332684452762030236e-01
1.165269360282447791e-01 1.879787259707405567e-01 2.596679504249784776e-01 3.310635485088790353e-01 4.124696735557532579e-01 4.934389816168522902e-01 5.793273036600696813e-01 6.580786562063009049e-01 7.400917017092052408e-01 8.254534051787184579e-01 9.038399935432125387e-01 9.875290362241655462e-01 1.067951659533159514e+00 1.145123260315812797e+00 1.225356736420668780e+00 1.298875409882906728e+00 1.371912868319035139e+00 1.446525182439619694e+00 1.515055667165703612e+00 1.578688619586342101e+00 1.639536241595925592e+00 1.706295606167057777e+00 1.761357181328282451e+00 1.819336827078169794e+00 1.873099787174174580e+00 1.926473420999057939e+00 1.974164894002829573e+00 2.024098831890788208e+00 2.070754526398332906e+00 2.163552963932956708e+00
6.771283285958559772e-02 1.134655458964488745e-01 1.571339221936986497e-01 2.003164724638220318e-01 2.485500126678154564e-01 2.960363319922478809e-01 3.455476527009663235e-01 3.914976290419219795e-01 4.384168422603036963e-01 4.862747449538654676e-01 5.309531487918998094e-01 5.783563287684788667e-01 6.238941656535234026e-01 6.681342343468482659e-01 7.139273965785771781e-01 7.565151834522365615e-01 7.997261649288576191e-01 8.445924701522216083e-01 8.867327103470781235e-01 9.273400708364961664e-01 9.665259200321835165e-01 1.010448885227959392e+00 1.047987524263346515e+00 1.087837358945687560e+00 1.125966589545412733e+00 1.163658754438224863e+00 1.198770436157226893e+00 1.235195460721546734e+00 1.269945413247447696e+00 1.340586792534634641e+00
-1.016726658957547817e-02 -2.387263706744227609e-02 -3.507089829277981741e-02 -4.602718562575125461e-02 -5.770267705006671549e-02 -6.878627274926263357e-02 -8.058082104930011647e-02 -9.108800291335322763e-02 -1.015538632877702047e-01 -1.122812577848510684e-01 -1.222477619094500811e-01 -1.322795227368442350e-01 -1.419658673088439460e-01 -1.514595471766964629e-01 -1.614408360668233566e-01 -1.698847453425530729e-01 -1.785841653614830271e-01 -1.876170602495967343e-01 -1.956746027767382601e-01 -2.025687735275331636e-01 -2.101945019164266348e-01 -2.177530877798490860e-01 -2.236917668222397348e-01 -2.302981026748688598e-01 -2.365050569711299455e-01 -2.422071514954869664e-01 -2.468973610767869475e-01 -2.520307808106880820e-01 -2.564989243252945306e-01 -2.632932954983213114e-01
3.815308116759850987e-02 7.187390552631919838e-02 1.008204916421193004e-01 1.282881142009000552e-01 1.599345467381209918e-01 1.896668900789875989e-01 2.219551933697813395e-01 2.499079253502427822e-01 2.794129192961485320e-01 3.095118865364455685e-01 3.354498610723551377e-01 3.628532177794149272e-01 3.889252479990891742e-01 4.116243618005214766e-01 4.362315648393016443e-01 4.567725061374058870e-01 4.755834233236312381e-01 4.933500924172987134e-01 5.082726297649624581e-01 5.198573463545669293e-01 5.285538128004847458e-01 5.378954889422998820e-01 5.425341078719069232e-01 5.462795274448093430e-01 5.460982525302213730e-01 5.464291351208054870e-01 5.427483867934227435e-01 5.383492848565755162e-01 5.315814084576284682e-01 4.995433655203359580e-01
-2.455633102863283637e-02 -4.790195813999577334e-02 -6.773517134327206035e-02 -8.667522487976678236e-02 -1.073294420039031388e-01 -1.271191095388846670e-01 -1.480440984289766726e-01 -1.671367720311608962e-01 -1.862012550220633056e-01 -2.062957058856650094e-01 -2.250171760658347675e-01 -2.445272041006545383e-01 -2.634417994703388555e-01 -2.822720792884764740e-01 -3.021308655554589828e-01 -3.201791562169846728e-01 -3.385056178332895294e-01 -3.579908991178419875e-01 -3.757983526003584318e-01 -3.922417034792017310e-01 -4.093247949530768315e-01 -4.271899565814073485e-01 -4.416315011589966311e-01 -4.573128255312115531e-01 -4.716945002558947664e-01 -4.853007882625997027e-01 -4.969233352878185683e-01 -5.088278298843554870e-01 -5.193104817113426419e-01 -5.357725599638687441e-01
-8.021727812618719908e-03 -3.042674090303438064e-02 -4.744594418718341144e-02 -6.429905542870337221e-02 -7.870464537255283943e-02 -9.244636183831207721e-02 -1.044868200826183924e-01 -1.168872577295688026e-01 -1.265688890897365970e-01 -1.352480960726153980e-01 -1.454205857747910557e-01 -1.555956764729146125e-01 -1.652197145561922487e-01 -1.781219099940130057e-01 -1.905907695986073236e-01 -2.045625944049358491e-01 -2.223443801428950373e-01 -2.437753839827703772e-01 -2.665397486601590038e-01 -2.923149975162211422e-01 -3.215252545246994886e-01 -3.547116451967490258e-01 -3.873433830520518484e-01 -4.238921422271073602e-01 -4.632475987436107112e-01 -5.008243669333803938e-01 -5.401029771905124788e-01 -5.808000001208891705e-01 -6.216121993698816572e-01 -7.157407499711796461e-01
7.273731955582774661e-03 3.525100406788483909e-02 4.902924882316721245e-02 6.058871092312817508e-02 7.022478487898284327e-02 7.561502377081326387e-02 8.090118235983179140e-02 8.259893820823434318e-02 8.317607847773014762e-02 8.062927186022687820e-02 7.576402284164379664e-02 6.926746351063850504e-02 6.236659856359177273e-02 5.309450101686516432e-02 4.435919054750106505e-02 3.398123114668286093e-02 2.311749493301123309e-02 1.110214703958246028e-02 -7.925941894192101156e-04 -1.334412503182878275e-02 -2.709888146888794064e-02 -4.176412708617076308e-02 -5.630677371726557079e-02 -7.275378075722274684e-02 -9.209806975165991949e-02 -1.106678151098759999e-01 -1.315801239082690643e-01 -1.549602581812861424e-01 -1.802312540043430888e-01 -2.591013018276231428e-01
2.930035690906927434e-02 5.404876806573639947e-02 7.553638961855996259e-02 9.591342929778656767e-02 1.188392687671740999e-01 1.408185731041143307e-01 1.637542123417629336e-01 1.848274094943554435e-01 2.062285043249037220e-01 2.279969256089509622e-01 2.481165219148020740e-01 2.694133566863559093e-01 2.900208742799906814e-01 3.094511653900638426e-01 3.299909488786680334e-01 3.490671877958927416e-01 3.680226605748685431e-01 3.875154234141854337e-01 4.058045965098325270e-01 4.232248412309543850e-01 4.392700045366584316e-01 4.573536221345039232e-01 4.722372353516532950e-01 4.873048329815727331e-01 5.006612920375814735e-01 5.137832703477599461e-01 5.248562166584556099e-01 5.357285953605470663e-01 5.450442453519991348e-01 5.557101264226782522e-01
-2.420128807812559762e-02 -4.440662076426575566e-02 -6.301103832485462075e-02 -8.084614316827362646e-02 -1.006189679921627028e-01 -1.202315366186992723e-01 -1.407880817869929801e-01 -1.603407795521166468e-01 -1.798456042610613870e-01 -2.009759135451315570e-01 -2.215040231250227920e-01 -2.433372710346787815e-01 -2.646249133369334983e-01 -2.867251766313515526e-01 -3.097937415776664261e-01 -3.318563559383716499e-01 -3.546823910596806351e-01 -3.792937647086987440e-01 -4.024483163263551933e-01 -4.247580780525000987e-01 -4.481433040423872805e-01 -4.728747469035810558e-01 -4.940959362610761185e-01 -5.169862175514705616e-01 -5.391218726756392687e-01 -5.600603125854024533e-01 -5.793731370965690131e-01 -5.993445568777000521e-01 -6.179055464815719212e-01 -6.551097598798292232e-01
-4.221189704389320674e-02 -8.213233247308805718e-02 -1.156551232244297234e-01 -1.479851178875891127e-01 -1.841936221289985909e-01 -2.178451329306419770e-01 -2.540418632142433242e-01 -2.856955166566393367e-01 -3.179100105599976800e-01 -3.508565789808835156e-01 -3.796641585137900954e-01 -4.093681744778527309e-01 -4.374561662662003192e-01 -4.630924561693854358e-01 -4.903581506077859253e-01 -5.128175564197872127e-01 -5.341255839070845335e-01 -5.553195709380853717e-01 -5.729703109223895918e-01 -5.870265277963868655e-01 -6.001088474372151538e-01 -6.131102920847678606e-01 -6.208905131756214946e-01 -6.291019768753932651e-01 -6.338705705600456985e-01 -6.386546065938276673e-01 -6.393710405795856033e-01 -6.403061123530235932e-01 -6.390161847893541802e-01 -6.235242283194269985e-01
1.636053827973870875e-02 4.992054167214238919e-02 7.516233422881272996e-02 1.010696141956403393e-01 1.273376981112993023e-01 1.477981869725131792e-01 1.690804119449790532e-01 1.843057793100414399e-01 1.975625745660506416e-01 2.059913601671047312e-01 2.089684955455973769e-01 2.091967495672926169e-01 2.067661037829675863e-01 2.001826955686860643e-01 1.924485385933696613e-01 1.788331465983746815e-01 1.650011816421571020e-01 1.481267637864169817e-01 1.304454023703637278e-01 1.119389281871692454e-01 9.091578184968736320e-02 7.033487489387683922e-02 5.098217743930658075e-02 3.190227022562241999e-02 1.171152664243573643e-02 -4.927818694276076342e-03 -2.089948291413485856e-02 -3.646722863525231340e-02 -4.992067427894253395e-02 -7.601792866471664134e-02
4.455544161503927070e-02 7.053223487708301653e-02 9.652017475542332137e-02 1.220241445139595704e-01 1.506505263442602383e-01 1.796482284353182468e-01 2.097797708058307953e-01 2.387130605075465928e-01 2.682278434424573144e-01 2.988634660462146098e-01 3.287074278948559081e-01 3.607742262550106549e-01 3.920636787358944275e-01 4.233602006474821988e-01 4.560012601010055011e-01 4.876972059486460731e-01 5.203606010646262270e-01 5.549017405263910740e-01 5.883261751922828076e-01 6.215725765352773102e-01 6.539969780135577171e-01 6.905909091641003750e-01 7.228885027161776611e-01 7.569640042489949039e-01 7.906095099134859971e-01 8.232867705456619056e-01 8.546256423051475926e-01 8.868708505210410875e-01 9.178670032536502266e-01 9.824437984177386562e-01
2.722808807544599072e-02 4.438084088123075976e-02 5.975187465604302195e-02 7.482003076891859117e-02 9.148295702448204503e-02 1.074135008670780711e-01 1.240354071804543323e-01 1.387890461181583990e-01 1.542654565848766701e-01 1.693340001572510578e-01 1.826404279628558169e-01 1.969629594920615234e-01 2.104763955451507684e-01 2.227565474716768912e-01 2.358044671786065083e-01 2.475198685723681291e-01 2.590508704282225572e-01 2.706416435082034666e-01 2.815249113167216377e-01 2.917475045624843277e-01 3.006349526108024750e-01 3.112613033879479407e-01 3.199806565742073783e-01 3.288821293262289558e-01 3.368410212562440442e-01 3.449778849457247332e-01 3.520950783530943928e-01 3.592735264104087722e-01 3.658661094175094108e-01 3.757169002619443199e-01
-4.616500912715733318e-02 -7.690355384551310347e-02 -1.072404115179193679e-01 -1.372069136035589110e-01 -1.706257629036046497e-01 -2.040982051110761253e-01 -2.390202145086625929e-01 -2.720438077848335579e-01 -3.057096951272836871e-01 -3.412082643138998339e-01 -3.752827328085057701e-01 -4.115054280141596799e-01 -4.467542487603112233e-01 -4.824821511553920028e-01 -5.195725741898709060e-01 -5.545667941841286863e-01 -5.907336132665129691e-01 -6.292899289213874647e-01 -6.657643912408028886e-01 -7.010559032645534705e-01 -7.370311101276066923e-01 -7.761573916817612329e-01 -8.099551476455955079e-01 -8.466050395260226180e-01 -8.827420771441482072e-01 -9.174421009184444697e-01 -9.502139364457686810e-01 -9.846489373945288559e-01 -1.017607164203359948e+00 -1.089696419075313560e+00
3.261319452608225575e-03 -1.477124761230831120e-02 -2.689914968185559349e-02 -3.811342628363580814e-02 -5.019354859081796849e-02 -6.015059251540241791e-02 -7.131372256574984581e-02 -7.968842228760061874e-02 -8.831555697849136077e-02 -9.674480445250857596e-02 -1.026562234292340003e-01 -1.083112206190311871e-01 -1.134070568624548497e-01 -1.167744631321521176e-01 -1.209164715151860303e-01 -1.225403262213790589e-01 -1.229186945066128023e-01 -1.226566336066915730e-01 -1.207127963945681393e-01 -1.164940496568466766e-01 -1.119296833778887224e-01 -1.057442605762092536e-01 -9.761746175175084472e-02 -8.871824695722860254e-02 -7.756876189461275883e-02 -6.644692942864446894e-02 -5.278677332010506956e-02 -3.848254967612700639e-02 -2.262833575605184555e-02 2.410412852303316436e-02
-5.722218077469133635e-02 -8.995876880593688119e-02 -1.242400228280730323e-01 -1.570065472888814151e-01 -1.962339827653674651e-01 -2.369306098895143931e-01 -2.808639788968814166e-01 -3.229949399718136105e-01 -3.675298419317317156e-01 -4.169385170986891209e-01 -4.646282866612945206e-01 -5.164972935846494639e-01 -5.676518143614626144e-01 -6.187640371802791694e-01 -6.728496638434245947e-01 -7.244526899812543386e-01 -7.755715767055474386e-01 -8.292564719987971511e-01 -8.790202357204304207e-01 -9.252173401987018320e-01 -9.711146793840158553e-01 -1.019159863603638305e+00 -1.058645367626618761e+00 -1.099563764576447777e+00 -1.137488568249924725e+00 -1.172966375613765377e+00 -1.203139909932901208e+00 -1.234415256590434717e+00 -1.261850540220058381e+00 -1.309345908047110596e+00
1.367524994035488640e-03 -1.125330694431549323e-02 -1.880913686488900477e-02 -2.591122159970880162e-02 -3.247109235438433439e-02 -3.709576006129088055e-02 -4.198319244252894655e-02 -4.509945088477547437e-02 -4.731893894206443130e-02 -4.856915641235245301e-02 -4.843741337070926745e-02 -4.721121750711468334e-02 -4.542868948302301868e-02 -4.290601413098968364e-02 -4.022776185076639560e-02 -3.577658512689031733e-02 -3.116465394631700442e-02 -2.609485965533820534e-02 -2.024763468373856970e-02 -1.352226042977825934e-02 -7.268174197018903437e-03 1.701119113688559503e-04 7.825433500586747096e-03 1.542687481038615416e-02 2.390176027708024523e-02 3.198375749184749484e-02 4.096666033510253102e-02 5.003349118390401640e-02 5.944543006577712729e-02 8.421685700852238332e-02
-1.017091469497382120e-02 -1.188847970425111963e-02 -1.770499134599749780e-02 -2.394734574887821821e-02 -3.253865493655925395e-02 -4.235917047805479174e-02 -5.321663182441632722e-02 -6.416453790427924242e-02 -7.603816705984259294e-02 -9.013970075734190068e-02 -1.040620163098499307e-01 -1.192776981847652323e-01 -1.344422488342530420e-01 -1.502023968307813484e-01 -1.665897157046946353e-01 -1.821640748914993280e-01 -1.978798675495911374e-01 -2.144574427462425104e-01 -2.298817475758060946e-01 -2.441854361879882973e-01 -2.591020169602020196e-01 -2.743882393793832808e-01 -2.873810543494708103e-01 -3.014002871258487093e-01 -3.154703426956588230e-01 -3.286588241943161903e-01 -3.410815276133907226e-01 -3.545926295349223767e-01 -3.676801019645061785e-01 -4.008746817548379249e-01
8.949562123423809856e-02 1.511423508859113529e-01 2.095622725289441879e-01 2.676032682236688665e-01 3.315633909845475125e-01 3.945227933285491151e-01 4.600756782499942910e-01 5.206594396496935229e-01 5.820168412065426233e-01 6.446941891367238275e-01 7.030260359246266466e-01 7.648262229922829780e-01 8.239171183758166039e-01 8.818006695585360877e-01 9.415622373222932717e-01 9.969470080466915629e-01 1.053847128666190347e+00 1.113038290782066619e+00 1.169023727766080434e+00 1.223253693845400392e+00 1.276187525855742244e+00 1.335562082975000786e+00 1.386866235697675975e+00 1.441878094341193961e+00 1.495243763722951424e+00 1.547898090658748060e+00 1.597599667671606660e+00 1.649415916652708480e+00 1.699315193310144023e+00 1.804345585419973697e+00
-6.885857916687520598e-04 -1.309369816849337460e-02 -2.124384326323671551e-02 -2.914910159133220213e-02 -3.723235270931676832e-02 -4.337735015996028315e-02 -5.028531581598082167e-02 -5.471985098684709059e-02 -5.904179360578430680e-02 -6.259073466426173793e-02 -6.415569292927912615e-02 -6.492645689062864767e-02 -6.508015337702041658e-02 -6.404446627276985660e-02 -6.311431512391192655e-02 -5.983744024845577547e-02 -5.599562938379989974e-02 -5.156844963061980869e-02 -4.598416106704891759e-02 -3.911028060883130208e-02 -3.224533678318103336e-02 -2.406578114283985589e-02 -1.518756527778863767e-02 -6.262251387459122007e-03 3.934559083246577833e-03 1.365552377463123343e-02 2.427111633096459831e-02 3.521472690123386706e-02 4.642248889226231745e-02 7.516623715076049816e-02
2.008201122398906718e-02 1.978210089435059049e-02 2.474888604602392544e-02 3.034463712039965275e-02 3.743319091665254367e-02 4.649236795461361704e-02 5.548148751770246023e-02 6.559738319973847098e-02 7.643103167552148247e-02 8.843560585584006595e-02 1.014141018207517231e-01 1.162694506497342767e-01 1.309711007807558003e-01 1.469777807452863072e-01 1.631360477874982118e-01 1.803860592729526757e-01 1.990407027167931664e-01 2.191224249198862051e-01 2.396835095065418531e-01 2.615066531520043314e-01 2.831717644754226937e-01 3.083961473173643664e-01 3.323976729191923662e-01 3.581157189284867592e-01 3.855337367869859921e-01 4.122777548386288293e-01 4.402451749937243974e-01 4.694799614946836286e-01 4.992187552634869130e-01 5.732122868079041478e-01
6.388735143799055549e-03 -2.715918905448569745e-03 -8.820991601013860456e-03 -1.672059065832440933e-02 -2.209865734998460451e-02 -2.444990981941361913e-02 -2.555884841325815893e-02 -2.479123332845788868e-02 -2.086397086825125466e-02 -1.345508661931239455e-02 -4.563210210955889745e-03 7.070671145351411190e-03 2.041279887137749730e-02 3.331787572474905618e-02 4.855126652104189283e-02 6.596178787058495918e-02 8.101904242216489971e-02 9.668810770315593162e-02 1.111256125118733340e-01 1.236003121112492914e-01 1.344480496292382310e-01 1.446256739258551527e-01 1.512649258558181886e-01 1.551436944244574401e-01 1.560940558686335633e-01 1.553056198735300875e-01 1.504996683278876923e-01 1.438708960108116552e-01 1.335247798874570346e-01 9.012822937322384487e-02
2.700819768244106661e-02 5.599624429549671101e-02 8.018141423627797582e-02 1.040539448356478103e-01 1.305386613309668931e-01 1.541126991525935130e-01 1.793764244510978600e-01 2.000183185829977339e-01 2.214356126895873078e-01 2.412363006988516023e-01 2.566588793362903909e-01 2.721706776791554816e-01 2.860430733725128349e-01 2.963694009723088496e-01 3.074384492729697604e-01 3.142387912549122753e-01 3.197608329941384886e-01 3.236378461774027659e-01 3.256539778767680304e-01 3.254837618111406927e-01 3.226253393729560659e-01 3.202822154224927442e-01 3.157452979146091465e-01 3.106968921395384942e-01 3.032032984756332095e-01 2.971928962665740248e-01 2.892812851929938422e-01 2.812375352897354963e-01 2.727362584132535517e-01 2.466012351842838957e-01
-6.971267389964323595e-03 -1.174294304528805850e-02 -1.782134058998885093e-02 -2.410545841576100523e-02 -3.190790947773197717e-02 -3.966638223513709732e-02 -4.834049885956130665e-02 -5.609323245474817643e-02 -6.425221691367036247e-02 -7.333559808816553227e-02 -8.152497116196860683e-02 -9.013593569660557914e-02 -9.817554284579586843e-02 -1.061268475338545680e-01 -1.144120308919604340e-01 -1.211209698449836475e-01 -1.276848417016062665e-01 -1.343171120964642418e-01 -1.397970432336794189e-01 -1.441471667958265090e-01 -1.487897390261087582e-01 -1.531521936338663126e-01 -1.561141293947131692e-01 -1.598161925801013239e-01 -1.632426264174664798e-01 -1.665868154918692667e-01 -1.694242158079756200e-01 -1.729797484806661623e-01 -1.765635028203012824e-01 -1.872111178498347961e-01
-7.732752894373307040e-02 -1.282219979914668573e-01 -1.799702829357085476e-01 -2.315766878834821796e-01 -2.904394192874660274e-01 -3.489214706285497791e-01 -4.107224618464316301e-01 -4.683268677232952926e-01 -5.276131398056904676e-01 -5.900393573978637285e-01 -6.484306819595991866e-01 -7.106769157080869981e-01 -7.706011501688282417e-01 -8.299483081259690920e-01 -8.914814686929369847e-01 -9.480262008892427206e-01 -1.005434613871716953e+00 -1.065555735734148524e+00 -1.121556025109090360e+00 -1.174624822201583596e+00 -1.227098589551628205e+00 -1.284434099120111972e+00 -1.332808805152279064e+00 -1.385219307275792122e+00 -1.436006335980214210e+00 -1.485352111522308949e+00 -1.531279727586756234e+00 -1.580063603071846678e+00 -1.626973175244859071e+00 -1.731509169765983902e+00
-5.546007237352051228e-02 -5.009286602468822347e-02 -6.246364829197147833e-02 -7.451469650691291968e-02 -9.729601324945219565e-02 -1.275949636275262589e-01 -1.624546569122553019e-01 -2.001864469973377858e-01 -2.444437917312859143e-01 -2.992486989542234577e-01 -3.549825118561507620e-01 -4.184483023013831904e-01 -4.831491340147354707e-01 -5.488783188619578146e-01 -6.191972768531393001e-01 -6.897046708761294109e-01 -7.575077450061663553e-01 -8.287618889670815836e-01 -8.949171055637586969e-01 -9.559914533169959761e-01 -1.015699975196369120e+00 -1.077241913957195152e+00 -1.127186009515553256e+00 -1.177668388897230578e+00 -1.225000380735026262e+00 -1.268037406659520583e+00 -1.304796061130255147e+00 -1.343054097758121568e+00 -1.376605834905462178e+00 -1.445696512905111808e+00
8.115445573429982962e-02 1.514494953313463566e-01 2.141132691953058775e-01 2.766131092072771080e-01 3.450474694797389108e-01 4.088156909602431721e-01 4.756979624209822233e-01 5.341077183993285793e-01 5.932444545091239974e-01 6.502689809811043054e-01 6.995778003617905139e-01 7.500465908150494299e-01 7.969177117952430667e-01 8.388771106575152459e-01 8.822551743480500086e-01 9.176232850812564568e-01 9.525074393908598003e-01 9.869082549288619166e-01 1.017122464553546601e+00 1.044054846171236228e+00 1.067793164521178451e+00 1.095791128159905981e+00 1.117106366406678930e+00 1.140751645524100244e+00 1.161101462653992389e+00 1.183266190538492468e+00 1.202425985489566918e+00 1.223049482572740043e+00 1.242910182963827381e+00 1.281673742377576808e+00
-4.457715727326470867e-03 -1.219575082468929081e-02 -1.848515111425734492e-02 -2.585788653886811686e-02 -3.100302450804339610e-02 -3.577225418132853885e-02 -3.888718021842147571e-02 -4.263882734934285740e-02 -4.376364486043293756e-02 -4.372769944331444947e-02 -4.473025058257584785e-02 -4.474935233531867479e-02 -4.405054604074567365e-02 -4.580662653531911155e-02 -4.600606657460006021e-02 -4.665841730060023285e-02 -5.049950267619322114e-02 -5.584232847726565419e-02 -6.254564422173369831e-02 -7.164758311459781814e-02 -8.345703642731380767e-02 -9.754016253952565996e-02 -1.131819424130107721e-01 -1.320648414994031183e-01 -1.542215066288800673e-01 -1.761120659332289784e-01 -2.007935643423496563e-01 -2.276160617601115099e-01 -2.561956927040242582e-01 -3.338634514474199122e-01
