7.883343347307070204e-02 9.506465279134941604e-02 1.138647377486776413e-01 1.338524630041162955e-01 1.546980004975387069e-01 1.760320717687164915e-01 1.976788806637199136e-01 2.191487251644113066e-01 2.403287548766534776e-01 2.610522462112929154e-01 2.807147699577416389e-01 2.992910129462087454e-01 3.164022951527087346e-01 3.319651746701649531e-01 3.455707074493113429e-01 3.570580027260330525e-01 3.663392862528457861e-01 3.732532399248671973e-01 3.779178007788110971e-01 3.801479379894812105e-01 3.803385613325788173e-01 3.784153557604099660e-01 3.748173040824295255e-01 3.696089869284788221e-01 3.630434786693870208e-01 3.554778973642357398e-01 3.470873353613814216e-01 3.380654613722876567e-01 3.285589464295051165e-01 3.006740297828923714e-01
4.926607097568719285e-02 6.531468650027151546e-02 8.035017948659013698e-02 9.537597050970607337e-02 1.102170458648717710e-01 1.246619946931384615e-01 1.385424139116046838e-01 1.516202719700578128e-01 1.637859163204883617e-01 1.749676888008001863e-01 1.849584608143538533e-01 1.936800096127800352e-01 2.011028118464014969e-01 2.072512547493211843e-01 2.119668313239354285e-01 2.153214440080671310e-01 2.173106758629639035e-01 2.179446158546867740e-01 2.173989197982334476e-01 2.155846944300453816e-01 2.127723728653499180e-01 2.089527872626583405e-01 2.043841935051922964e-01 1.990735639045213556e-01 1.931815045684891208e-01 1.868581177467006360e-01 1.802069027181109895e-01 1.732721717983663756e-01 1.661014085799336071e-01 1.450440465910027010e-01
4.118715201547103015e-03 -9.223550116887704875e-03 -1.667505375709119053e-02 -2.253596388550707999e-02 -2.716949267772279797e-02 -3.067470237393364607e-02 -3.297275674771681792e-02 -3.417625469138139277e-02 -3.432898458451180690e-02 -3.334449397746998278e-02 -3.151277235780280267e-02 -2.873645436375922221e-02 -2.520762632863923769e-02 -2.104945776580904870e-02 -1.631652341215468136e-02 -1.118871715376331191e-02 -5.710539148085208745e-03 6.618264470136837885e-05 5.987164564047386603e-03 1.212075622617546193e-02 1.839712527174542506e-02 2.482396127378818512e-02 3.138544676192804583e-02 3.809479871903492798e-02 4.500076120818519154e-02 5.205794506254310394e-02 5.927381479117801999e-02 6.671875853250033850e-02 7.440333953918790155e-02 9.553699800763344741e-02
1.293519533912652203e-02 1.194593217132889837e-02 1.239900570428803007e-02 1.327407790437503537e-02 1.438394980984796824e-02 1.567710951530073421e-02 1.716016071157801248e-02 1.878556162037638491e-02 2.049937281446310641e-02 2.238535204955884039e-02 2.433529820140600819e-02 2.637480319960630593e-02 2.851801959019323318e-02 3.073447405569439822e-02 3.304373966383083311e-02 3.543574107646137866e-02 3.791963139198491900e-02 4.052521478850126813e-02 4.323068243418128065e-02 4.607057734690108569e-02 4.903865806378895909e-02 5.213967397733181020e-02 5.536709478077650459e-02 5.869444243333605399e-02 6.215276555145442250e-02 6.567390340159842688e-02 6.924770272337643640e-02 7.287160368703458901e-02 7.650127176961846187e-02 8.450028498253746301e-02
1.724654446422663884e-02 2.416662296092151468e-02 2.893242297945993260e-02 3.343898076391765145e-02 3.775827966084698006e-02 4.187831318610227976e-02 4.580505411007056854e-02 4.946240313009475642e-02 5.282381023480720028e-02 5.589723324983563585e-02 5.855169764175181119e-02 6.078540671531887374e-02 6.251649506193236727e-02 6.378280137521383231e-02 6.444195448480682931e-02 6.450278750433657837e-02 6.391156658743712971e-02 6.261578304771864278e-02 6.063890794067162276e-02 5.786717269137039987e-02 5.434041750808170368e-02 4.999371067301391219e-02 4.488628818387015856e-02 3.892694264523039599e-02 3.216980337326560274e-02 2.460957084201944797e-02 1.628522713588895915e-02 7.139788295804498294e-03 -2.844690550765142240e-03 -3.474552468614491157e-02
1.096149009535552221e-01 1.291571412407660768e-01 1.522914223295597502e-01 1.768386273598757663e-01 2.026522686357467018e-01 2.296699164289272010e-01 2.580042958379391571e-01 2.873328336937682748e-01 3.177267039451250330e-01 3.493952636750483620e-01 3.815906733668361639e-01 4.145976116565888159e-01 4.481687938233183122e-01 4.820210445384699449e-01 5.161449853875997862e-01 5.500190901611556882e-01 5.837074410646208023e-01 6.169589203008427614e-01 6.495390039758600631e-01 6.812703485029812933e-01 7.122110916169019923e-01 7.420134550915830074e-01 7.706838129160512585e-01 7.981677972973075796e-01 8.243439963578486074e-01 8.492805176404585321e-01 8.727348246758310779e-01 8.949557821398130830e-01 9.156375128815088527e-01 9.503945121654007178e-01
7.382503906478200817e-02 9.588836137013766192e-02 1.171079971748587439e-01 1.384274452578165004e-01 1.597140039477285833e-01 1.808000775655967951e-01 2.015694964855746507e-01 2.217595619926771289e-01 2.413097933163349529e-01 2.602290633322235647e-01 2.781856703846567469e-01 2.951880082640049863e-01 3.112056088008529620e-01 3.261929689503882401e-01 3.400590947222099092e-01 3.527444972612123752e-01 3.642875247731820476e-01 3.746437809283168496e-01 3.839125852402237027e-01 3.919654663004171757e-01 3.990449998170280677e-01 4.050335761324110329e-01 4.101310115563525649e-01 4.143176762853015838e-01 4.176677891005572407e-01 4.203140711634048010e-01 4.222496402044003672e-01 4.235730367145537634e-01 4.242089455592625291e-01 4.175787163094815124e-01
8.588148537219919901e-03 6.095011672375187650e-03 6.255807254081058658e-03 6.963628367165772964e-03 7.884984595246335992e-03 8.947623265677794036e-03 1.012707286519233182e-02 1.141221236533356866e-02 1.272247414959970166e-02 1.419303613085899467e-02 1.579490425968584077e-02 1.754520317622347905e-02 1.960336496289239588e-02 2.192048799299532030e-02 2.466169790963173777e-02 2.786613577034073586e-02 3.160737453001449815e-02 3.600805058561164229e-02 4.106061016266097236e-02 4.689963806712220407e-02 5.350774778606616489e-02 6.094252276194049578e-02 6.915312829322714516e-02 7.814819618317289662e-02 8.793724632856768364e-02 9.839775647053665419e-02 1.094788668505941170e-01 1.211931373906904585e-01 1.334555445692060804e-01 1.662186605877773726e-01
2.035501441348768620e-02 1.527717415773512978e-02 1.419922253282038076e-02 1.421002867890149360e-02 1.504445536036964556e-02 1.666273643999624174e-02 1.914525168554305490e-02 2.241975196867830589e-02 2.646501854118764319e-02 3.142971484346926414e-02 3.706684606325749698e-02 4.349275071549507654e-02 5.064291595321857714e-02 5.839744741934647931e-02 6.681015105784329777e-02 7.571558297381894564e-02 8.513113425549440061e-02 9.502974876289176087e-02 1.052696421932378945e-01 1.159022112721483089e-01 1.268525788834124202e-01 1.380745550177757963e-01 1.494988577056851065e-01 1.611060305631340228e-01 1.728753567622959286e-01 1.847166143642841596e-01 1.965533277004809509e-01 2.084468485286132822e-01 2.202993174289192280e-01 2.480621302781387261e-01
1.796342845602449251e-02 2.149552043566746104e-02 2.459182617528367365e-02 2.780377546655751764e-02 3.110512682263241735e-02 3.447140902784946032e-02 3.792436421221464377e-02 4.138615589998072275e-02 4.482852638761451042e-02 4.829293381053921530e-02 5.161850585373290584e-02 5.483062959191718072e-02 5.785274496578609454e-02 6.067982850050766819e-02 6.322011574121778887e-02 6.543967039691045429e-02 6.730327430546634293e-02 6.876861700510177033e-02 6.981956179471129897e-02 7.039019251136835464e-02 7.049512658233997309e-02 7.008064747445293119e-02 6.917820865694242205e-02 6.771949068613461464e-02 6.574470619006866912e-02 6.322981233581791150e-02 6.018747023875337110e-02 5.659440253413355881e-02 5.241677132326630351e-02 3.674641151047385729e-02
3.586880804178513987e-02 5.372024642401064531e-02 6.867920866806527525e-02 8.269883097675814754e-02 9.566975466995274180e-02 1.076186741483842191e-01 1.184568987854520694e-01 1.282675213929210800e-01 1.369866825274136390e-01 1.448333954016006453e-01 1.519751121888603673e-01 1.583975939693772483e-01 1.646038208249795409e-01 1.706151353554637151e-01 1.768143906397173226e-01 1.833944942713418014e-01 1.905622927286364232e-01 1.985471071858304348e-01 2.074653766177378400e-01 2.174159826716728361e-01 2.284310430002382541e-01 2.405015408460018378e-01 2.535151068044067535e-01 2.674165680079096941e-01 2.821112923114841298e-01 2.974003056981977533e-01 3.131075037145487627e-01 3.291860456907887977e-01 3.453629996156177828e-01 3.812359704208235778e-01
-2.001847059371075072e-02 -3.954306233575521218e-02 -5.596216303895380773e-02 -7.133592489905533907e-02 -8.554899400849654001e-02 -9.835723110217257925e-02 -1.093902403966906800e-01 -1.185398608856166741e-01 -1.256844181583996745e-01 -1.305778234004029981e-01 -1.334802523131076168e-01 -1.341300847218786230e-01 -1.328033093939423870e-01 -1.296334891233466013e-01 -1.246327259771943807e-01 -1.181567813830161351e-01 -1.102999086730953732e-01 -1.012626196152049962e-01 -9.145848949948337525e-02 -8.092538359438194995e-02 -7.007413281536753469e-02 -5.907860054194939703e-02 -4.827357765666030753e-02 -3.782603129411229309e-02 -2.790344936037733939e-02 -1.877867079304017250e-02 -1.060894798422209497e-02 -3.451114990540864527e-03 2.521776723554197339e-03 8.518487077528807960e-03
4.748144419147469486e-02 5.494580327531016495e-02 6.428971404058907158e-02 7.459416079743927397e-02 8.571964091420151977e-02 9.749888794945338333e-02 1.099239712457813350e-01 1.226882967006624192e-01 1.357603421627873452e-01 1.490916008553682948e-01 1.621911821568035039e-01 1.751184182199600481e-01 1.875272367852493516e-01 1.993340818475379805e-01 2.102374874374919878e-01 2.200265689008160386e-01 2.286072528887353461e-01 2.357965807296779348e-01 2.415589136757513578e-01 2.457278888951368867e-01 2.484531122065377073e-01 2.496118282659799681e-01 2.494085063428323201e-01 2.478180310711169954e-01 2.449596990798587060e-01 2.409999203057484607e-01 2.360112090830004394e-01 2.300978650393119829e-01 2.232990068823894614e-01 1.992307532953474514e-01
2.152949388359226557e-02 1.179257874985364940e-02 7.367953558989867417e-03 4.615853142801881921e-03 3.337672764152155476e-03 3.496764669796797315e-03 5.260518313531391439e-03 8.470138570775383874e-03 1.314939043821304263e-02 1.940337075470142947e-02 2.676437565610726918e-02 3.541447798576151385e-02 4.500171459943631130e-02 5.535736947464627716e-02 6.633766210906232030e-02 7.759647887002601996e-02 8.905093818858886290e-02 1.005104606999179112e-01 1.117233080745390766e-01 1.226396973644724303e-01 1.331527315900186692e-01 1.431381243191676700e-01 1.525589625157078855e-01 1.613750652710097266e-01 1.695853131464991614e-01 1.771682521364558172e-01 1.840856871721825994e-01 1.904322513192042710e-01 1.961647147925193180e-01 2.057020790259982690e-01
-2.598193347235633853e-03 -1.579637782676484789e-02 -2.401250827876405189e-02 -3.096482139684956711e-02 -3.701357672408397276e-02 -4.225230504874425558e-02 -4.663740767020208705e-02 -5.022995790544665384e-02 -5.309654296414896557e-02 -5.515299871054544362e-02 -5.656752575719267706e-02 -5.728693505754837295e-02 -5.740234249758292134e-02 -5.699389741380477686e-02 -5.606754149635458789e-02 -5.470354831303234078e-02 -5.292638724163056807e-02 -5.072211052758060501e-02 -4.819013555977245955e-02 -4.522630314816936115e-02 -4.189245306629289789e-02 -3.813236962619338116e-02 -3.396819137717890097e-02 -2.938180069775783720e-02 -2.431498936245428399e-02 -1.884128223509180106e-02 -1.293878382284811140e-02 -6.575535004495702829e-03 2.702070430659116868e-04 2.115337364733464731e-02
5.404264836341261119e-02 6.517895844217366785e-02 7.715714521342184606e-02 8.961219972585855731e-02 1.024397758762364274e-01 1.155859475623565447e-01 1.290749591274011343e-01 1.427461730746560908e-01 1.565929598099951858e-01 1.707223976159664147e-01 1.848045665219174849e-01 1.989398949996682431e-01 2.130600454617779804e-01 2.270685484554125222e-01 2.409495880768540155e-01 2.545359753316866480e-01 2.678567804596411750e-01 2.808348823208694500e-01 2.934094197351072575e-01 3.054997164224219075e-01 3.171590579468380189e-01 3.282456483596599695e-01 3.387891983108153315e-01 3.487369997867155180e-01 3.580735233275434415e-01 3.668039662163466996e-01 3.748435733521961466e-01 3.822713122181913281e-01 3.889479252479154381e-01 3.971746204021688320e-01
-2.655478412062566365e-02 -4.498796958168778393e-02 -5.917663217114281504e-02 -7.239370568658501370e-02 -8.506199118282495308e-02 -9.735841751451468351e-02 -1.093478054595352356e-01 -1.210670400171574151e-01 -1.326660495073406776e-01 -1.441787418464919590e-01 -1.555894696505087937e-01 -1.669820415474881081e-01 -1.784108366992093186e-01 -1.898467278661583602e-01 -2.013801606702515512e-01 -2.128784409456150883e-01 -2.244082382448422397e-01 -2.358629815717908085e-01 -2.471937203221880597e-01 -2.582449590149350493e-01 -2.689964270517821165e-01 -2.792327007643981007e-01 -2.888661400859675599e-01 -2.978296088010444209e-01 -3.059343626708831421e-01 -3.132080399200993792e-01 -3.194684901879627503e-01 -3.247554617185776094e-01 -3.288730619206997052e-01 -3.281160795850189826e-01
1.563038189315301557e-02 2.005433986726824422e-02 2.399865825992802612e-02 2.794269553671517234e-02 3.175312631347965153e-02 3.532941774805441193e-02 3.860020070505563311e-02 4.147645808131727313e-02 4.387300211772984099e-02 4.578666837840465742e-02 4.714457815982888572e-02 4.789816696455680839e-02 4.805757757880151082e-02 4.765592023977054809e-02 4.661872860943611779e-02 4.503156750432762978e-02 4.287872251364188703e-02 4.020022971724934724e-02 3.708225108279147864e-02 3.350865566785216076e-02 2.957752766681897433e-02 2.531732004819392534e-02 2.083035525886696437e-02 1.609392022648621287e-02 1.120933383634037037e-02 6.184088778176147563e-03 1.088339645514765572e-03 -4.106850955108820589e-03 -9.375657835874396523e-03 -2.369818494938935940e-02
-3.713161331514526486e-02 -5.066159907357570963e-02 -6.324795948000444534e-02 -7.550059751591270407e-02 -8.759550969871855719e-02 -9.964937575978002893e-02 -1.117102435507572045e-01 -1.238139973765139262e-01 -1.360795284557495266e-01 -1.486065124963509565e-01 -1.613660039602791141e-01 -1.744706001160873099e-01 -1.880545565399893981e-01 -2.020224458233670639e-01 -2.166041580387792764e-01 -2.316379962133486847e-01 -2.472583741526821755e-01 -2.634256229627534029e-01 -2.800630931967122983e-01 -2.971394794139048390e-01 -3.146287641832291038e-01 -3.323694376079451840e-01 -3.502434632249554203e-01 -3.682548525774413939e-01 -3.862045080664859298e-01 -4.040934135469319566e-01 -4.216990742197495035e-01 -4.391342531694074625e-01 -4.561889521639169165e-01 -4.931634687925787741e-01
6.727660784509460756e-02 8.800502543629525054e-02 1.077532120142898064e-01 1.278652172813933841e-01 1.481815964052396184e-01 1.683369296375946678e-01 1.880918103530719865e-01 2.069739747900385674e-01 2.248489493972335718e-01 2.414495172057575523e-01 2.563003915634453067e-01 2.692765531869015794e-01 2.800126590431104567e-01 2.885412572186399904e-01 2.943381536826245592e-01 2.973979781117258026e-01 2.975852717924228896e-01 2.947526747127615088e-01 2.891412937019041118e-01 2.804947869861850185e-01 2.692756102363291215e-01 2.554409434531911272e-01 2.395125313109545961e-01 2.215246532417556313e-01 2.017968045904757202e-01 1.807296485433972921e-01 1.585987549641423855e-01 1.355072082726079541e-01 1.116834489469170771e-01 4.717381868515746479e-02
1.196296344655917721e-01 1.405291837836538937e-01 1.665530132503368066e-01 1.943249354957386210e-01 2.234751907594992038e-01 2.537745583055654452e-01 2.852049362096142904e-01 3.173321600775527163e-01 3.501484376188427339e-01 3.837756163862587333e-01 4.174331128388591994e-01 4.513295596136642218e-01 4.852144581882817942e-01 5.188120762338587211e-01 5.520555735732673996e-01 5.844946902915663101e-01 6.161977372398509400e-01 6.469645922158311357e-01 6.766742929707809662e-01 7.051884057402370010e-01 7.327241690571362209e-01 7.590187171859974491e-01 7.842402900508373964e-01 8.084190024699084987e-01 8.315487101985680196e-01 8.538175264420315713e-01 8.750805745608576380e-01 8.956453623922779883e-01 9.153192466059778543e-01 9.529720483853184598e-01
-2.267445656988897624e-03 -2.494506195333527632e-03 -2.518656838695764941e-03 -2.629184279475232575e-03 -3.147719846750950817e-03 -4.250380168509653063e-03 -6.113004338365450249e-03 -8.770331778128963307e-03 -1.238960187380177755e-02 -1.699746066147058560e-02 -2.246141430670901135e-02 -2.892874283648151287e-02 -3.621181289224609245e-02 -4.422154876920926514e-02 -5.293607340394887451e-02 -6.207694988817003684e-02 -7.161786032627279197e-02 -8.136177426552797243e-02 -9.110713033768888525e-02 -1.007335881156823792e-01 -1.100981645545030252e-01 -1.190140357808257277e-01 -1.273508567779231271e-01 -1.350630621699613898e-01 -1.419853141645009142e-01 -1.481346447965334878e-01 -1.533782433580797300e-01 -1.577753183056667952e-01 -1.612280152502041652e-01 -1.629081700351992235e-01
1.841085859078783471e-01 2.257369471729527843e-01 2.711050006697440229e-01 3.179590927348774354e-01 3.659341360543822974e-01 4.147386788323844109e-01 4.642635821283459530e-01 5.139557028138126427e-01 5.638051309691136659e-01 6.139767824848190170e-01 6.635250684575090263e-01 7.126848746124083700e-01 7.612906179457455957e-01 8.090144287125924372e-01 8.558510050912893075e-01 9.012855313790513190e-01 9.454781338154365500e-01 9.882124110891377100e-01 1.029438031203618875e+00 1.068929577548220378e+00 1.107081906752555911e+00 1.143517936040475913e+00 1.178488469535364791e+00 1.212042871073861106e+00 1.244134845424568647e+00 1.275046414219581203e+00 1.304539758881171574e+00 1.333012481896270973e+00 1.360146539950317646e+00 1.409853784689553136e+00
1.088271155973623283e-01 1.342059817088178397e-01 1.614711693738916654e-01 1.894860632762210562e-01 2.179959249527560206e-01 2.468538853983917036e-01 2.760057363859101942e-01 3.051612937822777982e-01 3.343022639494055426e-01 3.635916694891140333e-01 3.925217657736340127e-01 4.212359539979176892e-01 4.497483835322787504e-01 4.778701405190678431e-01 5.056933341040196206e-01 5.329582628641150732e-01 5.597999781758717930e-01 5.861482340327983653e-01 6.119729160000190182e-01 6.371846397957160457e-01 6.619768517433373134e-01 6.861330570812768093e-01 7.097461830644156144e-01 7.328145299778004995e-01 7.552894330219660501e-01 7.772539395631600234e-01 7.985258480105636991e-01 8.193188754398099682e-01 8.393785948616756531e-01 8.782428873460315089e-01
-1.385477050552598108e-02 -2.387701766839350412e-02 -3.199513911181228049e-02 -3.957038245963152845e-02 -4.679610523303644187e-02 -5.373721465221976967e-02 -6.038136902944320206e-02 -6.675453032124144259e-02 -7.293122143914312905e-02 -7.889296698837056088e-02 -8.469413712388236537e-02 -9.035123743298929810e-02 -9.593811286046705078e-02 -1.014429596771358327e-01 -1.069508385346225193e-01 -1.124225912964228608e-01 -1.179203787245941409e-01 -1.234200511875465645e-01 -1.289370188715016075e-01 -1.344235975906222791e-01 -1.399118779578303329e-01 -1.453259951429888286e-01 -1.506474452154882293e-01 -1.558936606503197875e-01 -1.609695687666434782e-01 -1.659347360846459285e-01 -1.707026233059991127e-01 -1.753243083427253046e-01 -1.797292463184299027e-01 -1.882133125152712361e-01
6.559935810733649730e-02 8.374891303390644137e-02 1.009834096527380543e-01 1.184516303760978079e-01 1.361473282374892069e-01 1.539631262556093172e-01 1.718724720210637047e-01 1.896131232940831413e-01 2.071717591349040710e-01 2.245501462798831227e-01 2.413308957796029830e-01 2.575727925132762497e-01 2.730842657870718448e-01 2.878076248002496840e-01 3.015461453158398974e-01 3.141398335071094450e-01 3.255598549038803968e-01 3.356589932242338703e-01 3.444470744962978559e-01 3.517265738285088039e-01 3.576654761410776873e-01 3.620877176914944484e-01 3.651604034599030268e-01 3.668204319701540150e-01 3.671246325839833125e-01 3.662014184627184754e-01 3.640493576099532724e-01 3.607484650991117370e-01 3.562327190610365957e-01 3.336466665046589064e-01
-3.436026664970503325e-02 -5.073333230865601645e-02 -6.478686645932751897e-02 -7.825740118328233796e-02 -9.138329816758797297e-02 -1.042481499411418017e-01 -1.168573543842421764e-01 -1.292042958524355911e-01 -1.413923621839006106e-01 -1.534390835002533426e-01 -1.653153980313166183e-01 -1.770816763417735751e-01 -1.888127225392310093e-01 -2.004626067335554818e-01 -2.121420932849386598e-01 -2.237406925078899711e-01 -2.353487505926391277e-01 -2.469056010247840938e-01 -2.584001201407547521e-01 -2.697431230437269956e-01 -2.809766115114313290e-01 -2.919487893501475639e-01 -3.026305711942394172e-01 -3.130186858797062710e-01 -3.229739985602961272e-01 -3.325663127835400412e-01 -3.416459479651030584e-01 -3.503023847797216428e-01 -3.583912468463213985e-01 -3.722828669873434193e-01
-1.302345996896984992e-02 -2.692464582364657855e-02 -3.818709962513988643e-02 -4.836841162980049652e-02 -5.764048254308110075e-02 -6.620697426828585364e-02 -7.409122113347156591e-02 -8.151426478330776881e-02 -8.857923636750297813e-02 -9.548336779033764210e-02 -1.025162266344033235e-01 -1.097437308999293371e-01 -1.176497448039208471e-01 -1.261972059275991986e-01 -1.358904892539729015e-01 -1.467642985766503538e-01 -1.590598905464704060e-01 -1.729253659176713254e-01 -1.883422887941965662e-01 -2.054128153954013492e-01 -2.240303734548468872e-01 -2.441132346868032377e-01 -2.653946679618798266e-01 -2.878620999163739591e-01 -3.112334890263818710e-01 -3.353387897914051341e-01 -3.598662577136145790e-01 -3.848431480748371047e-01 -4.099481556364764634e-01 -4.693335003703098529e-01
8.992856245263969317e-03 2.238339088434361523e-02 2.901011921074494321e-02 3.414728050035436419e-02 3.811300599832614239e-02 4.101029442631731053e-02 4.283316662829004390e-02 4.364508425888072307e-02 4.343095930779333758e-02 4.222054444694718633e-02 4.012419795918722998e-02 3.708798636369002588e-02 3.322267557565634910e-02 2.867421381521449708e-02 2.338258114833743906e-02 1.752653802118841683e-02 1.108359951490816772e-02 4.072322387301842254e-03 -3.401616906814727143e-03 -1.147778541283409059e-02 -2.014506647362947905e-02 -2.946866211901211230e-02 -3.945535299816294028e-02 -5.026261289717756653e-02 -6.188209278894833687e-02 -7.440753372759537076e-02 -8.782018208381817126e-02 -1.023001704584152183e-01 -1.179203677999556832e-01 -1.667154415732977624e-01
5.343916896141171630e-02 6.625619066971735749e-02 7.920164551907346584e-02 9.245106205487671480e-02 1.059267961874992697e-01 1.195728423839907545e-01 1.333964826873046128e-01 1.472373373622950510e-01 1.610839389124091858e-01 1.750270649529457878e-01 1.887607540687590846e-01 2.023663577464212826e-01 2.157888393562520934e-01 2.289528285293223608e-01 2.418288990788682036e-01 2.542814749155548060e-01 2.663373236396614496e-01 2.779269017605334735e-01 2.890173218786608045e-01 2.995155391037844228e-01 3.094948634183726788e-01 3.188176679520933754e-01 3.275315040862173399e-01 3.355786503496414608e-01 3.429544710797804430e-01 3.496737667050807130e-01 3.556652396396620675e-01 3.609946189738853506e-01 3.655314975557268919e-01 3.681317894771551913e-01
-3.642272273533027349e-02 -5.094107897019674314e-02 -6.424566959108640729e-02 -7.721418256033354965e-02 -9.002961986055331434e-02 -1.027753816584814073e-01 -1.154745939296558249e-01 -1.281213515195268882e-01 -1.408241479546583075e-01 -1.536322600822561113e-01 -1.664887811667609407e-01 -1.794814787149549840e-01 -1.926891498220854593e-01 -2.060323637155829224e-01 -2.196626675526390515e-01 -2.334292361241214475e-01 -2.474371228198222750e-01 -2.616261858244791627e-01 -2.759492580782023086e-01 -2.903436648121259234e-01 -3.048269772561452706e-01 -3.192428776234681465e-01 -3.335330321597316794e-01 -3.477055332493430018e-01 -3.616012670788001371e-01 -3.752717951155226106e-01 -3.885399896194959291e-01 -4.015192888225871948e-01 -4.140442616757586958e-01 -4.396101601252158098e-01
-5.879539761786860969e-02 -8.497959353983830511e-02 -1.074451407428830274e-01 -1.291578673702927227e-01 -1.504137335670900910e-01 -1.712259103883552736e-01 -1.915361090624729812e-01 -2.112138087122376606e-01 -2.303537096954395569e-01 -2.488879058262617738e-01 -2.666684838942324776e-01 -2.837269659502362762e-01 -3.000452904504439244e-01 -3.155928236993258973e-01 -3.303394055490709857e-01 -3.441617604644726658e-01 -3.571228344518853071e-01 -3.691011238257616567e-01 -3.801583911943097749e-01 -3.901001810233055700e-01 -3.991073969301300872e-01 -4.069805907246550336e-01 -4.138358282876273275e-01 -4.196715027868442860e-01 -4.244105718523571991e-01 -4.282557999845464924e-01 -4.311125937367764616e-01 -4.331060189574617580e-01 -4.341350269248339666e-01 -4.273500618671497442e-01
2.753730266754439437e-02 4.233996053199667875e-02 5.506667338582995480e-02 6.726899230385695316e-02 7.866951653164896974e-02 8.900654894762113911e-02 9.799171209052212617e-02 1.054656747246554699e-01 1.112367818391841734e-01 1.151949424883237094e-01 1.174023412544523692e-01 1.176521722367397521e-01 1.161372509724555302e-01 1.129765983822280800e-01 1.081046099417335982e-01 1.018456991004737244e-01 9.423664524164697409e-02 8.546217626259851319e-02 7.585541127995321098e-02 6.544071366634152120e-02 5.454768240769646004e-02 4.332469455662293911e-02 3.206386746684414257e-02 2.081723660185025998e-02 9.809275500217670349e-03 -8.414034620678138149e-04 -1.096330618278586883e-02 -2.058032323438994601e-02 -2.958071949937609788e-02 -4.847687848364001795e-02
7.205488580793199815e-02 8.582950880283526929e-02 1.018756549435186343e-01 1.186880111869917931e-01 1.360491738280401319e-01 1.538861362183180370e-01 1.722170659266106518e-01 1.908618527070666537e-01 2.098144435552333764e-01 2.292499038988685123e-01 2.487831213850585366e-01 2.685570304557884369e-01 2.885738798634339686e-01 3.086751233259559246e-01 3.289596361803577285e-01 3.492038631754386668e-01 3.695027769712977417e-01 3.898031898585612720e-01 4.100174251512126444e-01 4.301089390498690213e-01 4.501381144367980758e-01 4.699419009580577122e-01 4.895189537137336067e-01 5.088426815488445998e-01 5.278525381754505252e-01 5.465381089618095434e-01 5.647371421457112461e-01 5.825914366948908851e-01 5.998818637008921373e-01 6.345488647495418633e-01
3.956232634662143477e-02 4.788431321613165897e-02 5.676332596270416281e-02 6.596359643805682627e-02 7.534374129572839196e-02 8.482394951931256089e-02 9.438417805219603829e-02 1.038933971450918536e-01 1.133093366998704499e-01 1.227007666591209134e-01 1.318469819154750311e-01 1.407883751541070261e-01 1.495049339891448004e-01 1.579487217096745832e-01 1.660985120202535525e-01 1.738927520444790153e-01 1.813526410195411276e-01 1.884599248352070711e-01 1.952151134131557553e-01 2.015779890115169115e-01 2.076224440813208838e-01 2.132826932786178464e-01 2.186157394512536212e-01 2.235886900186286330e-01 2.282324118971515992e-01 2.325498979331755978e-01 2.365140022862466940e-01 2.401669307382413576e-01 2.434318567765662022e-01 2.466228587943381234e-01
-6.668396053931477385e-02 -8.781142697186031243e-02 -1.090301604124380430e-01 -1.302343419112203526e-01 -1.514829899179209183e-01 -1.727930489395574920e-01 -1.941514449006248311e-01 -2.154634025334069003e-01 -2.368323759805619488e-01 -2.583358009354553841e-01 -2.797962588463562272e-01 -3.013338253009697487e-01 -3.230524742424217277e-01 -3.448107729258089171e-01 -3.668154190282624239e-01 -3.888458469951808771e-01 -4.110651055168104695e-01 -4.334124782659493635e-01 -4.558417719666805756e-01 -4.782986148343654209e-01 -5.008723867384230477e-01 -5.233649428165890738e-01 -5.457596633003581887e-01 -5.680957388483460768e-01 -5.902033797567222129e-01 -6.121854305957508124e-01 -6.338119325840998464e-01 -6.552947942317302044e-01 -6.764184982160815762e-01 -7.228041502764045445e-01
-1.434906549809229076e-03 -1.369561399414856266e-02 -2.186306604542400528e-02 -2.906665445553041974e-02 -3.564112800345926868e-02 -4.165903621792386297e-02 -4.709328916946210059e-02 -5.195414825001869186e-02 -5.631857324553872501e-02 -6.008490735632644741e-02 -6.333103036889027593e-02 -6.602412662017313749e-02 -6.816454527921778084e-02 -6.980688398357445812e-02 -7.089828133045461556e-02 -7.145464520386779483e-02 -7.147451979609698025e-02 -7.089602512806270074e-02 -6.978563857986538888e-02 -6.801374186995727544e-02 -6.564365059923055190e-02 -6.259417593699578841e-02 -5.890795214002636504e-02 -5.456642365589521593e-02 -4.951946914105921638e-02 -4.387291481228497436e-02 -3.761228418477020885e-02 -3.073297139322350019e-02 -2.322505493849152253e-02 1.718571010463770810e-04
-8.694168544894215200e-02 -1.116285381152905543e-01 -1.366172584123287181e-01 -1.619683649759875999e-01 -1.879015035053147875e-01 -2.144789183823188061e-01 -2.418001920722968878e-01 -2.696628387188805265e-01 -2.982574341400769935e-01 -3.276563832070992222e-01 -3.573946138208980439e-01 -3.877021698038626285e-01 -4.184100223208849778e-01 -4.493055400816803324e-01 -4.804269466473550798e-01 -5.113080576533137744e-01 -5.420417968577256884e-01 -5.723647770565845061e-01 -6.020910814209348150e-01 -6.310070813545635149e-01 -6.591696780901840080e-01 -6.862037812866449427e-01 -7.121037929359577134e-01 -7.368424235301032077e-01 -7.602106329063188506e-01 -7.823813892344035903e-01 -8.030841231452496842e-01 -8.225948945703903670e-01 -8.406605291476774156e-01 -8.712934077558182056e-01
4.268875155709919017e-03 -4.452628875765122021e-03 -9.687728131429233433e-03 -1.395026403313362473e-02 -1.748307698191676682e-02 -2.034481364362818526e-02 -2.247693305751103168e-02 -2.394431140688491402e-02 -2.479015765090213791e-02 -2.493290926246786304e-02 -2.456151262100497723e-02 -2.361271639078132284e-02 -2.219651676818129929e-02 -2.038071910882662680e-02 -1.820159471320146466e-02 -1.575472145314758821e-02 -1.307311074871294818e-02 -1.017953042185856458e-02 -7.173023468513590496e-03 -4.010856393126562697e-03 -7.514575277277162069e-04 2.610167230234687261e-03 6.052560228822587846e-03 9.559036497261478443e-03 1.316952393980784508e-02 1.681919518132210523e-02 2.051650979942070546e-02 2.427972013032825283e-02 2.810508986965541689e-02 3.802733056991952632e-02
-1.794389309060457835e-02 -2.200452719090279646e-02 -2.749296268339224830e-02 -3.330727229809532508e-02 -3.947162241137003313e-02 -4.598282017423389184e-02 -5.284731511525252168e-02 -6.001145174375620284e-02 -6.754522744070839968e-02 -7.542531317994308204e-02 -8.355442665560759707e-02 -9.199136227223922435e-02 -1.006815610709389103e-01 -1.095403647375571138e-01 -1.186074359112966742e-01 -1.277258341258154795e-01 -1.369371378945601903e-01 -1.461681308620947639e-01 -1.553659637759156609e-01 -1.645090216215608636e-01 -1.736274771757024271e-01 -1.826476256338047666e-01 -1.915787930912422610e-01 -2.004818854732318134e-01 -2.092865916629246259e-01 -2.180987795364107973e-01 -2.268442615551786723e-01 -2.356534883587277918e-01 -2.444951951567897463e-01 -2.664735311812803653e-01
1.425979303732876624e-01 1.765579167539868544e-01 2.128545181766769712e-01 2.500088460635929710e-01 2.876963384227929632e-01 3.257311880301204665e-01 3.640210780117157929e-01 4.022176047193719572e-01 4.402998450225117377e-01 4.784806588045904530e-01 5.161554273212525246e-01 5.535011589459430947e-01 5.905915390353010386e-01 6.271849162471925254e-01 6.634521225768827968e-01 6.990752288069799203e-01 7.342574442990039696e-01 7.689335195172631865e-01 8.030829973925235343e-01 8.366107952587710228e-01 8.697817139986395718e-01 9.023284289715030049e-01 9.343623695539498009e-01 9.659059162197433102e-01 9.968764054774004180e-01 1.027387401826151958e+00 1.057184603408929835e+00 1.086552677767983477e+00 1.115153452354289865e+00 1.173181193105974351e+00
1.491977806025535612e-03 -7.328170077791187724e-03 -1.284005796981028610e-02 -1.747180950903949592e-02 -2.146895734384590693e-02 -2.487794732485759316e-02 -2.764262167287138972e-02 -2.980108608336608234e-02 -3.139900651716575480e-02 -3.233932463105620297e-02 -3.276704750672672362e-02 -3.262462212038903797e-02 -3.197129972718383562e-02 -3.087011411497406904e-02 -2.931491244361948689e-02 -2.737572584485459606e-02 -2.506931288284990761e-02 -2.239075697472284882e-02 -1.943256711349272692e-02 -1.612962813031137976e-02 -1.255257187123829526e-02 -8.682936195668768120e-03 -4.565006782220394285e-03 -2.144441553952151913e-04 4.396317256131616197e-03 9.176650613714941451e-03 1.412124743091284530e-02 1.923719983770496439e-02 2.450350285469193867e-02 3.843969581888179859e-02
3.296911112935307225e-02 3.106440759982522296e-02 3.378146943373783184e-02 3.767350524632830100e-02 4.236258907038242816e-02 4.774855680976090866e-02 5.385159815130604460e-02 6.056536050738447335e-02 6.783815922448559188e-02 7.582189168391217926e-02 8.426838372828511503e-02 9.327469433056856385e-02 1.028482361086195118e-01 1.128561629022633850e-01 1.234060766836644341e-01 1.343613015057740778e-01 1.457832137266346639e-01 1.576925646483056664e-01 1.699962815106171587e-01 1.827836161653945690e-01 1.960458435566466706e-01 2.097627709767523052e-01 2.239057141923153915e-01 2.384938509771253046e-01 2.535232091428969992e-01 2.689305277172495678e-01 2.846336944502284028e-01 3.007333598058727908e-01 3.171247806524959967e-01 3.580144383924541707e-01
1.352206597381904254e-02 8.636694549435953647e-03 5.159018495162951030e-03 2.555278835223869036e-03 9.456100925004417082e-04 4.034880114413765158e-04 1.148406703302853275e-03 3.064786974473833556e-03 6.227812334392360261e-03 1.070952764293754862e-02 1.607801282186634498e-02 2.251033863664868295e-02 2.959006827623952493e-02 3.722060636600386246e-02 4.514638612470573548e-02 5.303812790005603406e-02 6.075359694831534985e-02 6.802601434166857808e-02 7.460436457034357038e-02 8.030684934289927801e-02 8.498863786951904586e-02 8.844962336707577755e-02 9.063432329474471749e-02 9.140893810750289061e-02 9.074905442580435966e-02 8.862424314507288958e-02 8.500850625938814742e-02 7.990659657664496429e-02 7.326208872295025820e-02 4.532704004943750170e-02
4.662905290149737397e-02 6.073110144422728951e-02 7.417478563454849017e-02 8.770887706231011993e-02 1.011830172939260364e-01 1.144219123265093063e-01 1.273036903306864476e-01 1.396098508289350115e-01 1.512537409463582949e-01 1.621951159447804491e-01 1.722046569935196947e-01 1.812406770870661488e-01 1.892500019868983974e-01 1.962384717786689325e-01 2.020617704004220028e-01 2.067436129354111585e-01 2.102766368455137591e-01 2.126466332052526220e-01 2.139757483244056624e-01 2.141730045686977280e-01 2.134544924543773925e-01 2.117855501245426153e-01 2.093750800059275552e-01 2.062133176230218357e-01 2.024272849996060220e-01 1.981361943711727469e-01 1.934127711859099930e-01 1.883011319915148807e-01 1.828200092929792298e-01 1.649229252957787883e-01
-8.878812487938505388e-03 -1.440796040282595926e-02 -1.963326168817807957e-02 -2.472194375880952880e-02 -2.975767495569859103e-02 -3.473957180191110383e-02 -3.963288469627138794e-02 -4.441715314076199322e-02 -4.914053049265725004e-02 -5.374099406409485469e-02 -5.823111583412134834e-02 -6.260985610128144696e-02 -6.687915425042975648e-02 -7.101689884478337711e-02 -7.504638420693988954e-02 -7.892084524115598743e-02 -8.267392194210609890e-02 -8.627545931460833817e-02 -8.974759943367270620e-02 -9.306471179734729371e-02 -9.628859254505728327e-02 -9.938817754508047497e-02 -1.023999925738786620e-01 -1.053803282485756415e-01 -1.082898740202576093e-01 -1.112343284517674363e-01 -1.141844402160138994e-01 -1.172156469949574703e-01 -1.203309330420867101e-01 -1.287449751662436692e-01
-1.153616426006240647e-01 -1.496466711530509974e-01 -1.851425457449332734e-01 -2.210041500882382326e-01 -2.571778777321188092e-01 -2.935797086273805867e-01 -3.301422192777385689e-01 -3.665973747325674270e-01 -4.030538830158343355e-01 -4.395926783891221379e-01 -4.758039634147254726e-01 -5.118506024801628973e-01 -5.478042693061967450e-01 -5.834430465234604624e-01 -6.189731897298965668e-01 -6.540491718042397151e-01 -6.888902683433394403e-01 -7.233902759594479370e-01 -7.575090990067658847e-01 -7.911441516771134941e-01 -8.245206358383145862e-01 -8.573387635510036908e-01 -8.896888366610203880e-01 -9.216326311148428374e-01 -9.530019070738610099e-01 -9.840217992620936549e-01 -1.014399604207829819e+00 -1.044502788153546469e+00 -1.074057957121069773e+00 -1.138235810057454334e+00
-8.765835490470201552e-02 -9.250083606400687219e-02 -1.062637942185398754e-01 -1.227851400988161507e-01 -1.419835777049481274e-01 -1.637997321064318668e-01 -1.884732406346389944e-01 -2.155890656780966586e-01 -2.453785879457527352e-01 -2.778707046355226029e-01 -3.121186207224024844e-01 -3.485050803740740166e-01 -3.863374416354761198e-01 -4.252075200066612326e-01 -4.648981937386182373e-01 -5.045357168033359763e-01 -5.440769569680465878e-01 -5.830176288054308431e-01 -6.209036400918688248e-01 -6.575057280905867163e-01 -6.928056369075868970e-01 -7.263674794919556810e-01 -7.582439163978846874e-01 -7.884663073869122574e-01 -8.168842734772259195e-01 -8.438036890314939420e-01 -8.690053612431729579e-01 -8.929598791966621985e-01 -9.155507320537142890e-01 -9.609408666930436826e-01
1.295399869671582105e-01 1.678742838575420782e-01 2.059282248261220249e-01 2.442005405011394015e-01 2.823654063418954419e-01 3.201057824950212516e-01 3.571583322600525023e-01 3.931069684163275846e-01 4.278428824283591059e-01 4.613826071426594955e-01 4.932629026166475139e-01 5.234775186302158545e-01 5.521146755177328558e-01 5.790737634085889596e-01 6.043461945417217818e-01 6.278636492752833753e-01 6.497725817811337290e-01 6.700740198857928487e-01 6.889799790409221192e-01 7.063615080253986545e-01 7.226748392228123929e-01 7.377735003900136590e-01 7.519921139371635865e-01 7.653853289063838883e-01 7.780471697426959432e-01 7.902323147442135154e-01 8.018902965543355243e-01 8.132481454420409372e-01 8.241696823105928438e-01 8.424909625345891051e-01
2.834320850064828839e-05 -4.473943254907776501e-03 -8.669575858571592838e-03 -1.232999898903652108e-02 -1.541058577018050539e-02 -1.795337167313020704e-02 -1.988288509236566665e-02 -2.134405737032496475e-02 -2.234982417237307839e-02 -2.296318955375463780e-02 -2.347778384237700008e-02 -2.386477664588904785e-02 -2.449598315786139999e-02 -2.536723989868928941e-02 -2.683074096699673838e-02 -2.900675785615410354e-02 -3.206835460786019998e-02 -3.619309787320579980e-02 -4.145264099545474534e-02 -4.800406555609811748e-02 -5.584911363092014136e-02 -6.505388940188569502e-02 -7.551527115930241341e-02 -8.731589058044295082e-02 -1.003401913208424173e-01 -1.145299105726496069e-01 -1.297568302421243103e-01 -1.460593456888997221e-01 -1.633354091136547948e-01 -2.121086915627728164e-01
