1.851146817207336426e-01 -2.717206180095672607e-01 -4.777806997299194336e-01 -1.699414849281311035e-01 -3.771334290504455566e-01 -1.998282670974731445e-01 -5.199463367462158203e-01 5.236038565635681152e-01 4.344666376709938049e-02 1.985771358013153076e-01 -3.778266906738281250e-01 5.574671626091003418e-01
4.660437703132629395e-01 3.200594782829284668e-01 -1.022555083036422729e-01 3.491485714912414551e-01 3.856223225593566895e-01 4.205265641212463379e-01 4.678664505481719971e-01 -6.805207729339599609e-01 -3.751646876335144043e-01 -8.877524733543395996e-02 2.397248446941375732e-01 -7.244358956813812256e-02
1.309151202440261841e-01 -6.765632033348083496e-01 -5.065701007843017578e-01 -2.279980927705764771e-01 -3.102884888648986816e-01 -2.529824376106262207e-01 8.587963134050369263e-02 4.840495288372039795e-01 1.555466204881668091e-01 4.628764390945434570e-01 -1.665787547826766968e-01 4.384957253932952881e-01
4.702810570597648621e-02 4.897221922874450684e-02 -8.538383990526199341e-02 3.820269405841827393e-01 6.203169748187065125e-02 4.642406702041625977e-01 4.231001734733581543e-01 -2.894665896892547607e-01 -4.902416765689849854e-01 -2.016024887561798096e-01 7.151890993118286133e-01 -2.707869708538055420e-01
-7.082913517951965332e-01 -2.224596738815307617e-01 -2.399793863296508789e-01 -3.935676515102386475e-01 -4.567490518093109131e-01 -1.265403032302856445e+00 -1.001604318618774414e+00 1.032027125358581543e+00 1.661130070686340332e+00 -4.115584790706634521e-01 -2.103913068771362305e+00 2.651213407516479492e-01
1.612492203712463379e-01 1.104883924126625061e-01 8.855519890785217285e-01 5.651730298995971680e-01 9.709468483924865723e-01 2.276899099349975586e+00 2.174719572067260742e+00 -2.937991619110107422e+00 -5.504635810852050781e+00 -3.476664543151855469e+00 -1.824635863304138184e+00 6.359032392501831055e-01
-6.392572075128555298e-02 -4.246911108493804932e-01 -1.316224336624145508e-01 -3.438717424869537354e-01 -3.875636756420135498e-01 -2.233365774154663086e-01 -1.226618215441703796e-01 3.981646597385406494e-01 5.355249047279357910e-01 2.307842522859573364e-01 -5.040041804313659668e-01 3.223363161087036133e-01
1.872679740190505981e-01 -2.421147078275680542e-01 -4.947542026638984680e-02 -4.790120124816894531e-01 -5.554264783859252930e-01 -2.969859354197978973e-02 -1.602010130882263184e-01 3.371531963348388672e-01 2.765466272830963135e-01 1.926341205835342407e-01 -3.040760755538940430e-01 5.353192687034606934e-01
-1.141998052597045898e+00 1.775545775890350342e-01 -3.329131007194519043e-01 1.138732507824897766e-01 -1.431543147191405296e-03 -4.358906745910644531e-01 -4.816521108150482178e-01 3.235441446304321289e-01 6.301743984222412109e-01 -4.222151339054107666e-01 -3.576434850692749023e+00 6.154370903968811035e-01
4.676698148250579834e-01 -2.201575785875320435e-01 2.265051305294036865e-01 1.841689646244049072e-02 1.220019347965717316e-02 6.383542418479919434e-01 7.992009520530700684e-01 -1.372047513723373413e-01 -1.937212586402893066e+00 3.527140021324157715e-01 1.116600751876831055e+00 9.225638955831527710e-02
-3.310655355453491211e-01 7.226055860519409180e-01 8.037590980529785156e-01 7.211462259292602539e-01 8.845208287239074707e-01 2.046533524990081787e-01 3.311745226383209229e-01 -6.240983009338378906e-01 -2.933949232101440430e-01 -5.450665354728698730e-01 -3.450479805469512939e-01 -2.684648036956787109e-01
-8.542456626892089844e-01 -5.425773859024047852e-01 -3.557834774255752563e-03 -1.695182919502258301e-01 -3.538778424263000488e-01 2.715125381946563721e-01 4.868496954441070557e-01 -1.002524018287658691e+00 -4.035396575927734375e+00 -5.834581851959228516e-01 -3.248409748077392578e+00 1.868857860565185547e+00
