-1.913123577833175659e-01 8.266965150833129883e-01 5.718252062797546387e-01 -6.126530170440673828e-01 -6.706656813621520996e-01 -2.940144538879394531e-01 -5.546742677688598633e-01 -2.921044528484344482e-01 -5.774983763694763184e-01 5.850486084818840027e-02
-2.429201304912567139e-01 7.715946435928344727e-01 2.327276319265365601e-01 3.060517013072967529e-01 -8.754206299781799316e-01 -7.134375572204589844e-01 -1.724922358989715576e-01 -3.503126502037048340e-01 4.954942315816879272e-02 1.421923488378524780e-01
2.686051726341247559e-01 2.540872693061828613e-01 9.022377431392669678e-03 -1.257419943809509277e+00 4.802539944648742676e-01 4.341656565666198730e-01 -6.693813204765319824e-01 -3.538906276226043701e-01 -7.776628136634826660e-01 4.511812329292297363e-02
-1.681603956967592239e-03 -4.640710055828094482e-01 5.906279683113098145e-01 5.685643553733825684e-01 -7.203708291053771973e-01 -2.710128724575042725e-01 1.468571305274963379e+00 6.967599987983703613e-01 -2.958752512931823730e-01 1.455713361501693726e-01
6.150028109550476074e-01 -4.201451838016510010e-01 5.730842351913452148e-01 7.052444666624069214e-02 8.385456353425979614e-02 -4.102041423320770264e-01 -3.754093348979949951e-01 4.487437903881072998e-01 1.134128123521804810e-01 2.402229011058807373e-01
6.247221827507019043e-01 -6.771411895751953125e-01 1.980352401733398438e-01 -4.201019704341888428e-01 5.123399496078491211e-01 -1.601051092147827148e-01 2.246364504098892212e-01 2.405191957950592041e-01 3.754384517669677734e-01 -9.080106765031814575e-02
5.585546046495437622e-02 -3.400970995426177979e-01 5.865324735641479492e-01 4.692854285240173340e-01 6.330627948045730591e-02 -6.062106490135192871e-01 -5.080167055130004883e-01 6.543096303939819336e-01 5.765656232833862305e-01 -7.644590735435485840e-02
-6.189274787902832031e-01 4.615422487258911133e-01 3.655243292450904846e-02 1.376332491636276245e-01 -4.643683135509490967e-01 4.240897893905639648e-01 -8.303103595972061157e-02 -5.303772091865539551e-01 -4.433180689811706543e-01 1.751314401626586914e-01
-6.322187781333923340e-01 6.033822298049926758e-01 -1.139142140746116638e-01 6.101146936416625977e-01 -5.490467548370361328e-01 4.354340136051177979e-01 -5.874408036470413208e-02 -2.754391133785247803e-01 -1.545944958925247192e-01 -2.658532857894897461e-01
-6.050390377640724182e-02 -3.320928812026977539e-01 -1.973306834697723389e-01 9.034634381532669067e-02 -1.841980814933776855e-01 -4.885321259498596191e-01 -3.747755587100982666e-01 2.217820584774017334e-01 6.080278754234313965e-01 -2.463238090276718140e-01
