1.828669769554960162e-02 5.119090399841808026e-02 8.873024500726824082e-02 1.294063884794948438e-01 1.720688418278965570e-01 2.163741240517548792e-01 2.612341054166239518e-01 3.058143474542310836e-01 3.500046889721127874e-01 3.929667327031533541e-01 4.343977276820123468e-01 4.732822163970467066e-01 5.106101190925639299e-01 5.432265785764884836e-01 5.731788838389636487e-01 5.984809581834148462e-01 6.196509960092481117e-01 6.354919617342783544e-01 6.464420771187249226e-01 6.515308102729430173e-01 6.523193538474157949e-01 6.478783433683020787e-01 6.397315455653899141e-01 6.267812368386918020e-01 6.118970283516689257e-01 5.949292593680948205e-01 5.766275114566776772e-01 5.583159011712328645e-01 5.403029919357085209e-01 4.931447187227985252e-01
1.136919802474139519e-02 5.048802695190338780e-02 8.547082550338581941e-02 1.203989878548298587e-01 1.541521096355006060e-01 1.867844561238487244e-01 2.179157664919214310e-01 2.462688286389294601e-01 2.724864843773051049e-01 2.957278005951660127e-01 3.165614274181781096e-01 3.340147606907228894e-01 3.491664527396621254e-01 3.602815061002301311e-01 3.693380993773937582e-01 3.746126973912545788e-01 3.779887318815762232e-01 3.780601774145032623e-01 3.758561505870544606e-01 3.709234849847922733e-01 3.645926443944373374e-01 3.559251437394174156e-01 3.460138597323221266e-01 3.342598417368812802e-01 3.221775272886701069e-01 3.095122705052191225e-01 2.964335796518675070e-01 2.836275490250049769e-01 2.710779987392312185e-01 2.372762201861750297e-01
-2.610338028235563435e-03 -2.767403240954144361e-02 -4.350512468225047058e-02 -5.742015662628539852e-02 -6.892965471898929164e-02 -7.842663514906200728e-02 -8.607922435096526659e-02 -9.088950675961975090e-02 -9.350860332552358989e-02 -9.366189996897676673e-02 -9.207762474972776279e-02 -8.809460360324342099e-02 -8.198072550455688667e-02 -7.417319406576593221e-02 -6.502033349320819611e-02 -5.366370384832908069e-02 -4.186463542429907925e-02 -2.882369019076080549e-02 -1.486045267771681291e-02 -2.220611144812568993e-04 1.486861270620358152e-02 3.064482233222861479e-02 4.677768583967426702e-02 6.373889025650114615e-02 8.093600271398840307e-02 9.859621763406718753e-02 1.168788479852279211e-01 1.355986647195613626e-01 1.552606633899636379e-01 2.073316045300183097e-01
2.224238266043698266e-03 6.293283077011843293e-03 1.008299626302545243e-02 1.351187376026847034e-02 1.663286202469845335e-02 1.945080145752484113e-02 2.200826385735225876e-02 2.440622350232031501e-02 2.668333358636176822e-02 2.884316066277807858e-02 3.091098200537852753e-02 3.299958538583211420e-02 3.544590609001592452e-02 3.782817719825497249e-02 4.064257634745281622e-02 4.403044669288998236e-02 4.792714064027612381e-02 5.234365601804816248e-02 5.763291690863995426e-02 6.366422131186341704e-02 7.064201328252044110e-02 7.834281906161277842e-02 8.673660128068726161e-02 9.599322911226118582e-02 1.057331564291429521e-01 1.158684482577371083e-01 1.263574772340564090e-01 1.369798084447405306e-01 1.479126705070570036e-01 1.725152566399902887e-01
2.364637886998574579e-03 2.100797323100308395e-02 3.321620975966742273e-02 4.434652446196037101e-02 5.447891315239797999e-02 6.387481451472516725e-02 7.245829766076969380e-02 8.002658872291404379e-02 8.680180158846766136e-02 9.251464424038555179e-02 9.737777788064932993e-02 1.010479842928474897e-01 1.040454493164995609e-01 1.056246720331269068e-01 1.065283620112209007e-01 1.061574169048072336e-01 1.051436930153117483e-01 1.026027352602248838e-01 9.921513899685169280e-02 9.453356662683479184e-02 8.890923038861206495e-02 8.170621073340167406e-02 7.329460244787024126e-02 6.317477868206781977e-02 5.192747133897206852e-02 3.925771706799429522e-02 2.500714254746086093e-02 9.394956577444872614e-03 -7.707098728875243047e-03 -6.694865883303337262e-02
2.783635146424263615e-02 6.199659829369839892e-02 1.024434745146223930e-01 1.450244136650061799e-01 1.902313558361753143e-01 2.382336625350541248e-01 2.880343797273273720e-01 3.413548211103048513e-01 3.964036321528264795e-01 4.546872357728486969e-01 5.145678870539777128e-01 5.763266233001640426e-01 6.416251284187037829e-01 7.067895542136848341e-01 7.731752353866139238e-01 8.423793321982142590e-01 9.101168713978898817e-01 9.785368388429989128e-01 1.046204820512045330e+00 1.112201130278285932e+00 1.176922335604677627e+00 1.239880356135974360e+00 1.301240792770400834e+00 1.359053110119130769e+00 1.414624017629904307e+00 1.466649644546560438e+00 1.516639015262605472e+00 1.563424291201290117e+00 1.608232335694330661e+00 1.683451049032627544e+00
1.751829069397735014e-02 6.641791095630963926e-02 1.116762121781670336e-01 1.569445826270748356e-01 2.013796213763854037e-01 2.451532055666928445e-01 2.877711408829652928e-01 3.285086774778278040e-01 3.674841741002047302e-01 4.044836291344785506e-01 4.396066310647066544e-01 4.721062699670992013e-01 5.034435323208397151e-01 5.311904576651566012e-01 5.575144961666865795e-01 5.814153636788993440e-01 6.034595002894364013e-01 6.230717775384235768e-01 6.407368599792837571e-01 6.559004857613104367e-01 6.698041768464026990e-01 6.814901996185637190e-01 6.918964573192457612e-01 6.998881161634613601e-01 7.070764590163137742e-01 7.127619770063673421e-01 7.175060332775791139e-01 7.214271154568284716e-01 7.248121440623055411e-01 7.189696716772689955e-01
-3.709916693058872179e-03 -3.950158502352885039e-04 4.485672554055945664e-03 8.863194712888764967e-03 1.252492738730863822e-02 1.536448966648355091e-02 1.759506733412524726e-02 1.917626229929123016e-02 2.026906979194467023e-02 2.093722485391777410e-02 2.139627763161328078e-02 2.185911200399322241e-02 2.275666381701639540e-02 2.390651481095911607e-02 2.595509787152070619e-02 2.932250400686590638e-02 3.406294385691110288e-02 4.058329843175564194e-02 4.919960748597410755e-02 6.008310710956767109e-02 7.351344876077126056e-02 8.937808189805596104e-02 1.075180321963435937e-01 1.284426226608030852e-01 1.511687715561359502e-01 1.756481839362292185e-01 2.018587723770440545e-01 2.292134921776085577e-01 2.580141595398062204e-01 3.352826402872358114e-01
4.228746383300348299e-03 -3.083852644112311005e-03 -5.354553091693678435e-03 -6.895533240747974205e-03 -7.219453264015788206e-03 -6.459296899486913560e-03 -4.698870561729137120e-03 -9.826599144671899991e-04 4.044176886048791650e-03 1.096230953641284464e-02 1.914307609326808615e-02 2.916696315208230916e-02 4.126836116605085703e-02 5.474612003191683951e-02 6.968198880745357648e-02 8.716798890122297305e-02 1.054223035139835452e-01 1.254596580048894516e-01 1.469547155311037301e-01 1.697145898257358676e-01 1.936157219353213943e-01 2.187074993654708754e-01 2.446546357848868869e-01 2.715649330846679477e-01 2.987969740724304435e-01 3.261875549962066634e-01 3.540071670834008533e-01 3.816293278691489377e-01 4.095803357069178197e-01 4.740239554487997165e-01
3.555833746985342068e-03 1.486802576738607135e-02 2.304651971573430311e-02 3.069885773949270619e-02 3.797535705781741877e-02 4.502348745477253306e-02 5.176143418633843973e-02 5.824977122529456652e-02 6.451238708742780548e-02 7.046606248847291087e-02 7.611309585080400231e-02 8.134529562897244159e-02 8.659426015625198980e-02 9.112641593374273818e-02 9.552194692967980183e-02 9.959284814849253542e-02 1.033684266492170545e-01 1.064503191088638362e-01 1.092687881048641507e-01 1.114436706054941911e-01 1.132219200900070749e-01 1.141602568438806059e-01 1.144365444774419482e-01 1.137655056103574203e-01 1.124001294082465213e-01 1.101064499408366815e-01 1.068351440608776570e-01 1.026279585967938141e-01 9.752304959740754065e-02 7.237268035955479739e-02
4.622665626301991799e-03 5.427264964322520147e-02 9.352720542970476003e-02 1.291056463271831878e-01 1.602840794676425318e-01 1.875590021398363394e-01 2.114396741085441400e-01 2.309720316003925078e-01 2.469903627092948084e-01 2.596542494730920692e-01 2.699691517143700814e-01 2.776028082706205602e-01 2.841627130848164429e-01 2.890941413742941224e-01 2.944051069496109729e-01 3.001816621143851838e-01 3.079084952614030701e-01 3.176879752022924719e-01 3.303701358163164681e-01 3.463034923113421648e-01 3.663361187790208362e-01 3.897699490373524034e-01 4.166625560085894242e-01 4.468806203208298689e-01 4.794991978596388482e-01 5.137390031247444089e-01 5.495796646702043597e-01 5.857798904317416122e-01 6.224770345584706988e-01 7.060674637942022658e-01
-5.690905735544401003e-03 -4.830972640332652918e-02 -8.682843550154603629e-02 -1.251530897986707080e-01 -1.608830062770648939e-01 -1.938786220867625698e-01 -2.240276474191879585e-01 -2.484366339965391191e-01 -2.686852184969098500e-01 -2.832874057608406049e-01 -2.937379488504863190e-01 -2.984676211206098717e-01 -2.981630646072964130e-01 -2.924192332523271598e-01 -2.831926712855262762e-01 -2.675946998010306777e-01 -2.499959913058696914e-01 -2.284836785492390943e-01 -2.041503507430961484e-01 -1.774125868395126648e-01 -1.499326594675097213e-01 -1.211685524189567709e-01 -9.248316578464091386e-02 -6.384777877099891141e-02 -3.687992862074154776e-02 -1.181223228223502938e-02 1.131690300468682353e-02 3.133876698937523853e-02 4.873496890954466532e-02 6.259099479441734837e-02
7.847168134566536585e-03 2.168546700166493896e-02 3.849748855125902092e-02 5.726084256014552648e-02 7.792280767644552131e-02 1.003728504491651213e-01 1.238795676991719524e-01 1.486821741324771129e-01 1.742765572090388126e-01 2.005212185616008502e-01 2.268008177582881701e-01 2.528002949588215031e-01 2.790776790835626797e-01 3.035113475279265227e-01 3.269944276263804239e-01 3.489361765857065256e-01 3.684965710358378277e-01 3.852822642213136195e-01 3.993234503566494009e-01 4.097894605289766901e-01 4.172441402917089204e-01 4.211389911538492292e-01 4.221571268363474294e-01 4.193908752561076314e-01 4.144700167893529685e-01 4.071362450834538627e-01 3.978761011372197731e-01 3.872599560203626723e-01 3.756003888293286130e-01 3.320269225440499739e-01
4.652108207144417355e-03 -1.796413870754311887e-02 -3.156921892656208706e-02 -4.286023570817991402e-02 -5.075861224564843371e-02 -5.549623473241672988e-02 -5.752323866142323300e-02 -5.506673864022638976e-02 -4.942891753708431035e-02 -3.984198725190424978e-02 -2.764672001342460828e-02 -1.204365287747619084e-02 6.813750365890580349e-03 2.783580594896219867e-02 5.043612057006047200e-02 7.597231328652338800e-02 1.012747930571209209e-01 1.275256533775208090e-01 1.539256942384433779e-01 1.798665610959199190e-01 2.048476775134132621e-01 2.290558943870458775e-01 2.521088571057739092e-01 2.737934574311929881e-01 2.940241147864096072e-01 3.127212686464873048e-01 3.303135671726805112e-01 3.464964922793550284e-01 3.619013243779864997e-01 3.867913810165597432e-01
-2.030023766308275239e-03 -2.403150473948626256e-02 -3.922638284541100223e-02 -5.328982924816038497e-02 -6.592055328555018745e-02 -7.746974176678951551e-02 -8.790990851678202878e-02 -9.663789031873000479e-02 -1.039385650133195504e-01 -1.097479771688825295e-01 -1.144097434485306236e-01 -1.173844983579080264e-01 -1.189247331318619705e-01 -1.190888434919642747e-01 -1.181009896238409268e-01 -1.153515433112625027e-01 -1.117748576991728499e-01 -1.068761023582760622e-01 -1.006736348555680588e-01 -9.322156707627174410e-02 -8.466187277635604802e-02 -7.480646986043937297e-02 -6.394408126677664228e-02 -5.139942973459219605e-02 -3.798474268803071763e-02 -2.340158375780471839e-02 -7.697369893132299801e-03 8.980876231069453985e-03 2.699392601630154834e-02 7.944655206228355693e-02
1.366727881198142626e-02 3.842808844258333023e-02 6.259586723030455269e-02 8.688138108227323742e-02 1.113804179291683627e-01 1.362444608612992103e-01 1.611441885917312689e-01 1.864948387421340725e-01 2.118116139598522074e-01 2.375372965505238576e-01 2.632494834142090068e-01 2.888974047324329719e-01 3.154776058026009800e-01 3.412098063801264902e-01 3.671783894847123197e-01 3.937237564998568584e-01 4.196942796860338998e-01 4.455322409186375787e-01 4.711432346857580833e-01 4.960430008406265801e-01 5.206660673163443498e-01 5.445264577742392476e-01 5.678531369142419960e-01 5.898249697508254341e-01 6.110038963194925898e-01 6.307610266390181186e-01 6.496078070121071857e-01 6.670873833707657852e-01 6.836515237751725760e-01 7.067242076672869411e-01
-3.637570224208355567e-03 -3.155488653810116506e-02 -5.467582332586289756e-02 -7.701736078323132006e-02 -9.887450803080821693e-02 -1.207318547573971168e-01 -1.423774551616840134e-01 -1.642818674440741089e-01 -1.858135230996902643e-01 -2.079183496624428251e-01 -2.301165622236588382e-01 -2.523221707716092332e-01 -2.751718651426561246e-01 -2.978952508750872252e-01 -3.206261310084429494e-01 -3.440865313618209909e-01 -3.669080803702962634e-01 -3.898948482631719448e-01 -4.122237269051152175e-01 -4.337647489754334895e-01 -4.543154050852769577e-01 -4.737938747666349260e-01 -4.921206912381522747e-01 -5.079344822199327592e-01 -5.220110292415007791e-01 -5.334973911128161328e-01 -5.429598080157871376e-01 -5.496996636508554301e-01 -5.538156321491327638e-01 -5.384177267346205165e-01
2.603598858079025739e-03 1.916145705396509608e-02 3.187300991874596201e-02 4.386192513758815914e-02 5.469499624683751837e-02 6.442559569072855985e-02 7.306037359054308455e-02 7.990969012941753769e-02 8.552048994982903996e-02 8.933261278298794406e-02 9.182515613817494871e-02 9.259721395573443370e-02 9.213919417303398363e-02 8.988353530745117614e-02 8.682816928058055550e-02 8.208136547655563164e-02 7.697805252136122323e-02 7.056489517833268443e-02 6.372083382098203685e-02 5.623294032708178736e-02 4.872999987529517268e-02 4.066462672670372036e-02 3.248851419136852825e-02 2.419568977580032962e-02 1.610882321545539092e-02 8.162503327478098231e-03 1.867700115830619317e-04 -7.510864959021265955e-03 -1.501884201730091864e-02 -3.522013072569639414e-02
-1.554234357996897228e-02 -3.532559389007441236e-02 -5.544881420428200702e-02 -7.548910615307909133e-02 -9.565507216735635865e-02 -1.161977579818939260e-01 -1.369668364912226821e-01 -1.586220849469080763e-01 -1.803598647855412518e-01 -2.033507087834026117e-01 -2.269684997346909927e-01 -2.514314942574324974e-01 -2.773405760468453662e-01 -3.039868215033878496e-01 -3.314769850342653146e-01 -3.610536990145657987e-01 -3.908030803542694720e-01 -4.222821544674257299e-01 -4.543920494556796807e-01 -4.872244078567107839e-01 -5.206243325018795609e-01 -5.547995903035980447e-01 -5.894545603694014702e-01 -6.237417114607426427e-01 -6.577878721361257730e-01 -6.908952205962840543e-01 -7.238326809821877816e-01 -7.555609027234821973e-01 -7.864770876736920657e-01 -8.517454941865469920e-01
1.350301554731498342e-02 5.768441461866286729e-02 9.990824549653766484e-02 1.441553188883093750e-01 1.888645609934493375e-01 2.339058662976930547e-01 2.782621379175514442e-01 3.201957930735429558e-01 3.603420534166368316e-01 3.971430804774534473e-01 4.309922060123710930e-01 4.602696005897441989e-01 4.860068706019082807e-01 5.053276838114301173e-01 5.206113699933248018e-01 5.286870281181770270e-01 5.319629424889303904e-01 5.279229094243897968e-01 5.177639218944311006e-01 5.004538803545809378e-01 4.778484652804740329e-01 4.486649524129675548e-01 4.148333538623734662e-01 3.751434752302538200e-01 3.330297587697011452e-01 2.884184877969381833e-01 2.416644951564046462e-01 1.947224311588003354e-01 1.474267322974945338e-01 2.576596272362467049e-02
3.095740049657920434e-02 6.948225056499378327e-02 1.172694688495368315e-01 1.682690602169876759e-01 2.221468706112985081e-01 2.787833431277718099e-01 3.370093547364760300e-01 3.977441278856992390e-01 4.595628336475858222e-01 5.233595924932902266e-01 5.877951871257547367e-01 6.527385314345619527e-01 7.199222854213669365e-01 7.852926567458842211e-01 8.508230858222259885e-01 9.171180792399243886e-01 9.810264444136354012e-01 1.044119639904092622e+00 1.105293045503504823e+00 1.163671976209111891e+00 1.220256213367303388e+00 1.274460616218640929e+00 1.326957331073947977e+00 1.376014484906637136e+00 1.423520770761175003e+00 1.468466625092670563e+00 1.512424234947261414e+00 1.554823392669848259e+00 1.596886521130226555e+00 1.681219794397823986e+00
-1.566492932569211148e-03 1.118943454055705729e-02 2.039843613268143077e-02 2.845453128705862506e-02 3.424980129379199406e-02 3.767603331431614716e-02 3.902214751811504401e-02 3.673157496124370563e-02 3.208847752447831214e-02 2.395453451997340416e-02 1.351642276527134298e-02 1.865764074554343392e-04 -1.567748783683681549e-02 -3.388557967494545964e-02 -5.318658776420669143e-02 -7.508489964309575382e-02 -9.657912627154197072e-02 -1.190838595878250389e-01 -1.411864204619182606e-01 -1.626635562423363601e-01 -1.825789334562166466e-01 -2.014159773480993787e-01 -2.186457540385258191e-01 -2.334535317912193597e-01 -2.461074191665727218e-01 -2.562629001128656769e-01 -2.644251546245535156e-01 -2.700821399151826507e-01 -2.734888207979400132e-01 -2.629483335899832630e-01
4.995209284081729428e-02 1.305418682051316948e-01 2.182486520719987555e-01 3.091309247739368882e-01 4.020599084089125363e-01 4.971262349358546162e-01 5.927041848272925906e-01 6.893373399121015543e-01 7.855181553945999040e-01 8.822518720691615579e-01 9.783236315853838239e-01 1.072989774444041089e+00 1.169286158026005662e+00 1.261356693294289233e+00 1.352796921025559040e+00 1.443842676309885942e+00 1.531326395998722001e+00 1.617122392167511080e+00 1.699884460698948052e+00 1.778564849898987665e+00 1.855064874072332781e+00 1.928148573024532464e+00 1.999184131988531954e+00 2.065231954341471887e+00 2.129494245606657898e+00 2.190116472692773542e+00 2.249348249607213912e+00 2.306222867520476782e+00 2.362371963502274408e+00 2.469868005345985829e+00
2.955729722399959639e-02 8.262717329745394856e-02 1.372424610666091449e-01 1.926273510587834248e-01 2.482441578251164127e-01 3.042614941965096076e-01 3.599875680702090408e-01 4.156672564859725805e-01 4.705682995607693431e-01 5.254605078812701890e-01 5.797109280165619882e-01 6.330553037574769837e-01 6.874636427406540795e-01 7.396277851193118202e-01 7.918637487003684639e-01 8.445825230251162719e-01 8.960832462287096067e-01 9.475173551465165822e-01 9.983782474543376750e-01 1.048118431523504146e+00 1.097871570884831005e+00 1.146862906511003644e+00 1.195681375477172237e+00 1.242824797076668819e+00 1.289533221193175150e+00 1.334651285174034419e+00 1.379411068105477645e+00 1.422918059703312865e+00 1.466087700547475725e+00 1.553138027402798382e+00
-5.372131265052745852e-03 -1.928542813573247763e-02 -3.237001803755648610e-02 -4.545820633672258138e-02 -5.840256673874877347e-02 -7.134524005905097666e-02 -8.416370830930118563e-02 -9.683529845311282525e-02 -1.091222166419918149e-01 -1.214248624428574952e-01 -1.335752832494436493e-01 -1.454474376757203813e-01 -1.572760328480075354e-01 -1.688102400143471071e-01 -1.801098714972436121e-01 -1.913746649702697533e-01 -2.021642443058282723e-01 -2.129636813434545306e-01 -2.232275065678763770e-01 -2.330468596859841535e-01 -2.424243401279790877e-01 -2.514560796135710263e-01 -2.601567880203519700e-01 -2.679645694666791256e-01 -2.753469744361413118e-01 -2.819917052837008220e-01 -2.882792741415180493e-01 -2.939482953909973162e-01 -2.990354313110427098e-01 -3.073610225217026093e-01
1.557074587893428862e-02 5.301257621225426153e-02 8.740944622688454069e-02 1.222211451422424849e-01 1.572252837929378477e-01 1.926540542841388981e-01 2.278686831054058948e-01 2.628162803434017092e-01 2.971981510416518146e-01 3.310224598894851988e-01 3.639746989689890966e-01 3.954944385889604952e-01 4.267597229237595213e-01 4.553683302316910986e-01 4.828534784912816846e-01 5.085877950123200986e-01 5.321804675484091973e-01 5.531735334591711961e-01 5.718069600748464376e-01 5.872713252402601558e-01 6.003882033915324268e-01 6.103067846886250924e-01 6.177867773514914562e-01 6.215299294619871517e-01 6.232315464273503469e-01 6.222093160526493971e-01 6.190166652966526684e-01 6.138512581938544432e-01 6.069769525502033414e-01 5.665769775427386135e-01
-1.160003083925794168e-02 -3.707758819471156791e-02 -6.085198330980388925e-02 -8.453048133086549232e-02 -1.080714832193538782e-01 -1.317303581432044679e-01 -1.552772871664752641e-01 -1.788911007510095852e-01 -2.020702240696307106e-01 -2.255529486068453549e-01 -2.489360501902722622e-01 -2.720983449574203572e-01 -2.956428404907048280e-01 -3.187228618871039143e-01 -3.416842268172929353e-01 -3.649870775575874693e-01 -3.875958663889491618e-01 -4.103246627989610706e-01 -4.323941714235660094e-01 -4.537784574054016806e-01 -4.745438068287878286e-01 -4.946743216456250813e-01 -5.142359642030571720e-01 -5.321829124451169513e-01 -5.492709377191054010e-01 -5.648537567440787832e-01 -5.795905737349268394e-01 -5.929314396470298787e-01 -6.050708731487061121e-01 -6.224559255226638221e-01
-1.499550351562581232e-03 -2.862837830806626988e-02 -5.093292657050985106e-02 -7.074259706475208298e-02 -8.807976566825848064e-02 -1.034048167417619957e-01 -1.171886638642397477e-01 -1.296193101605331022e-01 -1.405369449781140312e-01 -1.511680213054067135e-01 -1.615968194666403401e-01 -1.721646595347655351e-01 -1.836616777362197750e-01 -1.964134114299542766e-01 -2.107284791386807576e-01 -2.281843240813724583e-01 -2.479002235164611267e-01 -2.716121066856654886e-01 -2.985725035465775501e-01 -3.294473712737496784e-01 -3.640340393345277703e-01 -4.025532004240803818e-01 -4.443096803900064562e-01 -4.890014033592687270e-01 -5.353892247139951932e-01 -5.826757981315849877e-01 -6.312685216957362178e-01 -6.793660490461290724e-01 -7.272510295985289419e-01 -8.381187083757382084e-01
4.045997689601208563e-03 3.992228107134874332e-02 5.951716030173372085e-02 7.543752662862916736e-02 8.768845935398382474e-02 9.698819585419228562e-02 1.036185671071640224e-01 1.067704761510347850e-01 1.073605166337911060e-01 1.049263049238068485e-01 1.003701315970837726e-01 9.309036014882898780e-02 8.385767382509914936e-02 7.253892550198073885e-02 6.018056862114351535e-02 4.578977382412060398e-02 3.147167130013259900e-02 1.564332812541835427e-02 -3.774399836230803683e-04 -1.690063600291526191e-02 -3.350504532992527873e-02 -5.112106896607911122e-02 -6.938260429307717414e-02 -8.885152717130712086e-02 -1.092240888894514816e-01 -1.310053811080152397e-01 -1.547508016028691369e-01 -1.803848771232884618e-01 -2.084090741793687140e-01 -3.015930579161572589e-01
1.279327588572333300e-02 4.136860383786226253e-02 6.801179014123079347e-02 9.452188049048385055e-02 1.208828512927360432e-01 1.472975719735280520e-01 1.734411918163089039e-01 1.995224468555245600e-01 2.252204769064340972e-01 2.508445776022927287e-01 2.761046524386904233e-01 3.008381038419504216e-01 3.260873047223660226e-01 3.500834900350470735e-01 3.740365199860130607e-01 3.980571714523484239e-01 4.213769453740682236e-01 4.441874486974911607e-01 4.665569376189193096e-01 4.879955271023579955e-01 5.090326944979097767e-01 5.290896458621395793e-01 5.484745497364871269e-01 5.663493820559252212e-01 5.833737827181951774e-01 5.989146059680332534e-01 6.134311591902921190e-01 6.265647432577782228e-01 6.386801390662673050e-01 6.503329153679177077e-01
-1.256825792601987644e-02 -3.369390509700605912e-02 -5.525184073782769129e-02 -7.705091536009869846e-02 -9.913726882563853038e-02 -1.217202216376925134e-01 -1.445448715500581849e-01 -1.680596457971182955e-01 -1.915542055745081407e-01 -2.159698910748729661e-01 -2.407314473925132869e-01 -2.658730746446188453e-01 -2.919863892923276749e-01 -3.181921032570695917e-01 -3.447095018032983460e-01 -3.723723816812872234e-01 -3.995988620044107487e-01 -4.275988878801106341e-01 -4.553865074392118295e-01 -4.829670943319603893e-01 -5.103103047480580523e-01 -5.375366941044651403e-01 -5.645604030385054095e-01 -5.904319831854887290e-01 -6.156753064063509306e-01 -6.396617868487768366e-01 -6.631343375298575094e-01 -6.853645239566650282e-01 -7.066734594671988390e-01 -7.482771727607575585e-01
-1.860295614933315383e-02 -6.230229459858540458e-02 -1.025197828596107474e-01 -1.430437984622952297e-01 -1.833991046681945347e-01 -2.239048284361985497e-01 -2.639906932281362306e-01 -3.033596732532756191e-01 -3.416069717367777869e-01 -3.791622720680935532e-01 -4.156921247045465839e-01 -4.505252412170402954e-01 -4.846672205303279579e-01 -5.163537263749813366e-01 -5.466211115994573655e-01 -5.750452756413356736e-01 -6.011983369558664414e-01 -6.252019505098123098e-01 -6.465179189303100760e-01 -6.648183751683955922e-01 -6.806678560801407984e-01 -6.936855712855385381e-01 -7.045027149972188374e-01 -7.114997881205545882e-01 -7.166187148925602379e-01 -7.190842683565340510e-01 -7.197224844484966244e-01 -7.185230673083342623e-01 -7.155842970461550046e-01 -6.911354116363970235e-01
2.967180761026557995e-03 4.611421279794421235e-02 8.212752843930568036e-02 1.169141234495473247e-01 1.485539740999796410e-01 1.770328584959349194e-01 2.023712898599423216e-01 2.221213006071942053e-01 2.379076599983183105e-01 2.481595724474101594e-01 2.544093795100715316e-01 2.553388098727242816e-01 2.519837078390674834e-01 2.434839607734619604e-01 2.322502970131749001e-01 2.156559113961711016e-01 1.978713731477941828e-01 1.766717463911507136e-01 1.538763431484758692e-01 1.294776431517308535e-01 1.052144798287026617e-01 8.004227485613500670e-02 5.524223289117620450e-02 3.089970855093653740e-02 8.058828277775287666e-03 -1.322003308729991986e-02 -3.322316579827840066e-02 -5.101462461712747559e-02 -6.692861113093213909e-02 -9.179358843245537247e-02
1.869905512529548147e-02 4.881215906330831078e-02 8.081895066253613757e-02 1.132435748804598574e-01 1.460617412580666741e-01 1.794074919203261509e-01 2.128861270480023049e-01 2.471018690153247988e-01 2.813440374582880654e-01 3.164018396038959513e-01 3.516554305615043896e-01 3.871905482801722420e-01 4.243494695039706777e-01 4.609196483464655936e-01 4.982698668885067184e-01 5.372383712571047187e-01 5.759925999408125330e-01 6.156930099179638294e-01 6.558990713897595581e-01 6.962242844496568939e-01 7.371958885992064836e-01 7.783964493890296321e-01 8.199520766009265049e-01 8.609560083150501475e-01 9.017863887207921980e-01 9.416229727727627452e-01 9.812810693178587451e-01 1.019856896585881634e+00 1.058094703091657873e+00 1.136313479150641070e+00
9.859793415187974655e-03 3.135550653547504452e-02 5.137098895275320209e-02 7.118371618177388171e-02 9.061726537020754757e-02 1.097786599929341800e-01 1.284717728147312665e-01 1.466553524895219396e-01 1.642728386848662236e-01 1.813778708932039518e-01 1.979224955874389624e-01 2.137319324462166048e-01 2.296242087023233902e-01 2.443173914642653988e-01 2.588921728002846478e-01 2.732375670533475631e-01 2.872099064635471044e-01 3.007413331579288363e-01 3.141335381518536307e-01 3.270362566187779430e-01 3.399967135673332419e-01 3.525042793888384374e-01 3.648588994946362907e-01 3.766311968508597730e-01 3.881899810521628469e-01 3.991476601995671558e-01 4.097556660837788356e-01 4.198171980798759972e-01 4.295997933955542636e-01 4.439320765503116384e-01
-2.181196938537121807e-02 -5.558975766199318602e-02 -9.211287916747340487e-02 -1.295121878095037982e-01 -1.675472660206046571e-01 -2.063731739457848324e-01 -2.455273862301473042e-01 -2.854669094286372277e-01 -3.252297508108393242e-01 -3.660048099902808438e-01 -4.069960034105768454e-01 -4.481819136392592995e-01 -4.906179776753198940e-01 -5.325790059693862322e-01 -5.748644886894369588e-01 -6.184413344973592741e-01 -6.612308847715797633e-01 -7.048939743844292449e-01 -7.482107987377222269e-01 -7.911203945296607642e-01 -8.339360026944082627e-01 -8.767066396246844251e-01 -9.194908762029725402e-01 -9.610601785206801528e-01 -1.002243597568125866e+00 -1.042177729866780922e+00 -1.082059976867270734e+00 -1.120907723785501187e+00 -1.159353860771811684e+00 -1.244115713050901517e+00
5.218077089009282368e-03 -1.267210724104786759e-02 -2.630475734662815132e-02 -3.960518049669629892e-02 -5.233987147546525359e-02 -6.474774189115985179e-02 -7.665727151660045591e-02 -8.768824639658670539e-02 -9.788230387388381637e-02 -1.072319882960082460e-01 -1.158234389945280995e-01 -1.231999232473866279e-01 -1.295058856219410970e-01 -1.345527640703298444e-01 -1.384385874009330386e-01 -1.406740777730378922e-01 -1.416517972131008662e-01 -1.410053182050994280e-01 -1.385468414074740862e-01 -1.342355646693720872e-01 -1.281194755344209624e-01 -1.200698455551123811e-01 -1.103979819761987391e-01 -9.826740383709917093e-02 -8.474494959518628912e-02 -6.953444110280940227e-02 -5.279237282395420755e-02 -3.473148058467395716e-02 -1.510705010231817164e-02 4.390791098140821996e-02
-2.523982964110776245e-02 -5.873754722877002482e-02 -9.700216488167957840e-02 -1.373688611507451751e-01 -1.803416886207367120e-01 -2.261457814303315106e-01 -2.738412444352410491e-01 -3.249430533735262472e-01 -3.775268635619564717e-01 -4.333591670100974680e-01 -4.907518244033000077e-01 -5.498166607059553623e-01 -6.117037713844928337e-01 -6.736598089327511252e-01 -7.361261250829428393e-01 -8.006671872282848934e-01 -8.631712816143740641e-01 -9.257762503651645325e-01 -9.866026654920037053e-01 -1.045019614426675236e+00 -1.101016565826531624e+00 -1.154619290198477310e+00 -1.205878493373885973e+00 -1.252668521817446035e+00 -1.296696021619898165e+00 -1.336751772275411421e+00 -1.374471391578451662e+00 -1.408848678014468003e+00 -1.440750457332258927e+00 -1.488784175792070341e+00
3.881836040082486429e-04 -1.359453808822957618e-02 -2.338673168121273988e-02 -3.244938002742149552e-02 -4.038405291251702389e-02 -4.737154908373199941e-02 -5.344774681195201688e-02 -5.799365768619875461e-02 -6.131284525661272883e-02 -6.328838473404128917e-02 -6.429664079866748150e-02 -6.390040702111594861e-02 -6.219027450272311686e-02 -5.945032469274012799e-02 -5.578349784202207146e-02 -5.066549889124705164e-02 -4.504331271198942083e-02 -3.856647652719180641e-02 -3.120222033638553674e-02 -2.316137044897333477e-02 -1.455936895846708656e-02 -5.358818501111380257e-03 4.219758295116953113e-03 1.453505410936737144e-02 2.505437221157437791e-02 3.588142333152018887e-02 4.703001308880654097e-02 5.834314799409995311e-02 7.012188730391401281e-02 9.933481868147633898e-02
-5.897945680788231268e-03 -5.006556514874476935e-03 -1.016196682983686039e-02 -1.704652842836990034e-02 -2.564229300664884817e-02 -3.579853076391940198e-02 -4.718513384226800944e-02 -6.026695446568696574e-02 -7.433154099183368613e-02 -8.995558752224949717e-02 -1.064553904461334882e-01 -1.239853995114831575e-01 -1.425226210184032671e-01 -1.615293646263183669e-01 -1.807397609065054811e-01 -2.007310981491740032e-01 -2.199691887140420299e-01 -2.395048758983739645e-01 -2.582991804803310698e-01 -2.763869194221638681e-01 -2.936390885441814147e-01 -3.104113561727380177e-01 -3.266475424814195283e-01 -3.418913205428703583e-01 -3.566645028231759662e-01 -3.708169792454854008e-01 -3.849873932672019383e-01 -3.989544873282580006e-01 -4.130297956027921824e-01 -4.491636513487898275e-01
3.966575715852470319e-02 1.101560830485760478e-01 1.831821100517843082e-01 2.572494881029364633e-01 3.314457132291879771e-01 4.059900284076646271e-01 4.799583925743290402e-01 5.535934825334098974e-01 6.259845782962444316e-01 6.981060238705805165e-01 7.692926517125017183e-01 8.390652596066681124e-01 9.100931382823072013e-01 9.781281890314297289e-01 1.046223037338678941e+00 1.114923154408279160e+00 1.182130438997119670e+00 1.249479744090707944e+00 1.316186160824956985e+00 1.381701564089782064e+00 1.447504192587265592e+00 1.512644039446078725e+00 1.577946623859737496e+00 1.641392162516086106e+00 1.704629736732189205e+00 1.766142190906046405e+00 1.827558968126435479e+00 1.887640817820318562e+00 1.947618680966507920e+00 2.073718455081656753e+00
-6.725118931784826578e-04 -1.401910179877064941e-02 -2.377369978999816294e-02 -3.311663050361847438e-02 -4.168197925826341854e-02 -4.962033331216975790e-02 -5.688583772524088283e-02 -6.291168996773303934e-02 -6.792336931684318790e-02 -7.178606553498620424e-02 -7.476250402629076863e-02 -7.642187002856742906e-02 -7.680553483527442771e-02 -7.605520236558034608e-02 -7.425000463446372601e-02 -7.080884295534030370e-02 -6.654167698436776190e-02 -6.106479993585887944e-02 -5.429743087020143938e-02 -4.638004142737134350e-02 -3.742126438285439671e-02 -2.737844983569175106e-02 -1.651987731685302177e-02 -4.415543588846109965e-03 8.209577237827121732e-03 2.146456308930735565e-02 3.529403045047239257e-02 4.944234874187607154e-02 6.418512682109739353e-02 1.015809600395530810e-01
8.582595021371479393e-03 9.166035672087473676e-03 1.569162471848700030e-02 2.309996547374642412e-02 3.144205342749216425e-02 4.053367023143162468e-02 5.025475607817289636e-02 6.119868409232089718e-02 7.289029908614870490e-02 8.579175542290920498e-02 9.945683187201852238e-02 1.142790843110886856e-01 1.307789375136574062e-01 1.479666202782562168e-01 1.664022370973520237e-01 1.869614430919737669e-01 2.082425410467637072e-01 2.312819735731854176e-01 2.558298957219950487e-01 2.817914759250050860e-01 3.093688699472832981e-01 3.385625001141677193e-01 3.691854331561642555e-01 4.013932433287923929e-01 4.346317056551372571e-01 4.687210121262742613e-01 5.040501786848770038e-01 5.399724464280830638e-01 5.771000510626312918e-01 6.707632096065793137e-01
8.375268109562197154e-04 -1.333400831349126903e-02 -2.554040670435774041e-02 -3.670083386360260130e-02 -4.534929650841162951e-02 -5.137024275668956863e-02 -5.519803526423443935e-02 -5.503319519827076789e-02 -5.208194927694263787e-02 -4.562906037788532626e-02 -3.688658488186156298e-02 -2.525710777411369415e-02 -1.087230694441500452e-02 5.283026119813423634e-03 2.249979969490549514e-02 4.186935518495130126e-02 6.055178795704287131e-02 7.908493706430651249e-02 9.691969210335873997e-02 1.132118767672954385e-01 1.272819660308142364e-01 1.390333617296626856e-01 1.481819949900801681e-01 1.539584258519030580e-01 1.567461917508468638e-01 1.562236267397571765e-01 1.525921716088452229e-01 1.457148018061076300e-01 1.359052643777601821e-01 8.073528469918096750e-02
1.005955790228473326e-02 4.430109571906677007e-02 7.505424944965868872e-02 1.057730016639540777e-01 1.356459779872321858e-01 1.647402082412746105e-01 1.927107421385374497e-01 2.186246752705188479e-01 2.429263146876233792e-01 2.650074081966585782e-01 2.852123260002675798e-01 3.028064926906269827e-01 3.187595443239590320e-01 3.314190899071486895e-01 3.425035667736753831e-01 3.506770681142735158e-01 3.572406640436298075e-01 3.611230622581841354e-01 3.631189099865292369e-01 3.627803803230822965e-01 3.612068088288911127e-01 3.575596894051678021e-01 3.527288481671140841e-01 3.461164215938240529e-01 3.389969474690458506e-01 3.310703648372520513e-01 3.225462097682765816e-01 3.139083907623524405e-01 3.051989947310215223e-01 2.775293879468099800e-01
-3.581356884875369108e-03 -8.052289949742207423e-03 -1.501558627955178887e-02 -2.291218392405239973e-02 -3.146830702302895466e-02 -4.061871905609530653e-02 -5.015377857417750024e-02 -5.998852964195208054e-02 -6.988740411503201189e-02 -8.003761177514630287e-02 -9.021141526945158917e-02 -1.002835217220203468e-01 -1.102559908142851236e-01 -1.198938488211502840e-01 -1.291328885946689264e-01 -1.379510871105205649e-01 -1.459901173410307618e-01 -1.536138575062573619e-01 -1.602658406107160538e-01 -1.660384412426647305e-01 -1.709673383127305879e-01 -1.752460852173894912e-01 -1.789923974878234736e-01 -1.818406805951292560e-01 -1.843953507785551227e-01 -1.865842921196282922e-01 -1.887843734728413825e-01 -1.910437517430204624e-01 -1.934252986769281479e-01 -2.027116920172971071e-01
-3.384023116038711171e-02 -9.142249834618806914e-02 -1.543444591702327062e-01 -2.192606814061043019e-01 -2.855346371146251783e-01 -3.532674123786239684e-01 -4.215305824023329873e-01 -4.907828889962622676e-01 -5.595870303938113022e-01 -6.294950737477444935e-01 -6.992600550722600783e-01 -7.686341711214373928e-01 -8.394554286372382101e-01 -9.084064079578054729e-01 -9.772217309440545119e-01 -1.046854884447577128e+00 -1.114474090249151228e+00 -1.182126525120860139e+00 -1.248297483754507331e+00 -1.312640686026179004e+00 -1.376056986400307158e+00 -1.438342977882305362e+00 -1.499969514602369935e+00 -1.558982780729001316e+00 -1.617167879227595195e+00 -1.673258806554897005e+00 -1.729153725781015227e+00 -1.783732353182740926e+00 -1.838030004132636508e+00 -1.957565827030860017e+00
-2.470098907255207157e-02 -7.882269713238042319e-03 -1.418973504320976756e-02 -2.755413292380034379e-02 -4.942958962225726255e-02 -7.936207515051341144e-02 -1.156994977445115480e-01 -1.619254396842216004e-01 -2.144293452081134643e-01 -2.755844053658289550e-01 -3.420036198934492955e-01 -4.146343639778803380e-01 -4.936307327074155316e-01 -5.755763031944043373e-01 -6.592977743451178263e-01 -7.477313667910606698e-01 -8.329560245079155045e-01 -9.185606027250616812e-01 -1.001208653042243490e+00 -1.079837812892177729e+00 -1.153600407790132953e+00 -1.223316136479049687e+00 -1.288631976556201320e+00 -1.347557835062745513e+00 -1.402095299624384950e+00 -1.451483443315046973e+00 -1.497989757308837433e+00 -1.540926267805948990e+00 -1.581793645469554033e+00 -1.656387901097062576e+00
3.393228888255517273e-02 1.177420681974103572e-01 1.986972241730408095e-01 2.801524931546621744e-01 3.602063219358500046e-01 4.390158892383285161e-01 5.157252585694368507e-01 5.888800413056978211e-01 6.587164539454316570e-01 7.249303562531409506e-01 7.878101828349445279e-01 8.460324362967365230e-01 9.021555574783234333e-01 9.521917000096979944e-01 9.999106990002119000e-01 1.043752166390399028e+00 1.084734899725345425e+00 1.122446290244653921e+00 1.157343360220707051e+00 1.188853362335119623e+00 1.219229077558699803e+00 1.247093186768409190e+00 1.274039515258939437e+00 1.298323979144742513e+00 1.322484225589048323e+00 1.345420558902566954e+00 1.368324685372304783e+00 1.391188239308048580e+00 1.414620602199003541e+00 1.462620505529289350e+00
-4.104612006608395793e-03 -1.334596900794004365e-02 -2.276852085038978332e-02 -3.130971262282199186e-02 -3.840447805880571608e-02 -4.406185129707876347e-02 -4.865545708629258337e-02 -5.168941195297357266e-02 -5.343624634746288460e-02 -5.421810279812220440e-02 -5.442623836667554588e-02 -5.410567247334714669e-02 -5.349136413867307954e-02 -5.323254997131980637e-02 -5.351450216865769743e-02 -5.480502863259134605e-02 -5.750967564027188034e-02 -6.247466910452340733e-02 -6.939054302556899034e-02 -7.895316832346044311e-02 -9.127384265040172640e-02 -1.066879106272136668e-01 -1.249151402815445178e-01 -1.463115107173844909e-01 -1.700383387048958472e-01 -1.960022968475078065e-01 -2.243706632304253989e-01 -2.543923741855136922e-01 -2.861596909851906179e-01 -3.803242074769452863e-01
