1.833093315536732382e-02 5.104118649366216204e-02 8.860684630747131529e-02 1.292077258381969795e-01 1.718904233608262722e-01 2.159186158514455889e-01 2.606476216286414682e-01 3.054170985994864029e-01 3.496485020315903136e-01 3.926965762224549628e-01 4.341637644843996946e-01 4.734574002966470130e-01 5.101499509894605877e-01 5.436468920213061162e-01 5.733525796326734980e-01 5.990486306504602121e-01 6.200713861979137986e-01 6.360824857369008489e-01 6.469663865345155473e-01 6.525546901861715154e-01 6.530333940863213282e-01 6.486088941541243713e-01 6.399330291799759651e-01 6.276404980384254761e-01 6.126123323917924690e-01 5.956493258288122483e-01 5.775844700529214615e-01 5.592871991909128537e-01 5.413693847634515333e-01 4.939823461431234186e-01
1.116038449148791176e-02 5.021517389399185460e-02 8.531190932405509353e-02 1.200645385923030939e-01 1.539861198331091974e-01 1.865465689487168788e-01 2.173249072215029387e-01 2.459596457343286302e-01 2.721382767083497800e-01 2.955807816368541396e-01 3.161979572979285447e-01 3.338429440188727670e-01 3.485599196938010680e-01 3.602106753826446184e-01 3.688256845498289471e-01 3.746309450748031566e-01 3.775869500651022892e-01 3.777918015969298771e-01 3.755337031285029825e-01 3.709427681768064367e-01 3.642668603689671603e-01 3.556897775100627546e-01 3.456132570455134889e-01 3.343422570637549218e-01 3.222603981874340162e-01 3.096892244036723585e-01 2.969281983783725876e-01 2.843004028085517887e-01 2.719924196924392024e-01 2.388784904635820050e-01
-2.654865386642159437e-03 -2.759863740082528494e-02 -4.363468845136309060e-02 -5.741228471201885453e-02 -6.914475351982986295e-02 -7.872939333766554304e-02 -8.607608884253478698e-02 -9.117285717630350950e-02 -9.394723477360214514e-02 -9.440405061808714027e-02 -9.260976602360776466e-02 -8.869210408100590415e-02 -8.279528224930941815e-02 -7.504332906031986605e-02 -6.563157556044280083e-02 -5.484095179271095133e-02 -4.280137563893327696e-02 -2.970785416470042226e-02 -1.581423795458138104e-02 -1.219296522668086250e-03 1.398629079160748287e-02 2.972625662002010422e-02 4.596166848929094523e-02 6.267975680864783239e-02 7.993637678221568454e-02 9.765335576531944395e-02 1.159584986687393765e-01 1.347312154549722418e-01 1.541517439374483489e-01 2.061318217896276894e-01
2.065111991827497852e-03 6.297714638259758677e-03 1.016045320451757980e-02 1.372931313548487672e-02 1.698615500983924331e-02 1.994668539282557634e-02 2.265094171866375433e-02 2.512342906520086475e-02 2.742579793307455341e-02 2.962098377262308707e-02 3.177629671094580471e-02 3.395261289958831363e-02 3.626642911927217133e-02 3.878850044273705888e-02 4.165521564424868456e-02 4.494934184199101540e-02 4.881793849679783026e-02 5.333881276577857877e-02 5.859330126641210112e-02 6.465313650380735688e-02 7.154804419526458736e-02 7.923767685119176285e-02 8.769554976984267336e-02 9.683820228806956643e-02 1.066002894683676233e-01 1.168011379970455565e-01 1.273813530220989365e-01 1.381224105881515563e-01 1.489787901279056026e-01 1.737757597574424162e-01
2.403094636750346610e-03 2.101811776246880620e-02 3.320699764735123016e-02 4.426181519505963113e-02 5.447011797629161545e-02 6.385684384613395104e-02 7.242117775066353458e-02 8.009517956461523203e-02 8.685597131300426543e-02 9.264770187359638864e-02 9.746700211362513411e-02 1.012847218390836579e-01 1.041328769717726199e-01 1.059433005757794560e-01 1.067382179149460320e-01 1.065470635125564669e-01 1.053054844118961886e-01 1.029725332670177601e-01 9.954083371484426235e-02 9.493026688966178794e-02 8.907275127229392908e-02 8.184767122888922386e-02 7.326816851142739506e-02 6.328583180016539300e-02 5.189325486762082912e-02 3.909747293759912451e-02 2.489393713082729831e-02 9.254061629076198309e-03 -7.938523573613421799e-03 -6.709951491968262072e-02
2.791026566466740105e-02 6.178968856469801291e-02 1.021566569637197136e-01 1.448936649739578919e-01 1.899291293298027983e-01 2.374574340272958828e-01 2.876373341675913520e-01 3.404217138644866081e-01 3.957753479062361412e-01 4.535917815058368441e-01 5.138303954950249608e-01 5.762676108983033618e-01 6.405694754822510717e-01 7.065870276467225430e-01 7.737725667931426576e-01 8.418201541023113688e-01 9.102051062903651069e-01 9.784932514197876019e-01 1.046111175238167768e+00 1.112500100005001658e+00 1.177401444119173579e+00 1.240284106092302885e+00 1.300857253562643479e+00 1.358794846106713416e+00 1.414222882774056167e+00 1.466742590740651719e+00 1.516603254272666179e+00 1.563724295646045315e+00 1.608023317092412752e+00 1.682477319130230464e+00
1.775559605821453238e-02 6.664720240379612415e-02 1.120687806973542922e-01 1.572522745764405039e-01 2.018500264351666684e-01 2.454930316249719913e-01 2.878944223857262674e-01 3.287707664312193301e-01 3.678703883138044195e-01 4.049669780095448424e-01 4.400223424686457996e-01 4.729114346764919929e-01 5.036412951179376485e-01 5.321222916643172374e-01 5.583053832308879638e-01 5.823776741342925334e-01 6.042310692899081070e-01 6.238917660870497706e-01 6.415033445672772006e-01 6.570441952037913147e-01 6.706644931170172574e-01 6.823532935563095814e-01 6.923276360950841868e-01 7.006959512049654171e-01 7.077547120359155564e-01 7.135894163299840720e-01 7.184517601244641005e-01 7.225360195055401391e-01 7.258964971174375336e-01 7.201122517310649673e-01
-3.709927423218630730e-03 -2.237925494720264738e-04 4.691550431257223569e-03 9.147321088384844506e-03 1.289790974504459106e-02 1.588735383582020808e-02 1.814556050577064220e-02 1.975605321723080537e-02 2.082795720478569299e-02 2.152729196666906819e-02 2.202047999045268767e-02 2.249816781687706546e-02 2.323726400146645943e-02 2.448053997386764533e-02 2.657452679919193594e-02 2.977845354907125014e-02 3.449959910114280132e-02 4.100799105177101861e-02 4.958174925100822944e-02 6.047138401488337534e-02 7.382855540007639272e-02 8.969057479763498097e-02 1.080103478367588077e-01 1.286551917204966367e-01 1.514734949489625060e-01 1.761069346102691890e-01 2.023869453972974020e-01 2.299131795148285917e-01 2.586045400822944429e-01 3.360653910096401131e-01
4.079959159784166123e-03 -3.117948077564843164e-03 -5.467085918268044936e-03 -6.837687534234776487e-03 -7.252251346854046710e-03 -6.527899920761537529e-03 -4.490349804671292522e-03 -1.038627057208404113e-03 3.961700739127476528e-03 1.061125240608264478e-02 1.896339018762649084e-02 2.903244446001215090e-02 4.081045450445550116e-02 5.433900662631888784e-02 6.958082003939689009e-02 8.643175771125256868e-02 1.049133551226168193e-01 1.249532629861299787e-01 1.463984827227596264e-01 1.691750192496141170e-01 1.932002772150405168e-01 2.183039559399432561e-01 2.443191883774555317e-01 2.710554820356017580e-01 2.984171730732961825e-01 3.260850147361922802e-01 3.540261553488184276e-01 3.819384915127793656e-01 4.097972039403192657e-01 4.746977963567796666e-01
3.390185195626452958e-03 1.475720250807091224e-02 2.287600893827556464e-02 3.047081042121670136e-02 3.772485174648172734e-02 4.469148874974528118e-02 5.140564157616366037e-02 5.783688909567609449e-02 6.399785290188719777e-02 6.986806011916700532e-02 7.545478493334689674e-02 8.073531547510628958e-02 8.572897072944848929e-02 9.039212475842538230e-02 9.472943555998000753e-02 9.873511142731632162e-02 1.023680927116627504e-01 1.055815266375671330e-01 1.083361028660712322e-01 1.105623278458223308e-01 1.121979125392995186e-01 1.131229731604073141e-01 1.133174775279835317e-01 1.127105321411896316e-01 1.112842620686601419e-01 1.089735888336275382e-01 1.057772922541470595e-01 1.016060612533410679e-01 9.638406025786415421e-02 7.115382357267256708e-02
4.792025410819458417e-03 5.442027748616467403e-02 9.379988398080538192e-02 1.291628551876840281e-01 1.605634867043265468e-01 1.879313974155332467e-01 2.113413774901825026e-01 2.309896942976818468e-01 2.470516662548701281e-01 2.598872586169890808e-01 2.699337373136960760e-01 2.777273255512405226e-01 2.839558129222243821e-01 2.892508690600079091e-01 2.944617980529478096e-01 3.003932362392780497e-01 3.079097324916151845e-01 3.176860598927564450e-01 3.304331439496710487e-01 3.465963007316666955e-01 3.664566846242993670e-01 3.899775627661422606e-01 4.169584058741670485e-01 4.469854297115070652e-01 4.796180811254840415e-01 5.140886666595602117e-01 5.498737328424918580e-01 5.862467425492183803e-01 6.226912027039220865e-01 7.060997151293000318e-01
-5.740654771341479820e-03 -4.817402648310195601e-02 -8.697689081892526208e-02 -1.249507948923017364e-01 -1.609803947675274849e-01 -1.940351094275521993e-01 -2.233296672695603557e-01 -2.483827304359412791e-01 -2.686797602334710655e-01 -2.838796054069436248e-01 -2.938983269267672060e-01 -2.986804182035616706e-01 -2.984238933042441255e-01 -2.931312415556763806e-01 -2.830775904224160366e-01 -2.688499655735144267e-01 -2.506976514203431705e-01 -2.290852764401901664e-01 -2.048071458758380370e-01 -1.784016631289875310e-01 -1.505087425199989892e-01 -1.218046825641870834e-01 -9.301575865515279706e-02 -6.480540999375192235e-02 -3.773355274733453113e-02 -1.246714865337561831e-02 1.065548461585028896e-02 3.095835535650814235e-02 4.806392982334040109e-02 6.248783922536890745e-02
7.703418319674074609e-03 2.165876918109528593e-02 3.854380937833179477e-02 5.745777022568954173e-02 7.815461589936545383e-02 1.004522231508850061e-01 1.241514519460019256e-01 1.489385629735766048e-01 1.745700730087333397e-01 2.006985983201476365e-01 2.270831134662064654e-01 2.533365415139695598e-01 2.791113721262244440e-01 3.039963429573013243e-01 3.275035312328195003e-01 3.493186058027246688e-01 3.688931854740197247e-01 3.858503958961274072e-01 3.998653787713065677e-01 4.106311172129720743e-01 4.180587689754720615e-01 4.220504105600329514e-01 4.228154794301716701e-01 4.205627612967579032e-01 4.157062531703425989e-01 4.085897806153742651e-01 3.996656916851151209e-01 3.893261816732638825e-01 3.778332056701746988e-01 3.347347644112603771e-01
4.763928474439490905e-03 -1.792580223268564615e-02 -3.177260241001229196e-02 -4.281185015604595939e-02 -5.093754634638943124e-02 -5.582261598352933341e-02 -5.723987508962014720e-02 -5.515879700184555395e-02 -4.948877105611573790e-02 -4.028406832005435034e-02 -2.767777050872264819e-02 -1.191747801000908429e-02 6.641659755185522034e-03 2.773467320395324107e-02 5.086989972967763396e-02 7.551642313982867560e-02 1.012180621714001971e-01 1.275062875696080789e-01 1.537775848156624214e-01 1.796270638312910672e-01 2.047446936811294915e-01 2.288189055451401999e-01 2.516699067308676985e-01 2.731739327945438278e-01 2.933921201665038447e-01 3.122286333902997146e-01 3.298784251310525883e-01 3.462802376782149749e-01 3.615559421085368652e-01 3.870070633253523962e-01
-2.032089859788407081e-03 -2.399119442580974898e-02 -3.942876675981919765e-02 -5.346478007464938037e-02 -6.630495627729653119e-02 -7.789713439493491098e-02 -8.817574845044824638e-02 -9.710582467984532617e-02 -1.045988171433321484e-01 -1.106055527647446662e-01 -1.151356351255100607e-01 -1.182206405501024654e-01 -1.198727813538455478e-01 -1.201178015276725269e-01 -1.189696979346568928e-01 -1.165573440448425396e-01 -1.128292489010398747e-01 -1.078317895232414336e-01 -1.016398318507075460e-01 -9.421018937574815455e-02 -8.555014129707042003e-02 -7.565525063944100737e-02 -6.453190427554893194e-02 -5.218402345027926825e-02 -3.861012482186389205e-02 -2.391546938189894472e-02 -8.059766047737828773e-03 8.773587344194162113e-03 2.672193996688294881e-02 7.953913451974625737e-02
1.380924289347341787e-02 3.845919298848741313e-02 6.258903941953475325e-02 8.687613165988636310e-02 1.113426322004331392e-01 1.360304820680801052e-01 1.609823885537439714e-01 1.861591204873910832e-01 2.115479020860863701e-01 2.371153488712882951e-01 2.628873451977011277e-01 2.888167330844834124e-01 3.148720065880867280e-01 3.410338142765832470e-01 3.672060568038103545e-01 3.933824867614583720e-01 4.194544550681480466e-01 4.453339640761802554e-01 4.709095765408570777e-01 4.960254038075040395e-01 5.206239546959391395e-01 5.444908578799771970e-01 5.675408704551793138e-01 5.896213801472401927e-01 6.107623151914122195e-01 6.307495709076518242e-01 6.496471172785284187e-01 6.673411797379521504e-01 6.837496157225735338e-01 7.068822200807992617e-01
-3.560058430745047763e-03 -3.142939087263659642e-02 -5.475281745774666226e-02 -7.714193570893955465e-02 -9.905101891558494576e-02 -1.207357389687013782e-01 -1.423777912828953496e-01 -1.640851922135810603e-01 -1.858960234057033811e-01 -2.078510787016321637e-01 -2.300253722997248895e-01 -2.524645090606159048e-01 -2.750883501066560544e-01 -2.979706210856308268e-01 -3.209615387605590509e-01 -3.440557944238218924e-01 -3.670591356187420384e-01 -3.898593859728012312e-01 -4.122409151140997152e-01 -4.338955662298897287e-01 -4.546335976396700951e-01 -4.741316403028243975e-01 -4.920834514534251913e-01 -5.081767359819432395e-01 -5.222463569191603261e-01 -5.340350150298474041e-01 -5.434174351932965497e-01 -5.503514780199284528e-01 -5.545019386428449160e-01 -5.390417564630706204e-01
2.658382651857303311e-03 1.908556877122165318e-02 3.178639016110744453e-02 4.368822543242602968e-02 5.466197274037563197e-02 6.449785066782746934e-02 7.304120812242724525e-02 8.016267335314039566e-02 8.577908684243097659e-02 8.982362504800850411e-02 9.230409060575475721e-02 9.322153010688051522e-02 9.270351721662722921e-02 9.074224623453414074e-02 8.749504791183058960e-02 8.313439548914064448e-02 7.777680101357170583e-02 7.154494609863508436e-02 6.465784264449796204e-02 5.725377918835264368e-02 4.945779134023101792e-02 4.135567076590430241e-02 3.311902533959278777e-02 2.484505140259851003e-02 1.662318300123277401e-02 8.523712165711639852e-03 5.933753448110487896e-04 -7.162996323055614845e-03 -1.471585605043450318e-02 -3.464954098247312320e-02
-1.552399276891791580e-02 -3.500824886360170973e-02 -5.519504304279771595e-02 -7.528126080172167778e-02 -9.541341238693366866e-02 -1.157964130325020574e-01 -1.366118692273411428e-01 -1.580169475332355300e-01 -1.800876838244294120e-01 -2.029402042795485361e-01 -2.266910407041552999e-01 -2.514422735741272952e-01 -2.771667701465619360e-01 -3.040410345473016362e-01 -3.319830859910195553e-01 -3.610419170015997103e-01 -3.911849567893611046e-01 -4.224003456660552769e-01 -4.545577685968916204e-01 -4.874983568839723058e-01 -5.211504844031016326e-01 -5.552916908100464788e-01 -5.896374844070600973e-01 -6.238977546621644610e-01 -6.579316033242684769e-01 -6.913697307236430500e-01 -7.241011709199621782e-01 -7.559917705897554185e-01 -7.868267764323019220e-01 -8.519539753155915829e-01
1.386407344276255338e-02 5.786361635550776872e-02 1.001605383187840342e-01 1.441535085456288612e-01 1.889969350673766646e-01 2.338010505727211308e-01 2.777753680966191796e-01 3.201510422484483143e-01 3.602463184118964157e-01 3.973303065659333222e-01 4.309710263909033445e-01 4.605737116860297298e-01 4.857758213706345196e-01 5.059394252267744863e-01 5.205739260584927308e-01 5.295845956871594318e-01 5.323337297307536575e-01 5.285594812018079569e-01 5.183141908438124723e-01 5.015065658214593602e-01 4.783761985815953022e-01 4.492320908855634287e-01 4.148796333159407435e-01 3.760879405670701781e-01 3.337970011258947767e-01 2.890439463717234259e-01 2.426696490691530317e-01 1.957129525138907311e-01 1.487626743206759694e-01 2.730835595839800622e-02
3.091059752298132637e-02 6.952584325067544258e-02 1.175161019289804876e-01 1.687933635048870784e-01 2.226798838663197611e-01 2.789425717616935141e-01 3.374069816260683030e-01 3.977876096956599605e-01 4.598277966705156539e-01 5.232287933625859866e-01 5.878428899924031947e-01 6.533166853686187547e-01 7.192939161424106720e-01 7.855111042907478858e-01 8.514001400338273573e-01 9.167364774813862027e-01 9.809873004112432682e-01 1.043793941253188251e+00 1.104786946802120751e+00 1.163587634671921611e+00 1.220176024034633322e+00 1.274311431489657309e+00 1.326053537305729391e+00 1.375423157408240282e+00 1.422878003533122548e+00 1.468364671557480960e+00 1.512396953556281343e+00 1.555214380896994042e+00 1.597042792926691490e+00 1.681079849771185852e+00
-1.421981256773202640e-03 1.122681776007335847e-02 2.036804786545654694e-02 2.815593046851132264e-02 3.408315953430245127e-02 3.767017445589034008e-02 3.859324252611211203e-02 3.669335736448939983e-02 3.185611710015922443e-02 2.406617122785255358e-02 1.339452907709013513e-02 -2.763434769364331300e-05 -1.584212092840139863e-02 -3.390616297624950148e-02 -5.373400098872897768e-02 -7.487724668812642537e-02 -9.685302388571925825e-02 -1.192329863483352487e-01 -1.414001174180031795e-01 -1.628559011231391074e-01 -1.832178469017446409e-01 -2.021099788994801527e-01 -2.191758152414187422e-01 -2.341608342223134576e-01 -2.469548216951431563e-01 -2.574321126104396895e-01 -2.656010678657921842e-01 -2.714935919608810755e-01 -2.749831286671156061e-01 -2.645298147786304677e-01
4.987092299697822029e-02 1.302506309546257457e-01 2.183522993366074083e-01 3.094806168894350118e-01 4.026072074409542956e-01 4.972132140214133855e-01 5.929308197302549654e-01 6.893268662197336027e-01 7.859724172612910786e-01 8.824653502934600713e-01 9.786970700318543548e-01 1.074300458017153570e+00 1.168969155920067671e+00 1.262489012452087556e+00 1.354299043606135511e+00 1.444393953263746644e+00 1.532223950766617993e+00 1.617506606112739220e+00 1.700007158811100094e+00 1.779329935892641990e+00 1.855580318742296120e+00 1.928493782374160803e+00 1.998197697948307594e+00 2.064713969121815040e+00 2.128648918494105313e+00 2.189886834415003758e+00 2.249029137875267814e+00 2.306411260008223163e+00 2.362154548053588599e+00 2.469196545837106793e+00
2.949214028739953822e-02 8.246087751362139728e-02 1.372882129431930165e-01 1.928052665667134846e-01 2.485790979728529637e-01 3.044105411386355264e-01 3.601904532986720531e-01 4.157738747151019099e-01 4.710191500989068247e-01 5.258258441302164909e-01 5.802492535390130213e-01 6.342259980784529239e-01 6.877456049790114934e-01 7.408484303200539856e-01 7.934209110298251488e-01 8.456168207037362272e-01 8.973441268616175748e-01 9.485885620804330731e-01 9.993465789067176308e-01 1.049483652521475685e+00 1.099089636300750517e+00 1.147960570686375359e+00 1.196065722924278374e+00 1.243261020337075085e+00 1.289731053120675375e+00 1.335160119152503766e+00 1.379737585147442047e+00 1.423404192408130209e+00 1.466112458035284005e+00 1.552455219687722598e+00
-5.297465465158455490e-03 -1.918546777896713157e-02 -3.238992400216309658e-02 -4.545049271230656995e-02 -5.838387769878058270e-02 -7.119127840479286262e-02 -8.386861460082063735e-02 -9.642893991237654061e-02 -1.088266246641805129e-01 -1.210481794984621107e-01 -1.331096647492623353e-01 -1.450227051946829659e-01 -1.567369161762975083e-01 -1.682956248466041804e-01 -1.796184154807755895e-01 -1.907452562318598110e-01 -2.015972678141157715e-01 -2.121649976983187580e-01 -2.224137890258833794e-01 -2.322591519354479661e-01 -2.416948690822587897e-01 -2.506720889196220048e-01 -2.591232121265654720e-01 -2.669951498359617870e-01 -2.742938111739389173e-01 -2.809883440188106207e-01 -2.870780749920378017e-01 -2.926649057522801023e-01 -2.976739958871653102e-01 -3.053328648016213065e-01
1.545905287969317511e-02 5.285940173436536049e-02 8.731302627520870496e-02 1.220767465195524842e-01 1.571132996218515265e-01 1.922784944662306317e-01 2.274236098849721222e-01 2.623047075185847010e-01 2.967207674856618405e-01 3.304219150210676026e-01 3.632979699713256849e-01 3.951234190328306028e-01 4.257280138188487828e-01 4.548822544155782799e-01 4.823080625328401427e-01 5.079310862002671678e-01 5.313888802251772736e-01 5.524705671207446045e-01 5.710169380395277994e-01 5.867767976898822235e-01 5.996961599057716308e-01 6.096045922702890696e-01 6.166106518113378954e-01 6.207599281347271347e-01 6.223197465116233618e-01 6.214142185664444096e-01 6.183235611905864015e-01 6.132776086941774674e-01 6.063088081914331795e-01 5.656467913813183479e-01
-1.157669667697655731e-02 -3.676144800047070199e-02 -6.063381028596559474e-02 -8.429172643762992967e-02 -1.078255164637213909e-01 -1.312939048163710987e-01 -1.547385228696416815e-01 -1.781868208788114361e-01 -2.015978839102448572e-01 -2.249609307174026407e-01 -2.483146473134179577e-01 -2.716698503399275211e-01 -2.949509989250236885e-01 -3.182181289358215204e-01 -3.413341455605795605e-01 -3.643398465974027056e-01 -3.870975349923707620e-01 -4.095601241600067555e-01 -4.316266320250602417e-01 -4.531250094788323302e-01 -4.740093395975990553e-01 -4.941251482380071836e-01 -5.133295395750073764e-01 -5.314767344933105653e-01 -5.485562046545288117e-01 -5.644310785548393161e-01 -5.790981464460566164e-01 -5.926266379831133246e-01 -6.048698500214686469e-01 -6.224271212987969593e-01
-1.359329245584755923e-03 -2.832488023587097573e-02 -5.078345358911455498e-02 -7.057858140472877961e-02 -8.801169162115482503e-02 -1.033726753930469672e-01 -1.169851995865080208e-01 -1.292527268439291888e-01 -1.404653476478292251e-01 -1.510621240669873522e-01 -1.614600180339184621e-01 -1.721662780560198336e-01 -1.836057668759612793e-01 -1.964017903797257436e-01 -2.110657208814517294e-01 -2.280959280994034888e-01 -2.480751374884683225e-01 -2.714385411546197946e-01 -2.984851355570610210e-01 -3.293686662532464005e-01 -3.641486313555364895e-01 -4.026175573788294271e-01 -4.442863109144442602e-01 -4.885727346871925336e-01 -5.349119574755376583e-01 -5.824462965257451996e-01 -6.306033080756167086e-01 -6.787181322068923661e-01 -7.262236831272276261e-01 -8.361980380969641358e-01
4.198222340688945523e-03 3.996076172996373965e-02 5.950986658206384311e-02 7.511309777339482407e-02 8.750830106106531614e-02 9.682005125585922689e-02 1.031438011506875391e-01 1.065350717775907785e-01 1.070751522633154040e-01 1.048714928122379264e-01 1.000836613299204841e-01 9.292724648504278873e-02 8.371092418217043751e-02 7.259333801595184432e-02 5.995830316563848655e-02 4.613201195907776220e-02 3.135809498655760946e-02 1.583744039578373689e-02 -1.824067645894386115e-04 -1.664636390713998895e-02 -3.360308893040535316e-02 -5.120808285081483724e-02 -6.955926188794890608e-02 -8.887498188337732141e-02 -1.094223109700836472e-01 -1.313860942773381613e-01 -1.550706550688371599e-01 -1.807272091723395591e-01 -2.087775591226652405e-01 -3.019338788295090059e-01
1.265916642424990031e-02 4.129342936025605371e-02 6.804446793082538636e-02 9.464375772950045507e-02 1.211160897264244724e-01 1.474615257173965133e-01 1.736878685463761618e-01 1.997328008432860957e-01 2.255608894332401526e-01 2.511235797429720029e-01 2.764485850096867203e-01 3.014953709849763075e-01 3.262571510391781837e-01 3.507172085762665925e-01 3.748132337992310936e-01 3.985826468152627311e-01 4.219352216781563913e-01 4.448131358753661391e-01 4.671547051933171990e-01 4.888275380358663158e-01 5.097963579620806707e-01 5.298680899439385250e-01 5.489879827131383117e-01 5.670242996941685654e-01 5.840162179308614476e-01 5.997819407887946541e-01 6.143823546860291973e-01 6.277284599349777228e-01 6.397265381239543025e-01 6.513629022371825172e-01
-1.252916673175918406e-02 -3.355881485812298864e-02 -5.526560552193720416e-02 -7.713292889215776771e-02 -9.921654421713224647e-02 -1.216208073345673851e-01 -1.444323370653958771e-01 -1.677166316923392464e-01 -1.914681877542234456e-01 -2.157095015537808247e-01 -2.404934510006297987e-01 -2.658407192493390525e-01 -2.916653647507931879e-01 -3.180505824725877728e-01 -3.448419240644325368e-01 -3.720513522552546526e-01 -3.995506964296186014e-01 -4.272806783714065415e-01 -4.551007204010478757e-01 -4.828287269282716676e-01 -5.104066696649187662e-01 -5.376558057914133659e-01 -5.643869468002025158e-01 -5.904138725967542634e-01 -6.157020348998123449e-01 -6.400393544779549027e-01 -6.634127274890995185e-01 -6.858320630499274984e-01 -7.071567704755484796e-01 -7.485953637727671417e-01
-1.893988283589580213e-02 -6.228622115328158459e-02 -1.026287497225398943e-01 -1.430210823893194871e-01 -1.833956834439603722e-01 -2.235875709773759989e-01 -2.634291359933924603e-01 -3.027345046009329854e-01 -3.412612066288243096e-01 -3.787827820407222990e-01 -4.152182343721899094e-01 -4.504085166982866317e-01 -4.841521624521589184e-01 -5.163288572850212033e-01 -5.466245800239650787e-01 -5.750561715635367221e-01 -6.012558434388558526e-01 -6.250830238685084472e-01 -6.464203288725117735e-01 -6.650201446906301994e-01 -6.808810736883516013e-01 -6.939000045723239252e-01 -7.041328008938733118e-01 -7.116260610854695523e-01 -7.166293197145070515e-01 -7.192999850553588592e-01 -7.198705204168536209e-01 -7.187447788289399453e-01 -7.159095970985075441e-01 -6.911288315314088049e-01
3.142850021961846388e-03 4.627655999095364042e-02 8.244217547102482280e-02 1.168809423557101435e-01 1.488120148722691938e-01 1.774099345049346688e-01 2.020645399649196317e-01 2.223799187096449637e-01 2.380049578786440356e-01 2.487196410002654734e-01 2.545305557756583625e-01 2.554673829954430819e-01 2.518759422790650127e-01 2.438096947324751573e-01 2.317199349710674372e-01 2.162038658313167883e-01 1.976498841570967779e-01 1.765291004230039318e-01 1.536162095855442555e-01 1.294349853784446946e-01 1.045076398679498086e-01 7.931061346280698920e-02 5.443345886238950410e-02 3.031761176461443899e-02 7.322676424208865269e-03 -1.418254052838884352e-02 -3.401603074329366538e-02 -5.191187106026463882e-02 -6.766998106178619132e-02 -9.243130367700774785e-02
1.849652679752378237e-02 4.849048059867756832e-02 8.053296429129871981e-02 1.130505195232712340e-01 1.458878552530951389e-01 1.790703918608284595e-01 2.126610291038938394e-01 2.466606998707190079e-01 2.810806204815211595e-01 3.159446929422203842e-01 3.513398580797505999e-01 3.872749951599514517e-01 4.237665949678715571e-01 4.608969950526789483e-01 4.986149407842255799e-01 5.369874750643740535e-01 5.759981391231835390e-01 6.156221573728173357e-01 6.557890083502553313e-01 6.963750132955064398e-01 7.373723530082786359e-01 7.785425027875492177e-01 8.197360478091804126e-01 8.607188869763930938e-01 9.014916268862881443e-01 9.416564723027447403e-01 9.812504765317838773e-01 1.020042979991561127e+00 1.057927164360943584e+00 1.135656123610148560e+00
9.976854428664598887e-03 3.134049849879741445e-02 5.126388735018275883e-02 7.098445725283306085e-02 9.042325952624213903e-02 1.095060093933101358e-01 1.281895478302745306e-01 1.464014426085707976e-01 1.641025540792955817e-01 1.812544055118553987e-01 1.978848824202046885e-01 2.139777327729235346e-01 2.295816688016392160e-01 2.446999944255894566e-01 2.593590666056012073e-01 2.736455780203254085e-01 2.875711626738285953e-01 3.011558257270896544e-01 3.144463093215952298e-01 3.274305103673952333e-01 3.401453682281435076e-01 3.525128550268922245e-01 3.645569390693108036e-01 3.762279194927492521e-01 3.875801781058649809e-01 3.984993885306025163e-01 4.090395231376400820e-01 4.191215549267870433e-01 4.287172090089889087e-01 4.431485328241849819e-01
-2.191938290377584697e-02 -5.550658110263492762e-02 -9.224009396196118649e-02 -1.297577386855364723e-01 -1.678345776014703861e-01 -2.064488986230312295e-01 -2.456053323615073336e-01 -2.853041800656697102e-01 -3.254686647648357689e-01 -3.660700118881796694e-01 -4.071616976700330737e-01 -4.487296566684353949e-01 -4.906647880489707902e-01 -5.330627890539412217e-01 -5.757116975135380121e-01 -6.186770298734093343e-01 -6.618069425799973926e-01 -7.050602306718191103e-01 -7.483229197301681790e-01 -7.914226952716890695e-01 -8.343851683001911601e-01 -8.770458490224760650e-01 -9.192654347206227206e-01 -9.608829526402299370e-01 -1.001978551229770309e+00 -1.042304682455471365e+00 -1.081955365326144447e+00 -1.120992313455503764e+00 -1.159348695434850862e+00 -1.243914184797447531e+00
5.301111627177822541e-03 -1.256835012914203978e-02 -2.634759046296397331e-02 -3.955611256804910519e-02 -5.232118122515219683e-02 -6.458412907136217018e-02 -7.626043635836350643e-02 -8.726780899769609467e-02 -9.748276653862361640e-02 -1.067868886215821295e-01 -1.151294144860635915e-01 -1.224455137192612952e-01 -1.286361035526526753e-01 -1.336271472809848204e-01 -1.372846393597494941e-01 -1.396120948895250846e-01 -1.404039316210154986e-01 -1.395884260759406581e-01 -1.371114998158799725e-01 -1.328250177851629799e-01 -1.266827213007584441e-01 -1.186408179771537008e-01 -1.087102054627519382e-01 -9.691998069285234774e-02 -8.333343135782381172e-02 -6.811998553714149196e-02 -5.132960677692186002e-02 -3.322299322195236548e-02 -1.372086897681418921e-02 4.548331883422788990e-02
-2.508233427948322949e-02 -5.855438961107292672e-02 -9.705835239258629732e-02 -1.377105439109709839e-01 -1.805924807019722578e-01 -2.259296557478931988e-01 -2.738631486436734486e-01 -3.243586385029567087e-01 -3.773244953463466556e-01 -4.325967704522434287e-01 -4.900916631319878203e-01 -5.495588357898518739e-01 -6.105428793648838282e-01 -6.728776445945383600e-01 -7.358674880944392482e-01 -7.991818000148352974e-01 -8.621461459407053773e-01 -9.242976348519073015e-01 -9.850056068669976739e-01 -1.043655324475845081e+00 -1.099977461049573835e+00 -1.153509487384454024e+00 -1.203970624627259678e+00 -1.251110499026699241e+00 -1.295089862174757078e+00 -1.335717557787571952e+00 -1.373262955383352191e+00 -1.407943138987522325e+00 -1.439692117706738772e+00 -1.487103936028231876e+00
3.349971388533203530e-04 -1.348381942600770760e-02 -2.337647292473011423e-02 -3.231633748661519312e-02 -4.033296283748991073e-02 -4.731857572495034442e-02 -5.317783117480590765e-02 -5.787673217560502376e-02 -6.133089154490931061e-02 -6.350563604026440712e-02 -6.441086114225320902e-02 -6.408669556644010223e-02 -6.256680485801213720e-02 -5.989639429254609709e-02 -5.612614322072691925e-02 -5.139510531889006362e-02 -4.572082246008643547e-02 -3.919273158326856688e-02 -3.193711469000024006e-02 -2.399084923949958842e-02 -1.541821859689910396e-02 -6.292795563550114893e-03 3.338558086683987396e-03 1.342300539986488600e-02 2.394136419789171660e-02 3.478016448979948799e-02 4.596610153508956520e-02 5.733231116505484865e-02 6.894206869647682978e-02 9.797275713524175589e-02
-5.934277923783185318e-03 -5.065801656386948251e-03 -1.037771341740983955e-02 -1.745462643455231860e-02 -2.604744413935827091e-02 -3.612787293040068543e-02 -4.765996505332723010e-02 -6.060009389608866925e-02 -7.486011268854787792e-02 -9.034219862264018797e-02 -1.069594206762056882e-01 -1.245738194120412368e-01 -1.429536823158201742e-01 -1.620022555042790746e-01 -1.814035862797368226e-01 -2.009847442460024614e-01 -2.204762741439985352e-01 -2.397033385742985134e-01 -2.584456122737532335e-01 -2.765306436661081890e-01 -2.939251604088891079e-01 -3.105974978757818361e-01 -3.265313469880247177e-01 -3.417731807952170131e-01 -3.564819150840088935e-01 -3.707338735766432802e-01 -3.847141648089196231e-01 -3.986483561804566311e-01 -4.126667563915700221e-01 -4.485562968961541719e-01
3.994318868778125309e-02 1.101102219871190335e-01 1.833166586627342776e-01 2.574103915930810449e-01 3.317135219093405030e-01 4.059057202731995995e-01 4.798119897835353975e-01 5.532471566171425215e-01 6.260126348446917177e-01 6.979935198731284096e-01 7.692816421324107923e-01 8.398265698970964754e-01 9.096497111765432519e-01 9.788514875491768352e-01 1.047329397232084736e+00 1.115343059341220799e+00 1.182831780166927027e+00 1.249831817667111045e+00 1.316402331176496077e+00 1.382418046622661212e+00 1.448042875232243842e+00 1.513060502441715860e+00 1.577440680230535408e+00 1.641012723775248539e+00 1.704017745037749165e+00 1.766037525773021866e+00 1.827297255198269132e+00 1.887728732781255303e+00 1.947256408443463371e+00 2.072733789283802697e+00
-6.738014072081681405e-04 -1.380737069052839078e-02 -2.361421711164714277e-02 -3.280028513601816742e-02 -4.137679321540726346e-02 -4.922278830900688601e-02 -5.622136678480389033e-02 -6.230250940347488442e-02 -6.735098802634148507e-02 -7.128513833598409954e-02 -7.407384863177658707e-02 -7.570038657906648372e-02 -7.613603293301590691e-02 -7.536286548846225786e-02 -7.334931055847884740e-02 -7.017276802700096738e-02 -6.576239167850857215e-02 -6.014461929284728448e-02 -5.338603462892604901e-02 -4.547595228234475179e-02 -3.645824127231734463e-02 -2.640108538085073758e-02 -1.537854015782833331e-02 -3.481896348837411597e-03 9.212714359256603952e-03 2.252289385911042385e-02 3.641223659713219152e-02 5.063959323296998022e-02 6.522307241273696266e-02 1.025668797052682463e-01
8.479560601578124690e-03 9.167710038189710864e-03 1.564102329725289287e-02 2.316588269890762497e-02 3.144474866747640207e-02 4.048923436703506795e-02 5.036090821708297249e-02 6.110447007542937903e-02 7.279252634126348598e-02 8.550418248057645165e-02 9.931038899375901896e-02 1.142438857966746601e-01 1.303605679531336936e-01 1.477511945370267032e-01 1.664553901153723314e-01 1.864964931396466685e-01 2.079970593578659432e-01 2.309941387505557719e-01 2.554884118221743550e-01 2.815247301285149772e-01 3.091534929281081201e-01 3.383087858492335176e-01 3.689184175532900789e-01 4.008640604394614892e-01 4.341280158133378753e-01 4.684012962795703894e-01 5.036949160731362118e-01 5.397364524699813648e-01 5.765640813696254474e-01 6.698426309839582427e-01
7.937804016570138618e-04 -1.327319726999818400e-02 -2.560896093930992157e-02 -3.649079988944347458e-02 -4.526249686782376352e-02 -5.140210259494496642e-02 -5.457098768920396609e-02 -5.470310738212975921e-02 -5.167062487279560495e-02 -4.553024637903311383e-02 -3.641588574351969920e-02 -2.457265382754665606e-02 -1.038380816547142607e-02 5.834557180773413364e-03 2.355391059655730090e-02 4.218809110909825522e-02 6.115076142439729995e-02 7.987385006650896124e-02 9.763034075028410863e-02 1.138423211318086992e-01 1.280241520812757938e-01 1.396906068550720081e-01 1.485490412018977968e-01 1.543578002772594271e-01 1.570570668484315979e-01 1.565640248607903517e-01 1.529746491914066864e-01 1.462298971468964925e-01 1.362455336369872982e-01 8.133270362717802404e-02
1.009434081952139892e-02 4.429218864141097611e-02 7.514770223107049285e-02 1.057754079048381507e-01 1.358233830803606268e-01 1.648950752899882577e-01 1.926733901884820632e-01 2.188644400660822720e-01 2.432218352928924299e-01 2.655133045823147020e-01 2.856654101968146842e-01 3.035436384745137661e-01 3.191651793433985529e-01 3.324016873361400615e-01 3.432453846346830151e-01 3.518528193058948483e-01 3.581531562185675255e-01 3.621897133993419726e-01 3.641490699303954193e-01 3.640895702768308095e-01 3.621801556265730748e-01 3.585168526606852257e-01 3.533984249554231738e-01 3.470375755668952400e-01 3.397408116468424444e-01 3.317347227831640710e-01 3.232696726859469183e-01 3.145846285282087318e-01 3.058108450505326870e-01 2.780037834730116897e-01
-3.379310734988122834e-03 -7.803561174243452657e-03 -1.490124688922053742e-02 -2.284961691103773451e-02 -3.142636209791686841e-02 -4.051263857784146577e-02 -5.000150350955697570e-02 -5.981847296403769443e-02 -6.984567765795171579e-02 -7.998110728629798105e-02 -9.015592099765165623e-02 -1.002801541855622702e-01 -1.102184733058986371e-01 -1.199071886132753173e-01 -1.291670467585143423e-01 -1.379501343779752087e-01 -1.460931639583533392e-01 -1.535294430250372655e-01 -1.601979029850962299e-01 -1.660313536536262291e-01 -1.710638236206379614e-01 -1.753482633216645603e-01 -1.789448049988912326e-01 -1.819567229040768841e-01 -1.845359508153182337e-01 -1.868329818198142533e-01 -1.889886763747547216e-01 -1.912559116418902083e-01 -1.937362213684350742e-01 -2.028694026630934177e-01
-3.395163157712795948e-02 -9.112632511867027607e-02 -1.542123612759775664e-01 -2.191587844033348054e-01 -2.853681295666662954e-01 -3.526129355169388413e-01 -4.207402473984614977e-01 -4.895808051161556484e-01 -5.588942917974497604e-01 -6.284863011452714865e-01 -6.983545534174431246e-01 -7.683465104259699086e-01 -8.382320860901607551e-01 -9.080265086760873627e-01 -9.773091297581386616e-01 -1.046156021851131657e+00 -1.114224249164814218e+00 -1.181403045818672171e+00 -1.247529266379231672e+00 -1.312344477339609128e+00 -1.375951228431075979e+00 -1.438166536740633106e+00 -1.498957533384327245e+00 -1.558238591491798886e+00 -1.616331766584894414e+00 -1.673045987739033791e+00 -1.728717216761530562e+00 -1.783605167947444947e+00 -1.837774676018713471e+00 -1.956828537643060528e+00
-2.448486744212973257e-02 -7.523042483176960865e-03 -1.382045276535402538e-02 -2.784889539997822613e-02 -4.935090429171067050e-02 -7.870870849891099807e-02 -1.161177190732343711e-01 -1.614156255554689001e-01 -2.144387468018824072e-01 -2.747456442539573662e-01 -3.418870723583295468e-01 -4.150880801521111829e-01 -4.932061034181021153e-01 -5.755368583192381760e-01 -6.604904614811381025e-01 -7.468922597684146680e-01 -8.332623891020933815e-01 -9.184318338198925735e-01 -1.000942654420612810e+00 -1.079690007450450295e+00 -1.154107951094920814e+00 -1.223606935127053985e+00 -1.287943231653050136e+00 -1.347077804864929895e+00 -1.401560702838312356e+00 -1.451558662087047979e+00 -1.497883738311435176e+00 -1.541152268471720710e+00 -1.581831250266233946e+00 -1.656088271490012698e+00
3.408813866385092262e-02 1.174534947772497978e-01 1.985857585441488660e-01 2.797663058719584983e-01 3.600058477848050997e-01 4.384989685488122624e-01 5.146516567514116680e-01 5.879769498776540315e-01 6.579998572181732230e-01 7.243589932028202671e-01 7.870251745249593478e-01 8.458433272946052073e-01 9.008928736738615051e-01 9.521309990235565790e-01 9.995664155029656550e-01 1.043652536866926273e+00 1.084359839884782684e+00 1.121880659001565084e+00 1.156631111028088466e+00 1.188730610117942676e+00 1.218600003513548691e+00 1.246381611120692456e+00 1.272507369905063079e+00 1.297238697624391257e+00 1.321137056255705655e+00 1.344336236923557415e+00 1.367278054699911927e+00 1.390334609853453918e+00 1.413676942396299374e+00 1.461449611463310205e+00
-3.972352674877993942e-03 -1.312306190675995542e-02 -2.271821766679802193e-02 -3.126084838917743414e-02 -3.848428686493888390e-02 -4.428790917174314778e-02 -4.866776610050744384e-02 -5.177804238080357946e-02 -5.369082659261500967e-02 -5.462105456546278992e-02 -5.478111069209171125e-02 -5.446926036893039169e-02 -5.398433689370239763e-02 -5.371438564588197628e-02 -5.404808215929837734e-02 -5.539111005590301173e-02 -5.822374448413166620e-02 -6.294644157570822296e-02 -6.995586365396538886e-02 -7.957228179494070519e-02 -9.203926380304541799e-02 -1.075095458709290352e-01 -1.259090847109639866e-01 -1.471271605946552485e-01 -1.709869954502961087e-01 -1.971728463531157438e-01 -2.254439392936476438e-01 -2.555673240456702300e-01 -2.874193992806994280e-01 -3.818483582738969040e-01
