3.877590289726844108e-02 6.675578055782464826e-02 8.313239378408734948e-02 1.138491202394520674e-01 1.454853800553402299e-01 1.926744986113217428e-01 2.049035121535525139e-01 2.520356030815460446e-01 2.795856188863297120e-01 2.877549355288876454e-01 3.063575282042362291e-01 3.604545053982818881e-01 3.575763009787335522e-01 3.906197078862657657e-01 3.897895354752876074e-01 4.082989966677511573e-01 4.259058471665137513e-01 4.115311128184097056e-01 4.336948426858197037e-01 4.332740192560353698e-01 4.251425007363803799e-01 4.260914040950120607e-01 4.305097387648936236e-01 4.138669511846815863e-01 4.074797919989682771e-01 4.076260173737955572e-01 3.911168835313552083e-01 3.833084469153925644e-01 3.645728458641616654e-01 3.310346536193893852e-01
3.204765834967436555e-02 5.740239285955511805e-02 7.578449827664218708e-02 9.814513037815116026e-02 1.217580263795227241e-01 1.478519032670789768e-01 1.585504260079649563e-01 1.869699704006953511e-01 2.100853613825355848e-01 2.069612793986502497e-01 2.164305100822528916e-01 2.486525354508498098e-01 2.421549685967569199e-01 2.608385438666023237e-01 2.558939722737619271e-01 2.645540926325932740e-01 2.704696842744649943e-01 2.662484675590324201e-01 2.755677734962556635e-01 2.717914775249095638e-01 2.595189097666225075e-01 2.492006934200725887e-01 2.569317768612838782e-01 2.415307368409170541e-01 2.282442895995439591e-01 2.286037666856526318e-01 2.228709512528631587e-01 2.086495938963836561e-01 1.945294733562117073e-01 1.694443828945893793e-01
-1.018751063766996576e-02 -2.296497617984724626e-02 -2.421041356286922352e-02 -3.469233472098802451e-02 -5.219633799830652315e-02 -4.557787165035924459e-02 -5.701296426143631635e-02 -6.410627578322676545e-02 -6.683946231891041423e-02 -5.177714001138607192e-02 -6.084214007788824041e-02 -6.014529829287783985e-02 -5.949435646371972752e-02 -5.718472868527939984e-02 -5.756642322268692991e-02 -4.344050233931553984e-02 -4.735263486865082250e-02 -4.277782850182747232e-02 -4.270513669886438768e-02 -3.036926927203358745e-02 -1.752398023293221321e-02 -9.362099158355669318e-03 -3.676957396426676003e-03 1.213569752063711760e-02 2.662157382738511088e-02 3.674888508214167043e-02 6.134401740068719244e-02 7.115030800598030891e-02 9.430449174284942504e-02 1.449943047898974713e-01
4.207741290605413950e-03 3.345910580776181170e-03 5.902467818465724665e-03 1.019742132510517880e-03 8.746930483713492854e-03 1.598887884178390797e-02 1.640882099630366908e-02 1.768291059221297618e-02 2.336024682996865054e-02 2.387176574227880751e-02 2.385282149195412649e-02 2.446400197802443138e-02 2.655795774746128740e-02 3.350459086891226929e-02 3.042174850777384226e-02 3.470792016169808869e-02 2.840759088125810808e-02 2.775253334737661642e-02 3.033469683792515414e-02 3.453908349776645126e-02 4.065108430648674276e-02 3.210807840809309227e-02 3.922470052465171220e-02 3.668264725293623324e-02 5.538728958488358528e-02 5.640442658504890572e-02 7.273984944098445260e-02 7.785579453410437778e-02 8.393651887520489630e-02 1.131295452981101873e-01
3.743979933383048079e-03 9.333598901835793785e-03 2.006105297602438220e-02 1.649515823641341250e-02 2.088938898614369280e-02 3.327871201244135546e-02 2.891579995451137169e-02 3.751669923828220010e-02 3.629869481772774603e-02 3.407363170404795888e-02 3.362125584257720512e-02 4.508883073610633896e-02 3.736258416744453470e-02 3.622378705408328681e-02 4.171852263379860482e-02 4.061167636866704761e-02 3.947147388340344759e-02 3.988998680061534713e-02 4.601616232664042239e-02 3.972663911978904783e-02 3.313480218344192624e-02 3.523899355990155191e-02 3.999011757471146455e-02 4.219601880808329653e-02 4.156202820156928296e-02 4.435317018834318559e-02 4.717456150981506197e-02 4.099121698843760653e-02 3.834124294226434748e-02 3.032384964042679834e-02
7.566472545747363054e-02 1.223087380552423248e-01 1.253623955373933951e-01 1.691061465709862432e-01 2.060263670190493057e-01 2.533617052583753138e-01 2.877960073169638089e-01 3.467821086800957908e-01 3.686595741757286993e-01 3.972696907903498498e-01 4.465611051343349458e-01 4.885674667246543978e-01 5.311957074599412687e-01 5.907124220467774300e-01 6.187573868430514823e-01 6.486395868196099812e-01 7.167416433698531320e-01 7.358700873217448590e-01 7.743331386058535104e-01 8.239906152721456767e-01 8.568481403994649970e-01 9.073672053958233841e-01 9.302299934753429644e-01 9.659072450671244425e-01 1.023452404399493254e+00 1.067790267544747485e+00 1.118283454769292362e+00 1.144853363755780729e+00 1.158480728148310268e+00 1.214268602586205059e+00
4.805989429695723542e-02 8.425586031972563672e-02 9.820243777193543577e-02 1.343449748760209006e-01 1.611723929036203429e-01 1.974428500081353011e-01 2.201582309711387908e-01 2.600871618068735236e-01 2.799695163964506239e-01 2.923620770910218547e-01 3.114607849186487587e-01 3.585286708167614300e-01 3.532848496904634761e-01 3.789250184239340569e-01 3.840855169295316895e-01 3.978422125629605954e-01 4.333592740540415100e-01 4.282977246282288486e-01 4.499614590868625807e-01 4.572418064627236101e-01 4.575207498549512808e-01 4.751005578494181814e-01 4.764852600347865286e-01 4.819652624864890766e-01 4.882712635483460462e-01 4.996535990335925770e-01 5.130865531359481979e-01 5.074952237052802184e-01 5.047565899286859947e-01 4.920468404532639117e-01
-7.430335584890119562e-03 -9.958182301912744255e-03 3.092221100716735331e-03 1.098152738444198480e-02 2.048374487680544587e-02 2.430064541074370213e-02 3.003058770215964388e-02 3.884666825646404531e-02 4.057775545703710268e-02 4.046350855931310497e-02 3.737140651141752923e-02 5.429197404095442714e-02 5.359464896483870366e-02 5.010296309626207506e-02 5.198963685054931727e-02 5.943197649144467409e-02 6.592319254720380162e-02 7.159173284466613385e-02 8.148265890149070101e-02 8.291831924963692646e-02 9.318121188398818810e-02 1.072511158409131804e-01 1.131667078214106947e-01 1.252467590143633847e-01 1.408585961459668801e-01 1.569636617057982020e-01 1.821207564853506988e-01 1.972037944222461425e-01 2.125567506961083264e-01 2.849526360347268694e-01
3.826993358940125774e-03 -6.728655611025712718e-03 -5.464281027130367049e-03 -2.723387350527632384e-03 -5.021757830178588157e-03 -1.205067849785162581e-03 -1.378262926795915076e-03 6.334984837660307538e-03 8.175375897182486640e-03 2.006023722232585030e-02 1.919991911873792506e-02 3.279305316213805555e-02 3.887078443034317626e-02 5.444062577224099975e-02 5.998761687251559505e-02 6.877518861212052192e-02 8.270059411158041385e-02 8.764959825260408566e-02 1.007872129158259161e-01 1.119044984755683120e-01 1.332746573652624777e-01 1.467654184108192483e-01 1.425804574899324217e-01 1.576905051896319576e-01 1.843999060914671695e-01 1.904359861856988467e-01 2.142366821443656144e-01 2.245831628062448515e-01 2.413236483322780401e-01 2.901583810349955272e-01
2.493839361778069606e-03 7.151815073738435231e-03 2.117938904964871555e-02 2.279338244039537734e-02 1.759718315282228496e-02 2.540467842579437543e-02 2.687048216986945987e-02 2.954566630382190681e-02 3.465625848283593324e-02 3.477364544533857044e-02 3.154330400012301389e-02 3.560856585266208157e-02 3.159299343321724657e-02 4.029549952450756783e-02 4.242642087256673356e-02 3.870341531156652054e-02 4.101933132413269900e-02 4.550584004174807601e-02 4.676279932391190497e-02 4.059142167175788796e-02 2.913058604048616648e-02 3.047746657298961576e-02 2.888065458782721959e-02 3.256377753629042388e-02 2.973802621828650419e-02 2.732227334713334399e-02 2.177642917528462702e-02 1.312252134439700207e-02 4.413237680106830638e-03 -2.960330424325693932e-02
2.549981333982770035e-02 4.633266388916482126e-02 6.759807749819077283e-02 8.351410750661122928e-02 1.109652142182648016e-01 1.294360987678786767e-01 1.459549502126848974e-01 1.684776376169604128e-01 1.776242189785259828e-01 1.769884006329968396e-01 1.872364740011699114e-01 2.086248751592198469e-01 2.125808898746261999e-01 2.186916095298461760e-01 2.279103699496440039e-01 2.265965665556447239e-01 2.424987400458328279e-01 2.553384151171296246e-01 2.729330776022336758e-01 2.790194157258284458e-01 2.956260145547262019e-01 3.187125493208762816e-01 3.314692784335539488e-01 3.481291353838130154e-01 3.779032184470041966e-01 4.001000257373981128e-01 4.281184722155050304e-01 4.481870087096829214e-01 4.687611637931464736e-01 5.209949256684821561e-01
-2.613539396096650758e-02 -5.526624283357019912e-02 -7.442809854150046756e-02 -9.894756002026405817e-02 -1.149960620535450950e-01 -1.449187931164653831e-01 -1.551943758840382270e-01 -1.773523413349757938e-01 -1.872990313816402519e-01 -1.773610192563467025e-01 -1.889724894901060881e-01 -2.098005149118753188e-01 -2.001853485043819658e-01 -1.982031750871034725e-01 -1.985605552376762672e-01 -1.928170141332745113e-01 -1.891574520985009611e-01 -1.833683828268033167e-01 -1.795697003264744851e-01 -1.620502433640869100e-01 -1.405694457736147984e-01 -1.223062517920005671e-01 -1.283081226295616217e-01 -1.112232450377333842e-01 -8.300541076910752936e-02 -7.720918363274298368e-02 -5.324108379748456604e-02 -4.300361295450558924e-02 -2.933631218318400596e-02 -4.240972001330084451e-03
3.306071296156763012e-03 1.866782648658447258e-02 2.645554713613509218e-02 3.232189926327498630e-02 3.628531606892073519e-02 6.300811355492916266e-02 6.653487983607184186e-02 8.351562960385473799e-02 9.220052057473578089e-02 9.854641489243756713e-02 1.074590123859466978e-01 1.252194608493508443e-01 1.265555772857653027e-01 1.442781454264033536e-01 1.552990200744945870e-01 1.685465077296135483e-01 1.722987941716070392e-01 1.687654696526296183e-01 1.872491495589022614e-01 1.868182397657656424e-01 1.804787892966574492e-01 1.828451122597971878e-01 1.806095073201273438e-01 1.854185080809087616e-01 1.773317405608960118e-01 1.920687590965282354e-01 1.864156882026779538e-01 1.748344059969755837e-01 1.640916954936462446e-01 1.280102834191746142e-01
3.869282239503533255e-03 -2.234396852929317490e-03 -1.111838907847853553e-02 -1.761688139469839987e-02 -2.278626637283336087e-02 -2.460238758749308530e-02 -2.248260977568872915e-02 -2.044743174413387460e-02 -1.763858864130207760e-02 -2.962149895613728871e-03 -7.291306378941885685e-04 1.028664153896508698e-02 1.509574871556560935e-02 2.979496186905259206e-02 4.141153619973836353e-02 5.263801984460086264e-02 6.707874400829534622e-02 7.880705085552083822e-02 9.125803025908879595e-02 1.103348158147385988e-01 1.211574426330088855e-01 1.422439593785319312e-01 1.442876723578452591e-01 1.635565109032876552e-01 1.782527623974474729e-01 1.920029790058755126e-01 2.117672874189089338e-01 2.186462338925414806e-01 2.282328501014805056e-01 2.513657645305697463e-01
-1.940775231538733811e-02 -3.012031505365036013e-02 -2.938646762806167503e-02 -3.629055691408658579e-02 -3.913378755117086216e-02 -4.479609569363481036e-02 -4.361658432720584566e-02 -5.466112966196652601e-02 -5.452822849327759736e-02 -5.358020736981849302e-02 -6.410049357633626488e-02 -6.190093114995696283e-02 -6.470643816662635661e-02 -5.649967810511948713e-02 -5.811030926262264473e-02 -5.001242991123942133e-02 -5.844903118780402085e-02 -6.248555870921444766e-02 -6.218853130183030903e-02 -4.707476266064433701e-02 -4.287274286103692766e-02 -4.411635589192226120e-02 -3.686804627671320250e-02 -3.182220473882180212e-02 -1.191187934317777634e-02 -8.292896666636538627e-03 8.534864032326002631e-03 2.768250090786836259e-02 3.295626181376212077e-02 8.736028896574714320e-02
3.230883382682809418e-02 4.980264485643326466e-02 6.085710573122313921e-02 8.055925693022458756e-02 9.567773126539456940e-02 1.262748523409824297e-01 1.341205407901944202e-01 1.634297951219184086e-01 1.782045601402870438e-01 1.889429254639778399e-01 2.048094011326206387e-01 2.381529214188391474e-01 2.528111206325266425e-01 2.728645277282781278e-01 2.864499070130488989e-01 3.046946430604615119e-01 3.331942770105227325e-01 3.349585724131313169e-01 3.540639803460974844e-01 3.683394069493326484e-01 3.800877616088941813e-01 4.015292986126397512e-01 4.039165449646886508e-01 4.162237231785394509e-01 4.334939977714055703e-01 4.541560740258635542e-01 4.662273325628168430e-01 4.794863652967041312e-01 4.775022673193848322e-01 4.970309140533781256e-01
-3.660441389225739528e-02 -5.900515533696683301e-02 -5.898288878064573970e-02 -8.246087802113601095e-02 -9.222691119591158726e-02 -1.301048932732384866e-01 -1.354492568024510124e-01 -1.668039999007167595e-01 -1.692636094620361409e-01 -1.785977037076957596e-01 -2.050276023310256268e-01 -2.173130111676188359e-01 -2.430148947850565566e-01 -2.510505297610465814e-01 -2.781563619092184414e-01 -2.867708585711289393e-01 -3.106777300233321548e-01 -3.276888229544288045e-01 -3.333830776781145366e-01 -3.543558458831461144e-01 -3.625878589794389040e-01 -3.783701995294282416e-01 -3.855105368867363658e-01 -3.952948162655235409e-01 -4.079990765117368912e-01 -4.216875623892858416e-01 -4.336785489063622046e-01 -4.339042935511829846e-01 -4.292073252405253503e-01 -4.103005426556037283e-01
1.303128032612464390e-02 2.761750857873965931e-02 3.760835690852193380e-02 4.478297688289450268e-02 5.555363297032180070e-02 6.126758625011469173e-02 7.338878680575652846e-02 7.775982685052099108e-02 8.470554660837995020e-02 8.188229912424989376e-02 8.239578901076612116e-02 8.845145714247970581e-02 8.536566310247931111e-02 9.130326701270952139e-02 9.236642142578735393e-02 8.640624505186919602e-02 8.897663493350993491e-02 8.733648504983444749e-02 8.855213693838806521e-02 8.567001762722516178e-02 8.111087367388908342e-02 7.842458165750952614e-02 8.172375922462447873e-02 7.363722118589675902e-02 7.377865365543759268e-02 6.865237429428192040e-02 6.879438328997744545e-02 6.588894668613680394e-02 5.949987636512040629e-02 4.088692914590681682e-02
-4.595645202388917716e-02 -6.734141431749490758e-02 -6.540127864125770685e-02 -8.991677379726653596e-02 -1.013893363697562916e-01 -1.330435707392855771e-01 -1.332309435180739909e-01 -1.693855812163923003e-01 -1.689672501132898630e-01 -1.871116194254176246e-01 -2.096286774801035258e-01 -2.156880690824633517e-01 -2.513867070929675096e-01 -2.594317573422624812e-01 -2.830565326317702191e-01 -2.914602685403619442e-01 -3.250923436830583935e-01 -3.509215762999229327e-01 -3.506857634695210169e-01 -3.839525576681048769e-01 -3.904796101288054988e-01 -4.216883191634068218e-01 -4.354301690299052230e-01 -4.611334535974854765e-01 -4.897312650004363443e-01 -5.133636582356814193e-01 -5.475175945897560181e-01 -5.648654145899117962e-01 -5.858656624913274324e-01 -6.478580715498805098e-01
4.373139959038123414e-02 7.350234067108467328e-02 8.558632435720067710e-02 1.149464799772018930e-01 1.402827041377527617e-01 1.727349861942536757e-01 1.757193546650769878e-01 2.142731448951900597e-01 2.508171191309727099e-01 2.441039491406229445e-01 2.548115770333876928e-01 3.113764483394844129e-01 2.905793571150673826e-01 3.092644994014184245e-01 3.044958690871018003e-01 3.161675338899426757e-01 3.233770463956286978e-01 3.008572730647629534e-01 3.112244253710963471e-01 3.000339046975488699e-01 2.816237906791563272e-01 2.665558799710834315e-01 2.477882880240543095e-01 2.150531355693404978e-01 1.805900120476082171e-01 1.617195589974096126e-01 1.266422666282655540e-01 8.989834448032267555e-02 5.394318294697350580e-02 -4.738250588109319678e-02
7.849686646450312888e-02 1.230522445399490905e-01 1.332900107372189946e-01 1.848720601860861235e-01 2.280283115007959160e-01 2.769445540231972314e-01 3.174017659735450803e-01 3.903865350445828164e-01 4.134047919048456365e-01 4.430528637039377049e-01 4.889103725131754286e-01 5.519020126012732508e-01 5.769082818825261860e-01 6.309360499812902701e-01 6.523377878207141656e-01 6.951381922181197881e-01 7.476483425274516037e-01 7.585604140567245857e-01 7.993717019769026599e-01 8.282364410850332481e-01 8.506399093487442276e-01 8.849321576292633607e-01 8.957368439003007277e-01 9.163751401661462959e-01 9.542452437216297767e-01 9.914063309043323891e-01 1.017027773595353235e+00 1.036701483283703151e+00 1.036271370651402179e+00 1.084283520779123711e+00
-1.362389254299645885e-02 -2.190952328215836978e-02 -1.250655746946882640e-02 -2.543200786785353856e-02 -2.160261873093065332e-02 -2.902711775446394429e-02 -3.821204408218344811e-02 -4.713804203195367387e-02 -4.355586497112515221e-02 -5.560926081818001049e-02 -7.644173324468998831e-02 -7.560084265160975370e-02 -9.508006018641142199e-02 -1.048525970321487893e-01 -1.176488792051683802e-01 -1.390880380279471140e-01 -1.582481736343516465e-01 -1.646946266611765686e-01 -1.790868867516467455e-01 -1.952938200876654373e-01 -2.109906116429537404e-01 -2.318782663731153992e-01 -2.393336414029231529e-01 -2.520730170353790989e-01 -2.662690555102120160e-01 -2.872437481949811633e-01 -2.925420629455823263e-01 -3.054285556224581311e-01 -3.071072489457104537e-01 -3.122699312065818633e-01
1.124035522964460104e-01 1.746662847628188686e-01 1.997732351908308446e-01 2.686863053941914159e-01 3.376093116607099542e-01 4.135013334479406555e-01 4.585949231768890466e-01 5.674208863678834591e-01 6.089424613092828675e-01 6.362910227724939416e-01 7.031242036453928534e-01 7.896840235510743655e-01 8.281103237132638739e-01 9.109838223838017113e-01 9.374376033868456748e-01 9.954307119904439727e-01 1.082301866539921997e+00 1.097890356562121195e+00 1.157489397021477906e+00 1.205973418588518031e+00 1.235252229929089340e+00 1.313332101601221602e+00 1.336300737953596052e+00 1.380611628289671211e+00 1.445520298758453004e+00 1.511194578377689224e+00 1.572137688757389906e+00 1.609836216144256538e+00 1.636054772584108141e+00 1.748923252227759795e+00
7.238792726228229779e-02 1.071607204144426756e-01 1.263071650301103577e-01 1.688817169030714938e-01 2.059215861166097117e-01 2.572027429061281012e-01 2.862161023755377398e-01 3.404737931245143123e-01 3.644613497010857905e-01 3.794082725226730068e-01 4.214099195970463785e-01 4.691813318251337739e-01 4.972699966286678874e-01 5.459479939624036771e-01 5.703339624983257972e-01 5.921010163989012254e-01 6.385434048650315830e-01 6.507532464724380405e-01 6.814725197638623611e-01 7.310774791292785624e-01 7.540004285978905152e-01 7.906809823740940102e-01 8.157722553214652450e-01 8.421035969396643006e-01 8.849053276653896516e-01 9.262630776297781088e-01 9.707596520009635910e-01 9.880156256630752143e-01 1.007574150712104544e+00 1.056960715577343279e+00
-1.674516479141020808e-02 -2.412513680119966752e-02 -2.450447084186678504e-02 -3.781007950756210684e-02 -4.207657525561910028e-02 -4.376839541728426430e-02 -5.303367253598073594e-02 -6.977228753457045962e-02 -7.174198381627702736e-02 -7.124516589547837120e-02 -9.503463860630401161e-02 -9.883933943537581701e-02 -1.147247921301171314e-01 -1.187250857262177745e-01 -1.156666239493676501e-01 -1.296875162080312893e-01 -1.415298135913879984e-01 -1.508257490873985696e-01 -1.502231758646758175e-01 -1.581629466032973830e-01 -1.670808637490993898e-01 -1.695942827126789842e-01 -1.721402819468224044e-01 -1.785701856183003478e-01 -1.854748103970464412e-01 -1.944915854093650642e-01 -1.951830950710990997e-01 -2.036931585678536383e-01 -2.084992084307797089e-01 -2.187255882679285390e-01
4.667198145286706457e-02 7.541338991437304684e-02 8.039714276904884327e-02 1.090755104113486779e-01 1.294912082948444509e-01 1.619089251973576948e-01 1.764939637590741406e-01 2.085108389819900210e-01 2.256127575877894531e-01 2.470320008188035821e-01 2.635200338876606541e-01 3.053752575506228362e-01 3.080203618989404979e-01 3.398121636830915837e-01 3.483221464907335641e-01 3.719434135417455933e-01 3.958040503988120018e-01 3.916386513540221492e-01 4.158526228698889438e-01 4.280596257086726752e-01 4.439140946149932043e-01 4.509902761737684118e-01 4.591631911646798514e-01 4.608509738781469967e-01 4.679167622650318714e-01 4.837024510689322820e-01 4.861440881916206380e-01 4.779939363349728909e-01 4.721055143636062601e-01 4.486671103512965830e-01
-5.167843556971534608e-02 -6.396312297378525802e-02 -5.955369180430156173e-02 -8.508329370444367434e-02 -9.338848803641393304e-02 -1.253692625231243862e-01 -1.338303758697698131e-01 -1.792471835130060587e-01 -1.789175122019282527e-01 -1.963569366256011639e-01 -2.305402143335215093e-01 -2.432237527937854693e-01 -2.679902774430322765e-01 -2.875226005548143227e-01 -3.073518259034452305e-01 -3.274915522773052534e-01 -3.511805339184750907e-01 -3.690465310093792306e-01 -3.769819762891544190e-01 -3.917325615992657828e-01 -3.948016557164357176e-01 -4.086263044377046461e-01 -4.006188901002103453e-01 -4.155089298183726743e-01 -4.249071146424580059e-01 -4.314388245107207975e-01 -4.414315984637837142e-01 -4.358561675255286927e-01 -4.320291031632961798e-01 -4.415244047893017720e-01
-3.476547270259019995e-02 -4.120238930699262475e-02 -4.154884256336961734e-02 -5.121221499380605724e-02 -6.066710630211462341e-02 -8.203604008846339390e-02 -8.383794590625297249e-02 -1.029151491310441868e-01 -1.072753609624809840e-01 -1.158295234915416028e-01 -1.339642331459759694e-01 -1.346979243801801618e-01 -1.628652242899337743e-01 -1.717842605363157082e-01 -1.862341058957310280e-01 -1.916871108230609744e-01 -2.153934287306741302e-01 -2.382201478615619539e-01 -2.362843320296713900e-01 -2.733817006157276963e-01 -2.848601521624131161e-01 -3.167990216722198493e-01 -3.400702399874785398e-01 -3.643318380802422207e-01 -3.929731145966547379e-01 -4.212196917477604718e-01 -4.527954490020264511e-01 -4.824382918394740649e-01 -5.064990112738323447e-01 -5.902069619148657686e-01
-8.344949726700310114e-03 8.659245666822024123e-03 3.223681943209276424e-02 3.413615841225196845e-02 4.168865948450801995e-02 4.749051741046097369e-02 5.142668644506331183e-02 4.641989729939544063e-02 5.313036635223446907e-02 4.160585905979588550e-02 3.736309576849042996e-02 5.582061253108626386e-02 3.746939833134871334e-02 3.113691266277012273e-02 2.653887823641916041e-02 2.086874348243750524e-02 1.032215038850883490e-02 1.605307945255277091e-03 -3.460043809868109527e-03 -1.672093135183585350e-02 -3.626645156119852331e-02 -4.344441799267242249e-02 -4.810397165988815338e-02 -6.352210695480270397e-02 -9.228013740489765526e-02 -1.019500540136867028e-01 -1.202673418775776631e-01 -1.459725714890588721e-01 -1.628766289899609976e-01 -2.329497058457840886e-01
3.691953641501314470e-02 5.404774672589563594e-02 6.128366066407119062e-02 7.883746580745826238e-02 1.004936786674145571e-01 1.199776318581066148e-01 1.324062200469791062e-01 1.643116282085262114e-01 1.809730693032971516e-01 1.890292871024134014e-01 1.968848094459676734e-01 2.380485847614637329e-01 2.335380081533940111e-01 2.656499131702067529e-01 2.648370824108645105e-01 2.870099637414144089e-01 3.131841050682059868e-01 3.067210697064569058e-01 3.334635906608252598e-01 3.382751371399979057e-01 3.607519988908933217e-01 3.704668869331611547e-01 3.740753737805328494e-01 3.900798415025928945e-01 4.164823751743795821e-01 4.311969642898660360e-01 4.490539986830098251e-01 4.557313496598117686e-01 4.587174685354306058e-01 4.805481137269205782e-01
-3.619041251756568989e-02 -5.300069119874516871e-02 -5.787204346735255744e-02 -7.512279371421813623e-02 -9.009388928963188437e-02 -1.175426299024421306e-01 -1.301776604113386582e-01 -1.619276951100697970e-01 -1.680933703026395443e-01 -1.767196963461849513e-01 -2.090294434985226768e-01 -2.183007466880364511e-01 -2.434628343478175139e-01 -2.651673476118064365e-01 -2.834116703319871644e-01 -2.965704664154061865e-01 -3.215955396913003916e-01 -3.415396225976417011e-01 -3.529028610497330631e-01 -3.776593193912801127e-01 -3.886933050020356384e-01 -4.109135728549482280e-01 -4.258043393742935168e-01 -4.462033062983969400e-01 -4.626662986840995861e-01 -4.929909209521803892e-01 -5.053741456709321955e-01 -5.233601918735053538e-01 -5.274100834275223804e-01 -5.580070985487846080e-01
-4.839758525797564076e-02 -9.083662022310159956e-02 -9.454689006537272955e-02 -1.404573621612495438e-01 -1.636296305854743893e-01 -2.044915829667850182e-01 -2.294922989750355913e-01 -2.720007074376413758e-01 -2.875811509551721712e-01 -2.995894015390845877e-01 -3.382501218533283671e-01 -3.605719857751609192e-01 -3.840395814615720771e-01 -4.149173910768518825e-01 -4.345009498150588234e-01 -4.471556489238969756e-01 -4.814917196645798203e-01 -4.894936498096734145e-01 -5.049764791344842907e-01 -5.246838554317295733e-01 -5.357053760908445650e-01 -5.550723519045970278e-01 -5.600783603054454440e-01 -5.694067571752984280e-01 -5.837929727757871223e-01 -6.074565074256556008e-01 -6.096019546812700973e-01 -6.150296286815426505e-01 -6.050993843926031346e-01 -5.871282765298400097e-01
5.217610627994890594e-03 2.138953918242946992e-02 4.324449471873027806e-02 4.936779988942125580e-02 6.228312162969547316e-02 8.132542052842822722e-02 7.431830105558910604e-02 8.920709748424679453e-02 1.021006336383965263e-01 8.644451324293962735e-02 7.121625985506600809e-02 1.044173105525526279e-01 7.554045660364562542e-02 6.995238420387353551e-02 5.670031518081804223e-02 5.667085856947111366e-02 4.356259912084307906e-02 2.438898378121542171e-02 3.026900423541318413e-02 7.871149133062225328e-04 -1.669302249805616062e-02 -2.645630684885694195e-02 -4.466574327835706043e-02 -5.582571800578364773e-02 -7.530892637487697494e-02 -8.565817431305297602e-02 -9.693094491152089154e-02 -1.161978455203510618e-01 -1.172318352360482985e-01 -1.340845934874183853e-01
5.246018206142896018e-02 7.041133502315921611e-02 8.073011566338700318e-02 1.066071508757577835e-01 1.230347258511602648e-01 1.487570916594573023e-01 1.702606963722250455e-01 2.089828869128676214e-01 2.194845273162918664e-01 2.446210220472961883e-01 2.652534736984759611e-01 3.022056546804124388e-01 3.206079060404538050e-01 3.596337496311294846e-01 3.803167288993438699e-01 4.032526614306198853e-01 4.405475231355696075e-01 4.636938755635907627e-01 4.942327615747872938e-01 5.240992486025035646e-01 5.633577547937484997e-01 5.944816574217626215e-01 6.217896116898566916e-01 6.440863457372449918e-01 6.958441707749544181e-01 7.231512764671109705e-01 7.662077534198987738e-01 7.913549009412654822e-01 8.065363919583953267e-01 8.688556792348250957e-01
7.042919318214062654e-03 2.512141709192197703e-02 4.150148548202010207e-02 5.152921331463878457e-02 6.098138506899738326e-02 8.491001584321267170e-02 8.463771005933008740e-02 9.799069142803208676e-02 1.076715872009487429e-01 1.133624464119007968e-01 1.095006661737599613e-01 1.366474709835011347e-01 1.313612487794561801e-01 1.523357787464140745e-01 1.547895097172897472e-01 1.627587177371997706e-01 1.747542546823526999e-01 1.623750883757491548e-01 1.726708032471735710e-01 1.848062641967772590e-01 1.820062722986070525e-01 1.997194539766791732e-01 1.965572525931244263e-01 2.127342953268333281e-01 2.203402418485616299e-01 2.354216464565993261e-01 2.441082272765366934e-01 2.530387319453490380e-01 2.530103903296617718e-01 2.705330467964483510e-01
-6.025049962061334446e-02 -9.260221554804662358e-02 -9.366432028257062892e-02 -1.361643946596328980e-01 -1.657609212299500090e-01 -2.026386457719886736e-01 -2.320015101460689011e-01 -2.753880383891039174e-01 -2.877281837719575797e-01 -3.019176653057923376e-01 -3.491156801154788880e-01 -3.678647425202529742e-01 -4.012286049362772111e-01 -4.343768080382350849e-01 -4.592193850866521654e-01 -4.719929693177279395e-01 -5.128576934616995153e-01 -5.458080464310735014e-01 -5.641742001403183826e-01 -5.993294142466838448e-01 -6.172376666334105089e-01 -6.578815876254673345e-01 -6.889280408357302266e-01 -7.155528789065578321e-01 -7.614542000488301321e-01 -7.928169217521844336e-01 -8.261214183296133884e-01 -8.618167192055865566e-01 -8.837209382704283023e-01 -9.595432469593423441e-01
7.173011698356668471e-04 -2.273998839435697680e-02 -1.745075362713418426e-02 -4.103562712286293324e-02 -4.464929942638450056e-02 -5.884953849153350819e-02 -5.962284726932071122e-02 -7.833550428551944167e-02 -8.092173621534104466e-02 -8.727730691417778797e-02 -9.997963042939062017e-02 -1.181554181640631085e-01 -1.167076884862485175e-01 -1.139563965034807724e-01 -1.154304310351057239e-01 -1.342628318558256040e-01 -1.342341793008433870e-01 -1.242727220975511221e-01 -1.345831938384153548e-01 -1.301770221915068970e-01 -1.204005259085380031e-01 -1.134408859529114355e-01 -1.025200496279889129e-01 -9.724081333943218608e-02 -6.520740250526028958e-02 -7.154047408390365459e-02 -3.865816576293734652e-02 -1.323970545776758170e-02 2.784752033360007178e-03 7.707951356049451419e-02
-8.217171389373140178e-02 -1.308726774937818138e-01 -1.290694587062571064e-01 -1.747646428304960309e-01 -1.998544940484182353e-01 -2.547884106377409363e-01 -2.764485846910108013e-01 -3.409102445046421348e-01 -3.555112157154215469e-01 -3.852340564645554966e-01 -4.386479222366896913e-01 -4.579271370516442841e-01 -5.141789443002767745e-01 -5.602551622797107278e-01 -6.004470505208540088e-01 -6.359522103787118574e-01 -6.913410327580014059e-01 -7.253328449383527055e-01 -7.560730787968589217e-01 -7.992460536410804783e-01 -8.334406954707236359e-01 -8.788456033426914615e-01 -8.951722753067840044e-01 -9.231249521194119234e-01 -9.536344836626838850e-01 -9.968143251294132590e-01 -1.022258227238947326e+00 -1.037006604492230366e+00 -1.047137562308494418e+00 -1.059355190848053407e+00
-1.015417573960942371e-02 -2.038970820251564953e-02 -2.509016143645957306e-02 -3.721485081780075838e-02 -4.674332006795275246e-02 -4.166749038270617378e-02 -4.924550924903534077e-02 -5.896225118715048286e-02 -5.752352863835599739e-02 -5.073964908001764307e-02 -5.945524330396335932e-02 -5.973407357717973321e-02 -6.247436771985041132e-02 -4.783883835962372821e-02 -5.474569776322370240e-02 -4.440293045055443422e-02 -5.540834028903078579e-02 -5.576982615434253332e-02 -5.307155260177799649e-02 -4.763596701117263355e-02 -4.080029352607097981e-02 -4.685299254702816885e-02 -3.344965158087230550e-02 -3.265745026544492752e-02 -2.937855056573375132e-02 -3.077139457325477057e-02 -2.805935533101313120e-02 -1.779574739233793362e-02 -1.371456083637188385e-02 -1.083504672926523422e-03
-1.970414983620491500e-02 -2.814154347962753711e-02 -2.467794524632064418e-02 -4.514932798220215593e-02 -4.981176225838928467e-02 -6.962003014909476373e-02 -7.346985488952391397e-02 -9.674127682820647667e-02 -1.013320021204449223e-01 -1.104926772400147000e-01 -1.299686565084807455e-01 -1.446387511251216451e-01 -1.550442096920797985e-01 -1.677244649057894610e-01 -1.779272963260180862e-01 -1.937056950216591855e-01 -2.094987125906198067e-01 -2.166128408780715886e-01 -2.250766235998712117e-01 -2.323074891026088162e-01 -2.280792011825034382e-01 -2.431339919590202459e-01 -2.435019484810530821e-01 -2.557452827255629613e-01 -2.588917502519332281e-01 -2.714737335145421260e-01 -2.676097662640175012e-01 -2.786063914215910486e-01 -2.805168716187145805e-01 -3.052264869189680874e-01
8.675553129947079223e-02 1.341990427710698097e-01 1.624892794140301577e-01 2.230085607628604361e-01 2.907246404821759445e-01 3.432429213037854199e-01 3.883101605926367328e-01 4.707032483489561048e-01 5.084951056312866369e-01 5.262142735640588098e-01 5.817478613712196989e-01 6.514369267153188314e-01 6.838874808364103774e-01 7.405023367593412953e-01 7.713416086232327551e-01 8.000500866088438023e-01 8.709492047864024755e-01 8.965912789682550788e-01 9.305431137277344611e-01 9.859570827465620191e-01 1.016321609729726294e+00 1.082428674924384104e+00 1.107219884012502042e+00 1.145963066429741550e+00 1.204685351122040782e+00 1.259301620231806584e+00 1.328938234164708465e+00 1.359654125530453950e+00 1.387396933070340621e+00 1.511659540904016330e+00
-5.786763375725111069e-03 -1.647411871246383039e-02 -2.131434317052867400e-02 -3.007536134854861196e-02 -3.243790666643661669e-02 -3.385933990604433202e-02 -4.212610230887464668e-02 -4.623781068961586860e-02 -4.030335875734702977e-02 -4.127519990216513279e-02 -5.037117673030307163e-02 -4.928129785230690729e-02 -4.685068781581080283e-02 -3.656391613010608055e-02 -3.859083772440988214e-02 -4.014021923881627707e-02 -3.546763057638198380e-02 -3.918788021468232879e-02 -3.552288073017948605e-02 -2.934642853896755887e-02 -2.643294102328474365e-02 -2.392382836819226255e-02 -2.574973902440744200e-02 -2.368217636020394576e-02 -1.230302113879675092e-02 -9.489545155113639219e-03 6.923673855717639089e-04 -3.591924732990484093e-03 7.996968428144601501e-03 1.668566273692930965e-02
1.332905951366103459e-02 1.539378830779500329e-02 2.206508404186151642e-02 2.920927818422460603e-02 3.446215921593612924e-02 5.052326487852493164e-02 5.638712270964561790e-02 6.652557294991001680e-02 6.932457615665964246e-02 7.955539115304416375e-02 8.266557822975444114e-02 1.023708782241228576e-01 1.080969826086043695e-01 1.198451992156160523e-01 1.318585987467956744e-01 1.295709271857792277e-01 1.548707455624181994e-01 1.685351394851771489e-01 1.830657447150165207e-01 1.957666845844107384e-01 2.097026929855101696e-01 2.281410810117907584e-01 2.500093226781269773e-01 2.674698623748145154e-01 2.984702652164334391e-01 3.108561316163375166e-01 3.434714671525808116e-01 3.555034421291629054e-01 3.738178310908429891e-01 4.210325410679941482e-01
-1.071002003634551406e-02 -1.387585517576607995e-02 -1.616603620855118842e-02 -1.409659170892150863e-02 -2.288066516480732893e-02 -2.761359118562985854e-02 -1.927098904923309208e-02 -2.099525186080721667e-02 -2.599850307550515341e-02 -1.538162941793608414e-02 -1.081731149734793153e-02 -2.081907021062250063e-03 -5.795589653184887551e-04 7.432255256898214098e-03 1.681737050100635955e-02 2.613490958515225782e-02 3.477913963004873599e-02 4.271171877601753764e-02 5.515892249021495108e-02 5.711883545812791729e-02 7.317013972051675252e-02 8.035663188445647809e-02 8.983094589089876680e-02 9.504830749296827586e-02 1.064617856247168926e-01 1.134182015293247053e-01 1.203110681974062096e-01 1.157393362771904077e-01 1.188510758275949097e-01 1.079393291793975529e-01
3.563964436324695839e-02 5.118040824569533576e-02 7.153060729955842967e-02 8.451145119133701700e-02 1.089150799345307147e-01 1.307109918841500573e-01 1.404195531488064697e-01 1.684946223078327698e-01 1.882671132263988578e-01 1.883296993218111504e-01 1.956772066416014588e-01 2.227667823314083972e-01 2.217962044909116415e-01 2.432628417515459995e-01 2.384635657964163102e-01 2.497770280081537675e-01 2.500097614061043139e-01 2.366673762810705683e-01 2.489671873686684078e-01 2.519643364853956236e-01 2.522083026080169654e-01 2.415035326209510336e-01 2.484429300022548692e-01 2.317266536015851197e-01 2.304478787874683632e-01 2.292454941433335891e-01 2.226762884772791884e-01 2.225970774569501764e-01 2.150000496042666076e-01 2.101266445627784640e-01
-1.007413957408324727e-02 -1.779010315677751614e-02 -9.034941757244351751e-03 -2.032714534256281277e-02 -2.885995205112090040e-02 -4.750965110710187594e-02 -4.401897520015757292e-02 -6.578602906162639430e-02 -7.119101676886990804e-02 -6.853854132394715526e-02 -8.324029982389634374e-02 -8.827601842086899020e-02 -1.047851135225850577e-01 -1.075333987596411439e-01 -1.215161178295800504e-01 -1.332306297733588940e-01 -1.442138737057876985e-01 -1.421266493003807141e-01 -1.553329624269978726e-01 -1.553882959482330017e-01 -1.553166784131438660e-01 -1.609278499228709025e-01 -1.495402660022530361e-01 -1.484014176607202917e-01 -1.452676268105881630e-01 -1.545384301250394832e-01 -1.536787605930301503e-01 -1.456847894446217373e-01 -1.382783915806928832e-01 -1.314206455021013631e-01
-8.962022677616994504e-02 -1.423366064063516234e-01 -1.607612209984085883e-01 -2.272571403214894981e-01 -2.685125501620647670e-01 -3.377872484427669186e-01 -3.744763318333539370e-01 -4.563412496140590302e-01 -4.730165840528560151e-01 -5.059336315008367002e-01 -5.744010855363284040e-01 -6.204118995170594397e-01 -6.718242990000788950e-01 -7.233916040568070249e-01 -7.581360824016123434e-01 -7.977355998495563316e-01 -8.638932854434220321e-01 -8.981722502244580131e-01 -9.240821683090604255e-01 -9.743918543986443970e-01 -9.991519667615111899e-01 -1.053431819765397570e+00 -1.087373194481263017e+00 -1.123492383645888326e+00 -1.172414087362787516e+00 -1.222137127054345740e+00 -1.263337395601153990e+00 -1.303481724164007982e+00 -1.322711546126182025e+00 -1.415022023945713858e+00
-6.534952969141988310e-02 -8.833847216593782026e-02 -6.964498714313289984e-02 -1.093140592231834629e-01 -1.175718177686558980e-01 -1.634147757897957687e-01 -2.038641653701797063e-01 -2.502601496485651889e-01 -2.667744292214142554e-01 -3.136197574240665586e-01 -3.847457538956210454e-01 -4.168952789379185564e-01 -4.844167355493255167e-01 -5.545591257069063529e-01 -5.990061079621927798e-01 -6.563163892642902564e-01 -7.229584925916454630e-01 -7.611403721757428187e-01 -8.011289548871626254e-01 -8.675197541501344922e-01 -9.075685644399626995e-01 -9.659720254769231795e-01 -9.854622664348784422e-01 -1.032777297866199095e+00 -1.072385950728409476e+00 -1.133170673901405356e+00 -1.161538566423472751e+00 -1.194320712430752218e+00 -1.203672126144022858e+00 -1.260503514857975071e+00
8.712871881143965935e-02 1.450463489891411217e-01 1.839766981334177709e-01 2.325269990950000476e-01 2.863021335659554634e-01 3.642431293740190923e-01 3.903915398615909194e-01 4.548463251098026072e-01 4.903731853019486220e-01 4.947385678408027787e-01 5.326642657030582484e-01 5.896671541518526682e-01 6.121726104884158692e-01 6.585637909753276897e-01 6.772242765944442855e-01 6.965962417556167408e-01 7.363218781379314848e-01 7.467577329894597993e-01 7.802233503388698033e-01 7.998051600376758774e-01 8.160895575084432529e-01 8.479220525117019402e-01 8.700088910583092527e-01 8.865975473755981495e-01 9.123497134188260915e-01 9.591099620759995226e-01 9.859855092511358166e-01 9.965978348037097811e-01 1.008212683725029368e+00 1.049907788372182349e+00
-2.876230884239383209e-02 -3.706474400236021982e-02 -2.891439725186431206e-02 -4.551137630590029737e-02 -5.290983567229551321e-02 -5.553985127696441787e-02 -6.003408928753211499e-02 -7.170233534384140572e-02 -6.884396646877090353e-02 -7.702061893265933767e-02 -8.786605074735850951e-02 -8.641217706057481573e-02 -1.069344316939250666e-01 -1.036923880497553907e-01 -1.029451994412409754e-01 -1.040514349378166836e-01 -1.194351437070882010e-01 -1.216614275955522351e-01 -1.291093333230990126e-01 -1.399429781265642825e-01 -1.486859171547992575e-01 -1.485620780859152890e-01 -1.618228116614368883e-01 -1.696526490809686372e-01 -1.870706423757255155e-01 -1.950573910835948777e-01 -2.072189533864673971e-01 -2.222584354764361725e-01 -2.438544786358449179e-01 -2.976297543878403395e-01
