5.105609942856699501e-02 6.973483198509673742e-02 8.804836081741514164e-02 1.074607545529042835e-01 1.271788823137005031e-01 1.473656478114341306e-01 1.673702331323083659e-01 1.872283564654191879e-01 2.065021675721941674e-01 2.247912265392080777e-01 2.430216756300788150e-01 2.592952648003406524e-01 2.744025387688490691e-01 2.878785182075728755e-01 3.003278286177362144e-01 3.100288740987318103e-01 3.187739845786421444e-01 3.254259790486013770e-01 3.291537577181729013e-01 3.313842319054115526e-01 3.318144158232329555e-01 3.305579031083624164e-01 3.276980802562949324e-01 3.237150391400188121e-01 3.189932938173881127e-01 3.129825232906249810e-01 3.068656085341418538e-01 3.002323362933894679e-01 2.937766397679936192e-01 2.742346349530825900e-01
2.806026009648677350e-02 4.545350072651098416e-02 5.991028076506849792e-02 7.412459535443348402e-02 8.768450125214799495e-02 1.009254637264246357e-01 1.131831807577498711e-01 1.246074344967683101e-01 1.347812923937269092e-01 1.438120946340983308e-01 1.523150052870889670e-01 1.589017354736078080e-01 1.646694333889568707e-01 1.689693233473223977e-01 1.723061672742560724e-01 1.741623684381301274e-01 1.754671864621849819e-01 1.756451269879549248e-01 1.743828510594978565e-01 1.724639386281864306e-01 1.699392730356344416e-01 1.668784961753440599e-01 1.631271695372132347e-01 1.592738386746985757e-01 1.552708849283264414e-01 1.507990736978010449e-01 1.465283688022820663e-01 1.421507273578135333e-01 1.382078243698511288e-01 1.262795581260362232e-01
-5.686254796079540791e-03 -1.901729120462426065e-02 -2.705951515314575923e-02 -3.354628285629352585e-02 -3.913897535256625343e-02 -4.403847569477822160e-02 -4.750960016887791765e-02 -5.023544747322469112e-02 -5.194058005371438025e-02 -5.254246747056200151e-02 -5.243138097076779913e-02 -5.150431324599679533e-02 -4.966893000479113279e-02 -4.715283776187603748e-02 -4.376016112392328711e-02 -3.993170221495190991e-02 -3.535322633636955175e-02 -3.044386255137030914e-02 -2.485790750640889252e-02 -1.867915914817480996e-02 -1.228579913631048376e-02 -5.118966268064899239e-03 2.242584751530048853e-03 1.026631488879447586e-02 1.859600464481875326e-02 2.757244534285714296e-02 3.691113357204948292e-02 4.675426241829226670e-02 5.742855565440722898e-02 8.687227939864902715e-02
1.630317973847444576e-03 6.905948232266095974e-04 3.672853883872596002e-04 3.105126629085576753e-04 1.446202794696499309e-04 -3.723280143802087244e-05 -1.640164071232790011e-05 -8.619639931653922532e-05 -2.218216873318126434e-04 -1.278652876913668329e-04 5.406026761963856134e-05 8.927047338145189387e-05 5.127273129459861134e-04 9.662330682234559001e-04 1.689973296582397526e-03 2.599280034162310821e-03 3.982344098294151973e-03 5.521925694757224418e-03 7.548291265245408478e-03 1.001380246961056097e-02 1.284098321540652447e-02 1.636613748938611432e-02 2.007074236263359929e-02 2.446866460739127724e-02 2.921128657818324384e-02 3.439153248711626643e-02 3.993013027349771871e-02 4.578217303199284133e-02 5.224996701550197603e-02 6.831712351157032126e-02
1.361031810702985389e-03 8.733215140466380616e-03 1.278880382612950992e-02 1.638059506333289228e-02 1.937403089846313764e-02 2.219877776128282090e-02 2.465252729922785130e-02 2.672761840732198330e-02 2.826473027849680381e-02 2.949960557131072261e-02 3.054770726098230207e-02 3.079483976219394084e-02 3.098562582265206380e-02 3.049943548004513741e-02 2.968719802121594364e-02 2.836363505184642808e-02 2.681747101976850178e-02 2.482240823603353019e-02 2.219701418324865685e-02 1.926053279224829509e-02 1.582342992247551955e-02 1.219102243063332688e-02 7.857221066598238379e-03 3.542685654002186019e-03 -1.379688290262421312e-03 -6.960992981827484813e-03 -1.283763937222979525e-02 -1.934078095442564454e-02 -2.606458634800695728e-02 -5.093840090292267586e-02
8.420778047086181772e-02 1.032264679972973720e-01 1.242759844666386365e-01 1.473090091435326210e-01 1.713282762658762948e-01 1.959343001251038219e-01 2.219321637699577243e-01 2.487423494093696785e-01 2.769340752576696096e-01 3.055170797565556762e-01 3.353585565573330429e-01 3.655657792457656652e-01 3.957394959225517539e-01 4.269433306215430490e-01 4.597153222440873988e-01 4.909422148591591206e-01 5.236953603328429185e-01 5.558396507674479015e-01 5.869015368221711659e-01 6.182867661164851425e-01 6.490985620458827876e-01 6.793923922020443928e-01 7.087615109149504322e-01 7.366218317464153786e-01 7.646054500927328412e-01 7.917366807599234280e-01 8.178656579872692900e-01 8.428512696744596688e-01 8.666279718208373950e-01 9.082419504606531468e-01
4.981465442379921782e-02 7.277258919078857802e-02 9.292222879559369764e-02 1.131326308081559845e-01 1.329099125933432823e-01 1.524300726165275788e-01 1.712908034441134042e-01 1.895508188983502373e-01 2.069932074342235306e-01 2.234446531674206537e-01 2.397175455466022953e-01 2.543978534424811699e-01 2.682539304034781136e-01 2.812047208450388913e-01 2.937196575229589213e-01 3.045500735236937873e-01 3.153728566707636460e-01 3.250951594609902129e-01 3.333297549593872144e-01 3.411188884960404399e-01 3.483170189802373695e-01 3.548747942485031004e-01 3.606531618451424559e-01 3.658204957488923048e-01 3.709650352185472899e-01 3.754098806905636354e-01 3.797320082732689173e-01 3.835481746854284002e-01 3.872224969495852154e-01 3.887023202414942591e-01
6.857951506467237224e-05 -2.685567481552035909e-03 -3.194460392955917466e-03 -3.273753958850339311e-03 -3.421744437605457947e-03 -3.745318435644133699e-03 -3.845285862003729183e-03 -4.165315638117292676e-03 -4.575919070735543631e-03 -4.731809415189168651e-03 -4.795570558629724811e-03 -4.896252661030492739e-03 -4.471144781423359860e-03 -3.738491010113594894e-03 -2.512746074201532669e-03 -6.786824628121426728e-04 2.054300040672023264e-03 5.348304237749354831e-03 9.818703538676734968e-03 1.531497746927417899e-02 2.181318370494815181e-02 2.965498537742740359e-02 3.834002633849639685e-02 4.817793279998825590e-02 5.909329258545450297e-02 7.118801463670508534e-02 8.409842505912831778e-02 9.792312710175803125e-02 1.128899603554367054e-01 1.550533928441845122e-01
9.166703861457951852e-03 3.734981191913270063e-03 1.649613273394027330e-03 6.681004336454026034e-04 2.223390922285847955e-04 9.966260609665499731e-05 1.035959689164187882e-03 2.446952552705020274e-03 4.632569137224318290e-03 7.662737223121707936e-03 1.131299874088402373e-02 1.558839225740084496e-02 2.064830132934634271e-02 2.648803949897136217e-02 3.332592966250208510e-02 4.056359668184450484e-02 4.884097361783769353e-02 5.753986558570379356e-02 6.706918146022658456e-02 7.740810780972230687e-02 8.822851693805471018e-02 9.992996680564628087e-02 1.119392319124289104e-01 1.244915518284669953e-01 1.375779642336788788e-01 1.512890900938281546e-01 1.652425317322250564e-01 1.795225214200990016e-01 1.943102168489292958e-01 2.305294928268852850e-01
4.071527465107476103e-03 7.477886089900573525e-03 9.650535149121610909e-03 1.183698122963739233e-02 1.377031841508532042e-02 1.567150801704426596e-02 1.760747070924829211e-02 1.940513589694529625e-02 2.099225380434323329e-02 2.260394517590735494e-02 2.422005644033879690e-02 2.541630867931473498e-02 2.675603813774265344e-02 2.779433733028296299e-02 2.881695511102221052e-02 2.957173664234858182e-02 3.041891307223231616e-02 3.102921148927853881e-02 3.140612706685128042e-02 3.174595720042736741e-02 3.187759319297016336e-02 3.211015139609088576e-02 3.192223625264654918e-02 3.193839739235319886e-02 3.168980132014633661e-02 3.119947792322876751e-02 3.059517661943686462e-02 2.969829509184235966e-02 2.888170472423480170e-02 2.161742264787518131e-02
2.290621587564856121e-02 4.023679834046359205e-02 5.439006257308692804e-02 6.744667253782643535e-02 7.920979457914961719e-02 8.973600284191037002e-02 9.902128052287484383e-02 1.069859047100066296e-01 1.136528008432808046e-01 1.194914426192006662e-01 1.247840025529088626e-01 1.290247913726645934e-01 1.331923647365734487e-01 1.373029433426352919e-01 1.416150092991106946e-01 1.463547022136555964e-01 1.522745098152448184e-01 1.588156437650496688e-01 1.666432456681092023e-01 1.758167721552719720e-01 1.865919545244026645e-01 1.989369867933938330e-01 2.123767766626002140e-01 2.268993830902654163e-01 2.430185883403546132e-01 2.602716674393195095e-01 2.782527580844251225e-01 2.968794863540112350e-01 3.161926030916262786e-01 3.633732615553004752e-01
-2.380624819386302493e-02 -4.513042105797621106e-02 -6.289389420914567874e-02 -7.944069562774716542e-02 -9.504118033517079678e-02 -1.097850764769705834e-01 -1.222154588538743314e-01 -1.331403279140674356e-01 -1.418483938861546667e-01 -1.483166349299472608e-01 -1.534128909620568748e-01 -1.560433125026319534e-01 -1.567297685151580466e-01 -1.554528522697196657e-01 -1.520952182244641737e-01 -1.472006051833190388e-01 -1.408475604384160085e-01 -1.332987258859182900e-01 -1.241565556750391930e-01 -1.139727897948795698e-01 -1.035375392560303059e-01 -9.208452169902711648e-02 -8.076774058793877165e-02 -6.908021589519242056e-02 -5.792024504319892575e-02 -4.675107532448438685e-02 -3.642830094794170803e-02 -2.681975779585901720e-02 -1.791242976637897819e-02 -7.494019305020752780e-03
2.744253627582957794e-02 3.579366249290846097e-02 4.420176229111292404e-02 5.358218363624053793e-02 6.333363254653520680e-02 7.361662432881890816e-02 8.434619682213584380e-02 9.535339158584765773e-02 1.065371985461537191e-01 1.176048143477354258e-01 1.289949428314516033e-01 1.396868230637569319e-01 1.500758337490228911e-01 1.598484914710535665e-01 1.694751494833899585e-01 1.775784599233664884e-01 1.853836333250995783e-01 1.920455222827524289e-01 1.969849979099367321e-01 2.011209891839549901e-01 2.039610811254838896e-01 2.058041607848629662e-01 2.063212827030113661e-01 2.060482676569877214e-01 2.049032975327349237e-01 2.026505598562049482e-01 1.998756308635305234e-01 1.962893532040161093e-01 1.923841379217855196e-01 1.742378282928938871e-01
8.888903227205107241e-03 -1.572119062191487063e-03 -7.366381185504033979e-03 -1.134326444905344421e-02 -1.413172407365974673e-02 -1.595637147437090064e-02 -1.589229021298906031e-02 -1.463976365878600153e-02 -1.182973791715715393e-02 -7.618127857667971077e-03 -2.333005496427294212e-03 4.105981702926808641e-03 1.149723945066193943e-02 1.985636683333501934e-02 2.942959110908308779e-02 3.902786745653009232e-02 4.942552775537475962e-02 5.990134114173029101e-02 7.047192505477353763e-02 8.133007248925981647e-02 9.180064657566860964e-02 1.024220767168285973e-01 1.125802497556495224e-01 1.225984413729954287e-01 1.323129948340321105e-01 1.418648669122361816e-01 1.510598218027206507e-01 1.599222157479139039e-01 1.687081825655703804e-01 1.851439564798343929e-01
-1.120809831832398143e-02 -2.453609167595283136e-02 -3.327505781691463688e-02 -4.084809477476819550e-02 -4.784372759549662679e-02 -5.438758863049623221e-02 -5.988639990454228818e-02 -6.495092415493862459e-02 -6.938662771180065247e-02 -7.294313316428427396e-02 -7.603424598237473742e-02 -7.857781352209131098e-02 -8.026502064286056282e-02 -8.148273768722197330e-02 -8.206115882059238087e-02 -8.201349283820012770e-02 -8.132571809731793666e-02 -8.019560082368080989e-02 -7.813820597251033839e-02 -7.539329728846075329e-02 -7.217961708583151004e-02 -6.795931734825683135e-02 -6.325904719414324195e-02 -5.756038160833705508e-02 -5.133815349589433696e-02 -4.420521937412440205e-02 -3.643031265054275797e-02 -2.785858884823326151e-02 -1.814104627757050225e-02 1.201837481079917787e-02
3.611530572523981297e-02 4.721323013492806364e-02 5.805935388419640464e-02 6.948826571024148413e-02 8.097384705642819702e-02 9.250206937434815591e-02 1.043195832072741219e-01 1.161556311775806122e-01 1.281247485750789394e-01 1.400831577349495316e-01 1.523592826995885663e-01 1.643017838993436341e-01 1.762338270278860919e-01 1.882546144281861400e-01 2.007473984408285617e-01 2.125254707357527584e-01 2.249532184431018433e-01 2.370297960133113391e-01 2.486560421079742067e-01 2.604901698257804377e-01 2.721552164631914628e-01 2.838223756652965002e-01 2.950617590115677258e-01 3.059983127966375283e-01 3.170439403454029526e-01 3.278074550252240704e-01 3.383068221936356701e-01 3.483926240300482258e-01 3.582606110566663449e-01 3.748695089540430847e-01
-3.301826556028425452e-02 -5.085437793462207340e-02 -6.486852479317539721e-02 -7.827712609761305895e-02 -9.151815887049956355e-02 -1.044806977257378977e-01 -1.170740496919373541e-01 -1.297132534170632734e-01 -1.425432618536705554e-01 -1.549760443802440935e-01 -1.675410613259307457e-01 -1.802952959335595295e-01 -1.924421809315619014e-01 -2.050647070210038225e-01 -2.180341264265823753e-01 -2.302976815127565913e-01 -2.428410091956786643e-01 -2.551539880066343580e-01 -2.666617132992307182e-01 -2.779474446271473220e-01 -2.888134698528475042e-01 -2.986731050826174072e-01 -3.079203320424122037e-01 -3.155371182793941798e-01 -3.227248144839343080e-01 -3.286999434120361774e-01 -3.334369865063939731e-01 -3.367831418901784946e-01 -3.380851214278412509e-01 -3.267873658005405191e-01
5.074550555179378752e-04 5.398269231977259261e-03 8.765257320353690013e-03 1.187112075299646442e-02 1.444638758946444231e-02 1.678339099759518921e-02 1.863509827201142999e-02 1.992265725715261157e-02 2.044446295613903258e-02 2.054381278005254496e-02 2.031134079357003325e-02 1.907433742832400497e-02 1.772512432435389279e-02 1.559420039904102148e-02 1.298855222943581453e-02 1.003187887244853457e-02 6.883884548068418610e-03 3.420526258797606731e-03 -3.180047817173438374e-04 -4.154242924462775259e-03 -8.035189973955794360e-03 -1.171727986122254872e-02 -1.555432889222639614e-02 -1.886594445862038727e-02 -2.216738053646378701e-02 -2.542004226003740514e-02 -2.833268204215153019e-02 -3.109415252990805484e-02 -3.323754467669692847e-02 -3.862528875612096513e-02
-4.472928064631739170e-02 -5.760899156626767686e-02 -6.995383496819150559e-02 -8.238262536806000014e-02 -9.509504265588750171e-02 -1.076772443016135034e-01 -1.203784952768448824e-01 -1.333304989959546716e-01 -1.468919085177378125e-01 -1.604019075405255790e-01 -1.742796249702360523e-01 -1.887966884413327939e-01 -2.029810949338915760e-01 -2.181869688885202663e-01 -2.342118718484501594e-01 -2.499507747974099581e-01 -2.665506826151060604e-01 -2.833292751936202780e-01 -3.000809209554045065e-01 -3.172378818270787937e-01 -3.346861982055688300e-01 -3.518187105378847157e-01 -3.691347653212137536e-01 -3.853072395260699334e-01 -4.020127890273092475e-01 -4.184931848949912103e-01 -4.343980609296757001e-01 -4.498141280981595713e-01 -4.640316083204375497e-01 -4.928150684657280900e-01
3.828157162616308701e-02 6.177244483061812563e-02 8.121354613088346830e-02 1.007513601740500087e-01 1.198676134001068067e-01 1.391390350365049600e-01 1.572758902001326897e-01 1.746935222299306756e-01 1.906203620393129849e-01 2.048665618568760172e-01 2.184720899635441693e-01 2.292454946419641981e-01 2.383591307408990390e-01 2.448940700009767935e-01 2.494846834427256743e-01 2.510034739860925734e-01 2.506654977628183234e-01 2.478220128304503278e-01 2.413796145931439707e-01 2.327332123706790934e-01 2.218619742626739832e-01 2.087851166596456087e-01 1.936476519245930172e-01 1.773232662243501567e-01 1.596052336015433837e-01 1.400661861281970455e-01 1.202379346254096593e-01 9.953314456429127044e-02 7.882718390170645462e-02 2.177161458578437403e-02
9.166979204668375403e-02 1.128634132939852902e-01 1.370766187593756014e-01 1.634719216660546759e-01 1.909111643745494968e-01 2.189600463566742927e-01 2.480509921331100209e-01 2.777309468816501759e-01 3.082929047555154622e-01 3.388025873861734705e-01 3.702506303251582587e-01 4.013466048665673691e-01 4.319715049349138192e-01 4.629652089819468186e-01 4.949115224547833147e-01 5.248042392462065608e-01 5.557529521900408387e-01 5.856012960093089914e-01 6.138750963904664459e-01 6.421159526068380696e-01 6.696461282841036367e-01 6.964382741204830918e-01 7.223458574252031861e-01 7.468605686471686544e-01 7.717487357227892364e-01 7.959974354320479284e-01 8.197992200234849314e-01 8.430150142498837873e-01 8.657585533982183890e-01 9.122159224801392741e-01
-1.451630023239951217e-02 -1.366605207403395056e-02 -1.364845775250422832e-02 -1.422198897322428726e-02 -1.565406291603477912e-02 -1.762852360184516756e-02 -2.061534316496265243e-02 -2.465390395500266854e-02 -3.010214741326144861e-02 -3.625972072490256382e-02 -4.318472537796433364e-02 -5.151981723292487630e-02 -5.998629043723353871e-02 -6.957237804411678384e-02 -8.006224146732407454e-02 -9.038744922507903345e-02 -1.010408624842056985e-01 -1.117447995585058446e-01 -1.220096574653107002e-01 -1.320705743515829533e-01 -1.415000394983920440e-01 -1.500329463879593317e-01 -1.579447712023920314e-01 -1.643972363650258728e-01 -1.701365331758229460e-01 -1.748947178765412613e-01 -1.784037920629387708e-01 -1.807619289337197843e-01 -1.813957507124417390e-01 -1.725816448392871738e-01
1.445560366811629027e-01 1.861962262685183389e-01 2.291521180144426295e-01 2.743937313731298344e-01 3.204848201620074111e-01 3.668889039507962080e-01 4.137575358829668204e-01 4.607190658179372011e-01 5.081647405998478417e-01 5.545382990776791532e-01 6.017573095366696156e-01 6.476963126555991268e-01 6.922683624975453087e-01 7.367388090624568120e-01 7.820219149103008194e-01 8.239681663616786889e-01 8.671090850213463153e-01 9.084095632979474200e-01 9.471055510764980756e-01 9.854993593503360572e-01 1.022992831009806869e+00 1.059220082493657289e+00 1.094228114540632957e+00 1.127018999422120027e+00 1.160469736012190056e+00 1.192979615709429009e+00 1.224792060976085617e+00 1.255697936525586922e+00 1.285716618556581814e+00 1.344911704281185560e+00
8.287961803709135988e-02 1.081769409041742486e-01 1.337642374172324511e-01 1.604147934084559635e-01 1.872842329861450494e-01 2.140556265949914438e-01 2.409956752306346428e-01 2.678206072411710159e-01 2.947045559588268859e-01 3.210884085485504746e-01 3.479229646151676403e-01 3.739788519564292146e-01 3.995175700882372949e-01 4.252079064527788943e-01 4.516117744032706605e-01 4.764554052511089655e-01 5.024640948894608661e-01 5.277834095466577002e-01 5.522114067621270994e-01 5.770159374858658818e-01 6.017815112846166548e-01 6.264319887450368052e-01 6.507230610384057146e-01 6.742055018414992995e-01 6.984946195188900253e-01 7.225841347970369810e-01 7.465014712876794079e-01 7.700975943549814851e-01 7.933932268114120001e-01 8.421905346883369337e-01
-2.243474538303527957e-02 -3.240964790204602791e-02 -4.092446510498635309e-02 -4.915884497343817050e-02 -5.738341420315552777e-02 -6.544573490415397932e-02 -7.316520661581159268e-02 -8.086252601996164746e-02 -8.860273045612074294e-02 -9.596004173125104175e-02 -1.032854004070131032e-01 -1.106755147367744496e-01 -1.175076860145542745e-01 -1.245401443702807143e-01 -1.316101521924734341e-01 -1.382287144147829605e-01 -1.448524141861622927e-01 -1.513108925238561275e-01 -1.572820968551742749e-01 -1.630500328370389218e-01 -1.686930008853068930e-01 -1.736800990871250616e-01 -1.785563567257365536e-01 -1.824696034226086228e-01 -1.863916862786804685e-01 -1.898677875519763081e-01 -1.928540450641778314e-01 -1.953697491856701274e-01 -1.969389279097444045e-01 -1.970195074837758353e-01
4.269819744723712257e-02 6.164821747096128901e-02 7.772622946036937541e-02 9.408525368796757937e-02 1.102482561540664152e-01 1.264880801812613420e-01 1.425280918109152750e-01 1.584072201717265371e-01 1.739680505853519188e-01 1.889405249579559076e-01 2.040117526759494815e-01 2.179572498052737284e-01 2.313122723189210694e-01 2.439397991723923076e-01 2.563626964892892768e-01 2.670843963472226412e-01 2.776739376632506584e-01 2.871196117348442933e-01 2.948221235509180249e-01 3.018251026226849154e-01 3.077729556522776910e-01 3.127415042598675754e-01 3.164530998847213117e-01 3.192351815397376225e-01 3.213619804619434195e-01 3.222805546488259343e-01 3.225537448403168472e-01 3.218122280741890218e-01 3.203931474176234251e-01 3.043590122661994912e-01
-3.983293480177411972e-02 -5.600432587863717754e-02 -7.008923124562903284e-02 -8.394594446848338554e-02 -9.782563143210754042e-02 -1.114994376074268656e-01 -1.248684055873854615e-01 -1.382527416273178766e-01 -1.518129701408497678e-01 -1.648866171291901161e-01 -1.780846101772032841e-01 -1.913451807570624441e-01 -2.039286943214233538e-01 -2.168942531796162754e-01 -2.301191404837086840e-01 -2.425902077962218684e-01 -2.553387497467247691e-01 -2.678096832388635606e-01 -2.795520354632434201e-01 -2.911557785922865293e-01 -3.025281822074893934e-01 -3.130700530518684133e-01 -3.233218187533979382e-01 -3.321906617753347390e-01 -3.410925856571053738e-01 -3.492477567398273308e-01 -3.566515441914783757e-01 -3.632543621342988471e-01 -3.684705902420777335e-01 -3.733402178636611723e-01
-2.755184474998420216e-02 -3.993878286099357411e-02 -5.104666955523817773e-02 -6.137883553290239547e-02 -7.130452370508041926e-02 -8.037335173441771674e-02 -8.891577658756874558e-02 -9.708426365837453942e-02 -1.052774000300706336e-01 -1.132642913960098668e-01 -1.212320075374910405e-01 -1.298687577872121024e-01 -1.384559893938891173e-01 -1.483187201450828774e-01 -1.591880237865461734e-01 -1.708787957087350984e-01 -1.840438669332942201e-01 -1.982868428288450391e-01 -2.139920715561748898e-01 -2.310893104641963403e-01 -2.497395157290247247e-01 -2.693210154179594973e-01 -2.901221817994324992e-01 -3.107683026753539357e-01 -3.328550422933564401e-01 -3.557378548820428477e-01 -3.785253774188103715e-01 -4.014490637918308735e-01 -4.236376647698685827e-01 -4.758638161244816978e-01
-5.342019058205741376e-03 7.906924195004411127e-03 1.369621742745795977e-02 1.771965901140749866e-02 2.019552989437957066e-02 2.186090985972775902e-02 2.217003715146546872e-02 2.142999570192003628e-02 1.932646906711462179e-02 1.637953653342777774e-02 1.273020749105900282e-02 7.757772548105552717e-03 2.568522410981316419e-03 -3.697818251516501488e-03 -1.068534289780639565e-02 -1.789931656863882198e-02 -2.553951816001948788e-02 -3.345300649197277543e-02 -4.176095541087643248e-02 -5.034016986797416188e-02 -5.912981303910905956e-02 -6.794935506456845076e-02 -7.737567728187642879e-02 -8.654350387321217697e-02 -9.638901641597401315e-02 -1.069610775190074914e-01 -1.179551968246242560e-01 -1.297667327567134099e-01 -1.420266229439278993e-01 -1.836190845713833730e-01
3.457541703982093539e-02 4.755516886882889260e-02 5.933387269263176028e-02 7.143470569376728085e-02 8.342087862477505500e-02 9.535963168872822748e-02 1.073681771491383219e-01 1.192469242599465962e-01 1.310745084366305435e-01 1.427137112544886455e-01 1.545651955932874910e-01 1.658589537137028502e-01 1.770360015822359800e-01 1.881431243860729186e-01 1.995488848844163277e-01 2.101289508519693650e-01 2.212294208458638056e-01 2.319072827185362784e-01 2.420131933595219831e-01 2.521999512968868817e-01 2.621536372479547627e-01 2.720256070092453293e-01 2.813959310059946373e-01 2.904469126523097078e-01 2.995022151556598344e-01 3.081505908810041605e-01 3.165120838012224769e-01 3.243805312542376584e-01 3.319803703934036676e-01 3.421547939169374275e-01
-4.300107921319223925e-02 -5.688806024314829041e-02 -7.009949995808123502e-02 -8.339241396220052616e-02 -9.694659769408735250e-02 -1.104068155567089760e-01 -1.238235543147098439e-01 -1.374381546296688239e-01 -1.514636954007129721e-01 -1.652267598119523673e-01 -1.792702628457806535e-01 -1.936552920875504735e-01 -2.074961621088391717e-01 -2.220298219355383851e-01 -2.370933261795575842e-01 -2.515656754596003464e-01 -2.665753299878912963e-01 -2.814869970784820707e-01 -2.959468927242576153e-01 -3.105004464556051502e-01 -3.250229311463121995e-01 -3.389277104895735970e-01 -3.527355592742752455e-01 -3.652567114615187238e-01 -3.780464558799915831e-01 -3.903490604130123165e-01 -4.020017199926330109e-01 -4.130503653233872918e-01 -4.228711635977188132e-01 -4.407577076471611566e-01
-5.901205341255281317e-02 -8.578223135462578752e-02 -1.083369200372834018e-01 -1.304918417434678402e-01 -1.525002910081419971e-01 -1.742680562735929028e-01 -1.952621683180091050e-01 -2.160529971466848831e-01 -2.365407328594145153e-01 -2.559175749270052869e-01 -2.751987435282230998e-01 -2.936951223364374086e-01 -3.108270781096558188e-01 -3.276115687752939598e-01 -3.440348411261651140e-01 -3.586142560072260177e-01 -3.728617629540439404e-01 -3.859972699837175836e-01 -3.970996971914534379e-01 -4.072936914260784635e-01 -4.164535827777503529e-01 -4.238564242950792482e-01 -4.302165985695411421e-01 -4.344800938158174253e-01 -4.382570565277947305e-01 -4.405198210295467320e-01 -4.416907055744828114e-01 -4.415767410935647619e-01 -4.397135654072382160e-01 -4.234618029485006652e-01
8.958248228378489983e-03 2.538354256916448490e-02 3.810675164886263150e-02 4.985122088542833646e-02 6.030644840317494343e-02 6.992134657157671185e-02 7.765673928488879552e-02 8.380501363885319022e-02 8.769602720396404982e-02 8.984371878680698364e-02 9.085484086151539296e-02 8.919659035748454812e-02 8.649926544139807660e-02 8.174394347502647595e-02 7.531391604693357666e-02 6.781702171036428639e-02 5.940291292522291433e-02 5.006151365412254972e-02 3.981699272611815416e-02 2.907528810530839863e-02 1.833025930217131033e-02 7.614961303316245336e-03 -3.106825354890830823e-03 -1.302652992434570438e-02 -2.251281694565835517e-02 -3.173203637076277978e-02 -3.991069864177383686e-02 -4.736497544574766461e-02 -5.341132814400834095e-02 -6.166970066657213867e-02
5.299932524579298310e-02 6.630406885810366524e-02 8.085554664330249497e-02 9.641395358884982669e-02 1.122670153914628183e-01 1.281805066971323792e-01 1.446188801536707480e-01 1.611914852009926069e-01 1.781662561687467061e-01 1.952056542509851556e-01 2.128127068739641692e-01 2.302979966504517806e-01 2.478121030720372708e-01 2.658596477755029719e-01 2.848249307177617151e-01 3.030877626418312931e-01 3.225581478637390975e-01 3.418674393852444982e-01 3.610417359971211937e-01 3.808479089332967304e-01 4.008555483772962003e-01 4.211701546323817769e-01 4.414110750975631658e-01 4.613307027567155605e-01 4.819364930621024556e-01 5.026285538640326012e-01 5.232043288469012676e-01 5.436241093334669428e-01 5.639412223915053479e-01 6.075393895081524498e-01
2.288217741024969193e-02 3.166374303968571419e-02 3.974183588445283355e-02 4.804204602719875511e-02 5.613730068423621045e-02 6.414536134434251080e-02 7.208852404947671544e-02 7.980402745757028682e-02 8.726611219308270939e-02 9.454687020866081593e-02 1.018809680208724450e-01 1.086174912160052797e-01 1.153203229634032351e-01 1.217964831043545915e-01 1.284027065494378339e-01 1.344891464777917545e-01 1.409567503628347540e-01 1.471431990511954391e-01 1.530653059943853367e-01 1.591531488440786068e-01 1.652241842815981854e-01 1.714841640674847900e-01 1.775230615658994204e-01 1.836778808263269946e-01 1.900187247940963720e-01 1.963340061082142485e-01 2.026946436806462692e-01 2.089783265488782404e-01 2.154642381760845105e-01 2.274467301797349073e-01
-6.963899709431393970e-02 -9.079834371337693055e-02 -1.118693988661523947e-01 -1.333916037788483722e-01 -1.553599914277505878e-01 -1.772047705308443521e-01 -1.990895781221118377e-01 -2.211671345811428990e-01 -2.437288089016214632e-01 -2.658887125502757409e-01 -2.884249157381395534e-01 -3.111636537548582160e-01 -3.331236943551171836e-01 -3.559202364671094632e-01 -3.794326211365637302e-01 -4.018894494141375118e-01 -4.252291100923140110e-01 -4.482670895723272486e-01 -4.706081923452993809e-01 -4.931932841173772286e-01 -5.157995460243255392e-01 -5.376942800623037977e-01 -5.595591653539238042e-01 -5.798231041864452262e-01 -6.007960152985813984e-01 -6.213458242158014233e-01 -6.413249549302040275e-01 -6.607786063243700214e-01 -6.789995898960153875e-01 -7.176543405863935465e-01
-9.766857616100625694e-03 -2.225320694103515365e-02 -3.096704946267195974e-02 -3.886184881006127939e-02 -4.640879458556733395e-02 -5.372015055454866517e-02 -6.022829905831045966e-02 -6.650455952907846635e-02 -7.238858194894066955e-02 -7.751167534378454460e-02 -8.233621970732597772e-02 -8.671943751704749848e-02 -9.025405847566098094e-02 -9.337376353516575744e-02 -9.594923690075637945e-02 -9.768786212081433107e-02 -9.878342300457768066e-02 -9.930997439481821509e-02 -9.861902647962481061e-02 -9.715441806120242441e-02 -9.493366564477821734e-02 -9.148779975085288840e-02 -8.735336060780241052e-02 -8.197147437868619602e-02 -7.585785059148389409e-02 -6.860784955141804864e-02 -6.054959785287002128e-02 -5.151534354474177069e-02 -4.114118036685896623e-02 -8.072343907999580959e-03
-8.560706307241787438e-02 -1.103438784101987424e-01 -1.346494241748764920e-01 -1.599934564985683594e-01 -1.862980082073676380e-01 -2.129800542601871793e-01 -2.404082670993958337e-01 -2.687000854831416707e-01 -2.982903076000866238e-01 -3.278368675232660734e-01 -3.583208616056516860e-01 -3.894498945806697532e-01 -4.197773051640927289e-01 -4.512676539787881524e-01 -4.838929351038082638e-01 -5.147342792960407643e-01 -5.464788739368242609e-01 -5.774424595142378935e-01 -6.067272338208463678e-01 -6.357356940758801533e-01 -6.638001545021544603e-01 -6.902092677733969728e-01 -7.155729549453044847e-01 -7.381765655315173369e-01 -7.605789633345956258e-01 -7.814265773450613795e-01 -8.006712506018939246e-01 -8.182789363407485528e-01 -8.334433020591079933e-01 -8.532742501796755086e-01
-5.944338491493094019e-03 -1.495699003285617251e-02 -2.100026763163353322e-02 -2.614703563971829819e-02 -3.088435592512097858e-02 -3.524287485330485081e-02 -3.872527254838347560e-02 -4.180733911463679897e-02 -4.435371862464968645e-02 -4.617219116379068372e-02 -4.756903855731689501e-02 -4.854018139521303760e-02 -4.880856681161725025e-02 -4.871525160534882770e-02 -4.806543638539569063e-02 -4.701641821875407468e-02 -4.543896454385883132e-02 -4.360229338996338827e-02 -4.115697544155837856e-02 -3.824692289733698514e-02 -3.510586947360459092e-02 -3.125117003613411826e-02 -2.724374924828137923e-02 -2.253504301891940190e-02 -1.761038126812482230e-02 -1.218776029707139760e-02 -6.434298654173978629e-03 -3.038785492375769073e-04 6.550847575084959955e-03 2.512638365271781249e-02
-2.632576417661781562e-02 -3.047061656262837342e-02 -3.643738947762285851e-02 -4.305664535538883397e-02 -5.036809113590685200e-02 -5.796923250350737022e-02 -6.596339421215749454e-02 -7.444892732186325635e-02 -8.360373722333561131e-02 -9.279044188703909624e-02 -1.023394730805821662e-01 -1.124030536501082478e-01 -1.221004422723984961e-01 -1.323550173068001878e-01 -1.429609393640740300e-01 -1.530538246075379416e-01 -1.633452791002048266e-01 -1.734383827129337419e-01 -1.830072674961520374e-01 -1.924537046457866496e-01 -2.016399800583719426e-01 -2.101518461623672340e-01 -2.185954598008088001e-01 -2.259730225410924720e-01 -2.334979363604276215e-01 -2.407163594285250119e-01 -2.476013017942435279e-01 -2.542519528154864594e-01 -2.602067872856655417e-01 -2.745440108955221059e-01
1.121882265140486112e-01 1.459373354698679515e-01 1.803012186306318376e-01 2.160334581228997852e-01 2.520550801254320405e-01 2.878921065178332572e-01 3.238121535466494949e-01 3.594838431686416813e-01 3.952190399005665045e-01 4.300934784535759281e-01 4.654927264847532054e-01 4.998854727890710281e-01 5.334116182545103335e-01 5.671585038654245459e-01 6.017709890118915217e-01 6.343735648848314312e-01 6.684637272060208746e-01 7.016783763140556074e-01 7.337788985764694960e-01 7.663989788878667886e-01 7.991211523035584019e-01 8.316845553204137431e-01 8.640082174228971290e-01 8.952197446979290874e-01 9.276901085632140997e-01 9.600894971635133279e-01 9.923695486311420177e-01 1.024388286341769261e+00 1.056098933143326368e+00 1.125023316014828190e+00
-8.271222267428613925e-03 -1.755738859904628149e-02 -2.386152050093030483e-02 -2.935831041959599194e-02 -3.450180764753751211e-02 -3.937574182709690368e-02 -4.341905276135599179e-02 -4.714108496465350961e-02 -5.038930900771083216e-02 -5.291285495429778885e-02 -5.504291191688433227e-02 -5.675825367247108039e-02 -5.768676738623075562e-02 -5.820451001472528446e-02 -5.811611281397624507e-02 -5.748243883844782187e-02 -5.622210085249043643e-02 -5.455786746514897784e-02 -5.206612265518949928e-02 -4.896467495185689162e-02 -4.544826053260037774e-02 -4.104004038461938481e-02 -3.631394831637804743e-02 -3.075413692439193242e-02 -2.483210355323643009e-02 -1.824217328493282775e-02 -1.124237527823907998e-02 -3.751979139257241927e-03 4.543838682595465958e-03 2.738082633412157463e-02
1.994282645050341612e-02 1.808101886842078398e-02 1.999249480513349067e-02 2.307393911071651746e-02 2.665746561874988985e-02 3.045837398942984747e-02 3.511548216599669203e-02 4.004830155767683669e-02 4.551769649410616903e-02 5.154991779071883828e-02 5.810197066206529426e-02 6.499047197693215427e-02 7.242912719161935520e-02 8.052055883550658655e-02 8.950647403949439640e-02 9.869475909590272322e-02 1.090024451213606749e-01 1.196604179563400538e-01 1.310918939770641389e-01 1.434491520975898493e-01 1.564652317083716770e-01 1.704815106943000647e-01 1.850283591781138604e-01 2.002051425532204998e-01 2.163438614427836693e-01 2.333933046554856339e-01 2.509853645325124116e-01 2.692521111387121691e-01 2.883628876922517126e-01 3.382349528255808035e-01
1.900980153106243860e-04 -5.147633344955446569e-03 -9.800629332058526447e-03 -1.346322044444476715e-02 -1.649043691302967685e-02 -1.873224891703402506e-02 -1.955846471170603895e-02 -1.940292794760918593e-02 -1.799564860813481978e-02 -1.549870105583756735e-02 -1.212332045216157200e-02 -7.887075667767907278e-03 -2.883076160325004182e-03 2.666132388972793088e-03 9.096186352301412897e-03 1.529259325182960941e-02 2.180327745562743100e-02 2.812575394764591646e-02 3.392469726448941320e-02 3.949149268002702384e-02 4.406893308628042488e-02 4.822534311899474846e-02 5.116259676682373414e-02 5.351882094558820663e-02 5.461966762956707577e-02 5.463198552763656735e-02 5.352869673527181626e-02 5.115014742617904342e-02 4.776355630037416866e-02 2.449300552361088901e-02
2.684200555155535906e-02 4.161727640601897010e-02 5.422688807508888043e-02 6.681216164618736242e-02 7.893430878462970313e-02 9.087294334993284428e-02 1.021314426845573026e-01 1.127952587129916195e-01 1.225212951658361527e-01 1.313622821845592259e-01 1.398705292934984135e-01 1.468170391573348499e-01 1.531008533240243996e-01 1.582343759376472481e-01 1.626551074080799797e-01 1.657721378424652781e-01 1.684714857580313085e-01 1.701798788774596949e-01 1.706317366778429268e-01 1.705054109384639416e-01 1.697956905560711882e-01 1.686084250846835719e-01 1.667248471176902280e-01 1.646924336745072270e-01 1.624827653727604349e-01 1.598041843873810597e-01 1.572153873934128976e-01 1.544389470778385065e-01 1.519904481959176157e-01 1.426047001785538670e-01
-1.808689837038107012e-02 -2.365762181888402677e-02 -2.934156097091722426e-02 -3.512611428184429785e-02 -4.120900523102134783e-02 -4.736090363883882493e-02 -5.340407884611111239e-02 -5.959432500194246363e-02 -6.593372898123009418e-02 -7.197220059779750601e-02 -7.803956965138643398e-02 -8.418678827860516523e-02 -8.976242461457008270e-02 -9.543345768972710808e-02 -1.010058047343146137e-01 -1.060266594805162332e-01 -1.108413213815649806e-01 -1.153634276708581652e-01 -1.192386699229731339e-01 -1.227541858948749537e-01 -1.259783791689268739e-01 -1.284548058444658913e-01 -1.308407004749693736e-01 -1.323285863047860000e-01 -1.338309648656048900e-01 -1.350084969970652138e-01 -1.359055793343698637e-01 -1.366171309729378447e-01 -1.367907846645904368e-01 -1.375376298586440948e-01
-1.110718477032894280e-01 -1.460005420349109184e-01 -1.808503574459656149e-01 -2.166733232062233450e-01 -2.531977092565517173e-01 -2.896540330691512732e-01 -3.261546138374760151e-01 -3.628455852454779418e-01 -4.000802822387698465e-01 -4.365078435826784675e-01 -4.734985955892142551e-01 -5.102486303029258874e-01 -5.456306811771723941e-01 -5.818506911044518670e-01 -6.188811095483873759e-01 -6.537595106152898072e-01 -6.897707244538551219e-01 -7.248503600054302387e-01 -7.583431835536842414e-01 -7.918949349556912987e-01 -8.251253870324213313e-01 -8.570668782973263067e-01 -8.886247168784535688e-01 -9.177342176058831402e-01 -9.477907048581185601e-01 -9.770454492243701994e-01 -1.005546365073365367e+00 -1.033266595436640900e+00 -1.059434772726055574e+00 -1.114589608966658485e+00
-8.743215376273982820e-02 -9.277146248930361050e-02 -1.057992584541819353e-01 -1.225132845178410340e-01 -1.422845693948174839e-01 -1.640065475389211880e-01 -1.889420556515091776e-01 -2.165683028689360246e-01 -2.476437273976739573e-01 -2.803415138280945240e-01 -3.152819215582939316e-01 -3.525085544474663157e-01 -3.896859884596752810e-01 -4.291115512670026222e-01 -4.707166173366320594e-01 -5.102692184811759013e-01 -5.510038370684581244e-01 -5.907796967489018503e-01 -6.284282284247879602e-01 -6.655535486340736773e-01 -7.008291994619876286e-01 -7.339141785648857219e-01 -7.653979740200795856e-01 -7.935030037004098258e-01 -8.208973714773867281e-01 -8.464765593846947933e-01 -8.702149609045982670e-01 -8.922532546085726324e-01 -9.118873633441615389e-01 -9.451384169387343492e-01
9.742178434166462453e-02 1.370322675485849406e-01 1.737698961954319832e-01 2.108473365266677890e-01 2.474247979199987457e-01 2.834700033482922543e-01 3.182903039526722155e-01 3.520580552481858971e-01 3.844802904068848615e-01 4.149857951200740525e-01 4.451519951223879001e-01 4.727429467390155127e-01 4.986895563796570063e-01 5.232810118963422408e-01 5.472145010560141021e-01 5.683880354512903521e-01 5.896880339172488883e-01 6.092963458616249550e-01 6.266862201156800927e-01 6.435782108212155794e-01 6.599339481813487618e-01 6.754032455618593778e-01 6.901531223454606678e-01 7.038794115096195236e-01 7.182957871879849243e-01 7.321674789064028799e-01 7.461970872401118005e-01 7.600168264532379814e-01 7.739438159196526668e-01 8.028477143126742099e-01
-1.468989535667203014e-02 -1.845356301331006060e-02 -2.320191007443571721e-02 -2.760868372561155887e-02 -3.189365674628517194e-02 -3.567055125355282630e-02 -3.894193017977121141e-02 -4.186239776645454824e-02 -4.456651222740479895e-02 -4.692864179803418051e-02 -4.907953351350586441e-02 -5.144696312839089347e-02 -5.356611666635979763e-02 -5.626136068913502319e-02 -5.917958900306879988e-02 -6.267634693255477729e-02 -6.678316137264933561e-02 -7.153807318994032105e-02 -7.733550955246530634e-02 -8.393988838452230705e-02 -9.173619944130710635e-02 -1.002144477426074043e-01 -1.099486159705961308e-01 -1.199122255255405251e-01 -1.312447077774986648e-01 -1.436499375260907596e-01 -1.566362362886460635e-01 -1.704969961145025859e-01 -1.846912626724250550e-01 -2.281823457908659092e-01
