5.179675221443176270e-01
-2.065424919128417969e+00
-6.484732031822204590e-01
-9.393231272697448730e-01
7.936758399009704590e-01
-6.540543437004089355e-01
1.472385883331298828e+00
1.173201560974121094e+00
4.537346363067626953e-01
1.309213519096374512e+00
5.777552723884582520e-01
-4.900181666016578674e-02
1.328906178474426270e+00
1.135957360267639160e+00
9.181052446365356445e-01
-4.395983219146728516e-01
-5.713870525360107422e-01
-2.360419183969497681e-02
-9.774783849716186523e-01
-2.358316779136657715e-01
-4.554536938667297363e-01
-6.707642078399658203e-01
-3.022828817367553711e+00
1.101631045341491699e+00
-1.059787273406982422e+00
1.760441809892654419e-02
5.740805268287658691e-01
-4.094880521297454834e-01
2.206864356994628906e+00
-1.846333384513854980e+00
-1.746780872344970703e-01
-8.605114817619323730e-01
-3.052362203598022461e-01
1.143471240997314453e+00
-4.299003481864929199e-01
2.385921478271484375e-01
-2.404062747955322266e+00
9.790638089179992676e-01
-1.487149238586425781e+00
9.378579854965209961e-01
1.143659710884094238e+00
-7.417570948600769043e-01
-9.627207517623901367e-01
-4.859496057033538818e-01
2.254694223403930664e+00
-4.895601570606231689e-01
-1.550322413444519043e+00
-1.156482338905334473e+00
9.864231348037719727e-01
-5.734043121337890625e-01
-1.803908228874206543e+00
-1.249286174774169922e+00
7.335110902786254883e-01
2.056227684020996094e+00
-9.872228503227233887e-01
