-3.042804002761840820e-01 6.510051488876342773e-01 -4.473760724067687988e-02 3.303541243076324463e-01 -4.384788870811462402e-01 -1.454385519027709961e-01 2.252786457538604736e-01 -1.198188811540603638e-01 -1.116482764482498169e-01 5.063825473189353943e-02 -1.733814366161823273e-02 4.570038318634033203e-01 1.060923039913177490e-01 4.839492738246917725e-01 9.399421513080596924e-02
-1.614003777503967285e-01 9.978604316711425781e-01 8.494395613670349121e-01 -6.517676711082458496e-01 3.039933368563652039e-02 -3.900839686393737793e-01 -6.571912020444869995e-02 1.251025438308715820e+00 -2.012457698583602905e-01 3.554191589355468750e-01 6.306379437446594238e-01 -2.165292501449584961e+00 1.238611266016960144e-01 9.529149532318115234e-02 1.440617322921752930e+00
-6.286935210227966309e-01 2.930847704410552979e-01 1.595270074903964996e-02 1.806030273437500000e-01 -4.676623344421386719e-01 1.849002540111541748e-01 3.354756236076354980e-01 1.572531461715698242e-01 -3.780683875083923340e-01 5.294883847236633301e-01 -1.182282567024230957e-01 -1.065806269645690918e+00 -5.230091884732246399e-02 -6.641337275505065918e-01 -3.802586719393730164e-02
-4.801601469516754150e-01 6.224707886576652527e-02 -1.175445988774299622e-01 3.488752841949462891e-01 -3.530664145946502686e-01 5.775921940803527832e-01 5.855646133422851562e-01 -1.459160894155502319e-01 -2.218151092529296875e-01 3.584322631359100342e-01 -3.374785184860229492e-01 -1.699747443199157715e-01 -1.300695240497589111e-01 -5.495674014091491699e-01 -3.962394595146179199e-01
6.857768446207046509e-02 -2.803937494754791260e-01 2.663834393024444580e-01 -3.001311421394348145e-01 2.111141830682754517e-01 -1.391671299934387207e-01 3.644357249140739441e-02 3.737482726573944092e-01 1.440762281417846680e-01 2.856656722724437714e-02 9.902752935886383057e-02 -1.520426422357559204e-01 3.389487862586975098e-01 -1.395740360021591187e-01 1.749137938022613525e-01
4.233353435993194580e-01 2.148837596178054810e-01 3.880856931209564209e-01 -9.663111716508865356e-02 -4.298819229006767273e-02 -2.327964007854461670e-01 -3.582670390605926514e-01 1.796842366456985474e-02 1.031865477561950684e-01 -2.611417770385742188e-01 2.500740289688110352e-01 -1.040990501642227173e-01 1.389481425285339355e-01 7.604100741446018219e-03 6.547440290451049805e-01
8.624163269996643066e-02 -3.497606515884399414e-01 3.041896820068359375e-01 -5.704358592629432678e-02 5.008129477500915527e-01 -2.492743283510208130e-01 -4.656526446342468262e-01 9.740934707224369049e-03 4.527283906936645508e-01 -3.889427781105041504e-01 -6.752012670040130615e-02 7.576148491352796555e-03 2.767345011234283447e-01 -1.814066022634506226e-01 3.016144037246704102e-01
1.903335452079772949e-01 -7.148883342742919922e-01 -2.364305853843688965e-01 -2.012168467044830322e-01 7.549469470977783203e-01 -1.917354613542556763e-01 8.424191921949386597e-02 -5.052395910024642944e-02 6.089946031570434570e-01 -4.243005812168121338e-01 -6.232143044471740723e-01 -3.327889740467071533e-01 9.221054613590240479e-02 4.514586329460144043e-01 -6.032398343086242676e-01
-8.912668377161026001e-02 8.126026988029479980e-01 -3.993631303310394287e-01 1.624007672071456909e-01 -6.004854440689086914e-01 -6.665027886629104614e-02 1.110712289810180664e-01 5.439512059092521667e-02 -4.944337606430053711e-01 9.715998917818069458e-02 -3.431333974003791809e-02 2.265490442514419556e-01 1.125553995370864868e-01 2.861608266830444336e-01 4.930521175265312195e-02
-4.381170868873596191e-01 4.738632142543792725e-01 -3.353982567787170410e-01 4.678857624530792236e-01 -4.311222434043884277e-01 -1.367433518171310425e-01 -2.531221508979797363e-02 -1.746537862345576286e-03 -1.954232901334762573e-01 9.032905101776123047e-02 -2.269347161054611206e-01 7.040988802909851074e-01 -8.330372720956802368e-02 -3.354107961058616638e-02 -1.477234214544296265e-01
3.657679259777069092e-01 9.453398734331130981e-02 4.680677354335784912e-01 -1.603038609027862549e-01 -2.803301513195037842e-01 -1.183701008558273315e-01 4.404447227716445923e-02 -2.438901066780090332e-01 6.865698099136352539e-02 -8.712961571291089058e-04 4.745237231254577637e-01 5.804542899131774902e-01 -1.449574679136276245e-01 -9.561419486999511719e-01 6.529929582029581070e-03
1.749289333820343018e-01 -3.814596235752105713e-01 1.012934088706970215e+00 -6.245398521423339844e-01 3.539599478244781494e-02 5.036623477935791016e-01 8.337309584021568298e-03 2.936333119869232178e-01 3.685432970523834229e-01 7.842373847961425781e-02 7.135949730873107910e-01 -1.619918465614318848e+00 -1.444848626852035522e-01 -9.860354661941528320e-01 -4.527559578418731689e-01
7.397201657295227051e-01 -9.245063364505767822e-02 4.776592254638671875e-01 -3.412864804267883301e-01 -2.742424607276916504e-01 1.766238361597061157e-01 -5.296176671981811523e-01 1.585519909858703613e-01 -1.710771620273590088e-01 -2.603710591793060303e-01 2.329784631729125977e-01 8.226563930511474609e-01 -1.615829914808273315e-01 -5.561812520027160645e-01 -3.612119704484939575e-02
2.274119406938552856e-01 -8.077126741409301758e-01 2.025315165519714355e-01 3.226985037326812744e-01 2.336446493864059448e-01 1.032456159591674805e+00 -2.687223553657531738e-01 -2.912228703498840332e-01 2.917154133319854736e-01 2.828973531723022461e-01 3.674021661281585693e-01 -1.307146549224853516e-01 -1.428814381361007690e-01 -1.148489713668823242e+00 3.099915012717247009e-02
-3.571967184543609619e-01 4.388095736503601074e-01 -2.420719861984252930e-01 2.325175404548645020e-01 -3.303821384906768799e-01 2.102343887090682983e-01 2.018182873725891113e-01 1.477366834878921509e-01 -4.404432475566864014e-01 3.514956831932067871e-01 -2.062431573867797852e-01 -1.054625213146209717e-01 -5.085660144686698914e-02 1.500872969627380371e-01 -3.426743447780609131e-01
