-1.084572672843933105e+00
-2.734156697988510132e-02
-5.767627954483032227e-01
1.363196969032287598e-01
4.654336273670196533e-01
-9.838126897811889648e-01
-6.316212415695190430e-01
-1.464574694633483887e+00
7.265610098838806152e-01
9.618399143218994141e-01
2.095574140548706055e-01
-1.248693943023681641e+00
-2.729073166847229004e-01
-1.554217219352722168e+00
8.730804920196533203e-01
2.756469845771789551e-01
1.427375674247741699e+00
2.930512666702270508e+00
1.224671959877014160e+00
-1.543873429298400879e+00
9.284151792526245117e-01
-9.773131608963012695e-01
6.650000810623168945e-01
4.247050285339355469e-01
-2.419942378997802734e+00
-1.682437807321548462e-01
-8.386705517768859863e-01
-1.653069972991943359e+00
8.414402008056640625e-01
1.586519718170166016e+00
1.388081789016723633e+00
-1.027530908584594727e+00
7.341837286949157715e-01
-4.805679321289062500e-01
1.803150400519371033e-02
4.837262630462646484e-02
-1.397411227226257324e+00
-8.079428672790527344e-01
-1.990379691123962402e+00
-2.492292225360870361e-01
7.324790358543395996e-01
-5.967751741409301758e-01
4.070765078067779541e-01
-6.333677768707275391e-01
-1.288754343986511230e+00
1.661900877952575684e+00
3.148611307144165039e+00
2.349021136760711670e-01
-2.667994797229766846e-01
-3.190307021141052246e-01
-3.580784052610397339e-02
1.471231281757354736e-01
4.932897090911865234e-01
6.175200343132019043e-01
3.592907190322875977e-01
