-1.283931136131286621e+00
-2.679330669343471527e-02
-4.176211059093475342e-01
-5.901886820793151855e-01
-2.214979887008666992e+00
1.293833374977111816e+00
-9.977323412895202637e-01
-2.110946327447891235e-01
-7.572654485702514648e-01
2.197479963302612305e+00
3.996937870979309082e-01
-4.712313413619995117e-01
-1.108443260192871094e+00
-1.430063843727111816e+00
-2.435437679290771484e+00
6.844218373298645020e-01
9.435020685195922852e-01
7.148322463035583496e-01
7.254659533500671387e-01
-5.601587891578674316e-01
3.940522074699401855e-01
9.004253149032592773e-01
-1.134331583976745605e+00
-7.759507298469543457e-01
2.053602457046508789e+00
9.484767168760299683e-02
9.041730761528015137e-01
-3.843115568161010742e-01
-9.817134737968444824e-01
-1.290644645690917969e+00
-1.692790746688842773e+00
-1.241109728813171387e+00
-7.602313160896301270e-01
-6.074840426445007324e-01
-9.741066098213195801e-01
1.559865832328796387e+00
-1.207541674375534058e-02
1.637906432151794434e+00
-1.266737341880798340e+00
-1.177000999450683594e+00
7.239357829093933105e-01
4.818231463432312012e-01
-1.574211597442626953e+00
2.217420339584350586e+00
5.910890698432922363e-01
