4.626104235649108887e-01 -6.202571988105773926e-01 -6.600517034530639648e-02 -9.109371900558471680e-02 -1.010574400424957275e-01 5.734495520591735840e-01 5.355029702186584473e-01 -1.982142180204391479e-01 5.535593628883361816e-01 5.715962052345275879e-01
1.451877802610397339e-01 7.202164828777313232e-02 -6.549711823463439941e-01 -1.710342168807983398e+00 -1.046972751617431641e+00 5.762635469436645508e-01 5.213455557823181152e-01 1.089723825454711914e+00 -1.071475863456726074e+00 -5.516560282558202744e-03
4.020519256591796875e-01 -3.092259168624877930e-01 -3.991180360317230225e-01 -1.505477726459503174e-01 -4.570890069007873535e-01 9.930615872144699097e-02 3.451361656188964844e-01 3.221914470195770264e-01 2.456476166844367981e-02 7.738514989614486694e-02
1.321434378623962402e+00 -1.455417275428771973e+00 -9.150327444076538086e-01 -1.256343603134155273e+00 -9.396232604980468750e+00 -4.006454721093177795e-02 -1.043014812469482422e+01 -9.911645054817199707e-01 5.864861607551574707e-01 1.460760831832885742e+00
-1.898976229131221771e-02 -1.711978018283843994e-01 1.317051947116851807e-01 1.804236173629760742e+00 1.992127180099487305e+00 -3.786084353923797607e-01 -1.451804876327514648e+00 -1.141994476318359375e+00 5.755653977394104004e-01 -4.316196441650390625e-01
3.697796463966369629e-01 -7.183335423469543457e-01 -7.527603507041931152e-01 -4.042844176292419434e-01 -5.796317458152770996e-01 5.337057113647460938e-01 9.345502853393554688e-01 -4.049206674098968506e-01 -3.596726357936859131e-01 -1.036901593208312988e+00
-2.858255505561828613e-01 -1.048985049128532410e-01 -1.950724571943283081e-01 -4.484608471393585205e-01 -6.964179277420043945e-01 3.827032744884490967e-01 4.598049521446228027e-01 5.931147336959838867e-01 -6.510772705078125000e-01 1.910165995359420776e-01
9.258502125740051270e-01 -5.249208211898803711e-01 -3.384833931922912598e-01 -8.785472810268402100e-02 -4.229626953601837158e-01 6.254737377166748047e-01 1.035899996757507324e+00 -3.036644458770751953e-01 1.173500657081604004e+00 2.490075305104255676e-02
1.649291217327117920e-01 -7.629703730344772339e-02 -4.536142647266387939e-01 -1.303227901458740234e+00 -2.684158384799957275e-01 5.951836705207824707e-02 3.072071969509124756e-01 1.022076368331909180e+00 -1.651823073625564575e-01 9.710413813591003418e-01
-1.811903417110443115e-01 -3.166617080569267273e-02 3.251930773258209229e-01 1.909968137741088867e+00 1.490854501724243164e+00 -7.626802325248718262e-01 -1.894747495651245117e+00 -9.273644685745239258e-01 5.142666697502136230e-01 5.244135856628417969e-03
