-8.072258830070495605e-01 5.419330596923828125e-01 -7.416764497756958008e-01 4.182252287864685059e-01 3.235904574394226074e-01 -4.670315265655517578e+00 -1.644912481307983398e+00 3.338007926940917969e+00 -2.659315466880798340e-01 1.218099832534790039e+00
-1.285888671875000000e+00 -1.741206943988800049e-01 7.533258199691772461e-01 -1.009908080101013184e+00 -5.511071681976318359e-01 1.773957371711730957e+00 6.473928689956665039e-01 -5.210434794425964355e-01 8.910140991210937500e-01 -3.023841977119445801e-01
-9.482484459877014160e-01 6.889435052871704102e-01 -1.697296380996704102e+00 -7.024414539337158203e-01 9.182283282279968262e-01 -2.447904109954833984e+00 -2.779158115386962891e+00 2.521825551986694336e+00 -5.073503032326698303e-02 2.146929502487182617e+00
-4.358665049076080322e-01 -2.606770098209381104e-01 5.756185650825500488e-01 -5.698887258768081665e-02 -3.673045337200164795e-01 5.508467555046081543e-01 4.519077837467193604e-01 2.363828122615814209e-01 7.097085118293762207e-01 1.074846625328063965e+00
2.635378539562225342e-01 3.727557361125946045e-01 -4.680428653955459595e-02 3.538517355918884277e-01 4.137038812041282654e-02 8.666771464049816132e-03 -1.533840596675872803e-01 -1.241365224123001099e-01 -3.700627088546752930e-01 -3.509345352649688721e-01
1.224429488182067871e+00 1.237571686506271362e-01 -1.294268518686294556e-01 8.928268551826477051e-01 5.245752334594726562e-01 -2.314097166061401367e+00 -1.558431982994079590e-01 5.870683193206787109e-01 -2.030697613954544067e-01 -2.138250768184661865e-01
1.523549795150756836e+00 -3.821749687194824219e-01 4.533939659595489502e-01 1.477723360061645508e+00 -5.032357573509216309e-01 -1.387467861175537109e+00 2.537153363227844238e-01 3.377180993556976318e-01 5.723127350211143494e-02 -3.086145222187042236e-01
2.890177965164184570e-01 6.869066357612609863e-01 -8.418573141098022461e-01 -2.138241082429885864e-01 6.246729493141174316e-01 3.125394284725189209e-01 -9.348207116127014160e-01 1.017445802688598633e+00 -5.570368170738220215e-01 5.114684104919433594e-01
-2.911120653152465820e+00 3.413152098655700684e-01 -6.702551245689392090e-01 -2.923271954059600830e-01 9.707786142826080322e-02 -2.325563430786132812e+00 -1.319849967956542969e+00 2.007357597351074219e+00 -2.179204523563385010e-01 2.064573526382446289e+00
1.040066957473754883e+00 5.993551611900329590e-01 -7.988342642784118652e-01 7.056276798248291016e-01 5.090019702911376953e-01 -2.703697204589843750e+00 -7.249721884727478027e-01 7.497081756591796875e-01 -4.529662728309631348e-01 1.698731631040573120e-01
