5.314326502258894663e-02 8.111466753875032354e-02 1.130878837785745383e-01 1.456796037238096420e-01 1.794389942194169196e-01 2.156643546316981130e-01 2.511018791717414267e-01 2.861961290471340402e-01 3.213964096395435788e-01 3.557837509939593690e-01 3.884711683066672250e-01 4.195477683921421952e-01 4.486122739406901982e-01 4.749306277405818677e-01 4.984793177376368178e-01 5.179998809395129911e-01 5.338581610616457418e-01 5.459371535018541222e-01 5.542482252169006474e-01 5.578240989222306156e-01 5.577650484553801080e-01 5.528710665357438048e-01 5.463191550430204213e-01 5.361756736126140899e-01 5.234175154530257279e-01 5.102996183531730567e-01 4.949844790307512121e-01 4.794413609457641168e-01 4.635074930260043025e-01 4.236440700245914237e-01
3.346753947587326194e-02 6.539706340465918644e-02 9.396013534227405650e-02 1.210826208918386326e-01 1.472169970678451068e-01 1.732291481866314597e-01 1.968810372062902159e-01 2.186506603254183556e-01 2.390940240476616685e-01 2.572461491796193545e-01 2.729572209619687828e-01 2.866549618142678058e-01 2.979494456795846458e-01 3.067672308033235207e-01 3.133422098909933173e-01 3.174152819675760129e-01 3.189994525267502712e-01 3.188316219310527999e-01 3.168683159749006717e-01 3.124755747806310935e-01 3.068321534522611693e-01 2.990542097676143762e-01 2.911294524664162497e-01 2.817729326347486185e-01 2.713458632399393111e-01 2.613123063731412343e-01 2.503307825767298045e-01 2.393987568501771968e-01 2.283001403875657420e-01 1.994144060404534624e-01
-1.107512278021395395e-02 -3.125555551772117580e-02 -4.490002299267559921e-02 -5.628083790123411534e-02 -6.564960070399293579e-02 -7.340736776880590897e-02 -7.926343524400179807e-02 -8.285071177290956324e-02 -8.493514964165799208e-02 -8.508430471546381268e-02 -8.333830747519101190e-02 -8.042794922308713068e-02 -7.561774125940003144e-02 -6.957820845057563486e-02 -6.216831112673584098e-02 -5.403214168631109704e-02 -4.463034000831250098e-02 -3.463526033211749428e-02 -2.389578950801736837e-02 -1.214074340752372382e-02 -3.545613783619017416e-04 1.194246389252219369e-02 2.457598404815389270e-02 3.809112207465548822e-02 5.164472551165800313e-02 6.581676836487185267e-02 8.043270241619120131e-02 9.557002765463291916e-02 1.112978607709701334e-01 1.525949942755688016e-01
9.669250766021391177e-04 4.160811436316784288e-03 6.432096731321424420e-03 8.576268961257576748e-03 1.068189152560112577e-02 1.275984144251652609e-02 1.450404464998589042e-02 1.639102805420271369e-02 1.826783770381776653e-02 1.997010998132422652e-02 2.177708818922541312e-02 2.342419740941874620e-02 2.534894219051729916e-02 2.727531754109771209e-02 2.959273004435475016e-02 3.203748269206284360e-02 3.489791265142570820e-02 3.832974097062599034e-02 4.233476549739414313e-02 4.701333619269512654e-02 5.212733173669040210e-02 5.772335266491537831e-02 6.394635016932809224e-02 7.095037796657417684e-02 7.798687348630989336e-02 8.570410633693592573e-02 9.358056379662388347e-02 1.017104767913664526e-01 1.099625272354669003e-01 1.285992872972696877e-01
8.467392802856040998e-03 2.396668125898210669e-02 3.363033657136996202e-02 4.196589474845488499e-02 4.951202485918884677e-02 5.665175645237607860e-02 6.265618411507732632e-02 6.811716824060326525e-02 7.289343730321494463e-02 7.689253471468164569e-02 8.005933099759719729e-02 8.228030732692552529e-02 8.395387178165875097e-02 8.484011117318666917e-02 8.487294856952339039e-02 8.401967958189043850e-02 8.211100150391799357e-02 7.948905804344467974e-02 7.618823856165780894e-02 7.159477653798766716e-02 6.585088094157771910e-02 5.892153381640672510e-02 5.138517564882229965e-02 4.225712104644292061e-02 3.178872844306037532e-02 2.064659663344065380e-02 7.895699320703506233e-03 -6.047837163584482249e-03 -2.141023120393975576e-02 -7.101245065575167992e-02
5.722992337914713928e-02 8.705559018790015591e-02 1.214758232148517997e-01 1.569481391744649013e-01 1.942293153777777392e-01 2.352204972930030946e-01 2.767802445299519243e-01 3.201468701472091616e-01 3.663794583902532653e-01 4.141743164454916859e-01 4.641743609670168635e-01 5.150938345221288683e-01 5.680953813454984180e-01 6.213831260342161933e-01 6.772210065490228414e-01 7.317367215408773218e-01 7.875777298914559132e-01 8.432392678855026302e-01 8.982112668763321262e-01 9.531626031601141413e-01 1.006545545779157669e+00 1.056973260612911192e+00 1.106042553538542528e+00 1.154296538887255474e+00 1.199167037306394290e+00 1.243211883696713871e+00 1.283789505826559596e+00 1.323114359647167282e+00 1.359510225498807623e+00 1.420988363370823793e+00
4.686179303404174740e-02 8.733967213086619996e-02 1.248411738025044654e-01 1.608977795239268649e-01 1.961890658806650645e-01 2.321329809946169054e-01 2.658152110392773548e-01 2.979989648880941311e-01 3.296679528751644828e-01 3.594578765958125754e-01 3.875632964195930286e-01 4.140893868735820438e-01 4.389225251247722004e-01 4.616182543622338041e-01 4.831461298299229434e-01 5.021728178443947144e-01 5.194866261609244473e-01 5.354196596179977563e-01 5.497137976023627193e-01 5.620868813974438938e-01 5.731822183824165640e-01 5.817529778305933208e-01 5.898756222477321565e-01 5.967328121729923440e-01 6.017568372559812806e-01 6.068950847192121634e-01 6.102224086304554040e-01 6.132087735492786074e-01 6.150971030342049506e-01 6.092673528361587376e-01
-6.014434569206097980e-03 -4.510897488355462663e-03 -1.988034112371450755e-03 6.134610187611411192e-04 3.029302629474886488e-03 5.134419752692011459e-03 6.627707075066300441e-03 7.942329407410497408e-03 9.071737556696740645e-03 9.658197304634434308e-03 1.027633532074184904e-02 1.081235225561670565e-02 1.152277580409695468e-02 1.239078032454887096e-02 1.416332239159475044e-02 1.660202116534950992e-02 2.027606503059345769e-02 2.551999487110578543e-02 3.226711508220976576e-02 4.108692370540924926e-02 5.175058615626709074e-02 6.424241353399016974e-02 7.846586788716337912e-02 9.525841801627694949e-02 1.131804782434557427e-01 1.328088040621915877e-01 1.538589216145449245e-01 1.761417546080457086e-01 1.994842107572233070e-01 2.605417421902008202e-01
4.551651453513919435e-04 -5.011309969722251532e-03 -7.465221121045775149e-03 -8.817042104086339135e-03 -9.101970600701081784e-03 -8.273363561234406763e-03 -6.534882053286800857e-03 -3.331282166306357654e-03 1.121910464700130207e-03 6.764406298008129176e-03 1.399366266080428849e-02 2.209122051914236273e-02 3.187459433854009094e-02 4.267236940115552019e-02 5.523558628038346963e-02 6.853769925575010913e-02 8.346037828468159947e-02 9.951594495369674165e-02 1.166668006100001070e-01 1.353935288409925108e-01 1.546867818569185038e-01 1.746543208604387498e-01 1.951480540426715760e-01 2.169700399759595388e-01 2.386394322309730864e-01 2.609264336405617279e-01 2.832703991068751814e-01 3.058841105057054643e-01 3.284452520447366242e-01 3.797782707897742749e-01
6.751429320361053421e-03 1.647096472413330306e-02 2.275038370709287980e-02 2.838672929257823885e-02 3.373717056028159578e-02 3.910573222009982447e-02 4.389567510234679976e-02 4.867850194722021101e-02 5.329220159401953233e-02 5.764175905861886745e-02 6.177106708086955306e-02 6.543934787306780743e-02 6.912879808966107542e-02 7.247456994864676094e-02 7.561358209089967530e-02 7.827177762705900266e-02 8.054374908790902510e-02 8.256248590067978566e-02 8.433435466793602620e-02 8.553726811732859092e-02 8.605625374275782669e-02 8.585649204602345541e-02 8.539482303590102685e-02 8.413889020793745288e-02 8.191323032679970195e-02 7.942757420832942394e-02 7.584647793819665473e-02 7.154984267343265925e-02 6.631798417886618224e-02 4.444644872621242998e-02
1.544402896474463861e-02 5.397834622497749146e-02 8.418773802603700396e-02 1.113047529380373768e-01 1.354907817275949056e-01 1.574295904186972794e-01 1.756132617832993070e-01 1.908994933058468513e-01 2.044003047706875742e-01 2.145945219915061097e-01 2.229761018768165182e-01 2.298699054877721970e-01 2.352869816755007726e-01 2.396037812143629042e-01 2.446460005045996144e-01 2.499547825055428441e-01 2.564419197039315979e-01 2.653027009106138645e-01 2.761609943677466039e-01 2.897734749351308925e-01 3.064571679173577756e-01 3.253527590933543712e-01 3.466588422767979405e-01 3.713355620737314733e-01 3.970406575469274113e-01 4.247094540928752493e-01 4.532649612239181280e-01 4.827208124463993610e-01 5.122001153789482730e-01 5.769895928671697760e-01
-3.119490756979010140e-02 -6.479879982310877973e-02 -9.712140515858110057e-02 -1.274584273673542156e-01 -1.556458436389784317e-01 -1.823023248797045193e-01 -2.054620219405256798e-01 -2.243811739741053690e-01 -2.404236671624390143e-01 -2.522488180886851561e-01 -2.595113577406640837e-01 -2.639406437917674597e-01 -2.633953738761265484e-01 -2.591273492500055231e-01 -2.509388705395103059e-01 -2.398400033908215934e-01 -2.251430697442012019e-01 -2.083308137335271315e-01 -1.892568036354037864e-01 -1.675703904416965262e-01 -1.460403986497663398e-01 -1.233194353349269523e-01 -1.014374202465885971e-01 -7.933255581402164081e-02 -5.851224927857415908e-02 -3.917053927866307600e-02 -2.142803181345286426e-02 -5.640843698650370615e-03 7.872154899635984762e-03 1.992409712147303821e-02
2.622156793759851043e-02 3.872563735817777242e-02 5.337347518043896594e-02 6.871465893332122377e-02 8.527735241001421773e-02 1.038722854962734060e-01 1.226888037507878199e-01 1.423332851511804609e-01 1.627361753765986518e-01 1.836492015824675583e-01 2.045413929024414157e-01 2.249926698839443129e-01 2.453835106242419073e-01 2.648302911572043006e-01 2.833948740696007329e-01 2.998728138959192990e-01 3.147322155995499471e-01 3.274635348376781496e-01 3.381477910514376073e-01 3.461137211776415534e-01 3.513150345054054102e-01 3.533331988343058061e-01 3.537933940031730007e-01 3.514708367434686287e-01 3.467323385307614636e-01 3.410594791651774815e-01 3.330158662527823998e-01 3.239339184595623200e-01 3.135069426273043303e-01 2.778700824708450479e-01
7.923959844168687594e-04 -1.612757631068869810e-02 -2.706717631416424852e-02 -3.559769355659850310e-02 -4.159366274262654012e-02 -4.498810808988884524e-02 -4.579627177608485561e-02 -4.344470376027001479e-02 -3.864008807181221888e-02 -3.085946129998869483e-02 -2.025458699912510707e-02 -8.012541283733604081e-03 7.105849964164783622e-03 2.386315474639605014e-02 4.254827104657821213e-02 6.171046713476557172e-02 8.222423785173031685e-02 1.028346257196507407e-01 1.236223927930808902e-01 1.447268005779822897e-01 1.645801494494807116e-01 1.835876594790782634e-01 2.016660353165782016e-01 2.191456325293793528e-01 2.351261471088857968e-01 2.504541846699865904e-01 2.644405744150651327e-01 2.776400634830074043e-01 2.898288485324807540e-01 3.101831812250850362e-01
-1.285927211507228128e-02 -3.099038269499206077e-02 -4.459391190791691523e-02 -5.655686934606516530e-02 -6.718516572577744317e-02 -7.701861677091707825e-02 -8.556686655678184816e-02 -9.254772869647874545e-02 -9.866031483178773487e-02 -1.035620864842340949e-01 -1.071807637483897652e-01 -1.100278871941622327e-01 -1.115146611305583429e-01 -1.120660941510327469e-01 -1.116015866927484307e-01 -1.102677341645316167e-01 -1.078167690464694600e-01 -1.044994547156782444e-01 -1.001795520911020893e-01 -9.458167750712630217e-02 -8.833794781010056996e-02 -8.097766691673936867e-02 -7.276439081955898835e-02 -6.312992540280250309e-02 -5.284527219056633918e-02 -4.151881468058229302e-02 -2.911266350297906855e-02 -1.582342317338971197e-02 -1.454684978553370421e-03 4.023576814844586486e-02
2.759059114500733711e-02 4.890029502995768551e-02 6.897717083066828847e-02 8.862428885951022239e-02 1.083351597684559103e-01 1.290872651564045903e-01 1.491846839935442592e-01 1.694341948230440320e-01 1.903031365018740262e-01 2.110696046532607728e-01 2.321124481289354169e-01 2.529451374493913440e-01 2.741505271648904674e-01 2.950093064633610429e-01 3.165627957804367232e-01 3.372689143905503451e-01 3.581856394172918123e-01 3.790793166131394276e-01 3.997029396949389191e-01 4.202151812900894456e-01 4.401339621316337491e-01 4.588529834134102980e-01 4.772622235145624892e-01 4.953692318662443195e-01 5.119386965541062873e-01 5.284434270135189848e-01 5.433475637015069415e-01 5.576922993321503652e-01 5.706896413963724601e-01 5.889327538017855579e-01
-2.148373770586924428e-02 -4.419186220866611753e-02 -6.449017297006462424e-02 -8.372066104356375160e-02 -1.023260360040912920e-01 -1.214402969555564843e-01 -1.399112785055748043e-01 -1.578974667643215091e-01 -1.764378154098702745e-01 -1.948624348522732530e-01 -2.135640194470152242e-01 -2.324473879822607503e-01 -2.514639199408358894e-01 -2.704799743951613600e-01 -2.903229792690862343e-01 -3.096747735190145123e-01 -3.293874863665701702e-01 -3.489252217365634845e-01 -3.679414927135483127e-01 -3.866887355473429544e-01 -4.047291295332227645e-01 -4.213614882875565404e-01 -4.366553266723408044e-01 -4.507904673908340598e-01 -4.632282863770474379e-01 -4.740814787805554542e-01 -4.826293692393410217e-01 -4.896090368909247759e-01 -4.941125769999510919e-01 -4.851952683997978188e-01
7.711299464713154694e-03 2.102005957446283560e-02 3.075205623121655962e-02 3.948931723823034118e-02 4.743349297896629763e-02 5.478203995354658656e-02 6.075201145306022982e-02 6.575667530749304546e-02 6.976309699371767425e-02 7.245774816851817401e-02 7.385462037864450047e-02 7.409816742338697082e-02 7.321747615617935079e-02 7.122467710486278525e-02 6.811002564020020300e-02 6.412243546240974090e-02 5.904328497063979220e-02 5.351952565584407878e-02 4.756404883960185098e-02 4.080459430964771678e-02 3.377347250620815061e-02 2.631339406673038894e-02 1.917391386873887674e-02 1.166419648966409740e-02 3.918195858140281242e-03 -3.393367849914618716e-03 -1.089918122414331413e-02 -1.836815423985056067e-02 -2.579051424061346021e-02 -4.489378696867904472e-02
-2.793539099906676079e-02 -4.441938438368495806e-02 -6.204563820836658805e-02 -7.940756084165451201e-02 -9.671613874262412203e-02 -1.149208461781794921e-01 -1.330566930050695318e-01 -1.511427810360574386e-01 -1.704122385836142339e-01 -1.899832584100815958e-01 -2.105593520528855345e-01 -2.318960358579824632e-01 -2.540170533721733404e-01 -2.766149028224961226e-01 -3.010816004632753118e-01 -3.257284478386046622e-01 -3.518589826530005293e-01 -3.788296174816838113e-01 -4.061833313453082073e-01 -4.348094338546399373e-01 -4.640579949105365642e-01 -4.931094554326040935e-01 -5.218404531145869329e-01 -5.515092597831529053e-01 -5.805861407563309706e-01 -6.093662529222176882e-01 -6.373900587945744434e-01 -6.652522823308718580e-01 -6.920872178480280690e-01 -7.483776466557121587e-01
5.203288573941522444e-02 8.922722913294962865e-02 1.251581343789152923e-01 1.602317053683835757e-01 1.952455101863428133e-01 2.314664654996039517e-01 2.656053381448024164e-01 2.980004167725590625e-01 3.290533455561912013e-01 3.579381718003402102e-01 3.834172454090564730e-01 4.060822008793336102e-01 4.251980558260828325e-01 4.404278323149456997e-01 4.510728448114394440e-01 4.568610113662530114e-01 4.572877774033874410e-01 4.529191546018957459e-01 4.438565035507033851e-01 4.284115990423073561e-01 4.086041086083890828e-01 3.832083489479707339e-01 3.557740784540097678e-01 3.232320858025892751e-01 2.878003712246617884e-01 2.514760076548695489e-01 2.124424737106116734e-01 1.725539286100643832e-01 1.319063947081628163e-01 3.002537581505175870e-02
6.713357781055161178e-02 1.004214617639916513e-01 1.409396674885545486e-01 1.827965858876176852e-01 2.265757532911608363e-01 2.742193908972672678e-01 3.219519942319742367e-01 3.707688912621915356e-01 4.219283607198052177e-01 4.738138992509849934e-01 5.267809181201118518e-01 5.799576541608845170e-01 6.339064623987445968e-01 6.870589938657439832e-01 7.414604974677785343e-01 7.935344743777613674e-01 8.456967730612653389e-01 8.967944283813280570e-01 9.463419706497200323e-01 9.948739836520129609e-01 1.041677973019498049e+00 1.085034300972592680e+00 1.127385826548117587e+00 1.168951075192955047e+00 1.207636715357864654e+00 1.246336058516858136e+00 1.282436881803686646e+00 1.318350369070435901e+00 1.352685154078794971e+00 1.420808973892062843e+00
-2.297117196765357475e-03 6.935642176641637624e-03 1.282203571406016589e-02 1.747159106793303926e-02 2.066157796779558714e-02 2.205268880490830405e-02 2.129958735239567691e-02 1.853034175353393195e-02 1.366306753010888657e-02 6.331092820977869857e-03 -3.386244959795879552e-03 -1.480606549519191718e-02 -2.841227044598552617e-02 -4.361413573051291931e-02 -6.059241241405790429e-02 -7.811243009152914196e-02 -9.684813906126830962e-02 -1.154764986789140607e-01 -1.338558673665426191e-01 -1.522641153787054613e-01 -1.694289737870079138e-01 -1.854558125951396574e-01 -1.996963191374959978e-01 -2.125840864109518336e-01 -2.239143734065009717e-01 -2.333391765106718474e-01 -2.408383530804711625e-01 -2.468073242113101029e-01 -2.508333068190465309e-01 -2.468028513238066657e-01
1.107294609879326680e-01 1.779233470351806456e-01 2.513028760445433774e-01 3.249808969957958538e-01 3.998822844361037965e-01 4.791200272209394373e-01 5.566819328758210172e-01 6.338912395866932448e-01 7.132358289472305879e-01 7.917625018446393659e-01 8.702735416141210711e-01 9.480511416565090554e-01 1.025364026840088094e+00 1.100361491896805433e+00 1.176279785465993211e+00 1.248301664938681554e+00 1.319700276135014283e+00 1.389459095613331918e+00 1.456778588746637793e+00 1.522286120611172855e+00 1.585923019253471233e+00 1.644445270048156438e+00 1.701825690156322679e+00 1.758126861928465345e+00 1.810505630532232457e+00 1.862924612991414319e+00 1.911628986488476345e+00 1.960073221977717495e+00 2.006120734905215031e+00 2.095464734895152059e+00
6.272657212691140627e-02 1.071352262192582921e-01 1.525255319357529671e-01 1.973435545233498400e-01 2.422484462430750940e-01 2.890882810389381885e-01 3.343312536328255091e-01 3.790313658573634670e-01 4.247313284836672920e-01 4.695033217697663352e-01 5.142110931281425046e-01 5.583660345208789622e-01 6.023574458734403114e-01 6.451028740481493662e-01 6.889243176879769059e-01 7.308785284214759370e-01 7.731246478492163066e-01 8.152801862860353799e-01 8.568228852993627909e-01 8.983427612315845190e-01 9.395809014336690135e-01 9.787602326104551942e-01 1.017891325973064420e+00 1.057430481770142983e+00 1.094966898696380531e+00 1.133080080228075825e+00 1.169325392292172694e+00 1.205607181110740500e+00 1.240499655981969207e+00 1.310172085254956098e+00
-1.613465097347432584e-02 -2.752680547072998418e-02 -3.938816929442293113e-02 -5.087481079013861374e-02 -6.209467014408934921e-02 -7.358852646465952052e-02 -8.475862931646672982e-02 -9.535771277240424892e-02 -1.061911184838455896e-01 -1.167445655587997372e-01 -1.271909877744402118e-01 -1.376961776843005913e-01 -1.478586537417228008e-01 -1.577825920063099241e-01 -1.679191209954241648e-01 -1.776634015504837683e-01 -1.874192286951192055e-01 -1.969527084610670498e-01 -2.060584348394587095e-01 -2.149838586919001759e-01 -2.238309623443775209e-01 -2.320290504961457223e-01 -2.397187459345563321e-01 -2.471902187433723530e-01 -2.542808628429162332e-01 -2.608908124738114620e-01 -2.669623922762490165e-01 -2.728135507182320452e-01 -2.781172935243700350e-01 -2.875489440537302155e-01
3.976798433973643965e-02 7.161506877315776398e-02 1.005797350979447252e-01 1.286274775042479113e-01 1.565526247552442574e-01 1.856647954184461324e-01 2.135269949212525720e-01 2.409785570446236758e-01 2.685532720228459569e-01 2.954279948366415054e-01 3.215277602105552912e-01 3.465900388939531784e-01 3.709591047812586528e-01 3.938635497939857455e-01 4.159367917486239130e-01 4.357499779568792531e-01 4.539923118590155071e-01 4.705444588744587819e-01 4.852408235751482501e-01 4.975734989751263715e-01 5.076582373633190537e-01 5.146156051558447020e-01 5.202241398790113935e-01 5.233555672207700349e-01 5.238350836193323978e-01 5.233991154179377103e-01 5.201100008690386911e-01 5.154953487868061401e-01 5.088144760289308177e-01 4.752510830128967023e-01
-2.868382307908537779e-02 -4.961072169141328425e-02 -7.033032679393227959e-02 -9.039178376488421485e-02 -1.101070496164329587e-01 -1.305065888387896000e-01 -1.503576667390052746e-01 -1.696353337771081271e-01 -1.894932352545664889e-01 -2.091059738600798690e-01 -2.288290636118004706e-01 -2.486768748341880997e-01 -2.684109826896750595e-01 -2.878923480632137322e-01 -3.080199411265104326e-01 -3.275087229625980867e-01 -3.472374137551100248e-01 -3.667815133180962195e-01 -3.857449436284803301e-01 -4.045604190346072104e-01 -4.230673413545686934e-01 -4.403911876014730553e-01 -4.568954479028476956e-01 -4.729771927230652095e-01 -4.880003817552527323e-01 -5.022702983321697401e-01 -5.151945301635024732e-01 -5.275338532610606146e-01 -5.385532639336242378e-01 -5.550582779666162203e-01
-7.233372168971102800e-03 -2.699840696930596792e-02 -4.476815751836460411e-02 -6.105135846708956843e-02 -7.571305365247892050e-02 -8.934156902714125714e-02 -1.014981653331409467e-01 -1.122391326464547423e-01 -1.230318323079567649e-01 -1.327121475214065593e-01 -1.427281991757088919e-01 -1.531801827447874798e-01 -1.639407594451537387e-01 -1.753416167118909685e-01 -1.892771836519903383e-01 -2.046686660031896698e-01 -2.228801581379460384e-01 -2.439071534354478876e-01 -2.672579362596084751e-01 -2.943855058005659942e-01 -3.246823615905880533e-01 -3.574617321666985759e-01 -3.916924306349405804e-01 -4.295023315243032269e-01 -4.684595390705849627e-01 -5.083200402246416116e-01 -5.490327619713427643e-01 -5.904148304545314696e-01 -6.315198205379326524e-01 -7.254129449709104671e-01
8.529976616064713010e-03 3.780508155435831352e-02 5.316558591541837436e-02 6.498732936673283500e-02 7.402399327371693427e-02 8.074562432042807492e-02 8.457503316103130719e-02 8.625369537563963573e-02 8.585093336502423733e-02 8.308428070590896664e-02 7.825853945740064710e-02 7.161182919015794679e-02 6.345445801565394173e-02 5.396616516338118702e-02 4.312990121840134389e-02 3.160172251334211757e-02 1.874475779872447970e-02 5.662612574059526505e-03 -7.683874634833998130e-03 -2.208992860354805354e-02 -3.692929902512631646e-02 -5.234167114769357892e-02 -6.798502203484907414e-02 -8.510040669163831950e-02 -1.033200566519739128e-01 -1.223158782125075561e-01 -1.430526338396424513e-01 -1.654526577096685214e-01 -1.898339404141246856e-01 -2.667565227455049315e-01
2.809437463252053083e-02 5.210630882801903230e-02 7.408726212405704337e-02 9.535644065801579528e-02 1.164556227316864284e-01 1.383313179944542226e-01 1.592282831408127486e-01 1.799401646656242637e-01 2.009804893167223272e-01 2.215630344968824994e-01 2.420388358659198713e-01 2.620379130082517993e-01 2.820715745879829872e-01 3.014586805292190919e-01 3.212126889399606333e-01 3.399441075987013061e-01 3.585796859436226058e-01 3.769831247379580863e-01 3.949919816390758398e-01 4.126038080419764942e-01 4.295390542254195476e-01 4.451412154318796222e-01 4.603862839485122205e-01 4.751166013174306646e-01 4.882661961636032277e-01 5.012686965731105726e-01 5.126073862213741394e-01 5.232762856163204468e-01 5.325459958680739403e-01 5.415678677911137662e-01
-2.804618636846270552e-02 -4.585038503281729794e-02 -6.494714273746841904e-02 -8.380374745523681834e-02 -1.026388823967321756e-01 -1.224498440155491336e-01 -1.420823001873156299e-01 -1.615012961646976331e-01 -1.818913465205535263e-01 -2.024104530341758468e-01 -2.235128015015104275e-01 -2.450937120086537357e-01 -2.669991775097970144e-01 -2.889948983738800381e-01 -3.122106850542252787e-01 -3.350837488201330316e-01 -3.587473150451256365e-01 -3.825836924425085050e-01 -4.062240122069133430e-01 -4.302742258855527524e-01 -4.543422614611727361e-01 -4.775795276804093437e-01 -5.001855065181608495e-01 -5.229397431635438576e-01 -5.448145564892846737e-01 -5.661603900675207246e-01 -5.864380988262397620e-01 -6.063715247180758716e-01 -6.251589780719136735e-01 -6.617172555309184245e-01
-4.990429510216717185e-02 -8.675004534267705125e-02 -1.220056482723923391e-01 -1.560027874525383162e-01 -1.893652088700711611e-01 -2.237453708747187131e-01 -2.567831041073238008e-01 -2.884714275569663644e-01 -3.203506270399171796e-01 -3.512372523427657600e-01 -3.811421345418818940e-01 -4.103191589844393250e-01 -4.382139081883502096e-01 -4.646342383001362264e-01 -4.903748481892278854e-01 -5.139012183627847952e-01 -5.360204136576529610e-01 -5.564230006870602985e-01 -5.747029937972417679e-01 -5.907785117582805556e-01 -6.051099909504255026e-01 -6.163269585718479382e-01 -6.258692224523064729e-01 -6.332078254447464083e-01 -6.383979888926208934e-01 -6.422594825296681353e-01 -6.436329778886724640e-01 -6.439096053761382832e-01 -6.422356609875273792e-01 -6.241114408374458522e-01
2.274366934479953375e-02 5.641790623664957177e-02 8.466077173194695715e-02 1.105618698397672767e-01 1.342434165320149086e-01 1.561074336420589237e-01 1.742188677454672707e-01 1.888128261375199013e-01 2.004406025039384975e-01 2.079962715021047570e-01 2.114274838399014256e-01 2.118325004772001474e-01 2.081667595375603363e-01 2.011499411679195937e-01 1.907063797674908578e-01 1.778175144627417159e-01 1.618305756020304853e-01 1.444647360277069859e-01 1.257211061947784980e-01 1.049299746263648303e-01 8.426443303042381594e-02 6.283342319133708442e-02 4.261910381022720323e-02 2.226756968436154407e-02 2.512292512240483274e-03 -1.560543828277614203e-02 -3.283630998231572978e-02 -4.881924651734311643e-02 -6.337407324665085551e-02 -8.829364236085197881e-02
3.628767488922413770e-02 6.135777207086726831e-02 8.744665072891782964e-02 1.134560592288884201e-01 1.398031141618344131e-01 1.676576061441618914e-01 1.948853765985908149e-01 2.223881667754372959e-01 2.509920918113146548e-01 2.795859840078790959e-01 3.088866604227441526e-01 3.382804875374994524e-01 3.684103371724028464e-01 3.983797766560118192e-01 4.299266647139928232e-01 4.608159069501991945e-01 4.927720908261261079e-01 5.253501743975651506e-01 5.581792812354636757e-01 5.918770784076591296e-01 6.257290034666691536e-01 6.587691926182791535e-01 6.920035179371515355e-01 7.260717130098472971e-01 7.588394564504806761e-01 7.920927799379576806e-01 8.240967920496129473e-01 8.560646935921308875e-01 8.869095061011579295e-01 9.488641903052986715e-01
2.027297812710971564e-02 3.801040468782542620e-02 5.394544849876489745e-02 6.928944757392009601e-02 8.440128002187653744e-02 9.989344494945144592e-02 1.144558602279374671e-01 1.287124868430541691e-01 1.429616552265603746e-01 1.565968914074446494e-01 1.698995258104077921e-01 1.826422129040187470e-01 1.951769010987136899e-01 2.070534989680420379e-01 2.189800653245104478e-01 2.301104558907646203e-01 2.410238052820693755e-01 2.518410439155279179e-01 2.624443273103726493e-01 2.728030139188549197e-01 2.828651623703508089e-01 2.921806312639281256e-01 3.015708992809001399e-01 3.108803241157536146e-01 3.193121989123355320e-01 3.280196470843312340e-01 3.359046554696865639e-01 3.436117441009623463e-01 3.507113603380816458e-01 3.607911739823223551e-01
-4.759688488152296476e-02 -7.565103853132872092e-02 -1.072671568153874544e-01 -1.388332338352009920e-01 -1.706054219607874567e-01 -2.041374672252274369e-01 -2.372096703296090459e-01 -2.699421752430982147e-01 -3.040627523901408558e-01 -3.381366036347633330e-01 -3.728302822173043540e-01 -4.079972600347704925e-01 -4.433724981204559268e-01 -4.785534092053398414e-01 -5.152679572129293950e-01 -5.511245797519438439e-01 -5.879357417782323791e-01 -6.249213017505027556e-01 -6.614919158886268802e-01 -6.986292177152635396e-01 -7.359156104493047579e-01 -7.719463909886657982e-01 -8.075151520764215496e-01 -8.437556435218621642e-01 -8.789157155022272461e-01 -9.140499763706105840e-01 -9.480896037244407326e-01 -9.823035755531989155e-01 -1.015568199791441861e+00 -1.087915290144891634e+00
-9.039793280693679198e-03 -2.316263661815177663e-02 -3.562735471278584420e-02 -4.722886294454381462e-02 -5.819229200902151233e-02 -6.905077292573809367e-02 -7.913966164439827089e-02 -8.820682983598293614e-02 -9.680138868479874759e-02 -1.046777584646216702e-01 -1.115788223454508704e-01 -1.179045513949966012e-01 -1.230970255150331677e-01 -1.274338041006115307e-01 -1.307517845416214797e-01 -1.329571213169071509e-01 -1.339367981309268207e-01 -1.336414671820817246e-01 -1.319937097194528730e-01 -1.286597695613898862e-01 -1.241121132450666437e-01 -1.179247019032210186e-01 -1.104976629128867072e-01 -1.011159166477984400e-01 -9.071031126392237187e-02 -7.897478571673245684e-02 -6.577626423593672944e-02 -5.151770156723064348e-02 -3.598186648533988757e-02 9.940500568647482951e-03
-5.900582047899713412e-02 -8.835514624269218131e-02 -1.227977611463793028e-01 -1.579573278946624360e-01 -1.945057278491869601e-01 -2.345328001734547918e-01 -2.753210887930042094e-01 -3.172358412338858180e-01 -3.619746861619759781e-01 -4.082428398373817990e-01 -4.564663331479963393e-01 -5.058401955088914770e-01 -5.566911578339043265e-01 -6.078204482814527632e-01 -6.611021419416690525e-01 -7.129417560488660044e-01 -7.656512819910207268e-01 -8.175095826950943279e-01 -8.679500254553415006e-01 -9.176871020084557129e-01 -9.655092709872992174e-01 -1.009998797460302411e+00 -1.052198779108441284e+00 -1.092872438768653698e+00 -1.130327178100072105e+00 -1.166096176604226597e+00 -1.198390371243416963e+00 -1.229256499310407369e+00 -1.257193898122120679e+00 -1.301955784829531337e+00
-7.505505631704147314e-03 -1.829701014049631147e-02 -2.697510659964477350e-02 -3.462465781534861814e-02 -4.131014738718039730e-02 -4.729349762667905965e-02 -5.234347096360068147e-02 -5.606444535806803797e-02 -5.903776395344833422e-02 -6.096493061149436260e-02 -6.179939260256106515e-02 -6.207228176942664738e-02 -6.110175907009201407e-02 -5.938248547149715950e-02 -5.679366214508882460e-02 -5.364492458009164494e-02 -4.966185260484712316e-02 -4.509214587958504383e-02 -3.985253513067566616e-02 -3.381630863596436776e-02 -2.764225920387851712e-02 -2.095483235946171696e-02 -1.389752039498965731e-02 -6.184765341389283216e-03 1.519860159113972696e-03 9.702109102233187621e-03 1.810090637661766408e-02 2.671170593097768609e-02 3.557690773736138512e-02 5.731759423121474128e-02
-1.504665291330357230e-02 -1.492222602980677881e-02 -2.062218261822288193e-02 -2.749366598831149908e-02 -3.544884789660691926e-02 -4.494534377121666563e-02 -5.543021132230187970e-02 -6.658201746017740341e-02 -7.898496660098526523e-02 -9.233287017507320338e-02 -1.065837283766953858e-01 -1.216407967097985487e-01 -1.372301016161939502e-01 -1.531270525752461420e-01 -1.697577491063898825e-01 -1.860774220537457502e-01 -2.028062984255827039e-01 -2.191805753673986834e-01 -2.350124832553495136e-01 -2.507545586307440288e-01 -2.661203285206105162e-01 -2.806172628887509957e-01 -2.944897228126540090e-01 -3.082567199547754933e-01 -3.216332396653598935e-01 -3.346846851349900009e-01 -3.474192899968053805e-01 -3.603313175560354242e-01 -3.731579889119904792e-01 -4.050847054558204263e-01
8.371055929318310662e-02 1.421322231315832185e-01 2.025101135564688348e-01 2.621708926991966337e-01 3.218291990402772362e-01 3.839218489835660719e-01 4.438381104462587601e-01 5.027916438366100138e-01 5.629845272350123553e-01 6.218005386770361076e-01 6.804239222425209066e-01 7.383560632427781378e-01 7.959073164019926372e-01 8.518089565887527748e-01 9.091480314245049543e-01 9.641570364131540893e-01 1.019656418818165156e+00 1.075204883831966995e+00 1.130058056793960874e+00 1.185142554478966881e+00 1.240257003725996565e+00 1.292893678267038160e+00 1.345709875633869457e+00 1.399440287850807652e+00 1.450908860546837209e+00 1.503289372054308792e+00 1.553571646049327404e+00 1.604175511936598575e+00 1.653222443858601176e+00 1.754935520211347466e+00
-9.102917192952636807e-03 -1.992437106224847002e-02 -2.892789946186656580e-02 -3.703156776754840812e-02 -4.433989793821859621e-02 -5.118326831397724402e-02 -5.723292057400222732e-02 -6.210653101310390639e-02 -6.632995700964205987e-02 -6.966958546006372932e-02 -7.196245767027394102e-02 -7.369640374105750069e-02 -7.420523753912419695e-02 -7.392943630871294525e-02 -7.266090770233830931e-02 -7.062050804441005747e-02 -6.754454527482696424e-02 -6.360676294638226147e-02 -5.870547806914928196e-02 -5.265683710043179283e-02 -4.609933218588785353e-02 -3.865427097658909183e-02 -3.059159077892503742e-02 -2.147926234298348433e-02 -1.212111215459471536e-02 -2.100556722781511242e-03 8.405268804995933221e-03 1.927740445651423412e-02 3.055478395420997348e-02 5.906851113430327399e-02
9.381949900747839702e-03 1.016430911918662396e-02 1.491322209555395739e-02 2.066963269671249007e-02 2.733381481935232005e-02 3.508320068928160590e-02 4.322606882972601650e-02 5.228120011009721596e-02 6.236860374253522243e-02 7.303612006315533811e-02 8.480947040862231445e-02 9.714627960494348624e-02 1.106201047123828163e-01 1.246228711583791532e-01 1.402250380707114608e-01 1.562436017024321500e-01 1.737807898998539879e-01 1.925077238421480097e-01 2.123168462179230997e-01 2.338669285398421727e-01 2.564660920836977498e-01 2.798688949920016267e-01 3.043063434331823580e-01 3.307664288816971609e-01 3.574628960624852136e-01 3.854794462496893837e-01 4.141268491411676522e-01 4.437599024453512953e-01 4.739763455988494911e-01 5.486814336096540456e-01
-2.066208598196847459e-03 -1.206352204716166880e-02 -2.157561227599205309e-02 -2.986137289125895267e-02 -3.636171111403110889e-02 -4.086411973912459916e-02 -4.328159776543849535e-02 -4.288091748005488230e-02 -4.053224403268946424e-02 -3.546678154146840067e-02 -2.800589443193340911e-02 -1.934208942046409738e-02 -8.058288925106406667e-03 4.638113124378405276e-03 1.862073142081957858e-02 3.272172468132553830e-02 4.738068217365640905e-02 6.144951293682931331e-02 7.505101823320120547e-02 8.775369476969709093e-02 9.801095088915338926e-02 1.064006500643365077e-01 1.127650931609590068e-01 1.165739703337590472e-01 1.176995402413205244e-01 1.167475742551307150e-01 1.127864355432073168e-01 1.064508606531792134e-01 9.742935561685257817e-02 5.367178874170171893e-02
2.995519617091448386e-02 5.829966579299485779e-02 8.353898003926539528e-02 1.075762696747335073e-01 1.308685473418963185e-01 1.542835169808458584e-01 1.757599651389325501e-01 1.958617528457330392e-01 2.150218486245697169e-01 2.324154461241100533e-01 2.479458655329802585e-01 2.618585566994528491e-01 2.739456129597552803e-01 2.840656278492075804e-01 2.924604339568935285e-01 2.987193831845674219e-01 3.029774375325285374e-01 3.057873705580004264e-01 3.070572705308723394e-01 3.062676173833414617e-01 3.042634732429562727e-01 3.002788525931788244e-01 2.960361492391841431e-01 2.904445693451815358e-01 2.836488558869301735e-01 2.770542122835266685e-01 2.693301045695553064e-01 2.614325384315341894e-01 2.530824668622965734e-01 2.281248223884976001e-01
-1.201247549221946299e-02 -1.591154325266485106e-02 -2.282943154525873819e-02 -3.010662122992030509e-02 -3.770188891289055072e-02 -4.595095578899507233e-02 -5.440963607651889272e-02 -6.267229956571034044e-02 -7.130576322968402991e-02 -8.001829185217999851e-02 -8.869055074202926436e-02 -9.751981505818639595e-02 -1.060069931623635053e-01 -1.142375837112942910e-01 -1.223635169133412415e-01 -1.299395098553041972e-01 -1.372376634807218332e-01 -1.439535619254149468e-01 -1.499399762307349060e-01 -1.553858611420484703e-01 -1.604991389112006284e-01 -1.648163013256506992e-01 -1.686312577782979882e-01 -1.720859850407710223e-01 -1.753737922061672505e-01 -1.783757337733618831e-01 -1.812120225603646440e-01 -1.842139607454670036e-01 -1.872378055801472152e-01 -1.965657303227860975e-01
-7.931741543959562601e-02 -1.276916718212828816e-01 -1.819832252500685199e-01 -2.362993469731669294e-01 -2.910923491242636274e-01 -3.489691939583521307e-01 -4.058414707864463344e-01 -4.620693313553860815e-01 -5.202740946182106141e-01 -5.780835212027887193e-01 -6.363685282085799200e-01 -6.948455828445307958e-01 -7.531362924685979232e-01 -8.104148399486836851e-01 -8.693353221892881066e-01 -9.260651986876006214e-01 -9.833602004914613337e-01 -1.040158141602932851e+00 -1.095603928342975042e+00 -1.150956360046970994e+00 -1.205772513760839271e+00 -1.257831410939324934e+00 -1.309020798567894550e+00 -1.360592000495748799e+00 -1.410101317312915326e+00 -1.459730295897863961e+00 -1.507356337929439460e+00 -1.555360825805137459e+00 -1.601971320598547299e+00 -1.702977773282621898e+00
-5.070612546059539288e-02 -4.077129817528118982e-02 -5.000517073856227540e-02 -6.455328799810626517e-02 -8.476070530530727121e-02 -1.123935225437863866e-01 -1.454416827645981791e-01 -1.839671213372851000e-01 -2.287251166012808090e-01 -2.795518751548725089e-01 -3.358840632173434870e-01 -3.958697582357896816e-01 -4.605519875287623077e-01 -5.276445303438710432e-01 -5.983927838779934394e-01 -6.680060735009893946e-01 -7.394619762665648466e-01 -8.091138055767380655e-01 -8.766083981204527698e-01 -9.428294223817842434e-01 -1.005003883032594691e+00 -1.062413239820875432e+00 -1.116075753393099168e+00 -1.166910464719589813e+00 -1.213507592946092783e+00 -1.257639784524098081e+00 -1.297737367740388725e+00 -1.336381902339653927e+00 -1.372397494717398247e+00 -1.441919022773507031e+00
8.567657197432769489e-02 1.538388487409672323e-01 2.203790393570751738e-01 2.849311323280703800e-01 3.482836407607370344e-01 4.127849023285932173e-01 4.734455435302524218e-01 5.311620904051554959e-01 5.880722445728182590e-01 6.415162105037836016e-01 6.920275780374171015e-01 7.400131096567669209e-01 7.848276359361830989e-01 8.259550972012896786e-01 8.653917880347643532e-01 9.008114396623304598e-01 9.338099884059380962e-01 9.649575094374358564e-01 9.937077629063965079e-01 1.020064893324844180e+00 1.045413795085098352e+00 1.067209865295484006e+00 1.089010148411647227e+00 1.110110565868270838e+00 1.129168021441669501e+00 1.149277888931812486e+00 1.167613809276625947e+00 1.186533673335293582e+00 1.204788937540561822e+00 1.241234152749060238e+00
-4.674535191529435169e-03 -1.117872247933378131e-02 -1.877943890192550896e-02 -2.585059188054875459e-02 -3.197183354629870577e-02 -3.715932144361488304e-02 -4.143519197313121766e-02 -4.437657765699579843e-02 -4.693293606814322172e-02 -4.836098096392896228e-02 -4.940820013911700892e-02 -5.053224230009464163e-02 -5.108866287443666193e-02 -5.166396169302209240e-02 -5.315697960206577921e-02 -5.549591984009169532e-02 -5.918027282448062865e-02 -6.453698514612254966e-02 -7.125611781238394560e-02 -8.035062305727884435e-02 -9.207644599627658188e-02 -1.059206529614471898e-01 -1.214063983700755522e-01 -1.399863371400512924e-01 -1.605084758381523646e-01 -1.825599246521953933e-01 -2.067293166370677282e-01 -2.326040021143859493e-01 -2.599669489953183033e-01 -3.371561779511158541e-01
