7.631233041855772781e-02 9.521767228510330527e-02 1.134255435439666254e-01 1.320484182690937203e-01 1.509499420447520113e-01 1.701757232988439228e-01 1.892976896584206425e-01 2.082742834604977000e-01 2.267831237892407870e-01 2.447420526005299191e-01 2.617212273220830276e-01 2.776236513165602493e-01 2.921666147294747495e-01 3.051818508272914898e-01 3.163873173100715808e-01 3.257329729220170833e-01 3.329475117468868040e-01 3.381107387561458899e-01 3.410910967326752918e-01 3.418575805738844342e-01 3.406186078440270326e-01 3.374937326123801373e-01 3.326540400374210504e-01 3.263014099849601002e-01 3.187138865092811746e-01 3.102133049965301037e-01 3.010067455138183412e-01 2.913675307491584987e-01 2.814195440464770104e-01 2.533115348281635981e-01
4.640496239686037194e-02 6.468380465744115460e-02 7.939311203960951191e-02 9.345526136135418049e-02 1.069051734606755594e-01 1.197453030382420597e-01 1.317384669374755957e-01 1.428512821693193602e-01 1.529168916656128974e-01 1.619025639960528784e-01 1.696231628417313175e-01 1.760812101162501087e-01 1.812009745786213877e-01 1.849762847189243831e-01 1.873728696249350179e-01 1.884727465233672072e-01 1.882275470723653588e-01 1.868189037678210651e-01 1.842540301618083298e-01 1.805882491723926619e-01 1.760015777768740575e-01 1.706100083306528736e-01 1.645039078016201084e-01 1.578230856299687457e-01 1.507044492178866990e-01 1.432813147086498817e-01 1.356650751130024368e-01 1.279627511243630056e-01 1.201835768899884721e-01 9.850947306402856041e-02
-1.759504931208490455e-02 -2.963245854466579551e-02 -3.766452772149309070e-02 -4.433226145743884850e-02 -4.982765627592711938e-02 -5.423700318853985625e-02 -5.756750301608512532e-02 -5.988541142983580534e-02 -6.123488323998674959e-02 -6.167152089266152853e-02 -6.128009611207472368e-02 -6.011036297411925799e-02 -5.822557597452989592e-02 -5.573121332121348109e-02 -5.270493359893905355e-02 -4.918882067042495976e-02 -4.524665244712033907e-02 -4.093704441884193218e-02 -3.629185954065328179e-02 -3.136313364634629730e-02 -2.613705458084873354e-02 -2.062532842330259616e-02 -1.482258128118509044e-02 -8.738454196933208989e-03 -2.352163287838261035e-03 4.374132122761480862e-03 1.142481342427855741e-02 1.885229054065013996e-02 2.663602749442667283e-02 4.857666577832647770e-02
-2.439050738221104370e-03 -1.860289246134376982e-03 -1.798622979750249401e-03 -1.653370593464334459e-03 -1.414811477944044995e-03 -1.117711202476885267e-03 -7.711155132171029899e-04 -4.039737596659848107e-04 -3.555808674957141457e-05 3.198481295850532096e-04 6.420084320754408658e-04 9.539093679675793302e-04 1.267742860229735839e-03 1.594638362049654147e-03 1.964063962370861654e-03 2.433734969473694363e-03 3.032476634587529755e-03 3.819768012806530003e-03 4.825592286971334792e-03 6.055750634367765284e-03 7.553172153313400528e-03 9.347660303578251770e-03 1.141636100943894082e-02 1.375941105481788725e-02 1.636645380210587086e-02 1.922273160510306472e-02 2.230243695481952393e-02 2.559661580239570855e-02 2.901989607689477516e-02 3.704512106601115518e-02
8.557121766575406449e-03 1.712333169676488395e-02 2.145254446177117733e-02 2.509674297176948607e-02 2.832055107494679813e-02 3.119130953362299341e-02 3.368285997035618679e-02 3.580181563952317819e-02 3.749134233797030841e-02 3.873461999277157813e-02 3.947839837666853452e-02 3.970585776752093982e-02 3.941486075197403460e-02 3.855644058565080301e-02 3.710081955183861663e-02 3.508835196060323264e-02 3.244591006060055377e-02 2.922158941642931732e-02 2.539122189289701528e-02 2.088528341149830866e-02 1.576867081317586197e-02 1.000460750293625557e-02 3.586610863362946298e-03 -3.473416948842238724e-03 -1.115391821767899860e-02 -1.947616029275632196e-02 -2.840144645085622074e-02 -3.795182226903128647e-02 -4.822312602792280800e-02 -8.103663049779175065e-02
8.727764143142890951e-02 1.063622967392619523e-01 1.270371694821831043e-01 1.488474187214456901e-01 1.716496549300002838e-01 1.957255910271837873e-01 2.207569972618168563e-01 2.469091051056616359e-01 2.740200887420686793e-01 3.021877135696762195e-01 3.310545488584228369e-01 3.607574193069132407e-01 3.909807624780865520e-01 4.218073834126174204e-01 4.528888661082615674e-01 4.841722992891070998e-01 5.154680443547785540e-01 5.466368951577281754e-01 5.774722425339430254e-01 6.077725746051063638e-01 6.373730438226089534e-01 6.663572629732571473e-01 6.944673109415627765e-01 7.215310530903410458e-01 7.475038044642084989e-01 7.725237634684011256e-01 7.963871033756567686e-01 8.191627984360567716e-01 8.405620847076479274e-01 8.767472458995241302e-01
6.753939224831150001e-02 9.106608237893536184e-02 1.113096749742901320e-01 1.310734000866403959e-01 1.503800534869003114e-01 1.693336551741070617e-01 1.876496787862464988e-01 2.053687520966670232e-01 2.223234404993166546e-01 2.385346176917928218e-01 2.537695352650111702e-01 2.680994911466795805e-01 2.813873446047276405e-01 2.936968762403797673e-01 3.049246469723100317e-01 3.151453595370299898e-01 3.242947925137126819e-01 3.325002945336600346e-01 3.397226336248748146e-01 3.459615358335201840e-01 3.513060634695706619e-01 3.558863955079179520e-01 3.596810347787899875e-01 3.627423096454485130e-01 3.651489367221543159e-01 3.670327895562379705e-01 3.684071888174468845e-01 3.693606518918852166e-01 3.697932455298967303e-01 3.631732635037371870e-01
-8.366626039202627527e-03 -1.002497067320713524e-02 -1.040659929880603969e-02 -1.046049624831119768e-02 -1.035651872629466015e-02 -1.021756762592091090e-02 -1.005914632496885536e-02 -9.936252493938134769e-03 -9.841136539851254306e-03 -9.776714503615984569e-03 -9.722128304110727939e-03 -9.600488760939534377e-03 -9.362295614290727305e-03 -8.909523761554139984e-03 -8.130138408376915912e-03 -6.912510384531962877e-03 -5.117018169620946716e-03 -2.627607598006804785e-03 6.485699995691252689e-04 4.797897165761420835e-03 9.862152617564760512e-03 1.593114593581178989e-02 2.296399941901026628e-02 3.095197287061273242e-02 3.985080098280557176e-02 4.963081131715358502e-02 6.021131694837739134e-02 7.156941470330467625e-02 8.360103838165221235e-02 1.169152819242561397e-01
-1.518709872076836123e-03 -5.563876047934544940e-03 -7.459033881849038566e-03 -8.499578459012235160e-03 -8.791882425690393521e-03 -8.346783009565671152e-03 -7.178448373558756444e-03 -5.293439949737649246e-03 -2.707457519732349091e-03 5.788115372247631951e-04 4.506135358230561189e-03 9.107986403216019808e-03 1.433797452804887358e-02 2.020090527960505256e-02 2.665116514652139321e-02 3.369787935064468692e-02 4.133541817461012374e-02 4.953409242462742529e-02 5.827742463167254888e-02 6.751940331525303762e-02 7.722836194588870995e-02 8.742437882029718832e-02 9.802645406627497060e-02 1.089715492083000448e-01 1.202176326578337645e-01 1.317630846748930329e-01 1.435164125632640564e-01 1.554785706150077218e-01 1.675275593031660681e-01 1.962174170397421868e-01
6.001480755881039193e-03 1.106623034397619804e-02 1.363122878989101415e-02 1.592984826786235028e-02 1.812563960396290294e-02 2.026206309934456065e-02 2.231533642506025247e-02 2.428594909822408623e-02 2.612646912636858512e-02 2.782157346944359733e-02 2.931545181424928884e-02 3.060129047197510110e-02 3.166439825828003957e-02 3.246715941814946188e-02 3.297572482866964472e-02 3.322116604126384293e-02 3.314784538655177193e-02 3.278530010377248699e-02 3.211271848019776193e-02 3.107080178497214143e-02 2.970332032338089331e-02 2.799160455504424994e-02 2.591606723556711886e-02 2.347431120774053429e-02 2.067626922842281598e-02 1.751075577966966848e-02 1.398693228529249676e-02 1.009403085445227492e-02 5.736372770442403450e-03 -1.036440072481539278e-02
2.398268840832869231e-02 4.203840786907719895e-02 5.617653871371013768e-02 6.911349031438331070e-02 8.087059333646477721e-02 9.143203301525348881e-02 1.007528522999428522e-01 1.088736120776084421e-01 1.158542443629648894e-01 1.217971054680378334e-01 1.268033867961689543e-01 1.311261314585786819e-01 1.348979989091785014e-01 1.384681534659020496e-01 1.420857604741544711e-01 1.460193401640713373e-01 1.505748889892524200e-01 1.560114794220518186e-01 1.625010725007328682e-01 1.701990731127657475e-01 1.791126990718824030e-01 1.894183095343272838e-01 2.009380072013561003e-01 2.136003539063734413e-01 2.272509507398020878e-01 2.417704945310580611e-01 2.569606071519189849e-01 2.726866131076918220e-01 2.886619821389618257e-01 3.251127683100306087e-01
-5.063127921148505295e-02 -7.014239685303551297e-02 -8.779132725583536911e-02 -1.042990600613593055e-01 -1.194341499330702216e-01 -1.330713831329595753e-01 -1.449407628403442949e-01 -1.549812165875545655e-01 -1.630796085208513768e-01 -1.692265646893702791e-01 -1.733521212383828114e-01 -1.754923374241782741e-01 -1.756463281818576305e-01 -1.739444967871305592e-01 -1.705188004039163985e-01 -1.654816580930530412e-01 -1.589698914624554649e-01 -1.512772349913506231e-01 -1.425289316904500281e-01 -1.330176366919770536e-01 -1.229610571752104559e-01 -1.125968663543313458e-01 -1.021403593430961626e-01 -9.184728673649385222e-02 -8.190105846631544340e-02 -7.249102171887746027e-02 -6.379362709607998283e-02 -5.595966516981690925e-02 -4.924484560771233421e-02 -4.278864471441003875e-02
3.787237668130804397e-02 4.694881579314958558e-02 5.542737454756751364e-02 6.437133142097074823e-02 7.379436139229465785e-02 8.378077544674238097e-02 9.411078137889716810e-02 1.047851478268551767e-01 1.156128563622584177e-01 1.265459887570875852e-01 1.373090488566086342e-01 1.478303832952760632e-01 1.579161826168925808e-01 1.674176356248243402e-01 1.760962503934175860e-01 1.838890868698414283e-01 1.905612804336419552e-01 1.960805354492135832e-01 2.003124370955808864e-01 2.031336671238574698e-01 2.046209589545416041e-01 2.047722623310638534e-01 2.036317905577260390e-01 2.012507588429991168e-01 1.977609007396295138e-01 1.933138867217586709e-01 1.879957930270549638e-01 1.819334073914626870e-01 1.751116580528186972e-01 1.507723925555421729e-01
-2.138425747089379297e-03 -1.084331290299438144e-02 -1.634524192526052785e-02 -2.039701009749558466e-02 -2.305132653923256877e-02 -2.424627197110987287e-02 -2.400426181924655497e-02 -2.231787123780100759e-02 -1.925319838150927471e-02 -1.484286913235587611e-02 -9.243779893038072890e-03 -2.516833328013703009e-03 5.190775593740245240e-03 1.372600964914856732e-02 2.286993918028850173e-02 3.250965107609787852e-02 4.245309971383615100e-02 5.252518265872171965e-02 6.259000202502179588e-02 7.246396697407087029e-02 8.208385929649490709e-02 9.137379087417847601e-02 1.002719600980929021e-01 1.086993117137329407e-01 1.166612042167680524e-01 1.242015587885590272e-01 1.312773656228401475e-01 1.379351810306462534e-01 1.440868110289588444e-01 1.542941061421776172e-01
-2.316349780671074846e-02 -3.472128524012139256e-02 -4.325453475997791813e-02 -5.078593771135825330e-02 -5.747036045082765110e-02 -6.342618419079222580e-02 -6.862603349235223138e-02 -7.315182869961041334e-02 -7.702147932168218469e-02 -8.029045806579218625e-02 -8.298653735819459809e-02 -8.514635711627809023e-02 -8.677560693630369248e-02 -8.794648038435155801e-02 -8.865760366959346550e-02 -8.890843222738442631e-02 -8.869885880811233247e-02 -8.802841552206804032e-02 -8.687812488791850363e-02 -8.524696590900880666e-02 -8.309172912671310141e-02 -8.040469115167410419e-02 -7.716312289731087903e-02 -7.335285706133247430e-02 -6.896053510339814063e-02 -6.397449492532729376e-02 -5.840110966513695212e-02 -5.220817986067432387e-02 -4.540541331016084009e-02 -2.370719160584172647e-02
3.900426248384594036e-02 5.116619513436248406e-02 6.200060314595440270e-02 7.291889273652647774e-02 8.396091861041049542e-02 9.524518591235825449e-02 1.066308078221339661e-01 1.181778435709942426e-01 1.298035361124741938e-01 1.415418619474114181e-01 1.532405900488927886e-01 1.649703232038267631e-01 1.766221928134628083e-01 1.882429446043125953e-01 1.997219099435118828e-01 2.110891581981918785e-01 2.222838698498430521e-01 2.333146123461977695e-01 2.441229455038522456e-01 2.546360623106665444e-01 2.648362252862586641e-01 2.747760626638532933e-01 2.843510676759798406e-01 2.935088808079124312e-01 3.022366259468684535e-01 3.105782371327956981e-01 3.184586116820326551e-01 3.258959695878965168e-01 3.327210978169876099e-01 3.413303661355063245e-01
-4.189796454286815602e-02 -5.712987768926892224e-02 -7.055421117977134227e-02 -8.343671764826114667e-02 -9.589886946619519126e-02 -1.081902447742453810e-01 -1.202414351939991716e-01 -1.322343329558147429e-01 -1.441958619468781955e-01 -1.562499025004951692e-01 -1.683675215841286821e-01 -1.806665779010800110e-01 -1.930667411385043331e-01 -2.057149229598619344e-01 -2.184972247077167362e-01 -2.313828597249805996e-01 -2.443333598684905572e-01 -2.572358665333170369e-01 -2.699925663626996375e-01 -2.824973927964449794e-01 -2.945612635756176267e-01 -3.061620891871241756e-01 -3.171143556336867841e-01 -3.272559035025364160e-01 -3.364800565816494227e-01 -3.447533919146570369e-01 -3.519326994936339825e-01 -3.579446120066866466e-01 -3.626306537554693232e-01 -3.613364697287497762e-01
7.098517679502242168e-03 1.356709054194459030e-02 1.740234745538458971e-02 2.077320044021729872e-02 2.376447381595730990e-02 2.633528753806643405e-02 2.842515161625987566e-02 2.998568684543113580e-02 3.095156861655988176e-02 3.128741331055053670e-02 3.094532507970939109e-02 2.991886300380392286e-02 2.822488830552656591e-02 2.584726474917910591e-02 2.282635598789032813e-02 1.923910832332669657e-02 1.509236867511835195e-02 1.051403225486686153e-02 5.542964422420709573e-03 2.147221868124774696e-04 -5.346727715945269986e-03 -1.109932565792008836e-02 -1.699183826112064463e-02 -2.294840035454022431e-02 -2.891398498863981259e-02 -3.486810225151103920e-02 -4.075119944058031712e-02 -4.654191226613488969e-02 -5.226713003648545547e-02 -6.701402522707282372e-02
-4.524277640340470391e-02 -5.628213808683823344e-02 -6.822212416248212008e-02 -8.018992184883026730e-02 -9.211803510090650626e-02 -1.042037526669091219e-01 -1.163746661348257216e-01 -1.287969324857674014e-01 -1.415187998309332673e-01 -1.546743868713124082e-01 -1.682392627094263238e-01 -1.823719843020582265e-01 -1.969840879790099308e-01 -2.122807028255512540e-01 -2.281855436566216644e-01 -2.446813240974143600e-01 -2.618086231694824462e-01 -2.794752453691243255e-01 -2.976262180783614264e-01 -3.162307366643459794e-01 -3.350887568068010025e-01 -3.542661956911330456e-01 -3.735694017307755188e-01 -3.928481155012338299e-01 -4.119857638303133229e-01 -4.309871643158582621e-01 -4.496672384159006164e-01 -4.679932235982803834e-01 -4.858364618447476579e-01 -5.239615206058978458e-01
7.374757004236655311e-02 9.754372024277398190e-02 1.172172399331319892e-01 1.364056603305199566e-01 1.551501863980140894e-01 1.734871420094049599e-01 1.909960836263235040e-01 2.076116432969273007e-01 2.229932405588987976e-01 2.370337347275560946e-01 2.493330453416793546e-01 2.597506299780780181e-01 2.680621000947592258e-01 2.740574117811286903e-01 2.775047337570535899e-01 2.783847198272550449e-01 2.764117101546693100e-01 2.717384233049175979e-01 2.642555398707495118e-01 2.539500995038994069e-01 2.411160570166212824e-01 2.258402257772772204e-01 2.083705647375326819e-01 1.889788757395970686e-01 1.679907982059042348e-01 1.457098099546264847e-01 1.224416039984208143e-01 9.844675948632188034e-02 7.389734151081150948e-02 8.392732727346795610e-03
1.012445713990812735e-01 1.225489161414016342e-01 1.464594945174457485e-01 1.716610717568318456e-01 1.978324196729200624e-01 2.251618338450615264e-01 2.532088829399706253e-01 2.820748209348300506e-01 3.115181721524075686e-01 3.415957191264467618e-01 3.718688744833878457e-01 4.024448034590337731e-01 4.329709108098628856e-01 4.635068396020232684e-01 4.937126601261767611e-01 5.235491096903978070e-01 5.528331351509148117e-01 5.815205761338197998e-01 6.094358373339915369e-01 6.364763484973433583e-01 6.625927692314096396e-01 6.879586802644359622e-01 7.124382061438311320e-01 7.359850601642795587e-01 7.586643958401392274e-01 7.807300119011313377e-01 8.020742913488184689e-01 8.228735319450272145e-01 8.429693164558315077e-01 8.821646010029190466e-01
-9.406854392486811364e-03 -7.026797646051514794e-03 -6.540460367558654196e-03 -6.644033173330010644e-03 -7.392720146715722231e-03 -8.992931014081219712e-03 -1.147895344379978172e-02 -1.498570989631697013e-02 -1.955240794354256087e-02 -2.524357180514051960e-02 -3.202322101569960583e-02 -3.989179466971138482e-02 -4.873524083321911782e-02 -5.852494671790486880e-02 -6.905718128042426240e-02 -8.017848346236287893e-02 -9.173950170195323273e-02 -1.034786196771527583e-01 -1.152376822747355756e-01 -1.268282636083417347e-01 -1.380334151512611351e-01 -1.487355832265530031e-01 -1.587986135030482193e-01 -1.680570095476146275e-01 -1.764315744440717870e-01 -1.839043421077102280e-01 -1.903740562614616161e-01 -1.958078052815223902e-01 -2.001417868075096029e-01 -2.020894369231298615e-01
1.673874275853549642e-01 2.082375728377648672e-01 2.505262779526633010e-01 2.938347390971315920e-01 3.377237468933667608e-01 3.824822531748533483e-01 4.274315142533652856e-01 4.727450366995146758e-01 5.180835207061094128e-01 5.635767477240213319e-01 6.086311054088838768e-01 6.534661102960986900e-01 6.976305381530926164e-01 7.413229469921107651e-01 7.841407642180880933e-01 8.261071294319858316e-01 8.670429193790759603e-01 9.069814286626303179e-01 9.457203823550955901e-01 9.831870312586574734e-01 1.019314310002511936e+00 1.054407920461140735e+00 1.088246559792663826e+00 1.120779265518308643e+00 1.152072141233934977e+00 1.182474357077668126e+00 1.211819840278529403e+00 1.240336130149459981e+00 1.267800074117544584e+00 1.319996334926419657e+00
9.274575552844060988e-02 1.184461515656821257e-01 1.438017356063952812e-01 1.694589172171981628e-01 1.952396645134564512e-01 2.213192831527557303e-01 2.473453632072545594e-01 2.734311362485389307e-01 2.994189705506215549e-01 3.254020200528255358e-01 3.510857959597490918e-01 3.766535442414943868e-01 4.018846920327832639e-01 4.269659331527467239e-01 4.517274921811131883e-01 4.762394607745448205e-01 5.004719810129013569e-01 5.244874890896014108e-01 5.482119361949927550e-01 5.716209525772795175e-01 5.946718260665730948e-01 6.175636885713563506e-01 6.401195589877440861e-01 6.622767160384462892e-01 6.840251919093257582e-01 7.055144410047154979e-01 7.265919958016578972e-01 7.473409449438285224e-01 7.675356205010643862e-01 8.074301751550890804e-01
-2.855483564973534949e-02 -3.655329682922123929e-02 -4.462073875400177775e-02 -5.247403324052981460e-02 -6.007799891251053293e-02 -6.754102245881189737e-02 -7.480071902031382169e-02 -8.194780440453733328e-02 -8.899821625293748151e-02 -9.602192037716089645e-02 -1.030048785979173903e-01 -1.100146997672382526e-01 -1.170015934236607880e-01 -1.240675179245102067e-01 -1.311675572519616917e-01 -1.382781599425932650e-01 -1.454080370552124635e-01 -1.525117025176845331e-01 -1.595537087059976933e-01 -1.665321669197716292e-01 -1.733519607615656433e-01 -1.800432270686714020e-01 -1.865392531015439281e-01 -1.927873737166992119e-01 -1.987524616748099771e-01 -2.044559333589850425e-01 -2.098383468888152248e-01 -2.148945246921224184e-01 -2.196130161856937324e-01 -2.281730117432206051e-01
5.774343907830476602e-02 7.725311785160289546e-02 9.338720645119090447e-02 1.092262758130621014e-01 1.249095647766972905e-01 1.406042401140747133e-01 1.560778369080507988e-01 1.713924767836143281e-01 1.863829150526478129e-01 2.010590510987242119e-01 2.151749038378302503e-01 2.287473208235548672e-01 2.416103320587884296e-01 2.537347987945342553e-01 2.649308900830237845e-01 2.752020464353015505e-01 2.843785780327081070e-01 2.924821161316698004e-01 2.994030021498380045e-01 3.050349458378163181e-01 3.094240824535877676e-01 3.126067856216134255e-01 3.145478984480114537e-01 3.152590043543810339e-01 3.148144857869960567e-01 3.133253885215919188e-01 3.108153449839837767e-01 3.073578378086953555e-01 3.028395368638780449e-01 2.800853153355384317e-01
-4.823107581632857244e-02 -6.228423117173708529e-02 -7.589135100112075205e-02 -8.922301855964853701e-02 -1.022674422245811870e-01 -1.152149637451095748e-01 -1.279538502522483412e-01 -1.406292873017845335e-01 -1.532449007065815050e-01 -1.659079401440635149e-01 -1.785611858288612963e-01 -1.913181840845090687e-01 -2.040836853502367709e-01 -2.170081810707534531e-01 -2.299978227295103039e-01 -2.430297055454266608e-01 -2.560956164643832800e-01 -2.691296974934132558e-01 -2.820644764500090385e-01 -2.948656776110952227e-01 -3.073924606915241498e-01 -3.196930463779901754e-01 -3.316371011225077714e-01 -3.431274951122303407e-01 -3.541047401005067985e-01 -3.646004932836644508e-01 -3.745049735898300924e-01 -3.838087022527169601e-01 -3.924317903225323367e-01 -4.066503022800972977e-01
-2.151658697193177192e-02 -3.186628786091220272e-02 -4.253285177842950487e-02 -5.267752732232264951e-02 -6.218971476100849244e-02 -7.116837513378315716e-02 -7.964416453515094085e-02 -8.777046706155167133e-02 -9.571423653045131597e-02 -1.036523795849925295e-01 -1.117526136322344738e-01 -1.202862130318362449e-01 -1.293308025771844616e-01 -1.392783229069166351e-01 -1.502798862945444458e-01 -1.624560276840024964e-01 -1.760851369059814597e-01 -1.911913943463517673e-01 -2.078594405882207008e-01 -2.261772513279223240e-01 -2.459206870549348889e-01 -2.672025182040325131e-01 -2.897497160654389226e-01 -3.133568882275178935e-01 -3.377834225784463462e-01 -3.628957279440598316e-01 -3.883966071572849121e-01 -4.141276237219730372e-01 -4.398605732370433063e-01 -5.003993375713217118e-01
3.959398252536740041e-03 1.908674494913326428e-02 2.553579843396317980e-02 3.005316143347617694e-02 3.316781388228182137e-02 3.499145334926843237e-02 3.559552756627157311e-02 3.501980441914553238e-02 3.328196700733696001e-02 3.040369811445596190e-02 2.646514618664786225e-02 2.150350376889148540e-02 1.564106265502352919e-02 8.917855977224586547e-03 1.437383083450113549e-03 -6.673325324666877501e-03 -1.539155400311474110e-02 -2.459042296656341331e-02 -3.422957839286910886e-02 -4.434992793993356580e-02 -5.488726884939568174e-02 -6.589618203775424177e-02 -7.742726622481105325e-02 -8.949151254882069251e-02 -1.021372877293191678e-01 -1.154998908136084107e-01 -1.295642330536361797e-01 -1.444588565853643092e-01 -1.603571311579738146e-01 -2.101144302087353533e-01
4.024988627499227062e-02 5.409528893743544703e-02 6.595561524179051338e-02 7.771385081545408025e-02 8.943427054551537914e-02 1.012325609195626058e-01 1.129604226953295765e-01 1.246746140208282588e-01 1.362872352620412009e-01 1.478301647967345256e-01 1.591539479712608118e-01 1.703282587917869517e-01 1.812532972710084733e-01 1.919787412161304274e-01 2.024060544061851707e-01 2.125768840387785019e-01 2.224340870001854376e-01 2.320073646887788332e-01 2.412453316249680013e-01 2.500841733485626994e-01 2.585233039469191918e-01 2.666168558841263692e-01 2.742722690215344539e-01 2.814498722077742876e-01 2.881451628303381973e-01 2.944012494234289901e-01 3.001574663495558126e-01 3.054306927074488809e-01 3.100562518357576347e-01 3.129388093800100079e-01
-4.763307569473135966e-02 -5.971674104841136893e-02 -7.247444319580632899e-02 -8.523346116415027318e-02 -9.792281569792160578e-02 -1.107283887211383960e-01 -1.235414050932133051e-01 -1.365111526058146452e-01 -1.496508160022855527e-01 -1.630739744823435644e-01 -1.767213691117429930e-01 -1.907193580575115843e-01 -2.049610542667573698e-01 -2.196101636968949278e-01 -2.345648166779007726e-01 -2.497949511893227947e-01 -2.653023180124818858e-01 -2.810015806284638096e-01 -2.968230098090210434e-01 -3.127308655773730073e-01 -3.285598806277337247e-01 -3.443678790961405833e-01 -3.600027865291995366e-01 -3.753476605412958134e-01 -3.903271895691758364e-01 -4.049751126170808013e-01 -4.191524740230241908e-01 -4.328528838522442967e-01 -4.459844061851097607e-01 -4.721296514192387939e-01
-7.823707326638440485e-02 -1.025077779725055566e-01 -1.244598751220463706e-01 -1.457822092942046011e-01 -1.665261578360471562e-01 -1.869489796712713037e-01 -2.068128737727374933e-01 -2.262830605869199097e-01 -2.452754440644460132e-01 -2.638903535875889994e-01 -2.819568963439322840e-01 -2.995674103636637997e-01 -3.165486437493600369e-01 -3.330159999562597450e-01 -3.487916849503061578e-01 -3.638356023099482695e-01 -3.780512340591572484e-01 -3.913959116673395577e-01 -4.037545622775109977e-01 -4.150749220617533375e-01 -4.252694001891072495e-01 -4.344096484105811062e-01 -4.424121811177108565e-01 -4.492375412257667011e-01 -4.549073826431652701e-01 -4.595373151208677065e-01 -4.630894753911332651e-01 -4.656180614808285156e-01 -4.670775211592726461e-01 -4.600899036584210067e-01
2.964753934356578746e-02 4.698385394528678538e-02 6.003564286420418755e-02 7.191145461553538620e-02 8.257451370480108077e-02 9.186704241649433500e-02 9.958181057542742076e-02 1.056019894369680662e-01 1.097911565795327143e-01 1.120917415658020944e-01 1.124251240946896463e-01 1.108086323534530765e-01 1.072922653719551728e-01 1.019333770402097022e-01 9.489105761100746772e-02 8.634955496383017737e-02 7.642084449819308567e-02 6.545063732049014038e-02 5.357881214314298007e-02 4.102083339915646443e-02 2.806270134354899026e-02 1.488854063754072032e-02 1.672199054629895957e-03 -1.135404786327884330e-02 -2.403598560094815165e-02 -3.626742464069651617e-02 -4.788777628036958861e-02 -5.880450950162455920e-02 -6.893618824680698698e-02 -8.870457142138822582e-02
5.339817759345266701e-02 6.770748713817885400e-02 8.226760247960371308e-02 9.724743377673748801e-02 1.125357408518289359e-01 1.282524340570531107e-01 1.442006964631835086e-01 1.604609609609417009e-01 1.769500214966793772e-01 1.937355373655106627e-01 2.106372927458794730e-01 2.277938356595068381e-01 2.450654517168936730e-01 2.625848588398716488e-01 2.802401607368456005e-01 2.980830664804008934e-01 3.161047946813348997e-01 3.343230486882363128e-01 3.526878050276173737e-01 3.711558901205790906e-01 3.896684802599554853e-01 4.083441831181924830e-01 4.270181168474113664e-01 4.456032796393664674e-01 4.640530605500630679e-01 4.824310492758751567e-01 5.005861053440318065e-01 5.185431525210794090e-01 5.360850778788057713e-01 5.717060835152592002e-01
2.669640899845915349e-02 3.646257498687791726e-02 4.460330784340583304e-02 5.264184601052368517e-02 6.061418859992721148e-02 6.856644115545136586e-02 7.638754173358167088e-02 8.409154294911853900e-02 9.160530718461300237e-02 9.893634946018538268e-02 1.059768222268657051e-01 1.127730585876448727e-01 1.192684770625627860e-01 1.254953862788320829e-01 1.314125275013488803e-01 1.370745245877151575e-01 1.424604605951656777e-01 1.476346444425322424e-01 1.525855091560552323e-01 1.572952328545642042e-01 1.618041053589211464e-01 1.661719577068020426e-01 1.703563848448042262e-01 1.743583337413143475e-01 1.781905715331792150e-01 1.818911317602568412e-01 1.854340681425691584e-01 1.888421715421930991e-01 1.920051057357320401e-01 1.953644128606006058e-01
-7.664148131851486467e-02 -9.528303462627439602e-02 -1.155398705848205837e-01 -1.360233106931064972e-01 -1.565363555144994312e-01 -1.773007881532621122e-01 -1.980919567215162769e-01 -2.190930989030193121e-01 -2.402764875775884601e-01 -2.617872322341479596e-01 -2.834814279769312662e-01 -3.055445771300464575e-01 -3.277945614531332374e-01 -3.504665150066109125e-01 -3.734143817627436079e-01 -3.966180327511882875e-01 -4.200902312629584689e-01 -4.437646141992712678e-01 -4.675595800759389520e-01 -4.914648010045283288e-01 -5.153009441398762602e-01 -5.392130240666194174e-01 -5.630164629964488077e-01 -5.865906504359813534e-01 -6.098708858513021136e-01 -6.329600932741868968e-01 -6.556787768076915990e-01 -6.780689037084782766e-01 -7.000127706404050132e-01 -7.477210431856113892e-01
-2.259498896575178398e-02 -3.254238260581950037e-02 -4.072588674987604601e-02 -4.829182798800676218e-02 -5.532038508323777054e-02 -6.192151572120977582e-02 -6.802731506511960902e-02 -7.371291594214644805e-02 -7.896413859009836222e-02 -8.382314309219414394e-02 -8.826663071728335641e-02 -9.230833375678672292e-02 -9.590785410057413307e-02 -9.909793370871651519e-02 -1.018155304302681002e-01 -1.040255648403002192e-01 -1.056745324150971665e-01 -1.067217331544866171e-01 -1.071098984925409475e-01 -1.068020390332493491e-01 -1.057481090753683017e-01 -1.039187204943993192e-01 -1.012979677149492413e-01 -9.786248823401694219e-02 -9.361790161841049285e-02 -8.857809296786933739e-02 -8.275472200175804094e-02 -7.613677214060064757e-02 -6.873885252687383929e-02 -4.428025792885949968e-02
-9.527391756606186368e-02 -1.169198370348064203e-01 -1.401874157924077602e-01 -1.640696672794702271e-01 -1.884781642944043101e-01 -2.138086612404307141e-01 -2.397797849300696837e-01 -2.666602979311946675e-01 -2.943646078972082525e-01 -3.230558802330092960e-01 -3.524571580181852792e-01 -3.827185252051385489e-01 -4.135184340171838557e-01 -4.449985645771590281e-01 -4.767924335419370663e-01 -5.087668323436372875e-01 -5.407359730891775351e-01 -5.724674823412888580e-01 -6.037267579933104367e-01 -6.343226290459743621e-01 -6.639881799817518582e-01 -6.927799548234250260e-01 -7.204504587511239011e-01 -7.467992814191420914e-01 -7.717679737851597110e-01 -7.954954884096300249e-01 -8.177841830083623087e-01 -8.386974299382577991e-01 -8.580511631186005239e-01 -8.896352056807813602e-01
-1.480982004711326079e-02 -2.192703389512297429e-02 -2.759560772566596251e-02 -3.258248386517683531e-02 -3.693017088820788746e-02 -4.068991935881944438e-02 -4.384052387257148659e-02 -4.642913122796448605e-02 -4.847838851441436253e-02 -5.002805797036588564e-02 -5.111771184979602839e-02 -5.177606541927287642e-02 -5.202038999947100617e-02 -5.192039825536509667e-02 -5.150284585479042443e-02 -5.077129053819743471e-02 -4.975733121854564872e-02 -4.847566865729235203e-02 -4.693307546560724491e-02 -4.516804838154245966e-02 -4.315417761369205740e-02 -4.090473445759511967e-02 -3.842325696933232559e-02 -3.571602363407605507e-02 -3.277873506341815596e-02 -2.961132090484466448e-02 -2.622519888088372178e-02 -2.260562218031658688e-02 -1.880037251442368343e-02 -8.464883457440029735e-03
-2.852678492603964375e-02 -3.058376521027928938e-02 -3.587934449323179620e-02 -4.184248550443794151e-02 -4.826254007755097913e-02 -5.521564724623245074e-02 -6.259599219570226303e-02 -7.047191315586552596e-02 -7.882213063614897097e-02 -8.769239321953474497e-02 -9.699367167001689272e-02 -1.067572836718824608e-01 -1.168594402818471933e-01 -1.273403179251214323e-01 -1.380737560920473894e-01 -1.489753619441300803e-01 -1.599952241718473334e-01 -1.710280132613307691e-01 -1.819982792288173667e-01 -1.928846484049019372e-01 -2.035851414184653985e-01 -2.141367386586715549e-01 -2.244991350349961889e-01 -2.346294546932100877e-01 -2.445317848600823130e-01 -2.542949134702490177e-01 -2.638707403459750744e-01 -2.733210540599061433e-01 -2.826879922060112627e-01 -3.054281157113744039e-01
1.249989192805730648e-01 1.587566205399591202e-01 1.926879391641251049e-01 2.270336109425346860e-01 2.614867874353420385e-01 2.962604140808507980e-01 3.308828117989442985e-01 3.655033370499567447e-01 3.999253225831084779e-01 4.342853404624352209e-01 4.682118471978145569e-01 5.019624550889059122e-01 5.352601151638057830e-01 5.683834460477265038e-01 6.011352237419421707e-01 6.336164292317510993e-01 6.658230069165794740e-01 6.978498942679113304e-01 7.296160199906059907e-01 7.611250748000650823e-01 7.923083460556198387e-01 8.234504347258249091e-01 8.543155349774708140e-01 8.848245864028055907e-01 9.149541043086161229e-01 9.449049188140866695e-01 9.744653398813928336e-01 1.003745773421425458e+00 1.032477668415393790e+00 1.092132951166221444e+00
-1.779876366754528164e-02 -2.513472800150121089e-02 -3.107437115719238752e-02 -3.640020958488598968e-02 -4.116037756591246072e-02 -4.541897578762785909e-02 -4.913863591357942734e-02 -5.236806712673788139e-02 -5.511253168924937912e-02 -5.740584749807287057e-02 -5.926051839739850807e-02 -6.068937972672228121e-02 -6.168699555955609731e-02 -6.229635050934289459e-02 -6.251211375086784816e-02 -6.231879876303280524e-02 -6.171347121019060689e-02 -6.069456819469862263e-02 -5.924815978126377058e-02 -5.739445657436174214e-02 -5.511066942070266816e-02 -5.240108623891492901e-02 -4.928018854781559405e-02 -4.576083971404218409e-02 -4.185623975829216165e-02 -3.758451267942553714e-02 -3.297289254239530593e-02 -2.802295406948098269e-02 -2.279481115747987799e-02 -8.326445899516676449e-03
1.152844405262534906e-02 1.086065960441230660e-02 1.280123020910904109e-02 1.561504898382494975e-02 1.909202617099054269e-02 2.319359960595987480e-02 2.784246171624470481e-02 3.302343040548221670e-02 3.870130195447132188e-02 4.488318077130350886e-02 5.148459572378435295e-02 5.857341840326740073e-02 6.609160828271068433e-02 7.409800864312535151e-02 8.257192106787525354e-02 9.155568914135787939e-02 1.010915492713225922e-01 1.112076441985784120e-01 1.219170228062956829e-01 1.332361514194913832e-01 1.451588259343710441e-01 1.577774595258115420e-01 1.710207215851976270e-01 1.848557407381314077e-01 1.992565726342715449e-01 2.142606193660460401e-01 2.297717570895727590e-01 2.458213356037123321e-01 2.623018323002823116e-01 3.043389287660518971e-01
-5.633617435787958289e-03 -9.720687822780439691e-03 -1.434691528001261727e-02 -1.831644582317595513e-02 -2.137934476480657375e-02 -2.336730758141714395e-02 -2.424453134180533723e-02 -2.395641776089985422e-02 -2.255611174280268763e-02 -2.006675887946075820e-02 -1.661400187591814334e-02 -1.228526878093992060e-02 -7.200754580968161782e-03 -1.558046914358396070e-03 4.396105302300591655e-03 1.053565782077881506e-02 1.659395418836261474e-02 2.235671941770234206e-02 2.764380505333052795e-02 3.217581284862496005e-02 3.586949120787593509e-02 3.854613098776516616e-02 4.011805118969408168e-02 4.046790780032858553e-02 3.957971266814430678e-02 3.742756528194889770e-02 3.398927900984868855e-02 2.924503243415034828e-02 2.304762651818407712e-02 -5.155707169569313277e-03
4.137411122461700369e-02 5.745614754379801958e-02 7.043161330549210786e-02 8.291829123118658884e-02 9.496128101155991430e-02 1.065822428999113197e-01 1.175733751136715938e-01 1.279165996134495609e-01 1.374634930914709896e-01 1.461901809302660338e-01 1.539230082658773757e-01 1.606688318388473091e-01 1.663491043770598810e-01 1.709554833838023979e-01 1.744369900801950590e-01 1.768600635043082736e-01 1.781668086721847344e-01 1.784973537204503635e-01 1.778432811234470223e-01 1.762272023972826507e-01 1.737903226888467823e-01 1.706235380987172479e-01 1.667826235261563594e-01 1.623684048892473919e-01 1.574884975775468210e-01 1.522520646581195791e-01 1.467388912451759453e-01 1.410347665495712555e-01 1.351164020117751330e-01 1.167869266529041467e-01
-2.344236632647984583e-02 -2.728601191108738847e-02 -3.267869666523694899e-02 -3.823691126808214519e-02 -4.382746218371846164e-02 -4.950003943105039245e-02 -5.516990181095637880e-02 -6.088427658531825326e-02 -6.662865491337223445e-02 -7.243731808116517235e-02 -7.826298827151717541e-02 -8.412589139489974610e-02 -8.995508593288392696e-02 -9.579179574189637669e-02 -1.015714520913387625e-01 -1.072431849239582763e-01 -1.127873447849273014e-01 -1.181565751240127721e-01 -1.233114187815260721e-01 -1.282659223975584351e-01 -1.329658848298855556e-01 -1.374466973570999118e-01 -1.417062476361623802e-01 -1.457408853762705014e-01 -1.495682800025486259e-01 -1.532576597484178460e-01 -1.568018004218061090e-01 -1.602472295505720512e-01 -1.636610866587837609e-01 -1.724386938480902687e-01
-1.261864912446758191e-01 -1.575885465097164317e-01 -1.912196319265868638e-01 -2.253026871154723831e-01 -2.595094765054239416e-01 -2.941579983528615494e-01 -3.288139770013269181e-01 -3.637281542292323255e-01 -3.987771686236924462e-01 -4.341491905420112318e-01 -4.695294694626327980e-01 -5.051692897233768242e-01 -5.407386893627333935e-01 -5.765433268391695343e-01 -6.123146832550014906e-01 -6.480243401648019264e-01 -6.836399966147338469e-01 -7.191038914924096082e-01 -7.542775424062529988e-01 -7.891497019526179102e-01 -8.235282207374673424e-01 -8.576654239040742977e-01 -8.913400644489963831e-01 -9.244310592605579080e-01 -9.569167766844014489e-01 -9.890227489619664025e-01 -1.020536542458507334e+00 -1.051586508101363338e+00 -1.082015343080750203e+00 -1.147390729829273814e+00
-8.489453698088446354e-02 -8.717331622384642820e-02 -9.886970368857021796e-02 -1.136013247888437161e-01 -1.309885027302291893e-01 -1.514241017930221811e-01 -1.745719811387731746e-01 -2.006684060488260479e-01 -2.295250288250781923e-01 -2.612268540362599478e-01 -2.952768875357754674e-01 -3.316585437807968439e-01 -3.698183395572514076e-01 -4.096204800287159831e-01 -4.503798063190091461e-01 -4.917205477573550199e-01 -5.331729458541701883e-01 -5.742360781594283425e-01 -6.144884360373077392e-01 -6.535683922573467530e-01 -6.911599226040719968e-01 -7.272315716187950363e-01 -7.616071777293026424e-01 -7.940830746031118936e-01 -8.247132207154034278e-01 -8.538043353691250337e-01 -8.812167154259794577e-01 -9.071861961086794546e-01 -9.316741941777563207e-01 -9.788982478993087932e-01
1.256844679715861390e-01 1.651782016767001371e-01 2.016782706575144524e-01 2.376716253938117029e-01 2.729506843680780115e-01 3.076395141504291719e-01 3.412075624664822615e-01 3.737216097556270711e-01 4.049151361378964253e-01 4.348529068208892290e-01 4.631518042193010776e-01 4.899855393101655299e-01 5.151192248706220056e-01 5.387552803297416260e-01 5.607667255859735134e-01 5.812936447809526896e-01 6.003215655708096232e-01 6.180966507827070355e-01 6.345933426145387024e-01 6.499124225958506917e-01 6.641796226092889777e-01 6.777045173246744048e-01 6.904506080497045950e-01 7.025212835630648689e-01 7.140407086148486959e-01 7.252768979457959730e-01 7.362177388453162719e-01 7.470468395791374228e-01 7.576628752297239755e-01 7.768323290509266954e-01
-1.056277456753124643e-02 -1.318226107061810058e-02 -1.769001184401059953e-02 -2.204558993136243941e-02 -2.601601677442387864e-02 -2.955419077888180382e-02 -3.266424634316945214e-02 -3.538100597554165450e-02 -3.780556512397256069e-02 -4.002088253366765935e-02 -4.214742671442386901e-02 -4.433432277078543787e-02 -4.665042963069321313e-02 -4.934122911570021364e-02 -5.256689185270854020e-02 -5.641016520513183335e-02 -6.110711850453149491e-02 -6.673597925055278768e-02 -7.340814135663882578e-02 -8.129103336844289984e-02 -9.031015175310135035e-02 -1.006030419475860832e-01 -1.120967248703634705e-01 -1.247562995888731457e-01 -1.384887901765458895e-01 -1.532686445372823669e-01 -1.689722117636065502e-01 -1.855620104689529037e-01 -2.030345468883320847e-01 -2.529886384868223481e-01
