7.726345505010799586e-02 9.618415350014615506e-02 1.142426445421615283e-01 1.328837696727509787e-01 1.525911922533479126e-01 1.710226063458452905e-01 1.907354758134661987e-01 2.094598206674227192e-01 2.283994337155327292e-01 2.465090250689032925e-01 2.630712063874145468e-01 2.788377466475331357e-01 2.936444528747202964e-01 3.069376378724921195e-01 3.179318608912213295e-01 3.274036947509151863e-01 3.349159673188777386e-01 3.401034008077210014e-01 3.425540897570143462e-01 3.435728019047052939e-01 3.427822706707762124e-01 3.395555946523345359e-01 3.346509568053577244e-01 3.284696450801722345e-01 3.208249563300901164e-01 3.125104084494514378e-01 3.031821263617273665e-01 2.939045928487540871e-01 2.838512378757869770e-01 2.558438568971719285e-01
4.674412264592131550e-02 6.501864019981069831e-02 7.960369782023686558e-02 9.356302299909374787e-02 1.074694480287768789e-01 1.197652239050640693e-01 1.321392367504451160e-01 1.431317485911733633e-01 1.533658084670356525e-01 1.625673781225854264e-01 1.698318766214952091e-01 1.763346308527282413e-01 1.818023397814829689e-01 1.856981641689782470e-01 1.879177427398498190e-01 1.891527232961018878e-01 1.892470925032988804e-01 1.878992018890520976e-01 1.851071230290209091e-01 1.816248499969127517e-01 1.775220656004692366e-01 1.721415565696979844e-01 1.660024422305059477e-01 1.595431742944595221e-01 1.524908114832640160e-01 1.453025950889313689e-01 1.376500561855621141e-01 1.302083943987129011e-01 1.224134401787902865e-01 1.007404839600801322e-01
-1.692892648819135579e-02 -2.895388783177163181e-02 -3.722999795848579152e-02 -4.397733664294745104e-02 -4.907568308927395817e-02 -5.379786221630827869e-02 -5.677583885538180913e-02 -5.919982442560211416e-02 -6.032642894376840509e-02 -6.061890471309383521e-02 -6.015919847193853393e-02 -5.866374878009105592e-02 -5.690864883012783371e-02 -5.430927185306624883e-02 -5.127490063544182936e-02 -4.763793678919991254e-02 -4.380662027002892728e-02 -3.934276709535860367e-02 -3.474325095937816354e-02 -3.008090711168818696e-02 -2.489369494100704405e-02 -1.928115730968408062e-02 -1.383385924619599978e-02 -7.899531919811185118e-03 -1.597831721818939983e-03 4.710232929012191788e-03 1.158850640891150030e-02 1.875768498972566617e-02 2.617914181427911935e-02 4.744850966646312757e-02
-3.345302727365604464e-03 -2.776104737736538250e-03 -2.854355175660952190e-03 -2.816449234882723029e-03 -2.259216127458222451e-03 -2.292396779643094806e-03 -1.668078091564620391e-03 -1.411026734848217336e-03 -9.963364555773100446e-04 -5.146991230340908089e-04 -4.216524865163946700e-04 6.181346641327863101e-05 3.533497047398502793e-04 6.442313979277263522e-04 8.564358305712035111e-04 1.374815004353556512e-03 1.971434048694437145e-03 2.832740975452269997e-03 3.812723466190303442e-03 4.934108981154552986e-03 6.613904751656196797e-03 8.638069519478657962e-03 1.059357864502116081e-02 1.310509161487109775e-02 1.595137571620426284e-02 1.886814322362772786e-02 2.214497698586141358e-02 2.566093332386469930e-02 2.921025529262555320e-02 3.768535021174498206e-02
9.441758969176478403e-03 1.792225514387216223e-02 2.217357148621619187e-02 2.577765807343678287e-02 2.948317571689210506e-02 3.202026194747571719e-02 3.498706956734324441e-02 3.716131267380264752e-02 3.905517224973294871e-02 4.064508763664070184e-02 4.127655243930603707e-02 4.185436948278467573e-02 4.182957132217965390e-02 4.105993013512524575e-02 3.955896965655111147e-02 3.771388532528225507e-02 3.515788848304671199e-02 3.214128786964658840e-02 2.806520694992732309e-02 2.353032990841381900e-02 1.864959936443323293e-02 1.278263557751813974e-02 6.034008255974659431e-03 -1.067242496151471183e-03 -8.817057547722389685e-03 -1.710524116152118898e-02 -2.628259470216215768e-02 -3.564979003942301411e-02 -4.617517410428471220e-02 -7.885136041036437671e-02
8.705295966398292340e-02 1.063053362400836893e-01 1.266772125782226199e-01 1.483994608372591339e-01 1.722226647302606273e-01 1.951049450499415527e-01 2.209951870798127216e-01 2.467692398521382502e-01 2.745007421012906068e-01 3.026600725071382780e-01 3.315187634338961353e-01 3.610249819243676050e-01 3.911532304514411251e-01 4.227514570536755056e-01 4.536773263603869899e-01 4.853632360739382201e-01 5.169283156596506945e-01 5.484418820936988181e-01 5.790548663149416297e-01 6.097840958487882324e-01 6.394348952849419065e-01 6.690715369546792468e-01 6.973133769737941412e-01 7.246293159184014065e-01 7.509925612599266387e-01 7.752275773492532940e-01 7.995804637617195398e-01 8.224848198825019940e-01 8.436083716938850285e-01 8.795104085309128905e-01
6.737011258010110193e-02 9.074447838261763544e-02 1.107619365678210316e-01 1.303529341075725101e-01 1.502135294043831781e-01 1.683455941381877541e-01 1.871106782358207266e-01 2.045669501201056451e-01 2.217420310101952952e-01 2.380471131588134392e-01 2.528100650496870050e-01 2.669788700682838578e-01 2.804713987506203821e-01 2.930239369602224420e-01 3.039554032567104436e-01 3.143017725689082331e-01 3.237368255217836222e-01 3.319613894479503391e-01 3.388553041951409828e-01 3.453152732474258912e-01 3.509655909428606169e-01 3.556678447759507589e-01 3.594465637623104892e-01 3.627162031132968867e-01 3.652544687704164517e-01 3.670740125527755526e-01 3.685937758639991624e-01 3.698252762403701488e-01 3.702634188174180885e-01 3.641133499489686010e-01
-8.368480770917183578e-03 -9.895940979335019969e-03 -1.038744412059902471e-02 -1.053480830129498690e-02 -1.017960252292459365e-02 -1.027690611138786653e-02 -9.865973177697081112e-03 -9.827802482039203757e-03 -9.678347988093116347e-03 -9.495400808015001456e-03 -9.667769045670451464e-03 -9.406220553474677407e-03 -9.224737606267187709e-03 -8.840528571798816904e-03 -8.266719010382317032e-03 -7.113505407484038701e-03 -5.411179800208744221e-03 -3.085386258281797283e-03 1.109596519559968852e-04 3.844298414871974347e-03 8.780225735392194197e-03 1.486841255406919776e-02 2.149879002921263951e-02 2.929758828681871055e-02 3.811399618822725044e-02 4.742731203657146732e-02 5.793916452274854717e-02 6.895330237207669688e-02 8.082530050502938213e-02 1.137272505446761950e-01
-1.231314648047514585e-03 -5.252047885186911756e-03 -7.348450906355202990e-03 -8.472032453813872765e-03 -8.323626793577660818e-03 -8.299761483953740915e-03 -6.729991733507030560e-03 -4.981720759114317658e-03 -2.189465850882657983e-03 1.194252650314185345e-03 5.118458438848388393e-03 9.941059590520938058e-03 1.507058232147764042e-02 2.111149327426646918e-02 2.752690359646517773e-02 3.474923652920308692e-02 4.239369606980370603e-02 5.079901873085961722e-02 5.960378630555168700e-02 6.875769747803013587e-02 7.852099657599585780e-02 8.907289911905190427e-02 9.952726630334270130e-02 1.105517632820865043e-01 1.219940533455065035e-01 1.332056081508135870e-01 1.451312702714285807e-01 1.570548593684374106e-01 1.689770245142061811e-01 1.976937102879060271e-01
6.477032266752023003e-03 1.165155868837950727e-02 1.403844172164144498e-02 1.616559469064542467e-02 1.870532868390716030e-02 2.033739504567424680e-02 2.268851168485730777e-02 2.450130531625277150e-02 2.637476716046082206e-02 2.819763523504315028e-02 2.943204797627622937e-02 3.087228950160703089e-02 3.193865093027417612e-02 3.270367154253431968e-02 3.299915940929598612e-02 3.326824300574621196e-02 3.310126119099496972e-02 3.279115434878401153e-02 3.180982934284386221e-02 3.055862875162161998e-02 2.922907535996882578e-02 2.737026918801087685e-02 2.483432704171501318e-02 2.220299776219890678e-02 1.920357472636609678e-02 1.576814568252984591e-02 1.186301756284933485e-02 7.838275401968524889e-03 2.983948835486439303e-03 -1.404110256461114231e-02
2.338499819125089418e-02 4.169404803487636313e-02 5.588859734764611148e-02 6.872367742600758722e-02 8.073424353306629664e-02 9.092691179456825756e-02 1.004816317382572627e-01 1.084588457666687961e-01 1.153256340098995775e-01 1.213351530928905991e-01 1.257856388544982273e-01 1.300345501965582684e-01 1.338675970719402086e-01 1.374298496872252140e-01 1.406881396724621869e-01 1.446112169451360119e-01 1.493770478239874744e-01 1.546726168321675143e-01 1.612670297152989651e-01 1.689035068097756165e-01 1.779650844859863579e-01 1.886646100803966997e-01 2.001862210457968916e-01 2.130859110647471966e-01 2.270870770887956913e-01 2.413936230655011894e-01 2.570371788642678013e-01 2.727712416904858328e-01 2.889026385095171956e-01 3.252625722188249857e-01
-5.047098194463864318e-02 -7.008037752862660008e-02 -8.818162040190762052e-02 -1.050128412895423718e-01 -1.198901440608531738e-01 -1.341400137802974124e-01 -1.457641641097813801e-01 -1.560925445859210614e-01 -1.642440174679940801e-01 -1.705024184913738194e-01 -1.744131907461576036e-01 -1.762023259823181365e-01 -1.769421875541053735e-01 -1.753010205728339210e-01 -1.719060463751987122e-01 -1.667500394215284121e-01 -1.606955230101958509e-01 -1.524996063218104492e-01 -1.437176503422794849e-01 -1.344152574246363085e-01 -1.245010108805184174e-01 -1.136841839037289748e-01 -1.035199834988379669e-01 -9.322900438027025005e-02 -8.298778232576685399e-02 -7.396191949339327165e-02 -6.518300121487886900e-02 -5.725567598712202194e-02 -5.097045975688849900e-02 -4.465231993344078582e-02
3.791855622602016002e-02 4.686080759202249091e-02 5.499286329676361662e-02 6.376354263615933993e-02 7.374209337493088656e-02 8.291767969954176587e-02 9.369373549773253596e-02 1.040633738101451461e-01 1.151185147080252130e-01 1.261053406841579072e-01 1.365948732335709737e-01 1.471126994419110490e-01 1.572110644517939748e-01 1.668718096124739425e-01 1.753773659795554718e-01 1.832796390854645185e-01 1.900122029006862945e-01 1.956846741514307320e-01 1.995057983789770839e-01 2.024207587751040149e-01 2.041505993706053124e-01 2.042918894445998612e-01 2.029463583507570001e-01 2.006044661461337808e-01 1.970879782961253157e-01 1.926037901656119933e-01 1.871306521697859993e-01 1.813266389187573324e-01 1.741898844389424550e-01 1.496968607436347520e-01
-1.540804793061944676e-03 -1.004995662560452356e-02 -1.572709775107566238e-02 -1.976375226792479248e-02 -2.175474725067632134e-02 -2.348413781745481432e-02 -2.271695117163700581e-02 -2.122479120719498666e-02 -1.788389015725648165e-02 -1.346802541981375299e-02 -7.808208723566079090e-03 -9.374712986746405177e-04 6.444323884267205531e-03 1.508081424421320316e-02 2.411481240040482324e-02 3.385249441272226295e-02 4.358770850815060077e-02 5.391818785199098407e-02 6.383569202673343435e-02 7.365492096170415948e-02 8.331289697012797535e-02 9.298587341071139212e-02 1.017895339263908960e-01 1.104026643854042478e-01 1.187289759502852399e-01 1.261794914645054111e-01 1.335805539678814602e-01 1.406311745998365947e-01 1.468395345603882296e-01 1.578805267733052464e-01
-2.338476455034793969e-02 -3.496890556047072690e-02 -4.377612394212170716e-02 -5.150665783923844693e-02 -5.806314404103216781e-02 -6.439656420878997478e-02 -6.952986417479284365e-02 -7.434243752281509410e-02 -7.831674141056858829e-02 -8.169108742740351092e-02 -8.463915751220363326e-02 -8.671560085581321575e-02 -8.865562650467968819e-02 -9.005451316179828580e-02 -9.097842182311977055e-02 -9.131718885197261104e-02 -9.133192910153592470e-02 -9.064726355799873625e-02 -8.953547258652048979e-02 -8.819759437544666403e-02 -8.600926452831181290e-02 -8.313208618014393536e-02 -8.008582049110944678e-02 -7.620649266619358708e-02 -7.162987124351812007e-02 -6.668217211347553242e-02 -6.095031355790789251e-02 -5.466808119662731197e-02 -4.774456697323840176e-02 -2.540886718948137321e-02
3.935191469614932741e-02 5.170566689949931266e-02 6.245519617341829810e-02 7.335806998294121251e-02 8.508987371185004756e-02 9.575283144463059282e-02 1.077466255131208084e-01 1.191710891961010321e-01 1.311247096865185147e-01 1.430284032126611371e-01 1.545604918854117105e-01 1.663389976961064665e-01 1.780340707057974370e-01 1.899253782014063141e-01 2.011771248921733479e-01 2.126607452074457949e-01 2.238861704207130987e-01 2.349430440183882807e-01 2.454165190869772861e-01 2.558209677082472489e-01 2.659561554936755723e-01 2.759093783836997771e-01 2.851282928382694593e-01 2.941318782141325028e-01 3.027624438803315221e-01 3.105515460280448559e-01 3.183245187902341566e-01 3.256649384243430201e-01 3.320975017865769874e-01 3.402843131185935288e-01
-4.198491669736589826e-02 -5.708454093294745152e-02 -7.061013897189542809e-02 -8.358573413688417941e-02 -9.598884222363557317e-02 -1.082428995524662846e-01 -1.202550665025946541e-01 -1.322671988206937932e-01 -1.443121954082813019e-01 -1.561667000347854162e-01 -1.684773998494249192e-01 -1.803486249557538501e-01 -1.926890111576358144e-01 -2.056162026989064306e-01 -2.184008522083814297e-01 -2.312900887850927456e-01 -2.442973147851781601e-01 -2.571301463051394176e-01 -2.697849354824829460e-01 -2.826074042334155156e-01 -2.943659028288993507e-01 -3.059722208069670102e-01 -3.171413176986639382e-01 -3.272176017531888692e-01 -3.363989222188988326e-01 -3.443150767281901170e-01 -3.516131194649576575e-01 -3.575915599073316575e-01 -3.621392383738314957e-01 -3.607968060341454897e-01
7.101146255728497426e-03 1.340681665663165552e-02 1.706192337659272543e-02 2.025217568075011326e-02 2.347467048875907444e-02 2.566785328471279937e-02 2.799932755041661600e-02 2.948581782290719475e-02 3.049318170464404912e-02 3.105109069973574498e-02 3.045649766218014309e-02 2.969790569213642470e-02 2.827382977489494367e-02 2.594924918306210082e-02 2.290733907196504382e-02 1.949280919136836890e-02 1.557167118807976404e-02 1.117893677400375214e-02 6.183566315080289699e-03 8.804233622329062916e-04 -4.293198950800684519e-03 -9.997541522148890511e-03 -1.603177618075341329e-02 -2.188771023593099121e-02 -2.780259863334459333e-02 -3.359710328067799096e-02 -3.959824036637165506e-02 -4.527240681088069013e-02 -5.107718834169468897e-02 -6.576070253001101151e-02
-4.459827842533257286e-02 -5.540352220943015743e-02 -6.734888540669407841e-02 -7.934681896908744869e-02 -9.117768000224230063e-02 -1.032394399753158304e-01 -1.153688954008602191e-01 -1.278152205292625299e-01 -1.407030483024377110e-01 -1.536945077106284807e-01 -1.675407936514194118e-01 -1.812732278678245434e-01 -1.958667809705563201e-01 -2.116107714093917458e-01 -2.276027767277485070e-01 -2.442214036399909249e-01 -2.614839862867897047e-01 -2.791109399381203615e-01 -2.973868151621443245e-01 -3.162957212075287461e-01 -3.348338070100890795e-01 -3.542397288438270397e-01 -3.739098406906334326e-01 -3.932099108528815390e-01 -4.124653481444455760e-01 -4.309704483932432217e-01 -4.500706740362772074e-01 -4.682880656220398952e-01 -4.862500231082014790e-01 -5.246524145791371385e-01
7.333054671425168203e-02 9.712721068595658869e-02 1.165813711235374889e-01 1.356510760127818960e-01 1.549562645583153209e-01 1.724903547940637438e-01 1.904159947388960328e-01 2.067747522426530704e-01 2.224113313415240489e-01 2.366569895282405467e-01 2.483709003339818755e-01 2.587159874573266571e-01 2.674700643923372256e-01 2.735667329408246751e-01 2.767699405245789834e-01 2.776900233864647016e-01 2.759992219886488463e-01 2.712530099818509233e-01 2.630157588153648196e-01 2.528399139035322762e-01 2.404487211295126825e-01 2.245792595315416473e-01 2.067193380437262473e-01 1.871797409281152069e-01 1.657107582521299138e-01 1.436311385436347676e-01 1.196540649508778809e-01 9.582462542210144762e-02 7.080262840644292732e-02 4.611864844303961188e-03
1.003003718891601198e-01 1.215608592351209299e-01 1.450687718590605579e-01 1.700748719980086365e-01 1.971144335370007550e-01 2.231420338124210367e-01 2.518472845961567397e-01 2.801668276966056692e-01 3.100971453971895220e-01 3.400102407009614747e-01 3.699747769128650110e-01 4.001299698870843802e-01 4.305428782197704418e-01 4.617145544962172887e-01 4.916201663921233034e-01 5.217153647065665423e-01 5.513092951271403308e-01 5.801117478906271385e-01 6.077536759748994877e-01 6.351985641124137105e-01 6.614836450006124080e-01 6.874417300171485889e-01 7.121297887925680525e-01 7.360381568081635351e-01 7.591301525341059842e-01 7.806511184370888978e-01 8.025911939603137535e-01 8.236330854092863696e-01 8.437187917793869119e-01 8.831401949319155342e-01
-9.687541602895650972e-03 -7.610891734219146255e-03 -7.365011238057220938e-03 -7.753118576217997611e-03 -8.594652684390132608e-03 -1.036167265346753241e-02 -1.290319492697528971e-02 -1.650661890336125801e-02 -2.124294023259771722e-02 -2.673007060397778953e-02 -3.398995857841260321e-02 -4.161355592653463026e-02 -5.021386802774089470e-02 -6.020507965383738863e-02 -7.087201793819762619e-02 -8.201556949969078525e-02 -9.343876028502266784e-02 -1.052959918604871037e-01 -1.170730921684177278e-01 -1.289532291242207196e-01 -1.398818579637400306e-01 -1.507735493827978279e-01 -1.611600844171535152e-01 -1.704982766134689742e-01 -1.790609199795871742e-01 -1.864096907237259571e-01 -1.931886390731157588e-01 -1.988109555046466970e-01 -2.032062077568198566e-01 -2.056046813840975984e-01
1.667914461337192400e-01 2.078124052736990690e-01 2.498743917249980628e-01 2.931441002165629528e-01 3.382891040669642746e-01 3.815164218080407399e-01 4.274032822226201955e-01 4.721383766194657272e-01 5.182339621421380160e-01 5.635755464973760676e-01 6.081593745227215075e-01 6.522644221271330922e-01 6.963592107400818909e-01 7.409576594550965067e-01 7.831887535422060731e-01 8.253053751074403976e-01 8.666429038124552342e-01 9.063197686744643988e-01 9.443726358194651782e-01 9.821869597734783630e-01 1.018162109949973138e+00 1.053547830757384451e+00 1.087381191295657912e+00 1.119982999874334473e+00 1.151247198318890330e+00 1.180469323106066559e+00 1.210155047748296298e+00 1.238474186647412711e+00 1.265568891508155991e+00 1.316941448725901909e+00
9.284949802504076366e-02 1.187950392018892742e-01 1.440496752766123878e-01 1.696861167686676275e-01 1.963294822208195844e-01 2.214257303238366947e-01 2.481186772068678381e-01 2.738381528886328353e-01 3.002199852507903000e-01 3.261338965028340864e-01 3.513738742009997473e-01 3.765062773602955715e-01 4.016072019589509989e-01 4.270587173637148126e-01 4.512546583561751201e-01 4.757154876390515263e-01 5.000084677308344050e-01 5.237178863316340749e-01 5.468757905046496282e-01 5.702092464041558229e-01 5.929985197629455973e-01 6.159656218399439664e-01 6.382257857215144492e-01 6.602618390056732567e-01 6.819153977851383219e-01 7.024573756102401312e-01 7.236618792573418224e-01 7.441660440080620775e-01 7.640029713598265326e-01 8.033450278402384237e-01
-2.786922400473937356e-02 -3.563169078794085898e-02 -4.367587222088162996e-02 -5.149098505043245289e-02 -5.878312948035276791e-02 -6.629401764368696159e-02 -7.327941023192147130e-02 -8.039501355619528555e-02 -8.739392302187720674e-02 -9.418367876047499532e-02 -1.012786467444776878e-01 -1.078962019253179999e-01 -1.148338510829432640e-01 -1.220585190182061769e-01 -1.291917253246238073e-01 -1.362564977619989681e-01 -1.434515979584635448e-01 -1.504048375321278830e-01 -1.574690712635084811e-01 -1.646555045487337887e-01 -1.712539007050090378e-01 -1.778916213351452169e-01 -1.846226389052969818e-01 -1.908126933716951523e-01 -1.966958409817741449e-01 -2.021856131471126972e-01 -2.076423116203049979e-01 -2.125423934006824556e-01 -2.172313248376361583e-01 -2.254843922962851688e-01
5.806679247668424665e-02 7.756339482063291657e-02 9.357038362288788713e-02 1.094337460868943096e-01 1.259411662962955925e-01 1.409669599404279883e-01 1.571662237962461184e-01 1.724073488968654588e-01 1.878552118793130055e-01 2.028163409073431567e-01 2.167701690187729124e-01 2.304571057036709225e-01 2.435990641815014290e-01 2.561190105164483088e-01 2.672284969894060946e-01 2.777580506151915984e-01 2.872318331361997656e-01 2.955421057852272715e-01 3.021497015430055222e-01 3.080539939900388546e-01 3.127740798336806627e-01 3.160965447696618136e-01 3.179652165491904103e-01 3.188695313066014503e-01 3.185932867842511396e-01 3.171144436424393476e-01 3.147228865844532986e-01 3.117184470091606818e-01 3.071363246872932939e-01 2.849597478081711821e-01
-4.844194794548636190e-02 -6.256909646752893683e-02 -7.634141888681227062e-02 -8.981047887569178212e-02 -1.028385961685770039e-01 -1.158032272368385018e-01 -1.285291075376158998e-01 -1.412606109872807103e-01 -1.540477331074792400e-01 -1.665737160828991981e-01 -1.794514317162521910e-01 -1.918278920747831517e-01 -2.046685223754642902e-01 -2.180034241097725534e-01 -2.311084077226669697e-01 -2.442697286296412751e-01 -2.575797336029094775e-01 -2.706188274937831317e-01 -2.836504824439506356e-01 -2.968943325105962705e-01 -3.092894919771617679e-01 -3.217601849124199220e-01 -3.341159423780146187e-01 -3.456958167104779989e-01 -3.567413981266041589e-01 -3.669667454366210002e-01 -3.771181375850352069e-01 -3.863586921203643887e-01 -3.949870689171179894e-01 -4.089664090303545829e-01
-2.108398133335681254e-02 -3.146190454406225245e-02 -4.240604876399950429e-02 -5.271905555387323278e-02 -6.200068148871704793e-02 -7.131923692087636935e-02 -7.964527291388924513e-02 -8.791489741683621018e-02 -9.583976812683474289e-02 -1.035872110343077912e-01 -1.118606310576642365e-01 -1.199695806535830550e-01 -1.289111148614084934e-01 -1.390773632453715936e-01 -1.500401736074165326e-01 -1.621456523518072235e-01 -1.758471370285627222e-01 -1.906634945643796986e-01 -2.076028854684422720e-01 -2.259984227118515265e-01 -2.452413037737433410e-01 -2.667808120195873101e-01 -2.896305602430734871e-01 -3.132029918939363000e-01 -3.377316592405989470e-01 -3.622130128774924684e-01 -3.881821684287554142e-01 -4.135235668649999141e-01 -4.394251644737138807e-01 -5.000094788944621227e-01
4.441600504475908505e-03 1.941972039516064868e-02 2.574656970370441458e-02 3.002517216956370263e-02 3.336134397630912546e-02 3.480612947458996964e-02 3.567433375050538258e-02 3.511279159906394165e-02 3.330211859536708757e-02 3.074580193434048661e-02 2.648935026264997994e-02 2.189059083155954141e-02 1.634697617727716434e-02 9.567336902460159623e-03 1.992644227588542209e-03 -5.967122691225970610e-03 -1.452609869777093769e-02 -2.349903065613907771e-02 -3.327882914275401283e-02 -4.336271617891784141e-02 -5.351519033108765450e-02 -6.457362264620711279e-02 -7.635621987549358336e-02 -8.833130042579974417e-02 -1.009307499973354227e-01 -1.139940949230440204e-01 -1.282463456176148042e-01 -1.428036209424291270e-01 -1.588498203597266123e-01 -2.084197998212016512e-01
4.017071926331927667e-02 5.414467772731087342e-02 6.581061798004922414e-02 7.744544933322736191e-02 8.975636176866740035e-02 1.008400965420188644e-01 1.130750493135345564e-01 1.245936776994166911e-01 1.364474959805012932e-01 1.480975133045392966e-01 1.591697733634677425e-01 1.703427077165632353e-01 1.812931070034904391e-01 1.922127614655488037e-01 2.023946612775717746e-01 2.126470556861838335e-01 2.225536799479903571e-01 2.321325538587068749e-01 2.410352168899820013e-01 2.497996358628594427e-01 2.582258296516428131e-01 2.663356981270827428e-01 2.736479268539088183e-01 2.807199985946755572e-01 2.873012203832003286e-01 2.930515550518663637e-01 2.986379044971891328e-01 3.037733598676191638e-01 3.079416823602667552e-01 3.099918676915421334e-01
-4.685988012610986519e-02 -5.906216039552344282e-02 -7.197859947568582828e-02 -8.490028110102076919e-02 -9.759864999350177650e-02 -1.104315363447165160e-01 -1.232659849765880694e-01 -1.363085742573290071e-01 -1.496706498817647335e-01 -1.629597860208373827e-01 -1.769072892789700369e-01 -1.905466719460695291e-01 -2.048664804963892527e-01 -2.199964488299101240e-01 -2.351298322701057819e-01 -2.505473539409858730e-01 -2.663478551516002546e-01 -2.821297407455205519e-01 -2.981724421459047147e-01 -3.146199122898271638e-01 -3.303755243717456103e-01 -3.465943869723304149e-01 -3.628292468680957561e-01 -3.784676677251517796e-01 -3.938118516881334297e-01 -4.083481505683201895e-01 -4.231623227087856765e-01 -4.370895715305346818e-01 -4.506188801036389857e-01 -4.775802385693840857e-01
-7.831295270077916204e-02 -1.025127995691416660e-01 -1.246543333173748408e-01 -1.461836693375249963e-01 -1.670751485485445775e-01 -1.874080839744044213e-01 -2.073658441508412775e-01 -2.268439188914060933e-01 -2.460559565944614169e-01 -2.645154371336744248e-01 -2.825732076201884491e-01 -2.995815865456246119e-01 -3.166258687302850316e-01 -3.333719680413283482e-01 -3.489950860402430965e-01 -3.639317443971856747e-01 -3.782544366632299426e-01 -3.912826226585969791e-01 -4.032538384917934704e-01 -4.148807757332155788e-01 -4.247777463847100532e-01 -4.336771704819772921e-01 -4.418468888462994681e-01 -4.485464877963069585e-01 -4.539936324550723490e-01 -4.582998220460109962e-01 -4.618568229952049742e-01 -4.643474779391858487e-01 -4.656953822118927722e-01 -4.587577578996491212e-01
2.904295322023385875e-02 4.638451566544699728e-02 5.944990358180694129e-02 7.126301866852290112e-02 8.214308022998452474e-02 9.123466825901062338e-02 9.914319392688979160e-02 1.051561360513918603e-01 1.093419727312043427e-01 1.119529193756585439e-01 1.116655008733521831e-01 1.101557820811629312e-01 1.071353860034358063e-01 1.016803633567314319e-01 9.443025033194318851e-02 8.586851150825854095e-02 7.627450193960635949e-02 6.508918043414302357e-02 5.300180403563035242e-02 4.034163058538357133e-02 2.780111157182774129e-02 1.431945534805566418e-02 8.729524618706595296e-04 -1.215733487118699808e-02 -2.505401441063649301e-02 -3.700703028539681361e-02 -4.893457720657371640e-02 -5.987281722356824210e-02 -7.002763866535392789e-02 -9.030729328349042240e-02
5.332516477241997649e-02 6.741937455082513964e-02 8.164110176473941827e-02 9.641017346923107245e-02 1.122843128841766180e-01 1.271661182908900012e-01 1.436295441165158226e-01 1.595981389545523543e-01 1.764095288490112601e-01 1.932357561116326006e-01 2.099222619095884312e-01 2.269665480713090044e-01 2.442010880877545365e-01 2.621175013591158787e-01 2.795308843089222006e-01 2.975483425269776494e-01 3.157228133560880390e-01 3.340008889059267183e-01 3.521993115490766324e-01 3.707512185304200347e-01 3.892737029736299537e-01 4.083549338803922346e-01 4.269831290866897278e-01 4.457154325540295670e-01 4.644431869729000462e-01 4.823095862515638377e-01 5.008893254250726956e-01 5.189768208609925049e-01 5.365489580472690978e-01 5.728871721063423239e-01
2.711449751580488621e-02 3.667745465779222169e-02 4.458090163292448976e-02 5.245153273056785137e-02 6.084822562336455326e-02 6.823766034347115983e-02 7.645335822103695167e-02 8.400336657354091907e-02 9.168619013182462141e-02 9.916087301862458459e-02 1.059434788080042128e-01 1.128249717713716294e-01 1.193786497480141678e-01 1.257186128704997907e-01 1.314199855354273305e-01 1.371313427669332285e-01 1.425427187359343817e-01 1.476908584687483539e-01 1.523389758016152340e-01 1.568867879496806950e-01 1.613825828469079848e-01 1.656773667966911223e-01 1.694761254216959057e-01 1.733151266667116719e-01 1.769789000126459066e-01 1.802532430782016470e-01 1.835798382210059032e-01 1.868157474167528864e-01 1.895914559908186969e-01 1.924980765085084478e-01
-7.669073505134550717e-02 -9.527775289467842190e-02 -1.156780784473030455e-01 -1.363372161515864767e-01 -1.570075130846392830e-01 -1.776443777355510567e-01 -1.985424030108060567e-01 -2.194973442549850162e-01 -2.409645675999916581e-01 -2.622273782502254624e-01 -2.840261486702191918e-01 -3.053922619536880156e-01 -3.275216663350241642e-01 -3.506471858294772925e-01 -3.734196450657895627e-01 -3.965668318907905054e-01 -4.201213446725992617e-01 -4.434370969679994334e-01 -4.670710977260660868e-01 -4.911994109487949345e-01 -5.145522408037314088e-01 -5.385537161874784928e-01 -5.626551051409043325e-01 -5.861852049540816623e-01 -6.094798062641263448e-01 -6.319042844262414693e-01 -6.551102745072189260e-01 -6.773939555099101062e-01 -6.995720617082121784e-01 -7.484184997945896312e-01
-2.228632864428422081e-02 -3.216276158409813596e-02 -4.042884585032407996e-02 -4.805495858558495731e-02 -5.482129264074748348e-02 -6.158199763130937227e-02 -6.748480148624187713e-02 -7.326127920839935193e-02 -7.849782936871345373e-02 -8.326362904824355371e-02 -8.783671928453717914e-02 -9.159361230994890468e-02 -9.529265728910846223e-02 -9.854308728171483345e-02 -1.013301498724900745e-01 -1.034412489425042270e-01 -1.051035557790564873e-01 -1.059725768365080839e-01 -1.061350062892027352e-01 -1.059667718076216514e-01 -1.046544172167233749e-01 -1.024331000756234372e-01 -9.982481461372365306e-02 -9.611975999279838423e-02 -9.151895140476794255e-02 -8.633852503198931327e-02 -8.019367651025725852e-02 -7.339513329527597163e-02 -6.575128826468663867e-02 -4.068901672785536078e-02
-9.501424089310422927e-02 -1.168125481182046982e-01 -1.400860231481192986e-01 -1.640927195526347970e-01 -1.888823445641502341e-01 -2.136578193838588324e-01 -2.399425739880330921e-01 -2.666576934082452444e-01 -2.948165429371605861e-01 -3.232190151001007039e-01 -3.529232872948939170e-01 -3.824758984673775064e-01 -4.131544789216110569e-01 -4.453662495321693560e-01 -4.771661815882635715e-01 -5.093231403613759367e-01 -5.414680506307850694e-01 -5.732303046387773326e-01 -6.042689817667635799e-01 -6.354368671959209625e-01 -6.647306408619001461e-01 -6.938245269750247246e-01 -7.218991014616070734e-01 -7.482792893083057839e-01 -7.733766162888920936e-01 -7.963257405149040125e-01 -8.190871929042818911e-01 -8.400138817591416007e-01 -8.591940513249648470e-01 -8.906614583786929273e-01
-1.485188830636033179e-02 -2.189507350026182950e-02 -2.768497815989483246e-02 -3.274441684762365717e-02 -3.676838626372324476e-02 -4.085562305373271336e-02 -4.376433973582366521e-02 -4.652399233934589873e-02 -4.857685631402236526e-02 -5.012347940789122630e-02 -5.139887279841506840e-02 -5.192450290058474999e-02 -5.242765422096453548e-02 -5.249139105460531168e-02 -5.232072110025127315e-02 -5.169284412879698865e-02 -5.093728577197792484e-02 -4.968857926248450990e-02 -4.835695203054638652e-02 -4.695195736997723884e-02 -4.504213941090576961e-02 -4.282196303635019130e-02 -4.075923859960034479e-02 -3.823364980694846094e-02 -3.538585923644735343e-02 -3.253654970246055989e-02 -2.935075762599713076e-02 -2.591665392699738987e-02 -2.243842138261438121e-02 -1.266269751010738222e-02
-2.890465639569159140e-02 -3.119589615531235746e-02 -3.672464239466101399e-02 -4.291824248462051267e-02 -4.929320465597573225e-02 -5.641463215808167203e-02 -6.369841461456411669e-02 -7.157800798978937451e-02 -8.002076721486241218e-02 -8.864068330425188547e-02 -9.813396063226460797e-02 -1.074474498752634316e-01 -1.173536161967699831e-01 -1.279822397888791541e-01 -1.386761705402171918e-01 -1.494540602494240089e-01 -1.604070094146383407e-01 -1.712041777515185548e-01 -1.821104859259374820e-01 -1.931173184796135811e-01 -2.034741016120955592e-01 -2.140077166371605610e-01 -2.246063542012881609e-01 -2.346748241377843158e-01 -2.445407640097987390e-01 -2.540379247781711092e-01 -2.638225298089678650e-01 -2.731909660240793847e-01 -2.826797017144684343e-01 -3.056214101178985065e-01
1.249142426595442612e-01 1.587913574991868526e-01 1.925844797455248669e-01 2.269204292376447440e-01 2.624170702311934833e-01 2.960740535976492671e-01 3.315237596136413889e-01 3.657744399716555406e-01 4.008039238602805199e-01 4.351315993219224687e-01 4.686580550692689973e-01 5.019170665134613518e-01 5.352026123553657033e-01 5.690238424023864594e-01 6.012656737150970931e-01 6.338756349939980161e-01 6.664276277936024284e-01 6.982179519633368026e-01 7.295361831467285230e-01 7.612205510064483649e-01 7.922381958279717251e-01 8.237084978995422579e-01 8.545269895951209671e-01 8.850971434125721737e-01 9.152965102251853224e-01 9.441899849334736139e-01 9.741761854395024622e-01 1.003255857340120683e+00 1.031769907463765845e+00 1.090921839157622308e+00
-1.790347482826891434e-02 -2.538178941639518058e-02 -3.166341809872318808e-02 -3.724337280791446131e-02 -4.182292386065192963e-02 -4.648529081379631361e-02 -4.999589784304090540e-02 -5.337813854865906121e-02 -5.607079250519114710e-02 -5.824750740302560986e-02 -6.015639835514306061e-02 -6.126735542861957290e-02 -6.231572405276720322e-02 -6.288543971085581996e-02 -6.310437327664934759e-02 -6.278651906018405116e-02 -6.223160171346620723e-02 -6.102933532182999721e-02 -5.954377248232715220e-02 -5.789424531508154809e-02 -5.553912151486831150e-02 -5.265670116016457625e-02 -4.979146575689821080e-02 -4.628715253066736229e-02 -4.229091133620174053e-02 -3.819564236186592104e-02 -3.358489476728842432e-02 -2.868110272825519572e-02 -2.356157988185964003e-02 -9.022714018013118162e-03
1.177907898238400065e-02 1.100127374500048209e-02 1.266909272785762819e-02 1.531945615180892173e-02 1.921856876394218913e-02 2.281788508647490318e-02 2.782344859434704790e-02 3.280719505557126020e-02 3.867868321588036062e-02 4.491880199791672273e-02 5.138173961475497875e-02 5.856020882920252163e-02 6.595374597628821112e-02 7.415369703163510184e-02 8.247319315936846307e-02 9.156583406749840837e-02 1.011240341954518368e-01 1.112552298000456102e-01 1.219643635745514820e-01 1.331164164149768459e-01 1.450094586760459769e-01 1.579233922212483210e-01 1.709916269031528102e-01 1.848411747114382386e-01 1.993773446248590930e-01 2.139141844096143219e-01 2.296215797273598314e-01 2.455224439780000489e-01 2.619128792246439574e-01 3.037799555366233473e-01
-6.171632695642182559e-03 -1.034638081170405170e-02 -1.534259532841557999e-02 -1.953188492491568160e-02 -2.214694160397998393e-02 -2.491743644942244831e-02 -2.546136450563470099e-02 -2.553585914453842740e-02 -2.413150133343981360e-02 -2.177917356144823402e-02 -1.846312840404693012e-02 -1.409524589331760669e-02 -9.465512014907513302e-03 -3.974922033074698886e-03 1.711139804483208541e-03 7.804987347736133500e-03 1.346009432170212732e-02 1.947972552799610499e-02 2.435627837508861845e-02 2.878914153488082439e-02 3.249174768317453915e-02 3.529151506870292776e-02 3.657551213833269005e-02 3.697505099722151606e-02 3.627180071069899259e-02 3.408153080199698148e-02 3.066061420300881732e-02 2.636311144055848363e-02 1.994217810069072797e-02 -7.458852182869606801e-03
4.067087619538225368e-02 5.676481266530886138e-02 6.967924820012029452e-02 8.214092204811611342e-02 9.470380987088998503e-02 1.058283749251835992e-01 1.172489880496049991e-01 1.274806341486031114e-01 1.372034417255331984e-01 1.461182688062356572e-01 1.534215500000458143e-01 1.601813018197764948e-01 1.660845373885273257e-01 1.707364245178316919e-01 1.739776911806882043e-01 1.764154084642895748e-01 1.778914679179223468e-01 1.781712296859795097e-01 1.771668421114373226e-01 1.755751224567398960e-01 1.734255738521020829e-01 1.701831604776063156e-01 1.661708338760566339e-01 1.618617853861440692e-01 1.569926412616933775e-01 1.518810365386940864e-01 1.463505558812879803e-01 1.409278764354908176e-01 1.350251212712284821e-01 1.171553255438899238e-01
-2.348809300269688594e-02 -2.720804289865182482e-02 -3.274049029343328171e-02 -3.846418621046033409e-02 -4.388036268752060209e-02 -4.984015814649462445e-02 -5.538517188303220679e-02 -6.123133812920381058e-02 -6.711643771234453160e-02 -7.285184036423379694e-02 -7.896419000191269577e-02 -8.460661959070879534e-02 -9.053934587987481908e-02 -9.661310171760001397e-02 -1.025734044359476460e-01 -1.082642968845907855e-01 -1.139444352270567590e-01 -1.192044899403126856e-01 -1.244095309536534383e-01 -1.295745577894865941e-01 -1.340986482562627757e-01 -1.384878445842471772e-01 -1.429628162151722337e-01 -1.469208918737864578e-01 -1.506148007858266746e-01 -1.541666876654629315e-01 -1.577321610575329880e-01 -1.610190372691663041e-01 -1.644791265658396284e-01 -1.731845217601341858e-01
-1.248231013636492137e-01 -1.561840843327266526e-01 -1.898946813480227869e-01 -2.241457751197379611e-01 -2.587487344055048877e-01 -2.928740433144889077e-01 -3.278218214130126373e-01 -3.625322821857221989e-01 -3.980066805247501338e-01 -4.330354902689394492e-01 -4.683782846820712109e-01 -5.029802503991880336e-01 -5.384539594911366134e-01 -5.749843674057064646e-01 -6.105221133222212826e-01 -6.462717979663202827e-01 -6.821785808374465354e-01 -7.173030307612218159e-01 -7.522758670217705168e-01 -7.876923021227261179e-01 -8.217039811379270864e-01 -8.562149105341804178e-01 -8.904664797511908647e-01 -9.237336638369092467e-01 -9.564540334997442272e-01 -9.877618831486604245e-01 -1.020084223456913630e+00 -1.051118724019843187e+00 -1.081775079747951951e+00 -1.147715168480344383e+00
-8.522599405191423616e-02 -8.752299676820836372e-02 -9.886944049500312470e-02 -1.136252270575300316e-01 -1.315625857610529525e-01 -1.510967418431904685e-01 -1.746354659657911590e-01 -2.003174810599497591e-01 -2.298137199356080906e-01 -2.609933584693231445e-01 -2.956338202773462487e-01 -3.312282663199606625e-01 -3.688318932275265749e-01 -4.094395417447151408e-01 -4.502498914232848093e-01 -4.917578439988510852e-01 -5.330451521267799420e-01 -5.742254050448148961e-01 -6.140602620479911344e-01 -6.535714025557345375e-01 -6.905584119227863305e-01 -7.269270135397406518e-01 -7.615580239245356431e-01 -7.939026407393199314e-01 -8.245631458476562203e-01 -8.525405168542538048e-01 -8.803113135747490103e-01 -9.061722221065742211e-01 -9.302315638510023632e-01 -9.771221147272773910e-01
1.260889239761464331e-01 1.657159486966059692e-01 2.022216843928869856e-01 2.382810161275887018e-01 2.745372912290395817e-01 3.083693415107744418e-01 3.427023411588775992e-01 3.750245205291456441e-01 4.067997602219961539e-01 4.369679943371107544e-01 4.647009165445588619e-01 4.912095371428610302e-01 5.167801109923569891e-01 5.410342855300608322e-01 5.626457749802081798e-01 5.833594902804579707e-01 6.029631486234928728e-01 6.204884916516758553e-01 6.365174846092143124e-01 6.521085293650156212e-01 6.665866080838570573e-01 6.801485808265449462e-01 6.928354747289704463e-01 7.050115305693746004e-01 7.164501149098070343e-01 7.271719725122811617e-01 7.382365940103087221e-01 7.490313333784758276e-01 7.594838315183390920e-01 7.781317639319501600e-01
-1.079742151149816476e-02 -1.345606907509755597e-02 -1.833960489939191751e-02 -2.298606062855225798e-02 -2.672087515565001528e-02 -3.090288802864374351e-02 -3.385887530116326455e-02 -3.687746162978128989e-02 -3.937990618237971474e-02 -4.161472568642347186e-02 -4.401396277550399111e-02 -4.603820386661274661e-02 -4.849515015173638116e-02 -5.142341774931045301e-02 -5.483332268970256967e-02 -5.871334895123984238e-02 -6.365575505861195693e-02 -6.908861587441438024e-02 -7.617668871592768454e-02 -8.420008499927149337e-02 -9.302242856310344310e-02 -1.035022683915188951e-01 -1.153856903721223875e-01 -1.281137833583266550e-01 -1.419436988302854308e-01 -1.565099480141412813e-01 -1.726187308741286286e-01 -1.889208372258767143e-01 -2.067422687035467277e-01 -2.566291182864514631e-01
