1.232594966888427734e+00
-2.172846794128417969e+00
1.683297306299209595e-01
2.455953121185302734e+00
-6.674641966819763184e-01
1.015347003936767578e+00
-8.161222338676452637e-01
8.519375324249267578e-01
-1.249812960624694824e+00
1.238453865051269531e+00
1.319714665412902832e+00
-2.551417946815490723e-01
-1.766459226608276367e+00
-2.039634704589843750e+00
-1.100900888442993164e+00
1.991970539093017578e+00
1.474581837654113770e+00
-2.464435577392578125e+00
3.616881668567657471e-01
-1.468261331319808960e-01
9.036761522293090820e-01
-1.050718545913696289e+00
-6.038004159927368164e-01
-2.132140398025512695e+00
9.579648971557617188e-01
-2.619692981243133545e-01
5.412538051605224609e-01
