-2.030189707875251770e-02 5.298767089843750000e-01 1.214998438954353333e-01 -4.038692712783813477e-01 -4.604954272508621216e-02 -4.578959196805953979e-02 9.148884415626525879e-01 -6.092603206634521484e-01 8.780109286308288574e-01 -6.971783190965652466e-02 1.287343382835388184e+00 -7.462229728698730469e-01 -5.482270717620849609e-01 -8.727256953716278076e-02 -3.223815560340881348e-01
-1.585853695869445801e-01 -9.109941124916076660e-02 1.131809800863265991e-01 1.228513941168785095e-02 1.403413861989974976e-01 -3.332595825195312500e-01 -2.812698185443878174e-01 2.487600445747375488e-01 -2.688669264316558838e-01 6.128410622477531433e-02 -9.256291389465332031e-01 4.809857904911041260e-01 2.542803287506103516e-01 1.002311483025550842e-01 1.102654710412025452e-01
-1.056593377143144608e-02 -4.630759060382843018e-01 -1.982644349336624146e-01 4.482259154319763184e-01 3.560955524444580078e-01 -3.247537910938262939e-01 -9.673576056957244873e-02 -4.973370954394340515e-02 -3.886365294456481934e-01 2.455021068453788757e-02 2.287180274724960327e-01 8.188312058337032795e-04 1.415368448942899704e-02 3.302951157093048096e-01 -2.840655744075775146e-01
4.478120431303977966e-02 -3.757543489336967468e-02 -5.749887228012084961e-01 1.329363286495208740e-01 1.608229428529739380e-01 -2.807888686656951904e-01 2.696673274040222168e-01 -1.612311452627182007e-01 -2.791452407836914062e-01 -2.417568117380142212e-02 8.341400623321533203e-01 1.480724215507507324e-01 3.096098303794860840e-01 4.435079395771026611e-01 -5.953742265701293945e-01
2.108780443668365479e-01 -2.837183773517608643e-01 7.026095390319824219e-01 4.430288374423980713e-01 -9.599398374557495117e-01 7.455929517745971680e-01 1.362900733947753906e+00 -7.993763685226440430e-02 -9.479462504386901855e-01 -4.055709540843963623e-01 -1.797991037368774414e+00 5.876480937004089355e-01 2.817360162734985352e-01 3.851683437824249268e-01 -4.896803796291351318e-01
2.858096063137054443e-01 1.146781221032142639e-01 2.646376788616180420e-01 -1.427467316389083862e-01 -6.549749970436096191e-01 4.153901338577270508e-01 -1.028599143028259277e+00 6.062847971916198730e-01 -8.489177227020263672e-01 -3.933407068252563477e-01 -3.930910229682922363e-01 4.738398790359497070e-01 4.917807877063751221e-01 5.534360557794570923e-02 3.713854849338531494e-01
2.497006207704544067e-01 -4.964979887008666992e-01 -4.032538831233978271e-01 -1.362603753805160522e-01 -1.779708564281463623e-01 7.307328283786773682e-02 7.692430615425109863e-01 5.963802337646484375e-01 -4.223921895027160645e-01 -6.715100407600402832e-01 3.400757610797882080e-01 -1.548499017953872681e-01 3.941259086132049561e-01 4.427371919155120850e-01 -9.575410485267639160e-01
5.404369831085205078e-01 -4.871274903416633606e-02 1.756452023983001709e-01 -2.247702144086360931e-02 -1.237582229077816010e-02 2.118404954671859741e-01 -5.685585364699363708e-02 1.049977168440818787e-01 2.228471487760543823e-01 -4.649131000041961670e-01 -7.781019806861877441e-02 1.116549894213676453e-01 -2.503852918744087219e-02 1.744133085012435913e-01 -2.885449528694152832e-01
-3.764406442642211914e-01 -1.863292008638381958e-01 -1.877755820751190186e-01 2.382418662309646606e-01 3.977153301239013672e-01 -4.049427509307861328e-01 -1.488816738128662109e-01 -2.659144997596740723e-01 -3.696445748209953308e-02 6.312818080186843872e-02 -1.412873417139053345e-01 3.219867944717407227e-01 3.413184881210327148e-01 -5.281041190028190613e-02 1.169085130095481873e-01
-4.813735485076904297e-01 -1.818128228187561035e-01 -3.276450037956237793e-01 2.363922297954559326e-01 4.140837788581848145e-01 -1.351731717586517334e-01 -3.268114328384399414e-01 -7.714310884475708008e-01 3.041006028652191162e-01 8.480165600776672363e-01 7.330628484487533569e-02 -1.825757473707199097e-01 -8.054608106613159180e-02 -1.578905582427978516e-01 2.951602637767791748e-01
3.797359466552734375e-01 3.516598343849182129e-01 4.719774723052978516e-01 -3.094946742057800293e-01 -1.755232214927673340e-01 2.860299497842788696e-02 -1.728384643793106079e-01 -8.008664846420288086e-02 4.091141223907470703e-01 -4.565541446208953857e-01 -3.843880891799926758e-01 -2.607946991920471191e-01 -2.992049977183341980e-02 -9.028501808643341064e-02 3.250591158866882324e-01
5.170628428459167480e-01 1.559285670518875122e-01 1.150286942720413208e-01 -3.464643955230712891e-01 -2.561561390757560730e-02 4.515306651592254639e-01 1.393683433532714844e+00 -4.532400071620941162e-01 3.170883953571319580e-01 -4.138708412647247314e-01 5.572451949119567871e-01 -4.499147534370422363e-01 -5.877057090401649475e-03 7.227530330419540405e-02 -7.758479714393615723e-01
-3.142887055873870850e-01 -4.992251396179199219e-01 -1.947631090879440308e-01 4.053965806961059570e-01 2.227701544761657715e-01 -1.403380632400512695e-01 -2.686248719692230225e-01 -1.930501498281955719e-02 -4.386823177337646484e-01 2.201125174760818481e-01 -1.088854745030403137e-01 2.535045146942138672e-01 2.557794451713562012e-01 -2.308395225554704666e-03 4.501576721668243408e-02
-3.106618523597717285e-01 -1.152077838778495789e-01 -4.445317089557647705e-01 4.286999404430389404e-01 1.243337802588939667e-02 -1.564656347036361694e-01 7.466232776641845703e-02 -4.945379123091697693e-02 -2.232963740825653076e-01 3.404463529586791992e-01 2.066906690597534180e-01 -4.768319055438041687e-02 1.415137946605682373e-01 1.611760109663009644e-01 3.227455019950866699e-01
-2.823387980461120605e-01 -4.301033020019531250e-01 -7.289091497659683228e-02 4.427336454391479492e-01 2.654173970222473145e-01 -3.753916621208190918e-01 -1.117079108953475952e-01 -2.025465480983257294e-02 -7.720673829317092896e-02 2.320734262466430664e-01 1.254011690616607666e-01 6.595829129219055176e-02 3.673792779445648193e-01 2.429837360978126526e-02 -4.292323440313339233e-02
