8.284334093332290649e-02
-6.162629127502441406e-01
-2.365546822547912598e-01
4.211429972201585770e-03
-1.405093073844909668e-01
-3.799763321876525879e-01
1.129338026046752930e+00
1.176664948463439941e+00
1.213051795959472656e+00
1.196919083595275879e+00
-1.622202992439270020e+00
1.083287835121154785e+00
-4.841357469558715820e-03
1.598653078079223633e+00
1.093290209770202637e+00
-1.790422797203063965e-01
5.790114998817443848e-01
-1.592961788177490234e+00
-1.004250764846801758e+00
2.955935001373291016e-01
1.186986044049263000e-01
-7.032375335693359375e-01
-5.319477319717407227e-01
1.518065810203552246e+00
1.233308434486389160e+00
2.529121041297912598e-01
-2.535569190979003906e+00
-1.235391259193420410e+00
-1.387437105178833008e+00
9.492161870002746582e-01
2.099600434303283691e-01
3.379219174385070801e-01
-1.180426716804504395e+00
1.828226596117019653e-01
1.214140892028808594e+00
3.601076006889343262e-01
1.008008047938346863e-02
3.249825537204742432e-01
1.335254073143005371e+00
-4.579062461853027344e-01
4.371731281280517578e-01
9.401555657386779785e-01
1.508445620536804199e+00
-6.242145225405693054e-02
1.938654541969299316e+00
-5.142059922218322754e-01
-1.624147295951843262e+00
1.015408635139465332e+00
1.384669780731201172e+00
5.594769120216369629e-01
1.456040740013122559e+00
-1.247251749038696289e+00
5.297847390174865723e-01
3.516736328601837158e-01
-3.776554465293884277e-01
