6.619099789580339122e-02 8.688922451243542844e-02 1.014162875781319945e-01 1.175592178935515042e-01 1.339352236207529689e-01 1.517558841626696076e-01 1.688349343508069034e-01 1.847942450046797802e-01 2.006779667766206421e-01 2.167625396076126310e-01 2.338112641626893806e-01 2.471513142401541019e-01 2.613742980026498297e-01 2.728614867217469264e-01 2.862946927549867571e-01 2.932662632089859112e-01 3.032733772493979574e-01 3.087770294079618116e-01 3.141783080142655504e-01 3.155934265758144619e-01 3.172301194179042438e-01 3.185481694023336030e-01 3.172688063498818045e-01 3.157228168949990921e-01 3.101322399018203724e-01 3.059977699264940787e-01 3.000247434163302307e-01 2.929571784011626434e-01 2.855388469116271755e-01 2.553034519976961070e-01
3.261621865377942880e-02 4.793453215365297421e-02 5.896742153252192836e-02 7.138035389510417883e-02 8.213227054101601698e-02 9.444469490073457985e-02 1.054029220469541173e-01 1.152576965305521228e-01 1.251015631077614654e-01 1.341790744655202428e-01 1.436807728142568130e-01 1.498509605684027746e-01 1.571601466382849810e-01 1.618110513014436869e-01 1.688876863470008260e-01 1.704805634852779583e-01 1.752589716449574064e-01 1.760946433359937835e-01 1.778432224377211324e-01 1.772240851258701233e-01 1.766002238498766697e-01 1.762059475830280997e-01 1.747196252645318304e-01 1.727133600532565760e-01 1.679154879169607595e-01 1.638494561323332044e-01 1.591442631299084254e-01 1.533976978714635675e-01 1.474827879337846648e-01 1.238519013222255105e-01
-1.182924958583439837e-02 -1.945159021303678737e-02 -2.430901018535977856e-02 -2.981427642323911803e-02 -3.240686102586236988e-02 -3.637458316034722361e-02 -3.861829319514449577e-02 -3.938648222947902650e-02 -4.014813480725676342e-02 -3.979851877865671350e-02 -3.834094191534621887e-02 -3.757912911440111636e-02 -3.512868836637013381e-02 -3.140203824385187636e-02 -2.885106130827964910e-02 -2.500885526282923405e-02 -1.985848676712406377e-02 -1.712971383040545054e-02 -1.254530036542011485e-02 -6.971337134867083840e-03 -2.456143051719584386e-03 3.063680306845437129e-03 8.559619615189950279e-03 1.452488831442424848e-02 2.055847525400819262e-02 2.672856813993446101e-02 3.327999281540323928e-02 4.063297111536966905e-02 4.656521975222088772e-02 5.926587077221062011e-02
-3.837624060664871981e-03 -3.575018855913163381e-03 -3.529966930928173791e-03 -2.593308852701728569e-03 -1.929010828677321307e-03 -1.107515708154201833e-03 6.559830195509118445e-05 1.798979669903100903e-03 2.949400403448420097e-03 4.783649245463017161e-03 7.080558104267433914e-03 8.321399072934545713e-03 1.064815521889381049e-02 1.280825622807242430e-02 1.558586723849862340e-02 1.729357964498255684e-02 2.132824032640184830e-02 2.240615062601126334e-02 2.538432635501243137e-02 2.858667787476732239e-02 3.141779063855842935e-02 3.510100309284316933e-02 3.902953975829679539e-02 4.288437593234111639e-02 4.662940857863398514e-02 5.045789473074990816e-02 5.454222761259097663e-02 5.901321379240002940e-02 6.283904183838792679e-02 6.745703058299991339e-02
5.095454378947300751e-03 1.142666003576553631e-02 1.476448369931537483e-02 1.814513104039854052e-02 2.121158920875351392e-02 2.444563082564150253e-02 2.734900288807101676e-02 3.004367578174479275e-02 3.280003346970094408e-02 3.513356575704995599e-02 3.829156052082240830e-02 3.880250955766410825e-02 4.102933607793946003e-02 4.242868962474440758e-02 4.374929137209938868e-02 4.393187095441198481e-02 4.545283956610896015e-02 4.360463767939257856e-02 4.329892041588505325e-02 4.184840651244643023e-02 3.972303873344839448e-02 3.724023061690334008e-02 3.549377486365711681e-02 3.189112082242533813e-02 2.710362503687740315e-02 2.135053885804386736e-02 1.568087569438108078e-02 8.542423042438646724e-03 6.765973791032706131e-04 -2.941718041332483380e-02
8.889678792867956869e-02 1.044349561129764292e-01 1.188623745628819284e-01 1.368643033986885194e-01 1.556112148542823648e-01 1.768729481287572292e-01 1.985784768825381574e-01 2.189247248428830561e-01 2.407702811326848935e-01 2.642010441298757173e-01 2.906644809211220148e-01 3.158821327648302368e-01 3.411027184869119822e-01 3.671629656197466507e-01 3.949485750112432525e-01 4.200149868596642078e-01 4.493126439773749703e-01 4.767571533247307869e-01 5.026522176439048861e-01 5.298790517267932820e-01 5.562763513496850054e-01 5.848385213033830965e-01 6.037913846059961287e-01 6.296202665673739096e-01 6.475556435597835669e-01 6.705369631979714029e-01 6.892142410726157520e-01 7.079041480598424751e-01 7.241102677781333652e-01 7.443369015024600133e-01
5.406427645058794335e-02 7.310247123109547829e-02 8.738951392889141023e-02 1.048695151406622006e-01 1.198257956608449748e-01 1.373649972423158505e-01 1.534032760396590589e-01 1.684630124893586878e-01 1.830283699860408564e-01 1.972665402755299779e-01 2.128393931864967503e-01 2.257931713503541493e-01 2.386496113152219156e-01 2.492958726244768886e-01 2.633252333847542204e-01 2.711672871127186468e-01 2.833535267560123305e-01 2.918237681144268403e-01 3.003593267671174627e-01 3.074796122769418161e-01 3.144866033478553868e-01 3.220996227966003156e-01 3.261039303685603352e-01 3.323170673402727759e-01 3.337597636538914836e-01 3.377106398476966143e-01 3.398314839447705848e-01 3.412359098321334216e-01 3.417678141747216847e-01 3.302366690896672008e-01
-1.227564519103721899e-02 -1.549812506548566352e-02 -1.694623933878727784e-02 -1.686975769912484741e-02 -1.806180798286460137e-02 -1.858479835611519942e-02 -1.889109094833269636e-02 -1.854266562195973009e-02 -1.883952974547034587e-02 -1.826786673354064555e-02 -1.737164465204578054e-02 -1.693748424738542382e-02 -1.568671853294981156e-02 -1.397600745848744108e-02 -1.129056650572131046e-02 -9.220705038539972476e-03 -4.036004893211497108e-03 -1.439634115489116933e-03 3.413562861609379523e-03 1.000896707468649019e-02 1.612342060673048125e-02 2.366472043963780553e-02 3.085511103302723823e-02 3.976596822381037177e-02 4.809751302639488774e-02 5.748242498340177392e-02 6.721918258043366179e-02 7.792981249471477023e-02 8.752049580967989628e-02 1.086710417682052177e-01
-1.789296547594920045e-03 -4.680799965553213149e-03 -6.033017573621514765e-03 -6.667372851875328493e-03 -6.604220480575696481e-03 -6.408974740379005941e-03 -5.311292555777009927e-03 -3.567400537710383249e-03 -1.456587992415311894e-03 1.519773141493891561e-03 5.920170636615203902e-03 9.775140501004491236e-03 1.490942232841847327e-02 2.137432080875305285e-02 2.755034474950684292e-02 3.473459937151559401e-02 4.393560673559318563e-02 5.113568987669188382e-02 5.978511843243065893e-02 7.035615589467822395e-02 7.983299243691607816e-02 9.078661512884075857e-02 9.998488562108408251e-02 1.109341594477645937e-01 1.205689880030550165e-01 1.309942097774182135e-01 1.410227706496843258e-01 1.516042451323728890e-01 1.605609212745501557e-01 1.754651504407289953e-01
8.211725898087522332e-03 1.154759330716097557e-02 1.287829629110515649e-02 1.417751061593301373e-02 1.567839519072676199e-02 1.718317911644160617e-02 1.894701154235852586e-02 2.064360528502138734e-02 2.251554404907856258e-02 2.469596349447769623e-02 2.742117509144665136e-02 2.839912680067820105e-02 3.088246944177755471e-02 3.312544600997838207e-02 3.487452059471210508e-02 3.622933055862607998e-02 3.896474138946368071e-02 3.834788485702487343e-02 3.949185205083267924e-02 3.996356277531308565e-02 3.963996104161866818e-02 3.945439844736801926e-02 3.963615256120021912e-02 3.870546907996115504e-02 3.670169297348470361e-02 3.435585815622781147e-02 3.191243059212130195e-02 2.872663816283576102e-02 2.459261679156585223e-02 5.903905148684350512e-03
1.225141216161009135e-02 1.904783485330666104e-02 2.569889079583694003e-02 3.573760761377411943e-02 4.123707814360816348e-02 4.943170758863925374e-02 5.618632411281791750e-02 6.229496721769959416e-02 6.814470252393807492e-02 7.378842079280766020e-02 8.004508940528465288e-02 8.572588919675112884e-02 9.151067736143075892e-02 9.641759302018093614e-02 1.050544472970506710e-01 1.105681251551823979e-01 1.208078345826994054e-01 1.289162871354533890e-01 1.387194999837000065e-01 1.504142083081072556e-01 1.619773973573959691e-01 1.757463097284036324e-01 1.867257445746220712e-01 2.011263640666126340e-01 2.127685844421575434e-01 2.268842566759247670e-01 2.398883208468541028e-01 2.535241414848477537e-01 2.658540879581142713e-01 2.874453210394369296e-01
-3.014667558342775874e-02 -4.576795442866251479e-02 -5.796060086875345213e-02 -7.257833963852013126e-02 -8.256186045160877895e-02 -9.462641392064560786e-02 -1.038111971807696293e-01 -1.114421518100346536e-01 -1.175125867794662299e-01 -1.216371203768516762e-01 -1.236736860685354045e-01 -1.260279875954403161e-01 -1.250581045037842398e-01 -1.199127576954828744e-01 -1.197203393200384491e-01 -1.117568376583352452e-01 -1.049694869609563430e-01 -9.942886866904793175e-02 -9.193181859285387558e-02 -8.135318736229132930e-02 -7.330321777562121000e-02 -6.418628164053563623e-02 -5.553714796478617655e-02 -4.732136523213978374e-02 -3.914260376191040780e-02 -3.215802304994708205e-02 -2.557376027139140334e-02 -1.932305756531007418e-02 -1.565487074636239331e-02 -1.947801121522118456e-02
3.330799867698037986e-02 4.309428590428865391e-02 4.979397715372218397e-02 5.720258298907769656e-02 6.566343580596939455e-02 7.466009558607562824e-02 8.394009428370063919e-02 9.286142176806241877e-02 1.020406030537869269e-01 1.118735331868681848e-01 1.228746099779729761e-01 1.316116348839047323e-01 1.414577007022614907e-01 1.506504790451405895e-01 1.599841691695752521e-01 1.670555940349423008e-01 1.760424141030339229e-01 1.815029766606061357e-01 1.875626714116468696e-01 1.920663033583446810e-01 1.957972816247152137e-01 1.997446449248803935e-01 2.017118144571692639e-01 2.036970725182808417e-01 2.026816704085418475e-01 2.024940439317981233e-01 2.010825666049644578e-01 1.987235060536537423e-01 1.954804121625692281e-01 1.756438935910882571e-01
8.128500796891393460e-03 3.421274232733811579e-03 8.716318757221851871e-05 -4.020209263074921505e-03 -4.436048930653076899e-03 -5.793441485595243572e-03 -5.094729659640247904e-03 -3.443613129829570588e-03 -6.986501466100334540e-04 3.460034145498443875e-03 9.596935104181886222e-03 1.481496648678880604e-02 2.204782041283095614e-02 3.141034199006402516e-02 3.853243354726788861e-02 4.808257045533678720e-02 5.824441319937502526e-02 6.635651427136986247e-02 7.561662991804707357e-02 8.561325613674622415e-02 9.415790079338198781e-02 1.037965081011379409e-01 1.115104466805634242e-01 1.198428561663732739e-01 1.266352700733882064e-01 1.340070948004280227e-01 1.403808901208520032e-01 1.468798060357124624e-01 1.517301845584241859e-01 1.541602012952291989e-01
-2.221683052416073903e-02 -3.104369211148396909e-02 -3.743215533699445485e-02 -4.426313994714816541e-02 -4.937102666114738525e-02 -5.557625144162622877e-02 -6.021615278605985805e-02 -6.352220224438634433e-02 -6.704722548100917889e-02 -6.942905945947822066e-02 -7.112146575264963189e-02 -7.316156213137697817e-02 -7.376945695026285166e-02 -7.275130709854230049e-02 -7.304993394387931938e-02 -7.136273020229325081e-02 -6.839373424375225219e-02 -6.787231830239781605e-02 -6.503237924290690419e-02 -6.062337956133260347e-02 -5.736329989523475392e-02 -5.311373027491889109e-02 -4.812483155969395077e-02 -4.296738949588282952e-02 -3.731169209081396793e-02 -3.177495815220068853e-02 -2.551722749773624455e-02 -1.854361989305206015e-02 -1.269827549874935971e-02 -5.508426422367162373e-04
3.643164406474084377e-02 4.508375777049682120e-02 5.176411624714209042e-02 6.019938913027962635e-02 6.857163537828389610e-02 7.821743094369923432e-02 8.791769492595319369e-02 9.742086130278074241e-02 1.072484140892279170e-01 1.177840475662856878e-01 1.298943188677567917e-01 1.404584976420193976e-01 1.517863875948758934e-01 1.631310809610068135e-01 1.755197296760857006e-01 1.858049971617873886e-01 1.990662938133586635e-01 2.095904436871545429e-01 2.205891278923578502e-01 2.317814626632004882e-01 2.420593039385235123e-01 2.534964165695341443e-01 2.611649105333712639e-01 2.713167004032813745e-01 2.773804896895246119e-01 2.856109613042193685e-01 2.920965229178679179e-01 2.983024791153408017e-01 3.029805954003172985e-01 3.021404211396585548e-01
-4.685589293988094012e-02 -5.715098673597672485e-02 -6.659162072968624613e-02 -7.744619718255352225e-02 -8.740465578169442917e-02 -9.896094848773148711e-02 -1.096288082747634562e-01 -1.182476438014742615e-01 -1.280579437018791178e-01 -1.376695372085110503e-01 -1.473387318678813784e-01 -1.583314000736257832e-01 -1.672206580310633683e-01 -1.757934458131831523e-01 -1.855375280916273517e-01 -1.944289517361829367e-01 -2.027236497387439607e-01 -2.141332132949324563e-01 -2.221555210825228444e-01 -2.304954208235404922e-01 -2.392939198778291088e-01 -2.480234647421394878e-01 -2.518417825702936041e-01 -2.591124154360096576e-01 -2.629444894177466741e-01 -2.691051819567086278e-01 -2.726245264468188934e-01 -2.756300651966408499e-01 -2.786134715451336064e-01 -2.819283905922662647e-01
3.158880325371916237e-03 9.286533484739834671e-03 1.176932964502460863e-02 1.506306163977099051e-02 1.705163491333190617e-02 1.958411072671419062e-02 2.179912340849803759e-02 2.391857826819825811e-02 2.539073736692318978e-02 2.714412722067677947e-02 2.882286980617203981e-02 2.868577898619423597e-02 2.953858667197331589e-02 2.950942252316695810e-02 2.997102827520741614e-02 2.852291350077231988e-02 2.912445555375053202e-02 2.584340862714176387e-02 2.452998337450036648e-02 2.211763878617601861e-02 1.925318102593083502e-02 1.631317031168715362e-02 1.460542089717361408e-02 1.121688967828260095e-02 7.352744517316597145e-03 2.865673106734391296e-03 -1.423047161395060711e-03 -6.253568035464559388e-03 -1.156457008263337555e-02 -3.223023127322269948e-02
-4.688497629039311415e-02 -5.424241525267139985e-02 -6.265163163354785236e-02 -7.336056317820391359e-02 -8.258224926796159382e-02 -9.412709151464992985e-02 -1.049253934050608239e-01 -1.142045792619696964e-01 -1.242909228445363001e-01 -1.344670245759904958e-01 -1.451193144690361425e-01 -1.579432836684055708e-01 -1.677266246185734333e-01 -1.780833421534988859e-01 -1.902960373354000700e-01 -2.013360777293646542e-01 -2.126871688114212455e-01 -2.276666071141422165e-01 -2.390034996769332953e-01 -2.522531338592022832e-01 -2.658313075959971572e-01 -2.804217947943336009e-01 -2.890419748576936176e-01 -3.031054414415201848e-01 -3.139225563108561934e-01 -3.281557121708695290e-01 -3.399580217789038850e-01 -3.526034500983702413e-01 -3.653260312546817157e-01 -3.972652060004812635e-01
5.358021955463108249e-02 7.663018370647342592e-02 9.159252302619420860e-02 1.077318547314250474e-01 1.229522647540030045e-01 1.395228097120334854e-01 1.545206845621046043e-01 1.679727028661051058e-01 1.811910439305088327e-01 1.935249536918319246e-01 2.063315793557415900e-01 2.144547536055036729e-01 2.237397162833126285e-01 2.292058905768492028e-01 2.364563470181790250e-01 2.368705295219871443e-01 2.396327302285630456e-01 2.371913362794920710e-01 2.353180534604842888e-01 2.281074995467176625e-01 2.213078553116528679e-01 2.131073864913370919e-01 2.047678074025275907e-01 1.936671831515285602e-01 1.794134458897221895e-01 1.651095199385677059e-01 1.496736773649284258e-01 1.321020353913221757e-01 1.147147542901008621e-01 5.853081969020554332e-02
9.291577440460636883e-02 1.113211301526285113e-01 1.285064086278361328e-01 1.498872404381843548e-01 1.713201480464539850e-01 1.954747784320314541e-01 2.196441960535253091e-01 2.423087185538277954e-01 2.657616469335063458e-01 2.906141386060951959e-01 3.178100747975380336e-01 3.438524970475159703e-01 3.690244315516993390e-01 3.938729153137988659e-01 4.219430511190032096e-01 4.448943901509191390e-01 4.730324181529385053e-01 4.987366434619929789e-01 5.228868026312449846e-01 5.479395193542814235e-01 5.724014431514162782e-01 5.991929752045153101e-01 6.166630953664966608e-01 6.414121034457939130e-01 6.585199078013519447e-01 6.811399097149239967e-01 6.997924223288943812e-01 7.190628646665353507e-01 7.362117385278250659e-01 7.629487373506067538e-01
-1.992239746379068088e-02 -1.878447913081666976e-02 -1.924133526544101469e-02 -1.923950782916273097e-02 -2.128207588722462462e-02 -2.305144566978795106e-02 -2.547879139732888570e-02 -2.733381506991406501e-02 -3.049098964994153421e-02 -3.404693880123908778e-02 -3.802141353338269608e-02 -4.375001973203536398e-02 -4.832044163706332440e-02 -5.423356693983220900e-02 -5.886963406507622620e-02 -6.581132846389441127e-02 -7.054026351815534390e-02 -7.872845097165773187e-02 -8.426969009411491851e-02 -9.030735388644867134e-02 -9.651542063753898448e-02 -1.023972231720410853e-01 -1.053129904028520525e-01 -1.101601195361681801e-01 -1.138911067950983125e-01 -1.186227030035533203e-01 -1.214849484448200234e-01 -1.244537077607844044e-01 -1.270442173077776238e-01 -1.329879061440324695e-01
1.517786347992766682e-01 1.845921722792883135e-01 2.150633507685783263e-01 2.526181421801917404e-01 2.882290199298517264e-01 3.292221646991287387e-01 3.688297576168128589e-01 4.050135794019697477e-01 4.424678553997684616e-01 4.813368946210496158e-01 5.230789829262155743e-01 5.626866001642242265e-01 6.004752539993989391e-01 6.363364245245185513e-01 6.783575745042708105e-01 7.107003724748852669e-01 7.507525628191474842e-01 7.882920355691311887e-01 8.226373757064358028e-01 8.570626894528072803e-01 8.918062928855464699e-01 9.296943969441004985e-01 9.531177325577717685e-01 9.875301209102276268e-01 1.009821605308382386e+00 1.041011893516545328e+00 1.065628858541220136e+00 1.090571906831614424e+00 1.113233955752372051e+00 1.146870599567208160e+00
8.511678880347833820e-02 1.048975803106442367e-01 1.222035506722226744e-01 1.449097656982163418e-01 1.644849531162221323e-01 1.879463532705676898e-01 2.103720717425542341e-01 2.312067775323027874e-01 2.518788673462665773e-01 2.737021592180968743e-01 2.974717843146479357e-01 3.201886275262646464e-01 3.415572227359936486e-01 3.622593436256080768e-01 3.870020496937312537e-01 4.062515479297701404e-01 4.313491777485431999e-01 4.538077861898246468e-01 4.753887861706033169e-01 4.982399866328597882e-01 5.210303894588240725e-01 5.457492278089363102e-01 5.623532704447433694e-01 5.862713689541765305e-01 6.028039717924693619e-01 6.248136802552308744e-01 6.434940657978978074e-01 6.626208722146795793e-01 6.798354996902307157e-01 7.083206455641390953e-01
-2.361889578081838997e-02 -2.878821579602145603e-02 -3.447777875681393156e-02 -4.130137988155258011e-02 -4.733685960745682292e-02 -5.420463454692685951e-02 -6.038466078644769836e-02 -6.540961009668982973e-02 -7.052267474771153899e-02 -7.518846599545085663e-02 -7.960206687060113195e-02 -8.537203218848515851e-02 -8.881263661378646646e-02 -9.186962657222261242e-02 -9.614302189309581470e-02 -9.940245800264499443e-02 -1.020805187722364504e-01 -1.075743775351459403e-01 -1.103053124462351348e-01 -1.136771316758544842e-01 -1.176489364141904415e-01 -1.213532828651085610e-01 -1.223735967652792023e-01 -1.262050877627926282e-01 -1.285302027489203802e-01 -1.325795520208102041e-01 -1.355022612456366071e-01 -1.385945957709325826e-01 -1.423993704738802935e-01 -1.548025100381696106e-01
5.307811424659527461e-02 6.940980344239647271e-02 8.117267557573752679e-02 9.488828044258709737e-02 1.079427303119463721e-01 1.227646681541361279e-01 1.369430687944360736e-01 1.498200704676767026e-01 1.630708342577117664e-01 1.766880078534225074e-01 1.917478773186737651e-01 2.039385567560780543e-01 2.172122523159706886e-01 2.291325624523965487e-01 2.421748919183056292e-01 2.518924089143226297e-01 2.644856747441173273e-01 2.733170283085481489e-01 2.821862483952097822e-01 2.897883540240322464e-01 2.968148769141589205e-01 3.040375073981969600e-01 3.076976215094803235e-01 3.125026292037729192e-01 3.126085511994605159e-01 3.143381210692026140e-01 3.138717809959103433e-01 3.120086515567394025e-01 3.089037047287747639e-01 2.846165388198319546e-01
-4.737312030470454405e-02 -5.757159742676203062e-02 -6.722217760542364973e-02 -7.887353237024773145e-02 -8.899552504096651384e-02 -1.009769008122479855e-01 -1.118452063547652475e-01 -1.209447094326158156e-01 -1.307676138609875083e-01 -1.402509453173844123e-01 -1.497762250268817041e-01 -1.603887345080604876e-01 -1.689111743307704916e-01 -1.766637651618382931e-01 -1.864677974757557311e-01 -1.941062070979864274e-01 -2.018884719266784977e-01 -2.127322609467272863e-01 -2.204178481525057576e-01 -2.280039166929015981e-01 -2.367780221704118282e-01 -2.454899104453220904e-01 -2.496504978404406327e-01 -2.574368090505028128e-01 -2.622283639718991921e-01 -2.696834028697703278e-01 -2.747136771706251146e-01 -2.798075631915304395e-01 -2.851019853727609354e-01 -2.974577958097441854e-01
-2.279309424157036773e-02 -2.583944942881851933e-02 -3.171372230820804911e-02 -4.118921527650104553e-02 -4.656854158846267244e-02 -5.460135697998361876e-02 -6.136183838897209253e-02 -6.721842667308773611e-02 -7.287896587900322132e-02 -7.827854321754085243e-02 -8.370415635789993369e-02 -9.276365940981051716e-02 -9.809050277501166204e-02 -1.038461224872016669e-01 -1.131931412112440749e-01 -1.212633901738618680e-01 -1.309753792147664297e-01 -1.448902833622199848e-01 -1.561796575877320015e-01 -1.710587093183387752e-01 -1.867127779621902683e-01 -2.039422276546639101e-01 -2.159885988338616780e-01 -2.349955349723526488e-01 -2.514760306680095536e-01 -2.719131971508513268e-01 -2.906990958709778639e-01 -3.111246233953989249e-01 -3.312406267978047492e-01 -3.859314106310098857e-01
-6.777472860314058371e-03 6.015705550240762339e-04 4.124320753799431624e-03 8.098778302239905899e-03 8.858137049350942038e-03 1.090771069726280060e-02 1.165083462732992119e-02 1.117119544949457359e-02 1.083016113463976596e-02 9.758960622477608204e-03 8.530665726964915124e-03 4.524172411477050265e-03 2.542753609250950064e-03 -8.029234943416063697e-04 -3.472592225300486640e-03 -7.415283050673564247e-03 -9.271475302146069825e-03 -1.480889628329925406e-02 -1.815247273182802115e-02 -2.223747547801598057e-02 -2.673096556879147462e-02 -3.126544742383774445e-02 -3.403556161476403025e-02 -3.996461004897597369e-02 -4.609814046438303475e-02 -5.393913259855837028e-02 -6.198779681193853502e-02 -7.161528654307111608e-02 -8.192050620694908691e-02 -1.220050597401625136e-01
3.578964500566294421e-02 4.659093903951343207e-02 5.484264994625355494e-02 6.539388418298584804e-02 7.459206140409203878e-02 8.570623942253351168e-02 9.639606484783343199e-02 1.063486279597276457e-01 1.162840883890038368e-01 1.269367058203681731e-01 1.387708860798005095e-01 1.489230397681428342e-01 1.594906313130503295e-01 1.695194786205055093e-01 1.809580749426634438e-01 1.897500901595991496e-01 2.017450485346663769e-01 2.105367963097765083e-01 2.199265167453356429e-01 2.293447070704338064e-01 2.380331045888724462e-01 2.477545145438206642e-01 2.542646180043747761e-01 2.627237643133567557e-01 2.675345531415301847e-01 2.742552606771331836e-01 2.792053491839499024e-01 2.838003955099009934e-01 2.871064666401854648e-01 2.819756376230578843e-01
-4.775436370878276271e-02 -5.531736265223058391e-02 -6.340841799343285845e-02 -7.339641426173085237e-02 -8.256559020171742869e-02 -9.326236521868938589e-02 -1.033712106443737955e-01 -1.118746485160699855e-01 -1.213986341969388039e-01 -1.307575239212611373e-01 -1.404490176527818934e-01 -1.518589123502338267e-01 -1.609214833527537192e-01 -1.701513239849812842e-01 -1.810671118482904407e-01 -1.908729039190353305e-01 -2.008224839183935795e-01 -2.142827552739842156e-01 -2.244495366019001459e-01 -2.356529167877692288e-01 -2.477011286623698461e-01 -2.601246232269793790e-01 -2.672294263538494974e-01 -2.790880966670438723e-01 -2.878860582687902125e-01 -2.998284163639003408e-01 -3.091254684045240952e-01 -3.192276963774270948e-01 -3.292981428890007778e-01 -3.537555021170799563e-01
-7.041043491719260750e-02 -8.840476772847563613e-02 -1.035301529495244593e-01 -1.211056808279667996e-01 -1.368838395395039209e-01 -1.550804263923854232e-01 -1.715889121515818405e-01 -1.858524477155041599e-01 -2.007101658704259217e-01 -2.148626061129998988e-01 -2.293962477001680600e-01 -2.444300805875671834e-01 -2.567460659565313774e-01 -2.675507712984467878e-01 -2.812179556301984129e-01 -2.909639657221341769e-01 -3.010284955164435061e-01 -3.139863042584661867e-01 -3.227796335575958686e-01 -3.307420958083035489e-01 -3.397514741633391733e-01 -3.485011759998308811e-01 -3.515778113677108241e-01 -3.585232789603427506e-01 -3.610818366259500589e-01 -3.666624991396355560e-01 -3.695221778719508521e-01 -3.716513046355398031e-01 -3.745535108427354709e-01 -3.783865902483766197e-01
1.478197885099553389e-02 2.765759310575891319e-02 3.598930322905665585e-02 4.602256288361018105e-02 5.271670603503445657e-02 6.073749642617568001e-02 6.701240024741907109e-02 7.261857460991298641e-02 7.686929319012747452e-02 8.005496671299509870e-02 8.264087297706779189e-02 8.217582095834773115e-02 8.229748554342047884e-02 7.904972561921014274e-02 7.874620756141152700e-02 7.229693586801208549e-02 6.918836328543406800e-02 6.149599414932843677e-02 5.589365351668000581e-02 4.736904044258115343e-02 3.969120987625356090e-02 3.153063846171166862e-02 2.555351712766605610e-02 1.757416735584350909e-02 9.161023761433906287e-03 4.981586719538955849e-04 -7.229430410531796289e-03 -1.556027850706870677e-02 -2.321448287885766182e-02 -4.402148745616023956e-02
5.360674478829611372e-02 6.386321694309275709e-02 7.393720160351047177e-02 8.716530860778017031e-02 9.931321958089601998e-02 1.134667929863628633e-01 1.275152651687033178e-01 1.407441600216766397e-01 1.544325431165196605e-01 1.686793688995496532e-01 1.848905922524285150e-01 2.001123835769605397e-01 2.153044778622045241e-01 2.305938804773750017e-01 2.483950808455425152e-01 2.633359084910097403e-01 2.827067740249029071e-01 2.999227144319204785e-01 3.170205239860483526e-01 3.359977968985737862e-01 3.544323994925028254e-01 3.748418949570057057e-01 3.893456751939394778e-01 4.090906667110062456e-01 4.238386591209118981e-01 4.422715792873322393e-01 4.583862803507452455e-01 4.751170331108504064e-01 4.900855296754959012e-01 5.153225941986800951e-01
2.507410103014737907e-02 3.247860604267338580e-02 3.799482652401618005e-02 4.478239061202977239e-02 5.114250706008958980e-02 5.841774414676116634e-02 6.546622512408978301e-02 7.203223849687179214e-02 7.882313509705474175e-02 8.607347665549673621e-02 9.410318026095609856e-02 1.003193532632414009e-01 1.075627167114527327e-01 1.143432937929592802e-01 1.219771019668589029e-01 1.277310424409361100e-01 1.359719931928315417e-01 1.413064731765141802e-01 1.477333847843285419e-01 1.541280383866998061e-01 1.599711269559732363e-01 1.665753807310181855e-01 1.713354465011728001e-01 1.772870884089584043e-01 1.807786365275868834e-01 1.853646975237953076e-01 1.893014185174088926e-01 1.930719450987447017e-01 1.959736414141879934e-01 1.945801403750871683e-01
-7.641892725752956472e-02 -8.954648515191931946e-02 -1.033394812497774318e-01 -1.207094149815941125e-01 -1.365914136991008276e-01 -1.550111263943314832e-01 -1.725546977101218016e-01 -1.881658874214750810e-01 -2.043768676662541806e-01 -2.207904590673815670e-01 -2.378235013481195259e-01 -2.569211425727310760e-01 -2.726508432089749245e-01 -2.880101408381584571e-01 -3.067723986853257978e-01 -3.223211881513940447e-01 -3.394675882765523234e-01 -3.601745151995924821e-01 -3.764907656055250795e-01 -3.946081997572838951e-01 -4.135382550847014893e-01 -4.335679006863250584e-01 -4.453723190584357727e-01 -4.649757844867054013e-01 -4.791309131187423409e-01 -4.984691519807246118e-01 -5.146547634686557959e-01 -5.316733553266109746e-01 -5.487429734704702966e-01 -5.916012834039020563e-01
-1.894022135610287649e-02 -2.731792497003758535e-02 -3.339594968647034701e-02 -3.967112378380550225e-02 -4.499993942409438730e-02 -5.099683111170557476e-02 -5.589542562446103702e-02 -5.925734465380991245e-02 -6.296711327131686298e-02 -6.562889336153200637e-02 -6.786882785947612184e-02 -7.068737800458764486e-02 -7.184216827984674092e-02 -7.186175692161544948e-02 -7.241862964175048434e-02 -7.212774626741386141e-02 -7.020826784394842979e-02 -7.060582967739310878e-02 -6.848079618542383951e-02 -6.533605382739358924e-02 -6.283665764603035830e-02 -5.918804006018592301e-02 -5.450650403699748570e-02 -4.991287053571148713e-02 -4.440330402572133933e-02 -3.927905197539880572e-02 -3.307296942591490818e-02 -2.595514220677099665e-02 -1.999678651742316238e-02 -4.568196077627262319e-03
-1.007362178742295805e-01 -1.190439554386553689e-01 -1.361590352763032974e-01 -1.570481586242944705e-01 -1.772112497217197546e-01 -2.006321248922894041e-01 -2.231410037496371346e-01 -2.437546185699691337e-01 -2.656139040213290059e-01 -2.879761718483104804e-01 -3.120239828248704272e-01 -3.379085590873549538e-01 -3.601776158550741846e-01 -3.823852987049746743e-01 -4.076160060744912217e-01 -4.293190714955613663e-01 -4.521757747906313685e-01 -4.787172071982043198e-01 -5.000585672948010263e-01 -5.220607570807516140e-01 -5.444104538002553229e-01 -5.678507617570778265e-01 -5.809701599136145589e-01 -6.023167430239435571e-01 -6.162246127038768506e-01 -6.360109351474534378e-01 -6.510901954882116760e-01 -6.664505739557594621e-01 -6.810262472538426426e-01 -7.108690972548472597e-01
-1.209578904872535624e-02 -1.738818177146323959e-02 -2.138249079589923940e-02 -2.601086670579701166e-02 -2.922278720344320679e-02 -3.287625727501844453e-02 -3.555885869311291997e-02 -3.746616791401304047e-02 -3.900701739791063993e-02 -3.978671817241834219e-02 -3.945700809434594253e-02 -4.067627517629138212e-02 -3.959116347015328302e-02 -3.741492944275305599e-02 -3.665781349573697667e-02 -3.425566525299243020e-02 -3.082195654204195751e-02 -2.994255262385009039e-02 -2.707145715301199212e-02 -2.325838305554368129e-02 -2.049612020062215392e-02 -1.689217247528125576e-02 -1.297496606295235611e-02 -9.605532747761262591e-03 -6.223424402077373102e-03 -3.299996628715242547e-03 -1.619774047592510702e-04 3.117527301266824133e-03 5.162583048324384527e-03 4.285238696515702994e-03
-2.773829310074494431e-02 -3.069534357480491887e-02 -3.512615388363076602e-02 -4.063551744046133007e-02 -4.590220080780292589e-02 -5.239659360567042179e-02 -5.842892341961036795e-02 -6.365027400005512925e-02 -6.940494726081128385e-02 -7.561095403488457545e-02 -8.147015815881480938e-02 -8.925392857689050385e-02 -9.484313409101369219e-02 -1.005848526258838332e-01 -1.074737056470443375e-01 -1.134080824321636871e-01 -1.187241516006120878e-01 -1.275021060895230596e-01 -1.336650895975879105e-01 -1.400427392651352188e-01 -1.472211375315415072e-01 -1.548959185752804557e-01 -1.590196284431793228e-01 -1.664425447709141082e-01 -1.723818357953874614e-01 -1.806513463063184055e-01 -1.873826051716289409e-01 -1.949507814606816214e-01 -2.029940620292022269e-01 -2.273454077481687485e-01
1.158040988536499089e-01 1.411854463411766347e-01 1.655139163872316188e-01 1.960111715740631699e-01 2.241134833413898630e-01 2.565249658916853859e-01 2.877432686223821978e-01 3.165049923539599019e-01 3.459686440021754184e-01 3.760499768563837497e-01 4.087021077122671153e-01 4.398986723785622277e-01 4.693985602656783329e-01 4.973586484781702399e-01 5.313284200407043523e-01 5.570800775720226028e-01 5.900515961981034341e-01 6.209371038772530937e-01 6.496467737948699028e-01 6.795956544761204698e-01 7.097773803013023297e-01 7.430373107828163182e-01 7.647846950239978181e-01 7.961959779788831959e-01 8.182952792840340051e-01 8.477160264173805304e-01 8.724922461551114505e-01 8.981065374950045754e-01 9.219281399706691360e-01 9.649099142626198500e-01
-1.604908874021659937e-02 -2.072346714531910286e-02 -2.516854448305602676e-02 -2.931019086503303811e-02 -3.298454215903262599e-02 -3.709455244864551249e-02 -4.012840576520519675e-02 -4.198469372475616135e-02 -4.467672941635329742e-02 -4.589742932318139484e-02 -4.684867033629869226e-02 -4.806726646195303571e-02 -4.815047245222814354e-02 -4.721214631801606831e-02 -4.699501631149889669e-02 -4.574357275991747934e-02 -4.281616508442454005e-02 -4.278759219236573375e-02 -4.055783201931036086e-02 -3.717224730112073106e-02 -3.482713433148425242e-02 -3.168245005494426531e-02 -2.782942165136070845e-02 -2.397914946300572919e-02 -2.004086987394092245e-02 -1.622734395700661456e-02 -1.182291475762722172e-02 -7.018725165599960791e-03 -3.322668676548949651e-03 2.110354683720228053e-03
1.393608009064059225e-02 1.406766306954392205e-02 1.503670788493325500e-02 1.779436738151621983e-02 2.087498147919624597e-02 2.440524932397326180e-02 2.881754636599395680e-02 3.400531563114644884e-02 3.862412318489391594e-02 4.469722148726545247e-02 5.191989436494196669e-02 5.900772042075475010e-02 6.637946175497902446e-02 7.469186645546647962e-02 8.372838302345915473e-02 9.213395851651633162e-02 1.035467736012381651e-01 1.124947402522081114e-01 1.225474888722904443e-01 1.344826809717568628e-01 1.455081585648537734e-01 1.581307222922148648e-01 1.682576171054447067e-01 1.814361880594018983e-01 1.926444068756827388e-01 2.057614690646835665e-01 2.183267140588022182e-01 2.319356040803212393e-01 2.441798992608842089e-01 2.694050097932161880e-01
6.527403811837372699e-03 3.844331185305690374e-03 7.957246414432399273e-04 -3.605374988581187129e-03 -4.835917372058118162e-03 -6.872287673409489990e-03 -7.248442744200915208e-03 -7.529660241635602672e-03 -6.146270310840636769e-03 -3.624751819465660968e-03 8.311240535570224575e-04 3.177066628027750556e-03 8.690932542605590838e-03 1.615074585310013328e-02 1.993034557933474546e-02 2.765464409347460906e-02 3.503040915509944564e-02 3.967104652420346683e-02 4.571787864307653992e-02 5.189348351179425001e-02 5.648921826843893157e-02 6.098176670052841974e-02 6.448211311472651364e-02 6.669069198665930620e-02 6.700082373731505725e-02 6.655251890776682500e-02 6.471111479081903539e-02 6.145329452962943612e-02 5.595309254466201282e-02 2.606744075476356143e-02
3.759791242088585811e-02 5.091790718574808194e-02 6.046680470136348712e-02 7.135042636893543233e-02 8.167452764334956483e-02 9.295596102209602307e-02 1.035142420667132107e-01 1.132977572820451084e-01 1.227917738441102746e-01 1.321776742249263503e-01 1.420485247554966746e-01 1.489451452027708844e-01 1.568259636715362837e-01 1.625916716634033254e-01 1.700202368207003600e-01 1.728090119210574094e-01 1.786709089427367669e-01 1.803307896748449213e-01 1.829016740503116578e-01 1.834034749239425721e-01 1.838565827418641996e-01 1.842026027492672802e-01 1.834148104822706238e-01 1.827239558557647303e-01 1.791812290109596195e-01 1.767660534155161278e-01 1.735438509822903319e-01 1.697669501419156457e-01 1.655139858831315147e-01 1.468965019819448159e-01
-2.338297736569348861e-02 -2.833109753107958956e-02 -3.292695359610386951e-02 -3.866899723488827212e-02 -4.330489867952686672e-02 -4.888213938270562220e-02 -5.358612606548629476e-02 -5.792771981760181516e-02 -6.185805210765606132e-02 -6.559312415963310106e-02 -6.886891568085723447e-02 -7.410073859924666551e-02 -7.671845816055938849e-02 -7.888418278825182206e-02 -8.282878658539569172e-02 -8.509143314419950754e-02 -8.672382713762076534e-02 -9.156601024651325749e-02 -9.373546539446027392e-02 -9.598977981922920955e-02 -9.906128612374213993e-02 -1.020778885572491690e-01 -1.029899132230945730e-01 -1.061731653566969080e-01 -1.087292417020276347e-01 -1.125824801510760809e-01 -1.157790028372989999e-01 -1.194287516534774662e-01 -1.238027822334429734e-01 -1.408537600654858890e-01
-1.232999246882832134e-01 -1.488306500640555752e-01 -1.723315830053658848e-01 -2.021872973064405277e-01 -2.291471364947458289e-01 -2.606117921815427341e-01 -2.903903386334588110e-01 -3.179390146256841909e-01 -3.452650320263227490e-01 -3.737076679833369885e-01 -4.028877130657160799e-01 -4.346553792862870580e-01 -4.609486640423292592e-01 -4.859119120128332359e-01 -5.171596230673581873e-01 -5.408033683128459224e-01 -5.682553124655017607e-01 -5.990828497961173671e-01 -6.241490488574426010e-01 -6.503366525863574221e-01 -6.776419245161984239e-01 -7.067995605849559659e-01 -7.240184015562722841e-01 -7.522734749933349674e-01 -7.723572314281801354e-01 -8.003088534012761102e-01 -8.234409903967466748e-01 -8.483508840922080463e-01 -8.731212913300332445e-01 -9.332094127451491250e-01
-1.060855159871694348e-01 -1.155976207272498280e-01 -1.267894161762398997e-01 -1.396675115927937250e-01 -1.574941926196573028e-01 -1.765905477489276842e-01 -1.973007910432971745e-01 -2.170371521982460972e-01 -2.391065058560820356e-01 -2.636951670999896358e-01 -2.907472981950690594e-01 -3.200296407650554675e-01 -3.467296202789261206e-01 -3.758476018577689981e-01 -4.045757674094243028e-01 -4.333404089090217015e-01 -4.614693774219805755e-01 -4.938547925941725314e-01 -5.203483645315121198e-01 -5.479201066237172624e-01 -5.750272344818284642e-01 -6.034309889007591909e-01 -6.202496020872763083e-01 -6.455520617722771970e-01 -6.637351766833590183e-01 -6.877481553598616681e-01 -7.065743647487625623e-01 -7.264318634401606412e-01 -7.448974428302533868e-01 -7.841993777705800195e-01
9.987146655270960627e-02 1.299200611665765615e-01 1.548268764478643034e-01 1.858002940172372996e-01 2.120272318528404476e-01 2.429209015725786180e-01 2.713100437704137891e-01 2.970509495242730225e-01 3.222147639554321374e-01 3.473496219860147671e-01 3.735927154529403715e-01 3.969461946005973241e-01 4.189864540363485990e-01 4.374549941324864522e-01 4.623755193104045480e-01 4.770864213236346574e-01 4.986937642475753885e-01 5.166197220713195648e-01 5.334213261906555203e-01 5.488266985082368432e-01 5.651600470783375574e-01 5.829267859851464673e-01 5.932295910522795701e-01 6.092402485100893994e-01 6.175230765201540351e-01 6.311047862752429127e-01 6.413567425671263811e-01 6.511557596090900013e-01 6.604235539891384343e-01 6.688769695861114251e-01
-9.830652953138441924e-03 -1.086321921449777232e-02 -1.358935364428752110e-02 -1.800817670149538682e-02 -2.042024111436726089e-02 -2.391148034295625252e-02 -2.652230447202536326e-02 -2.921667465701201574e-02 -3.111981046337137027e-02 -3.260419082684959391e-02 -3.356318557313536788e-02 -3.752443082279201259e-02 -3.827027944940428195e-02 -3.885160855567892230e-02 -4.232758192628925664e-02 -4.404631196355134753e-02 -4.596772805031724973e-02 -5.177426044606354971e-02 -5.525880757124386478e-02 -6.052694121667762106e-02 -6.653965450154171457e-02 -7.358626288462910559e-02 -7.826541292635273706e-02 -8.693140543569538581e-02 -9.535953597638333057e-02 -1.060204459692171558e-01 -1.166526090264499438e-01 -1.287895414053581156e-01 -1.420724454399286407e-01 -1.860681015185652598e-01
