2.590213943930722712e-02 8.113762873526517150e-02 1.311038354822018359e-01 1.584277135432276828e-01 1.838798649090966353e-01 2.159213266495468020e-01 2.554828343820368941e-01 3.176135678614713242e-01 3.476677087349046014e-01 3.864067161695084462e-01 4.437312802806738787e-01 4.770619030006435501e-01 5.291535512729195201e-01 5.803294398569898149e-01 6.038665986441473787e-01 6.114006569385019851e-01 6.675006298861025922e-01 6.663733170256360694e-01 7.048602239590646690e-01 6.763736520140473107e-01 6.778946677488685291e-01 6.766450076902886801e-01 6.728630592612425687e-01 6.792112204675240239e-01 6.617356160108353036e-01 6.352892141140266125e-01 5.988469466616993531e-01 5.902464136170545439e-01 5.593314536531592829e-01 5.058564515976684550e-01
2.166668298706129342e-03 4.257857121584317228e-02 7.502482504707554123e-02 9.994806803300068654e-02 1.243473197617989828e-01 1.516286606019549565e-01 1.761446651420703891e-01 2.352344950073051999e-01 2.454811844124078213e-01 2.402796609420596585e-01 2.632250270815800208e-01 2.700135122054342363e-01 3.064534304872990611e-01 3.098808632285626197e-01 2.979117219395455152e-01 2.879771184364635639e-01 3.116099361245021071e-01 2.960800190114803443e-01 3.057344360303069219e-01 2.799330980849444317e-01 2.683198651257995837e-01 2.651780818734539302e-01 2.635214765853958196e-01 2.551535721882923768e-01 2.442455002659220664e-01 2.218539659444349610e-01 1.962088908463722192e-01 2.109321307391427702e-01 1.851141363000500806e-01 1.718149977001243167e-01
-1.185082314086508340e-02 -3.222552286696964835e-02 -5.866428314253840925e-02 -6.263830823836086248e-02 -7.882731331056846980e-02 -7.354537983325377948e-02 -9.804073763591757140e-02 -1.030600078902262073e-01 -1.133030781550484062e-01 -9.554856021679287992e-02 -1.172158855701779107e-01 -9.046902586930957724e-02 -9.280342288144802221e-02 -1.006471828256363943e-01 -7.622774554081898635e-02 -8.090429284929975817e-02 -7.431079417928893038e-02 -6.754628391847661284e-02 -5.351315785701381972e-02 -2.785811144329600197e-02 -1.387306597165900018e-02 -3.820360781103551706e-03 9.198920869395367517e-03 2.965813917866913854e-02 6.511243104235969748e-02 6.437118589223311815e-02 1.066979311569960787e-01 1.359955014090127867e-01 1.561842164703793334e-01 1.993289025702062733e-01
-7.094163314098644348e-03 1.739184585712708325e-03 4.740933205334854281e-03 9.000163356578869123e-03 2.532037817950305927e-02 2.973959396562576157e-02 3.250251735211064086e-02 3.471957789086163593e-02 3.837567385284112315e-02 4.070582052817912910e-02 2.320385599440411353e-02 2.667634836913335833e-02 3.970020426389065521e-02 2.546467413524994977e-02 1.662641737193504970e-02 1.738756784097077526e-02 1.042759089608567835e-02 7.885727089111241317e-03 1.714504998987833803e-02 1.889463165446486625e-02 2.908776893745102302e-02 2.926195471155030800e-02 4.038654890494430827e-02 5.200636887811692366e-02 5.837810610929768107e-02 6.371563858458814678e-02 9.201050247721762054e-02 1.130917106039491526e-01 1.103692532381934793e-01 1.251157980700728922e-01
6.247593100955631945e-03 2.251772374793032522e-02 4.261482050521954446e-02 4.445826249203998354e-02 6.177863547523171350e-02 6.553095742905701293e-02 7.873447233103778031e-02 9.712705416264164060e-02 1.042129878117958597e-01 1.064725949527118576e-01 1.230300178220934820e-01 1.240201220122037762e-01 1.350673218838625012e-01 1.425863025045996380e-01 1.469082954592199619e-01 1.455038195488150832e-01 1.575579595382149978e-01 1.498153787144076432e-01 1.602618133131939460e-01 1.424640892849530771e-01 1.398392176173250123e-01 1.287685635300393483e-01 1.329602163358180600e-01 1.228331082225222748e-01 1.044098753772836480e-01 8.781343371884221816e-02 6.470258879193106771e-02 6.818954433638990675e-02 3.075608936213076322e-02 -2.276291661337533079e-02
2.045342262090463908e-02 6.577566248523350478e-02 1.447439850436105235e-01 1.745720860729758905e-01 1.978174779970643393e-01 2.345562921078848118e-01 2.878495780987343489e-01 3.295190123779671021e-01 3.808345678679246338e-01 4.137685541145601498e-01 4.834505448433465413e-01 5.261266024502349037e-01 6.127323278295556674e-01 6.684282270850252505e-01 7.157314672242336417e-01 7.450233545734596952e-01 8.339647119323894131e-01 8.959732580367306687e-01 9.828068057707778360e-01 1.030910210228339619e+00 1.095523701591670118e+00 1.150795563044966663e+00 1.166553973195900706e+00 1.258258846110162699e+00 1.353775838252445407e+00 1.352033318322839905e+00 1.389887111964048572e+00 1.398859848189796251e+00 1.481978736854243639e+00 1.470884598947995059e+00
2.728263493660957467e-02 7.916343446287868457e-02 1.592722712959941944e-01 1.792660650924815524e-01 2.125521340342608756e-01 2.532298128714581265e-01 3.088222656238249209e-01 3.719939150986596998e-01 4.187715279724442130e-01 4.058793117074644963e-01 4.856470896379533331e-01 4.861892382040388094e-01 5.583539289987838883e-01 5.996032556563315463e-01 5.977662900302929128e-01 6.167373354433309807e-01 6.731938819481316783e-01 6.969919260183924381e-01 7.440117301960594842e-01 7.366064485544534524e-01 7.608543632715552008e-01 7.789250534411142901e-01 7.867471977770030822e-01 8.239566377477602899e-01 8.505302622726607087e-01 8.412390973527772431e-01 8.329609615337654205e-01 8.364346169546719167e-01 8.541925116269329932e-01 8.263327246967366868e-01
-4.771564433598324620e-03 -1.686256134055061882e-03 5.180339410363951971e-03 8.536205174670043888e-04 7.936725566374980279e-03 1.260812404978594453e-02 1.354743161745002381e-02 6.161817785529355093e-03 2.300901772314114385e-02 1.610000684411652672e-02 1.195493869009573752e-02 2.356536907777602094e-02 3.735700213317780932e-02 3.068701158165501250e-02 4.176700322451074032e-02 4.185890218590559986e-02 4.966886890892181078e-02 6.311700647123945351e-02 8.128276605589825066e-02 1.096589031204757980e-01 1.304414071839493927e-01 1.503007749111474056e-01 1.574450105205617567e-01 1.862608397411173733e-01 2.310624172872777493e-01 2.419204106535796928e-01 2.798988153526630329e-01 3.134604944466579113e-01 3.463295979058204077e-01 3.809100114515317492e-01
8.848866433176208815e-03 -8.719636994623112397e-03 -9.759218917554999054e-03 -1.397424289944997761e-02 -2.271985576084321196e-02 -7.056937091978142222e-03 -1.717893642649560848e-02 -2.556345532712987756e-02 -2.170107790039068479e-02 -1.043786498249574951e-02 -1.232465778751179117e-02 3.568340341770540394e-03 2.022732581912114330e-02 1.956170489973656570e-02 3.585597656102296887e-02 4.725543685506334440e-02 5.921509720892164513e-02 8.087492482087275947e-02 1.094573075063819956e-01 1.322538909852965516e-01 1.611381632291253030e-01 1.697033223744301988e-01 1.939372181853314947e-01 2.281943860048820660e-01 2.599944085925105508e-01 2.668909490237922899e-01 3.141294006033837904e-01 3.307388185495345745e-01 3.575259088951724951e-01 3.775470427616161029e-01
9.911589598568446707e-03 1.864257749629964767e-02 3.243703002221431236e-02 3.206585942494801639e-02 3.728310043413467223e-02 5.170869067174385658e-02 5.236392014261407463e-02 6.753245537985219649e-02 7.700280036956225205e-02 8.354718871422779636e-02 9.899022931834738914e-02 1.067266527881795130e-01 1.204216945292003460e-01 1.285910868108444960e-01 1.411654224606382624e-01 1.440120509406604132e-01 1.506444741890575201e-01 1.538967900696859847e-01 1.706346511348759143e-01 1.590634915573450048e-01 1.634154649205935006e-01 1.619345996202097016e-01 1.616073183704814231e-01 1.604173315667828392e-01 1.573646073431236025e-01 1.425542939407406229e-01 1.303720672122442581e-01 1.394537908271275550e-01 1.123651879468279408e-01 7.315386668225365430e-02
1.334205093461739156e-02 4.699828170291842078e-02 8.499089992517307179e-02 1.070172509643753378e-01 1.384045266198239421e-01 1.675744120044000418e-01 1.991839584770268845e-01 2.410001064165800955e-01 2.602265220385987510e-01 2.427879619251234744e-01 2.507476500034085398e-01 2.595691562961128240e-01 3.083802939366924178e-01 2.931257502009135818e-01 2.738264903987824295e-01 2.743140773737660076e-01 2.947501215019135978e-01 2.953090059331639483e-01 3.192988949213754757e-01 3.274533736043889753e-01 3.463877661539569996e-01 3.573520458003035527e-01 3.710285683915358068e-01 4.103748175750711602e-01 4.472989494135933830e-01 4.558160697982487908e-01 4.943540114551066567e-01 5.202678818876627087e-01 5.539559914986551536e-01 6.097580665958259871e-01
-9.677686626020974223e-03 -5.589329177600341203e-02 -9.447531675419543196e-02 -1.218586467782782345e-01 -1.506880601990985280e-01 -1.733583947348795173e-01 -2.170187089382314971e-01 -2.987768834631920334e-01 -3.049139262691439867e-01 -2.765706913037135894e-01 -3.272851424691641808e-01 -3.078262889361332300e-01 -3.488087881123139167e-01 -3.507473462684241317e-01 -2.999664184850537318e-01 -3.014728257537384604e-01 -3.151753936681431778e-01 -2.902627618433995527e-01 -2.755325023471870693e-01 -2.209152120860873314e-01 -1.886977279363251658e-01 -1.684581098845127078e-01 -1.616503780857964090e-01 -1.405666919505009771e-01 -8.769906673643061701e-02 -7.734385125212514533e-02 -3.829290812115594689e-02 -1.843289259182866180e-02 4.287695876735218500e-03 -2.384892874703528620e-02
4.664981141052230995e-03 1.975880736161164664e-02 4.577857125900318402e-02 5.730148323505381697e-02 5.705998543545676843e-02 8.782198249634336207e-02 9.828950374846431859e-02 1.136159779617186838e-01 1.346080949426523010e-01 1.587457674663277363e-01 1.863692643826740380e-01 2.041973940507583185e-01 2.195899059839230005e-01 2.609845446257071377e-01 2.845448115469753070e-01 2.831851486736412515e-01 3.175716530849582164e-01 3.284349134242537382e-01 3.551640163715997223e-01 3.464681612732905536e-01 3.536096892129163005e-01 3.514654418689885929e-01 3.608664877558783735e-01 3.684851726560094964e-01 3.648240482470389567e-01 3.487814513541372952e-01 3.320807028874370181e-01 3.272958101350316729e-01 3.066162135654823540e-01 2.609539315269679416e-01
-3.797147912214847779e-03 -1.550587294366083564e-02 -1.859491706420825230e-02 -2.592883818925611344e-02 -3.507174532249218712e-02 -3.256373847208159089e-02 -4.734433986020672447e-02 -5.583419763105176847e-02 -4.747256604062128488e-02 -7.233047622287646153e-03 2.452284043068112332e-03 4.247595929226313100e-02 5.883407727334945964e-02 7.333834861042404230e-02 1.190189513541019123e-01 1.380957469209948274e-01 1.598545466899812528e-01 1.935369073861601952e-01 2.290413924185384920e-01 2.625605497182228465e-01 2.960922164848335258e-01 3.147922496168284456e-01 3.281171900609524683e-01 3.653830382479139605e-01 3.969642908821250371e-01 4.017319316672883778e-01 4.337850874859390804e-01 4.479759861077813321e-01 4.707142049619917334e-01 4.707174971340239433e-01
-9.701219821226455403e-03 -3.166539606780686966e-02 -5.845511944683632471e-02 -6.041682981458705581e-02 -8.070764385028511567e-02 -7.606774598300661272e-02 -1.020682592931897725e-01 -1.303579133269578416e-01 -1.163857200541274367e-01 -1.134517974178224642e-01 -1.368786094506951878e-01 -1.110508454414602386e-01 -1.158272317251337613e-01 -1.339815088140938748e-01 -1.097892338874551510e-01 -1.072583914116471832e-01 -1.229314648926289888e-01 -1.114960733688440814e-01 -1.041620756695747635e-01 -8.114850096523240630e-02 -6.077569907250542774e-02 -6.111776653660829645e-02 -5.030710713024506148e-02 -3.558747508611929261e-02 -1.574558453527014068e-02 -1.185278287967240704e-02 2.447788439991777087e-02 5.661375440263816117e-02 6.062539418590492946e-02 9.558613106786940927e-02
1.247306147004357581e-02 3.873229346618575764e-02 7.849065508092856192e-02 8.994772894074111458e-02 1.028563970068499256e-01 1.202313123641441384e-01 1.507256033137318041e-01 1.576279937411249055e-01 1.978002948685228524e-01 1.960649932014417729e-01 2.291353500054494619e-01 2.352593466128801158e-01 2.648356639907473720e-01 2.997903943817123995e-01 3.212427386157520326e-01 3.222296906526465610e-01 3.626842871732560702e-01 3.823316607786947374e-01 4.193586425265527495e-01 4.346618391267843551e-01 4.588388371107469665e-01 4.790797796831542943e-01 4.857908936279513590e-01 5.162800061629144732e-01 5.670578362501869085e-01 5.609297247129726438e-01 5.755581943558677471e-01 5.983186165512609511e-01 6.281794558243076754e-01 6.280104470344440859e-01
-1.802924985209188036e-02 -3.516692700271344119e-02 -9.156066741778395857e-02 -8.854930048202677706e-02 -1.030320295048544610e-01 -1.121671179154613007e-01 -1.555526349213708637e-01 -1.725096597589262093e-01 -1.924597254489064380e-01 -1.666852992404947720e-01 -2.204037255360236924e-01 -1.842454329778274169e-01 -2.181241125959365035e-01 -2.533191172730046015e-01 -2.395734277364204856e-01 -2.608232075930007055e-01 -2.897624853114881271e-01 -3.220791643420329309e-01 -3.510540625854609575e-01 -3.597198416622437445e-01 -3.872538667727361550e-01 -4.163454706154514628e-01 -4.149502022202424811e-01 -4.554437838214649981e-01 -4.935608445641899156e-01 -5.063544752686834904e-01 -5.151088434065226318e-01 -4.898823543786420820e-01 -5.535632793281531905e-01 -5.446640145159207247e-01
6.283430194140067308e-03 2.671993617101876134e-02 4.895849135232842320e-02 3.981194485868387589e-02 6.406448455993037083e-02 5.873954640098550534e-02 7.843424744448700137e-02 8.803165345298856470e-02 1.083903279933055297e-01 7.567953413245787075e-02 8.662876692606114037e-02 7.774836380489361098e-02 7.711771323974075942e-02 7.447447750564874236e-02 7.060739244479766197e-02 5.731868552568827185e-02 6.301891407902251996e-02 4.921388039279277204e-02 4.801567186579649982e-02 4.909373955277739066e-02 4.742729440245462696e-02 4.635603511961212952e-02 4.224997350248772821e-02 4.261374455348869439e-02 5.411563776024582578e-02 5.444601942276418999e-02 5.456280857181304567e-02 7.916478822202442645e-02 7.181217388819167990e-02 8.328377561655680994e-02
-2.522604151802965849e-02 -4.539162717861812413e-02 -8.659679757844646053e-02 -1.064561459056703602e-01 -1.088037163949652497e-01 -1.274326967626394636e-01 -1.565487355617816156e-01 -1.914057692017462065e-01 -2.052293185055024671e-01 -2.096978200364878475e-01 -2.561774614100238434e-01 -2.620502809114484410e-01 -3.119853204870990937e-01 -3.358399463986959654e-01 -3.439794840883249605e-01 -3.669798826206066567e-01 -4.072057338712491426e-01 -4.467872295436378094e-01 -4.819677057189867275e-01 -5.069075575123541677e-01 -5.380818286932799177e-01 -5.799772295577058090e-01 -5.745700695044536621e-01 -6.265974253858883625e-01 -6.842685584512914199e-01 -6.904409200468049068e-01 -7.067447747784042500e-01 -6.971410991389316303e-01 -7.742604171764220222e-01 -8.079677268079425989e-01
2.232842203584031043e-02 7.779398286777088056e-02 1.285748007551077432e-01 1.590473871070423872e-01 1.892733137982279268e-01 2.238048771137728932e-01 2.667349163902019704e-01 3.330415495942175008e-01 3.592949245700890470e-01 3.785454238935878069e-01 4.396424412925826752e-01 4.445028768848714451e-01 4.913964237239895061e-01 5.385044440500086349e-01 5.289788133164009531e-01 5.310149665855405932e-01 5.744285274928715435e-01 5.588516868416444350e-01 5.771240358372569101e-01 5.101503402542031385e-01 4.872655615297242226e-01 4.550615266123920200e-01 4.653649143417523670e-01 4.330638978923351257e-01 3.618428656730788284e-01 3.164612067506690773e-01 2.485838514113803965e-01 2.225098592455147239e-01 1.360425974083789846e-01 2.865977144848506214e-02
2.837340568818480513e-02 8.424986632209263693e-02 1.696185641181393311e-01 2.003627046884723928e-01 2.302712515295281259e-01 2.716370143119470892e-01 3.493268005486167560e-01 4.013822853057681384e-01 4.707631572201235182e-01 4.824246760530719325e-01 5.748821352057644773e-01 6.013285805225275782e-01 6.856760838249659207e-01 7.664908977026658743e-01 8.000183036729328068e-01 8.176515306923514137e-01 9.244413699249683924e-01 9.687312101071583470e-01 1.052731786214538667e+00 1.082085342163606745e+00 1.133145836948046492e+00 1.173591496906472464e+00 1.196258845683362715e+00 1.280890914572823114e+00 1.374857761081648144e+00 1.377122888838476111e+00 1.419744116043821780e+00 1.438754570969068336e+00 1.531062645648103349e+00 1.567686822134003677e+00
4.173967135251147736e-03 1.371594152716297879e-02 1.363180481188598116e-02 1.063676846191704065e-02 2.388301037176900413e-02 3.761285944536618686e-02 3.991718176485406500e-02 4.021355680450961617e-02 5.812923485384692557e-02 2.423211736294414442e-02 7.128357673442848458e-03 -3.397350066020118561e-03 -9.189558045187791457e-03 -3.122127600219812282e-02 -5.631000288749346550e-02 -7.458088013967793806e-02 -1.039336000924547115e-01 -1.286333940273594878e-01 -1.499060077085589693e-01 -1.746616704415054899e-01 -1.909567955041691911e-01 -2.081225648166448172e-01 -2.146609767041025019e-01 -2.336432657004222091e-01 -2.665595673070789706e-01 -2.677145734448446168e-01 -2.654354387722839825e-01 -2.386424604704561192e-01 -2.854513761038914854e-01 -2.523272232480551214e-01
5.163001563908753422e-02 1.481266758203463874e-01 2.711268516325907041e-01 3.399326153855453114e-01 3.791811598690026375e-01 4.569502560482837650e-01 5.536473255766773960e-01 6.657607457769740833e-01 7.487322461229595216e-01 7.849202979368242739e-01 9.112796438848931313e-01 9.711796336236337979e-01 1.125027742536673037e+00 1.208467934632165619e+00 1.249119711816119249e+00 1.291337278948113454e+00 1.426681519779062546e+00 1.495447073552989004e+00 1.615561155975874907e+00 1.648750154233062037e+00 1.721362409998901999e+00 1.784297011576848391e+00 1.806408083276838994e+00 1.925405357353534797e+00 2.041958743270858356e+00 2.036636899293247094e+00 2.075083876370321878e+00 2.086797037813904687e+00 2.208353909804502635e+00 2.237305394442607565e+00
1.560685232057814134e-02 7.392626534183968645e-02 1.493101857019464296e-01 1.851151334543149063e-01 2.088135032280875047e-01 2.614302514467052863e-01 3.120190693611271104e-01 3.965457402162767542e-01 4.454280595148568112e-01 4.444870174358447334e-01 5.256667384317245117e-01 5.580730903805066756e-01 6.545061682755296539e-01 6.833386364054314654e-01 7.025551962064000566e-01 7.313105045831004292e-01 7.991505008556443190e-01 8.352018490920243288e-01 9.046987923825504652e-01 9.225903334826859314e-01 9.687156086796238075e-01 1.001629589641661155e+00 1.014687528630610736e+00 1.086119750999673617e+00 1.159981043754984453e+00 1.155740150073191863e+00 1.184181394766063544e+00 1.207464043201007087e+00 1.275266241529900313e+00 1.310232956479083555e+00
-2.535532590111053836e-02 -3.296079865737935183e-02 -5.503226770181877947e-02 -6.345065489390819269e-02 -6.097350079350107033e-02 -6.570823239531350946e-02 -9.345473402975193467e-02 -1.056975020376850483e-01 -1.218761104908561987e-01 -1.176708627778742661e-01 -1.554226292918811647e-01 -1.515593240753434490e-01 -1.687326101733739869e-01 -2.011107068031051659e-01 -2.064320521126244423e-01 -2.121657862308604092e-01 -2.470721253948820195e-01 -2.606765225194302427e-01 -2.751351476033498389e-01 -2.804701582300337392e-01 -2.861248638572224112e-01 -2.962432353078341962e-01 -2.989921197704118461e-01 -3.174425182133606693e-01 -3.354375960021106495e-01 -3.320612219141495514e-01 -3.382899376618244691e-01 -3.177526404612934230e-01 -3.505720406779591625e-01 -3.673131049781306334e-01
1.355834946015425924e-02 5.911268625470793292e-02 1.155929768312163874e-01 1.350410442936783584e-01 1.575938077804058257e-01 1.950656949412285512e-01 2.325875994566953542e-01 2.782894569872411683e-01 3.243105651664224820e-01 3.264387541604141241e-01 3.788843029979678256e-01 3.988863621666111081e-01 4.568568076154587154e-01 4.858318817777218523e-01 4.965355467970197223e-01 5.100294151576221235e-01 5.442802620207054520e-01 5.573163789989965533e-01 5.919682699868396014e-01 5.781313053973238247e-01 5.959547584290011413e-01 6.037354462827729806e-01 5.982683684855958361e-01 6.185912783624374356e-01 6.146319465682070771e-01 5.997195819511603743e-01 5.785123674306993369e-01 5.766884747440954584e-01 5.630961337662416799e-01 5.209426760104824972e-01
-5.519970923636748593e-03 -3.221086186543405117e-02 -7.360798364244618142e-02 -9.060882276647511113e-02 -1.039811156482369353e-01 -1.216901198086203506e-01 -1.547042804436417063e-01 -2.148966780058666204e-01 -2.135929916986934463e-01 -2.106129259187757841e-01 -2.664028554212013455e-01 -2.529708772569084219e-01 -3.074244522892221054e-01 -3.278668513784376293e-01 -3.083253494211535273e-01 -3.334690321468871677e-01 -3.717157661320562023e-01 -3.913689621625227044e-01 -4.196492981860286964e-01 -4.128952070949233333e-01 -4.228608839528244512e-01 -4.373206466542811088e-01 -4.507746841715170039e-01 -4.777474784012386566e-01 -5.011268609793186890e-01 -4.947922098147893299e-01 -5.031450102674753788e-01 -4.750075467096923632e-01 -5.188169677419649517e-01 -5.175369084525958119e-01
-8.608682473991805320e-03 -1.066281077822811736e-02 -3.305127049296831265e-02 -4.888035981720923601e-02 -5.367377467128714441e-02 -7.183631838451651208e-02 -1.003177981957914244e-01 -1.130832160092619804e-01 -1.107004139889302130e-01 -1.094800425677120159e-01 -1.164627139328959921e-01 -1.081164321797056654e-01 -1.411355807153758801e-01 -1.511027241841854107e-01 -1.364927993205131695e-01 -1.431311184058766117e-01 -1.765316416990742043e-01 -1.951084125626015853e-01 -2.231269661686673123e-01 -2.475712451969779293e-01 -2.703216172998217370e-01 -2.961517906145781920e-01 -3.136128986284829057e-01 -3.655262096903111879e-01 -4.260145443965075440e-01 -4.462664070381052173e-01 -5.032968668457991068e-01 -4.943131585583072640e-01 -5.870732157335764034e-01 -6.583524884511864350e-01
1.992106985220383833e-02 3.825174214595498945e-02 6.866225742958514955e-02 6.791963361320348114e-02 9.067659238560012158e-02 9.982594529911596737e-02 1.171038386911124468e-01 1.161467352659792118e-01 1.236803436807391576e-01 1.141556703287385510e-01 1.210895284465983990e-01 9.960149048739759536e-02 9.763801669236268910e-02 1.114908716552231172e-01 9.702353571990239567e-02 8.140023996243525573e-02 8.731693311116188461e-02 7.480083532258238743e-02 6.711416402205487575e-02 4.142546956982261219e-02 2.393578897180852552e-02 2.003381961386896393e-02 9.470976458420585220e-03 -1.943026732147723479e-02 -4.698498280300314467e-02 -6.332467530634629249e-02 -1.158293835597503096e-01 -1.148160002215846270e-01 -1.699812521272010268e-01 -2.566462842690789836e-01
-6.310358863555062814e-03 2.628059287401305136e-02 6.205911157868577305e-02 9.125922072375254601e-02 1.030956709270246380e-01 1.362396822673487273e-01 1.614645469215560125e-01 1.999760299581349599e-01 2.251009906872252497e-01 2.313333392657075382e-01 2.575409089661211959e-01 2.758161415000786043e-01 3.202458726390692290e-01 3.403422573047340527e-01 3.490031885276477785e-01 3.515480777585239247e-01 3.915427800226394250e-01 4.021655145518387431e-01 4.379774152116621133e-01 4.437583230796800504e-01 4.625011922572296319e-01 4.739186409837449765e-01 4.866705388592451609e-01 5.136544795916904160e-01 5.505215506633097666e-01 5.409167540245631844e-01 5.452790576516941545e-01 5.564853533159273002e-01 5.823117583526051799e-01 5.718380276994738942e-01
-9.897760681894600052e-03 -2.450085426540246636e-02 -6.646147624830499312e-02 -8.901548608255160921e-02 -8.990772701727292593e-02 -1.167500707741343791e-01 -1.527294884825320109e-01 -2.033440076176628031e-01 -2.201743042629308311e-01 -2.060359588528396513e-01 -2.653265411695603371e-01 -2.622240394278344544e-01 -3.261259025415967350e-01 -3.479385835680036676e-01 -3.377413561174389955e-01 -3.660312406952082043e-01 -4.129269123855251467e-01 -4.551363518341825509e-01 -4.920918178723268088e-01 -5.136689928992711485e-01 -5.476370655924094333e-01 -5.787009621934341430e-01 -5.967486849768951496e-01 -6.562669491755935836e-01 -7.100021434952592525e-01 -7.156927822306006215e-01 -7.554734257862678604e-01 -7.409622254137289143e-01 -8.272811166959659346e-01 -8.843092965111394310e-01
-3.154144793412103076e-02 -7.291452943127568753e-02 -1.298985509601474631e-01 -1.724302107299122144e-01 -1.908703927224905672e-01 -2.167820662438391388e-01 -2.629836149285492697e-01 -3.179623423851071218e-01 -3.342466774625508230e-01 -3.537012372643309477e-01 -4.047185110557881549e-01 -4.203355758196352654e-01 -4.920377197863680663e-01 -5.131350555833140703e-01 -5.121343485988534283e-01 -5.380863319160249514e-01 -5.900631243626852651e-01 -6.161532216349081548e-01 -6.537851183184821835e-01 -6.564060250518355399e-01 -6.778130082208673191e-01 -6.963068862448621443e-01 -7.038757330927825073e-01 -7.407911124875237174e-01 -7.627877578303244865e-01 -7.499489984692021549e-01 -7.447238980525332508e-01 -7.103415232278734726e-01 -7.475923132280406502e-01 -7.271857485559100054e-01
2.981218566509534484e-03 5.585272984188054124e-02 9.358408980612577255e-02 9.379866200246958496e-02 1.442164558899185212e-01 1.442909679253938926e-01 1.774779437146969119e-01 2.220151003627744701e-01 2.360503305815655761e-01 2.106888034634435414e-01 2.242818271706237820e-01 2.118918667264721722e-01 2.301298356592710037e-01 2.173550308961179067e-01 1.895586325424565843e-01 1.834907553407097991e-01 1.742476804093406051e-01 1.361097632541985458e-01 1.299590608041520101e-01 9.502842396646643541e-02 7.866927454859339031e-02 6.410023194026709392e-02 4.598550692511794297e-02 2.717140307906444618e-02 -1.419864158641773177e-03 -1.804730543312871305e-03 -3.158982981769379444e-02 -1.810455858070100787e-02 -6.136877911085095866e-02 -8.350122015151807686e-02
1.702128590736356681e-02 4.477923331831947656e-02 7.907723223225944509e-02 1.013493926801627976e-01 1.132112553615375883e-01 1.379187618506494684e-01 1.616731865009402858e-01 1.817667779109053416e-01 2.133707362444735578e-01 2.409525285335762379e-01 2.637698754812458080e-01 3.026518291147450856e-01 3.518380147816444481e-01 3.754077341971654436e-01 4.078880949581858983e-01 4.248408385624896089e-01 4.693722281342190827e-01 5.012442484843188106e-01 5.551628598300493156e-01 5.912206594217324085e-01 6.369897827904827947e-01 6.673452258614864796e-01 6.808372247387060039e-01 7.446118870340279194e-01 8.132680383797423751e-01 8.200801587034980411e-01 8.654866150889142240e-01 8.869846798007717803e-01 9.424730387245605634e-01 9.697530965858499608e-01
8.777456910338281640e-03 2.926113085383435022e-02 5.652632553769064427e-02 5.997197113142062330e-02 7.869366039655459333e-02 8.816580051130959439e-02 1.055543566773162190e-01 1.192970867894123654e-01 1.369674882744550404e-01 1.418854536615558326e-01 1.586491484941338348e-01 1.712754037854729294e-01 1.927682416188687409e-01 2.028799924689798362e-01 2.158317597072587635e-01 2.163826207687901404e-01 2.394903635485144122e-01 2.432211314133981006e-01 2.652289521850304532e-01 2.697392422282614555e-01 2.810189716700750018e-01 2.872205059112651337e-01 2.907123265666549661e-01 3.049652031085253734e-01 3.214612678154221692e-01 3.164612047312663767e-01 3.165255706589704121e-01 3.301110852601367718e-01 3.291111816220358421e-01 3.090613124882505836e-01
-2.594486833153247102e-02 -5.830953556451023284e-02 -1.111912936061339591e-01 -1.436009848551168810e-01 -1.531874841869471926e-01 -1.795110117748746070e-01 -2.351318763386263944e-01 -2.771609575663376845e-01 -3.099886947113462687e-01 -3.281349214137324055e-01 -3.971480640458919797e-01 -4.098133331752982222e-01 -4.742017620527245181e-01 -5.337411976594355068e-01 -5.455309538046740903e-01 -5.673411283137541616e-01 -6.463484605522527016e-01 -6.885865318327191176e-01 -7.440177701434966817e-01 -7.664758357004074485e-01 -7.996265215907663038e-01 -8.338902648341651735e-01 -8.535626634945496782e-01 -9.203543769943308694e-01 -9.865182912008610971e-01 -9.964109563712129081e-01 -1.035218766769324894e+00 -1.020728383284560170e+00 -1.121403159680875339e+00 -1.182581333891865594e+00
6.830586027336771338e-03 -1.753889627307906457e-02 -4.438944882374812329e-02 -6.540562021441358176e-02 -7.682920192593373221e-02 -7.847019824398354659e-02 -9.797584776936521522e-02 -1.311626061093616180e-01 -1.317552110147724997e-01 -1.299736490956542034e-01 -1.584199950816805869e-01 -1.428525623318393778e-01 -1.672401675019659084e-01 -1.700597322005525103e-01 -1.488030082925183573e-01 -1.685873758028507419e-01 -1.686546299122446690e-01 -1.708866384626624435e-01 -1.701033261256691131e-01 -1.449538803041135193e-01 -1.420415927740914519e-01 -1.306748833661198761e-01 -1.301389891386286746e-01 -1.189269981973886670e-01 -8.780552341358406621e-02 -7.658030270415527863e-02 -3.989213719450110385e-02 -3.005621768893736862e-03 1.248915504247272504e-02 6.285778417686298247e-02
-2.489908728963902140e-02 -7.182901437053826332e-02 -1.376689273458049367e-01 -1.851611440247081797e-01 -1.898693721222124431e-01 -2.212711578724718686e-01 -2.708536192018995425e-01 -3.292679842925370082e-01 -3.680644742795596280e-01 -4.043940992230375397e-01 -4.868981225909042587e-01 -5.207913023317929380e-01 -6.112651745414562354e-01 -6.667809774834281278e-01 -6.986321694218573519e-01 -7.469900257083659234e-01 -8.267194284363128531e-01 -8.913416199651715832e-01 -9.646866618154893436e-01 -1.002260070171982376e+00 -1.061274689016750816e+00 -1.107103657516441686e+00 -1.123761729057418890e+00 -1.207651600174413309e+00 -1.289511745302107437e+00 -1.284089244020804488e+00 -1.313494439861583984e+00 -1.287123538904900943e+00 -1.383981481599405816e+00 -1.391865966498664786e+00
9.639273441378465312e-03 -1.085264051335357686e-02 -1.236794543202793598e-02 -2.498406989558419472e-02 -3.306212421780573008e-02 -1.825259459297379899e-02 -3.293837430825620471e-02 -7.571862200889850625e-02 -6.099348532817333579e-02 -5.086387074647180651e-02 -7.201424164823017060e-02 -5.257189511862504772e-02 -6.647930410116044408e-02 -6.017286866690194774e-02 -3.758898967657681167e-02 -4.947605008862367149e-02 -4.639614370199725280e-02 -3.424180593451418148e-02 -2.843698082541441796e-02 -5.900277994306707061e-03 4.036595539813024602e-03 1.522160647195925851e-02 1.302706794216726242e-02 2.464146403563573576e-02 3.835428242440359209e-02 4.471362248456152433e-02 5.500269375154789864e-02 6.699198286701121829e-02 5.975708779018813754e-02 4.326851469946851880e-02
-9.691158207317512180e-03 -1.731010119106941164e-02 -2.566308611755006158e-02 -3.575425103657275255e-02 -3.094713798926558568e-02 -2.913760953271785081e-02 -3.156016919857543290e-02 -5.936961375488621073e-02 -4.683330137183439046e-02 -7.217258101377231616e-02 -1.035087530570430736e-01 -1.101131367598596061e-01 -1.401343161401882864e-01 -1.507449240813166780e-01 -1.531577628378407441e-01 -1.867369137923982902e-01 -2.033859550673442484e-01 -2.310008296780887149e-01 -2.505084336106097043e-01 -2.599026150794334633e-01 -2.793680826037390208e-01 -2.925289726720445849e-01 -3.024846773154052926e-01 -3.288436966396307559e-01 -3.429654564910639136e-01 -3.533807434137161696e-01 -3.644228644761967062e-01 -3.438598332162868809e-01 -3.913272210200697265e-01 -4.078146368144971445e-01
4.377698518879809958e-02 1.165222003598984923e-01 2.155138968301283653e-01 2.710613196018465398e-01 3.005701158109231330e-01 3.716028187952197803e-01 4.469818799392658581e-01 5.497037257020124246e-01 6.047928543190693729e-01 6.245930496430477374e-01 7.275403739883963272e-01 7.616777595530377365e-01 8.918317362241607871e-01 9.518167168637483577e-01 9.713139347694208503e-01 1.006304447999261553e+00 1.112481571149362303e+00 1.169488113567052068e+00 1.267813209687159937e+00 1.286471336907554885e+00 1.345695765260043864e+00 1.394389165063673719e+00 1.423576670044502279e+00 1.521960940519144545e+00 1.614202028925498578e+00 1.603954356472310216e+00 1.648848138787311957e+00 1.664307020847164642e+00 1.760383838577292526e+00 1.799830713920007152e+00
1.798889882949341809e-04 -6.003980257051969027e-03 -2.805503003671871651e-02 -2.904922358440348990e-02 -3.527657710579541750e-02 -4.032984192061929429e-02 -5.977680346527883271e-02 -7.140258816631356309e-02 -7.148509574516426213e-02 -5.292176879356830232e-02 -7.113408830377285219e-02 -4.658396192005050118e-02 -5.375237712086364944e-02 -6.242750962137176562e-02 -4.084972986585977406e-02 -4.111188964946180247e-02 -4.439937503461966611e-02 -4.178893575386850856e-02 -3.177272200334155250e-02 -1.659346936727463390e-02 -7.051769444903564776e-03 -1.027306970748751921e-02 4.123872890733310675e-03 1.308972954369533315e-02 3.190733232147809073e-02 3.366570625485565404e-02 6.053842164110244395e-02 8.656629059894827005e-02 8.623025097399673877e-02 1.051879071014209799e-01
4.664813824435508870e-03 1.115126933772258092e-02 1.653470635412325473e-02 2.793214111337528199e-02 2.541042470116437746e-02 4.490100639933276155e-02 4.298357574588930474e-02 6.348721168868576292e-02 6.965220132233067296e-02 8.337058963401285105e-02 8.703610818639831437e-02 1.122218552576096651e-01 1.432583438584590363e-01 1.402766586063359799e-01 1.595129562036446125e-01 1.695175549908543022e-01 1.868737614601437003e-01 2.073180853681315661e-01 2.412966212741395888e-01 2.651208988457241511e-01 2.949574530675913575e-01 3.125331381996778735e-01 3.305373540584259362e-01 3.737169397347407385e-01 4.231749046944311421e-01 4.229138756836757218e-01 4.740219671351666997e-01 5.019558554243078730e-01 5.379383479055359629e-01 5.866853796492228490e-01
-1.045858622387162845e-02 -1.516918631634084184e-02 -2.719363644930283819e-02 -1.735835385192518315e-02 -3.168390360917627824e-02 -2.728630822403063649e-02 -4.747110413157964309e-02 -5.870256487164898784e-02 -5.891193719180834454e-02 -1.288131675688044750e-02 -1.888138062620610749e-02 1.256128081134975233e-02 1.601636129708915515e-02 3.015170169004188772e-02 6.707679452797288278e-02 7.352322290205784427e-02 8.754728245644535778e-02 1.046636591189942372e-01 1.267023232058403504e-01 1.362417755640626948e-01 1.503964245975300540e-01 1.500353828613233964e-01 1.649571922902552390e-01 1.672000355025196616e-01 1.720520427482746251e-01 1.561047813883178481e-01 1.478573243958987982e-01 1.525081641605606220e-01 1.390511597593112325e-01 8.263924477728525064e-02
2.034933725113557274e-02 6.025602975111819803e-02 1.010064221225523418e-01 1.127383230746348969e-01 1.353822776486596768e-01 1.608796823600150416e-01 1.889743250054284340e-01 2.210256608789021582e-01 2.576497838100593185e-01 2.543787182859134077e-01 2.890177841786650270e-01 2.995352514373953445e-01 3.325779389776086781e-01 3.532208552967868176e-01 3.562018468614344680e-01 3.602227040616884923e-01 3.776076823647819269e-01 3.752814100953066889e-01 3.923365553583320064e-01 3.748466433781321161e-01 3.805717893335640589e-01 3.811665293937913090e-01 3.695863910186238943e-01 3.749451896880682811e-01 3.679373745581834831e-01 3.619342103683587664e-01 3.372839901585737987e-01 3.457852789876524890e-01 3.266788358558674332e-01 3.027456711359828301e-01
1.478899972726247306e-03 -4.231275748614202366e-03 -2.073927409855146411e-02 -3.172357466837510270e-02 -2.674760839026459752e-02 -3.623770184232237568e-02 -5.414870862604446999e-02 -4.889464189090314550e-02 -7.167685161078574119e-02 -5.744103284024068556e-02 -7.404684661126767486e-02 -7.032571174659821289e-02 -8.164597252905884950e-02 -9.601374594904932280e-02 -9.455274220282838815e-02 -9.595811192858061389e-02 -1.062573162265990356e-01 -1.226638065987729759e-01 -1.229220644761886694e-01 -1.329554361344535141e-01 -1.388848448440758165e-01 -1.568525815819994951e-01 -1.432793993818210487e-01 -1.562579831062971825e-01 -1.725389829033819322e-01 -1.742456697500417429e-01 -1.676892131434943312e-01 -1.551670338107274394e-01 -1.822039065798023438e-01 -1.924874266160477854e-01
-4.147654136281951620e-02 -9.806316987259000584e-02 -1.969000875782355720e-01 -2.490682455621130997e-01 -2.658209871595423879e-01 -3.252600217887292589e-01 -4.131169138407655983e-01 -4.924042872892386846e-01 -5.603682534538680926e-01 -5.563212744233276830e-01 -6.656983608680933084e-01 -6.916770086703379894e-01 -8.086919128025451542e-01 -8.765536614345803557e-01 -8.919119394235359710e-01 -9.274685237292320528e-01 -1.037640000478402325e+00 -1.105937144405368944e+00 -1.189620097459022308e+00 -1.233697031516306275e+00 -1.298626984067392076e+00 -1.359329142336750618e+00 -1.377008548898298601e+00 -1.493990361939971478e+00 -1.607675007437616710e+00 -1.615077290847303892e+00 -1.677233025294877944e+00 -1.665955285508816885e+00 -1.810534198825281438e+00 -1.907653658144803810e+00
-4.083494945855768027e-02 -5.168331809543398603e-02 -8.140600991484486793e-02 -1.179747469006575122e-01 -8.298859842124134412e-02 -1.064986783399249071e-01 -1.189600980287359444e-01 -1.420348303690584513e-01 -1.792864469100440283e-01 -2.535887739632274318e-01 -3.406644817569025041e-01 -4.020868328506944644e-01 -4.767226839509290937e-01 -5.484489380063048980e-01 -6.246122120113275500e-01 -6.886920664877305143e-01 -7.716604099906300140e-01 -8.623474456110571396e-01 -9.452735789292554536e-01 -1.001538669448818197e+00 -1.073397219738400299e+00 -1.119729849164798452e+00 -1.147348982724420541e+00 -1.235193265854789502e+00 -1.320080263360004835e+00 -1.319177418642438759e+00 -1.361770115387340940e+00 -1.343472743841164441e+00 -1.452021976559447758e+00 -1.478100665574179517e+00
3.336002472569980781e-02 1.247312316009780292e-01 2.327074897549488985e-01 2.861404126191771091e-01 3.403797596914555079e-01 3.973222990652663933e-01 4.834978974908119009e-01 6.101013949459646035e-01 6.560682412860939783e-01 6.576867922323448301e-01 7.633690592624394755e-01 7.817430630241545275e-01 9.037135610587665457e-01 9.487763353862880278e-01 9.442136025713858682e-01 9.718348322217549295e-01 1.064961219009276316e+00 1.090297895025701624e+00 1.166452074181609788e+00 1.159139417516371395e+00 1.194592729808862996e+00 1.225017862459986784e+00 1.240104879665607562e+00 1.306643051496793051e+00 1.366515444986640349e+00 1.353553285048608057e+00 1.357060575460264484e+00 1.369186579322072550e+00 1.427422951626142300e+00 1.434951455677718757e+00
4.836455334728628416e-03 4.855144712549597924e-03 -2.756532453554639064e-03 -1.495053250529741057e-02 -1.425219247990575089e-02 -2.706125968214342231e-02 -4.432954197931864709e-02 -5.275967439362649891e-02 -5.932777049756508825e-02 -3.789056609469555748e-02 -4.387120804681597652e-02 -3.025315996729803156e-02 -5.167968756435821487e-02 -5.066999965017641994e-02 -2.604789157318759818e-02 -2.934331881903757405e-02 -4.108877627921940501e-02 -5.111904116860291336e-02 -5.875131371397274843e-02 -7.222242830094630084e-02 -8.129492047836027468e-02 -9.621373777049062326e-02 -1.066643042626041482e-01 -1.344539560777254783e-01 -1.756826302176117127e-01 -1.954372017053688793e-01 -2.341878491425694042e-01 -2.350414506903761858e-01 -3.074059958909081680e-01 -3.804454976942143185e-01
