2.009805306740394815e-02 5.844691331050145405e-02 9.340905434250741657e-02 1.394245089995485853e-01 1.714495105406216025e-01 2.169683199691405939e-01 2.607824314327600312e-01 2.956267788497415339e-01 3.413339770988710331e-01 3.652479701499695142e-01 4.081802429622513051e-01 4.475326846667526115e-01 4.825736552382377531e-01 5.088915347424045610e-01 5.393653537705693779e-01 5.642756560449984082e-01 5.825732351358083871e-01 6.000226645506967493e-01 6.045145484127657509e-01 6.107645677480358914e-01 6.226677388005452674e-01 6.097168692337118223e-01 6.051316813307447973e-01 5.941301464817118072e-01 5.834300236238160187e-01 5.642055119611685265e-01 5.447608763798438281e-01 5.265451654777815182e-01 5.067309851500019224e-01 4.560692713021647915e-01
1.089602310627228038e-02 4.590919169964871593e-02 7.642940009689463965e-02 1.159050296527826263e-01 1.384854406004671357e-01 1.717014317840086235e-01 1.994302367182376190e-01 2.235945427715178013e-01 2.505382004060084933e-01 2.610695577619820962e-01 2.891428165920476578e-01 3.047362927346465855e-01 3.203825020043493121e-01 3.251734998465361515e-01 3.364043531941367515e-01 3.441625956257196584e-01 3.444376211377903063e-01 3.490850141717468103e-01 3.440019024198071040e-01 3.410095723045740712e-01 3.436097893823019112e-01 3.315886372180273933e-01 3.242606001463343990e-01 3.167010955098095160e-01 3.082712848281550233e-01 2.970489322491807194e-01 2.858346258248974925e-01 2.752634773973600679e-01 2.624499652903823366e-01 2.393412316277077623e-01
-6.800271996569838898e-03 -2.797666898440907129e-02 -4.366877112364984242e-02 -6.008998712282273558e-02 -6.705592156574048668e-02 -7.935507325609046647e-02 -8.692403138773782678e-02 -9.050434169258947392e-02 -9.723876749340840120e-02 -9.277142874999286248e-02 -9.857279434766239024e-02 -9.398802554121939157e-02 -8.638510336763889630e-02 -7.987165161039586070e-02 -6.903913020880619866e-02 -6.252365063652265409e-02 -4.834168775214638808e-02 -3.524416634782065461e-02 -2.245323518144552721e-02 -8.860262171483380272e-03 2.418061149244442321e-03 1.757244291071231521e-02 3.095463785737101806e-02 5.177922232842573080e-02 6.492923180401259653e-02 8.606393258517508471e-02 1.022291973847695157e-01 1.249927752214181481e-01 1.389071591339960943e-01 1.824021576388437926e-01
1.733662027532699608e-03 1.445578715051531321e-03 3.936668114413815166e-03 6.811588361247697052e-03 7.302014709146655361e-03 1.137395338131739347e-02 1.350987228134712705e-02 1.706116753350116547e-02 1.952482056547976547e-02 2.314259298542479734e-02 2.424284362580676408e-02 2.830362512093647157e-02 3.329282500037757803e-02 3.419325321126780864e-02 4.260832516559744099e-02 4.458934891584628163e-02 4.990888673596582947e-02 5.735331124048706486e-02 6.133407409463826482e-02 6.820127777843523753e-02 7.510406098316498025e-02 8.158903972112149794e-02 8.759317094703905626e-02 1.012313432829464732e-01 1.070401187208904759e-01 1.199911357615825735e-01 1.269852241932215020e-01 1.395201367510946477e-01 1.452201011918761719e-01 1.698231838506720492e-01
1.156276439541668866e-02 2.386147476383339988e-02 3.538410190957517326e-02 4.817487062194018149e-02 5.186263395288366607e-02 6.411091119720030429e-02 7.063011033949817552e-02 7.525407050955666699e-02 8.314950833378659256e-02 8.592656886783417436e-02 9.104126832060988050e-02 9.680452316379216382e-02 1.001180056675387287e-01 9.983836077398963726e-02 1.102824981914843211e-01 1.087389801553996782e-01 1.083449422021800918e-01 1.101899456738087008e-01 1.070454913108139505e-01 1.065240639902117342e-01 1.053104050539262204e-01 9.827088007391260316e-02 9.113526952461438457e-02 8.697821707699966709e-02 7.699325344019306017e-02 6.167346640607659913e-02 4.960100155616165019e-02 2.960786742142119954e-02 1.076336953187680828e-02 -4.864047576044677745e-02
2.842172175697413664e-02 6.262959872729512156e-02 9.916816797078348289e-02 1.511447833829899223e-01 1.931112171165486613e-01 2.381511638985412405e-01 2.888738245148402273e-01 3.266648878958033908e-01 3.906876936895652408e-01 4.237660161541489390e-01 4.858168945254440763e-01 5.523216531113532834e-01 6.117268882277504538e-01 6.736668904434808258e-01 7.329070765381150432e-01 7.924055201741260213e-01 8.691389021304863904e-01 9.356418643275490332e-01 9.831442500583721378e-01 1.044689344526260832e+00 1.106949143273491476e+00 1.164556006386519682e+00 1.225546284900635996e+00 1.280499316371561891e+00 1.321626882158515537e+00 1.378553228478882398e+00 1.402045060794233855e+00 1.461870642845568558e+00 1.495056882117682839e+00 1.560048515273153136e+00
1.921550953157638228e-02 6.382097489042888594e-02 1.027892030121914796e-01 1.531991539393120494e-01 1.876526360288495177e-01 2.290441504609263823e-01 2.683336683397676836e-01 3.012348955835911779e-01 3.444153175127472877e-01 3.631032242300188395e-01 4.076773608666209858e-01 4.377203550390700859e-01 4.700408503333750598e-01 4.926458945262043310e-01 5.156830504305200957e-01 5.421258218241127302e-01 5.632065417353717685e-01 5.872153820289074400e-01 5.974525241295723932e-01 6.137969427787979271e-01 6.357070138843239349e-01 6.433508174722071260e-01 6.577093149634221092e-01 6.700727803503814251e-01 6.769726756288327874e-01 6.877527916628107807e-01 6.889295777710980895e-01 7.012109275132210051e-01 7.045860160357770852e-01 7.123722912655910955e-01
-4.696703002508234928e-03 -1.506105619915532306e-03 2.544480716207016442e-03 9.808666294365142244e-03 1.365355501675670664e-02 1.578911056980334543e-02 1.692086633672577195e-02 2.260601873568032077e-02 2.401265829340135799e-02 2.440155934001363852e-02 3.193034398973569610e-02 2.797804175318714670e-02 3.462879387902442069e-02 3.115951691224149930e-02 3.246310151697837099e-02 3.690846486516465713e-02 4.087229808613673798e-02 5.073738713725553517e-02 5.758711565288572587e-02 6.717966504946421002e-02 7.920730225443917139e-02 9.427030742716219214e-02 1.103781638094701173e-01 1.342948171546648473e-01 1.515113877634147732e-01 1.809898151470080707e-01 2.031559463643030639e-01 2.360338870597515348e-01 2.582666334726427815e-01 3.293182241615422168e-01
2.189983631737280056e-03 -4.793374833392640907e-03 -8.486183100890547226e-03 -9.644059844965182857e-03 -8.796516581286766001e-03 -1.081485553187903209e-02 -9.254587655387339767e-03 -7.835204645323366052e-03 -3.790287442107560453e-03 2.544714434066163225e-03 7.835838669932761527e-03 1.963738138314086862e-02 3.212381212043924350e-02 4.489830984136877756e-02 6.174381960401686964e-02 7.551415235612828070e-02 9.810148932909903974e-02 1.192179295233773140e-01 1.378662802571691270e-01 1.602595663859684438e-01 1.803803695114660766e-01 2.057365558790575366e-01 2.284406229795625243e-01 2.581612026540138771e-01 2.767543293512453317e-01 3.059006794148445008e-01 3.239349199733332907e-01 3.525164819251354054e-01 3.696095144586188930e-01 4.127061384095952468e-01
6.121968747508678421e-03 1.434907698396596133e-02 2.334558517615065165e-02 3.441063847413080440e-02 3.753981293987168621e-02 4.990631951986412157e-02 5.890501793274944414e-02 6.552246625209356967e-02 7.531019335426614170e-02 8.135194044568240523e-02 8.837471041355639267e-02 9.963509800749617562e-02 1.063118979630290895e-01 1.118791475398674684e-01 1.253846673155656621e-01 1.289597938497319407e-01 1.337640866070448076e-01 1.400024864214092779e-01 1.410476898730595174e-01 1.444311438692774674e-01 1.480043062879081162e-01 1.449814008201463222e-01 1.420558208113609500e-01 1.431651030768075206e-01 1.381604052406216476e-01 1.314095749794400303e-01 1.234078730930607548e-01 1.146239602717838146e-01 1.027487047519154428e-01 6.967667155296600190e-02
3.722650832595745043e-03 3.873060490860419369e-02 7.079300274234526236e-02 1.086353942244848297e-01 1.342215759866660640e-01 1.573754100966904268e-01 1.758445145376155705e-01 1.965014379142520640e-01 2.167947523202499172e-01 2.192148599917517482e-01 2.458447722059851903e-01 2.465603027734636910e-01 2.600513473723636837e-01 2.570590869765425057e-01 2.591557170129305532e-01 2.697437645364337833e-01 2.770220400703063968e-01 2.936864447407773748e-01 3.005385889141159450e-01 3.155718387627391430e-01 3.367805338009794980e-01 3.584285151204509301e-01 3.842252363351127409e-01 4.150441711864404915e-01 4.386062739217073680e-01 4.775812145892918137e-01 5.015966753344256457e-01 5.438359063179863950e-01 5.719959193115853324e-01 6.515401140845769046e-01
-5.567673090268352235e-03 -4.697436073156939507e-02 -8.254587824062817325e-02 -1.228405070702430074e-01 -1.507507160174726968e-01 -1.864607784478615748e-01 -2.165234365747892020e-01 -2.423795274504765285e-01 -2.674328611795929733e-01 -2.718525861848759551e-01 -2.983985284879998590e-01 -3.003049548015613301e-01 -3.045826841766732240e-01 -2.972625194927616676e-01 -2.836503100109966646e-01 -2.820578283973875777e-01 -2.576339327685674974e-01 -2.412106878497747020e-01 -2.180064648648441794e-01 -1.920091118857802093e-01 -1.782650095090513309e-01 -1.431766827705102663e-01 -1.212858415793142547e-01 -8.523961352492967491e-02 -6.802937194523552000e-02 -4.168613456504567660e-02 -2.176546670190514926e-02 -2.306945804552264570e-03 7.836322312514513999e-03 7.316715112418699027e-03
9.023710564139770379e-03 2.568165450153044385e-02 4.173448025476622636e-02 6.569857333832453128e-02 8.026444554717293567e-02 1.040425754624585974e-01 1.268989481366920857e-01 1.455030820625451415e-01 1.714165486464669930e-01 1.874012010200483691e-01 2.108324052724790953e-01 2.367968768323986117e-01 2.605244277457686719e-01 2.794522572740796851e-01 3.030516256312092427e-01 3.200120814143899706e-01 3.380103641882419296e-01 3.533944359474045505e-01 3.616848847911834364e-01 3.721080866038383173e-01 3.833766594230528790e-01 3.836791673829688665e-01 3.857574156490405914e-01 3.888908067211153119e-01 3.860981990031311373e-01 3.830086884416685766e-01 3.766958612676901685e-01 3.708292561206076310e-01 3.616208573732155873e-01 3.345548999212645258e-01
6.120943700218348799e-04 -1.879694942798329840e-02 -3.166824018986062056e-02 -4.074173521093402139e-02 -4.702447571841074370e-02 -5.104550279989370637e-02 -5.092682614064987512e-02 -5.088304186739067703e-02 -4.609179755508707732e-02 -3.662559855513411455e-02 -3.298235738546573953e-02 -1.318826283580640073e-02 3.774122340701437095e-03 2.485507404398364442e-02 5.050186227745643436e-02 6.656511378496768327e-02 9.846850186592494281e-02 1.217951684687703373e-01 1.436595085121760151e-01 1.685572265790701574e-01 1.879550901358866821e-01 2.138024756908017132e-01 2.339692115007896422e-01 2.601868312294665642e-01 2.754275868989265463e-01 2.990677596838555163e-01 3.129756765786326222e-01 3.349113887241552678e-01 3.464895462111147184e-01 3.721935807099946980e-01
-9.431849537185352586e-03 -2.738641833405403708e-02 -4.022199406226804885e-02 -5.305622536663765626e-02 -6.696355090043307201e-02 -7.589712098528308970e-02 -8.593722556575772442e-02 -9.212801091557518141e-02 -1.022442263719756383e-01 -1.039416311978351992e-01 -1.118593117976216383e-01 -1.165438338565646104e-01 -1.166555074259841840e-01 -1.189171304239255711e-01 -1.141666830514951325e-01 -1.148386366820129539e-01 -1.108359904240832916e-01 -1.058399573697344637e-01 -9.805663337396029744e-02 -9.023497303688213234e-02 -8.466315715607129755e-02 -7.263939943290183276e-02 -6.391508577899185362e-02 -4.465532199574756556e-02 -3.448439832320732840e-02 -1.419598114131855396e-02 1.249212743637734269e-03 2.101540832456592206e-02 3.286155580311880819e-02 7.984148826326985249e-02
1.821669119022168229e-02 3.809870922481095601e-02 6.000733361364958551e-02 8.980144971692730071e-02 1.081128550860675636e-01 1.346566930639949700e-01 1.585886712131484300e-01 1.778945256281954934e-01 2.089122848243556985e-01 2.232639016205632543e-01 2.521466017854185893e-01 2.815242987283921305e-01 3.073687611424552601e-01 3.314316868521967052e-01 3.605229479933412806e-01 3.831461658888217214e-01 4.147069912945963721e-01 4.435711425974498412e-01 4.608382880945260940e-01 4.865571218375218665e-01 5.125919629500266250e-01 5.357431502258442890e-01 5.587147305360616878e-01 5.837811346049599504e-01 5.985226765364912715e-01 6.219648895417758672e-01 6.304449559148115334e-01 6.525338164761845805e-01 6.636143741430275966e-01 6.836346752170964214e-01
-8.848217595616679476e-03 -3.462211337861148541e-02 -5.673131189393015861e-02 -8.212798145767245817e-02 -1.057671360488839085e-01 -1.249985264396963336e-01 -1.472939576306124265e-01 -1.620763396581881288e-01 -1.905015706214293614e-01 -2.009607734008246327e-01 -2.260824973871634613e-01 -2.498013403116108588e-01 -2.679386429082087906e-01 -2.929424604487074757e-01 -3.054332814687965580e-01 -3.276560396266543496e-01 -3.546119466074790783e-01 -3.746232607139857729e-01 -3.883259749878186229e-01 -4.077456091895619306e-01 -4.272339864160183964e-01 -4.467984338395373789e-01 -4.673779464643028625e-01 -4.775866475194707195e-01 -4.884842337473872531e-01 -4.994519879122120698e-01 -4.986321502295948949e-01 -5.104624124159851117e-01 -5.160733412948097509e-01 -5.051218576069672617e-01
5.518344318358717540e-03 1.993006044983429426e-02 3.172413697716125469e-02 4.641631943768008417e-02 5.158841208565666248e-02 6.297138843271403441e-02 6.933415831196154677e-02 7.652294023723338334e-02 8.224120526533171271e-02 8.337067895147592944e-02 9.096786964633517270e-02 8.893258413518163874e-02 9.186279196931471103e-02 8.586910281084104979e-02 8.734763061770267623e-02 8.525031679106302718e-02 7.697649517408408637e-02 7.488978503280674381e-02 6.967305176485200091e-02 6.506247801620382298e-02 6.250184142324288761e-02 5.347755596658870098e-02 4.680779348674205670e-02 4.479036459493140193e-02 3.858421716161397619e-02 3.204047419501790395e-02 2.865268044403205400e-02 2.013127215069063225e-02 1.193716331095552759e-02 -3.158543594763855988e-03
-2.060793879546531787e-02 -4.160546262867770989e-02 -6.119444033571834474e-02 -8.391494008583405551e-02 -1.104603504180568241e-01 -1.263362162504185204e-01 -1.494154353594921991e-01 -1.647167851002210859e-01 -1.933015562381016350e-01 -2.045914494273332884e-01 -2.324920099777224025e-01 -2.586398244469695351e-01 -2.804420243685310510e-01 -3.100262794163728408e-01 -3.249315342816627705e-01 -3.543479792754328783e-01 -3.901804984302175705e-01 -4.200341807781002856e-01 -4.424709637446726518e-01 -4.724078538131910587e-01 -5.035429931347191745e-01 -5.383017266378756771e-01 -5.758221464027623027e-01 -6.025450840138852904e-01 -6.295007739635931632e-01 -6.657662585737407213e-01 -6.817372877646901141e-01 -7.222630673626211362e-01 -7.512388482463688844e-01 -8.144957453022627636e-01
2.309198071724582330e-02 6.736259327543445141e-02 1.072501674764977098e-01 1.576775164594987344e-01 1.850739654624298791e-01 2.371477631152351107e-01 2.799940052504427124e-01 3.126720462992291782e-01 3.567814117324451528e-01 3.767884492674881125e-01 4.145557179385238045e-01 4.493976563415129077e-01 4.738303056677312108e-01 4.897664479737144916e-01 5.160258788628231397e-01 5.268712654348538527e-01 5.268492897148748799e-01 5.281141176696334538e-01 5.155861679753377391e-01 5.032802325064289484e-01 4.972330466534026217e-01 4.589523717752936882e-01 4.285758540083669521e-01 3.918261186545624053e-01 3.580364482708333629e-01 3.062947265264332475e-01 2.641020220588893852e-01 2.082993532260351277e-01 1.621450037624165841e-01 4.043662800948630287e-02
2.941305634985570336e-02 6.836986278519224802e-02 1.094398651103843656e-01 1.677310625244840814e-01 2.149962303210510572e-01 2.655636025563283265e-01 3.225454339821307581e-01 3.670105534796597735e-01 4.336052444121275551e-01 4.688539663302855875e-01 5.353478518348208093e-01 6.021392683971480420e-01 6.622735454052592896e-01 7.216292748856593109e-01 7.767641105260369994e-01 8.356207815910120518e-01 9.061770070649719511e-01 9.685448013752311347e-01 1.011205209918984327e+00 1.065533727011964249e+00 1.124526372279289310e+00 1.174221868856808015e+00 1.230039228467893819e+00 1.278321909394411815e+00 1.317740978819184505e+00 1.373212531237245848e+00 1.397471814997563344e+00 1.459358084941901446e+00 1.495659315835256464e+00 1.585410303250587294e+00
-2.622419528800762692e-03 5.125040899650381079e-03 9.891239078934625784e-03 1.654377454139147052e-02 1.738169837439697621e-02 2.101496028891823575e-02 1.941547261109381056e-02 2.431769376170515862e-02 1.677023644626233351e-02 1.214373991086720520e-02 9.515931836404385030e-03 -7.934956082067064903e-03 -1.540280874365696287e-02 -3.855387490108501403e-02 -5.285319004962407002e-02 -6.833901592708752082e-02 -9.586510955167387715e-02 -1.134385096201118853e-01 -1.312243484320166909e-01 -1.524061114895351454e-01 -1.689009139597111575e-01 -1.923986875851354528e-01 -2.135612351466072145e-01 -2.266422314885993550e-01 -2.387194489301880662e-01 -2.514941332689293874e-01 -2.535421961525186063e-01 -2.655203249201407156e-01 -2.717869920760811464e-01 -2.646458968047336047e-01
5.146661405958488644e-02 1.256669838691024110e-01 1.967099300878913104e-01 2.940699782740681112e-01 3.687087113422011786e-01 4.513775115501752477e-01 5.423909468228419462e-01 6.113693660352687020e-01 7.150443033923860048e-01 7.659127342107064917e-01 8.701560392851412917e-01 9.666789506297898127e-01 1.052735411320657288e+00 1.139820993592529863e+00 1.214133070247217949e+00 1.300635880231211683e+00 1.396568158471598764e+00 1.481839401244392951e+00 1.538347716993600844e+00 1.610806782367230072e+00 1.691452491010393633e+00 1.755855881127102114e+00 1.830531064252076234e+00 1.889576090179636569e+00 1.939172111069036752e+00 2.006219695193839581e+00 2.030936843596212071e+00 2.106887191505580681e+00 2.149418645771326908e+00 2.244229070296007933e+00
3.186804502209607259e-02 7.886696709359994339e-02 1.252699436524131460e-01 1.867031149880834517e-01 2.321201780127947478e-01 2.834261228434118429e-01 3.362026371102180833e-01 3.777238333659556635e-01 4.399572692892658177e-01 4.678216619944842725e-01 5.315317603303333360e-01 5.845621393475181060e-01 6.371327339001182644e-01 6.840901919027915223e-01 7.294256484869736656e-01 7.806612843837261728e-01 8.381602828366814251e-01 8.927045281160550516e-01 9.289373197318848696e-01 9.774288159534494369e-01 1.031191151294406527e+00 1.076570341109536422e+00 1.128781614655488985e+00 1.176004727509562198e+00 1.212719713547435907e+00 1.265670457433238916e+00 1.288824458242260107e+00 1.346143715821134901e+00 1.379931180973683391e+00 1.462065969052188441e+00
-4.687670615825615880e-03 -1.881828907709847537e-02 -2.988158477946753488e-02 -4.336284032628785756e-02 -5.933285973568000471e-02 -6.938587645758172162e-02 -8.304186152618360517e-02 -9.293907426905494151e-02 -1.084446912975148697e-01 -1.136634464463598948e-01 -1.301035052993961272e-01 -1.409908416060561553e-01 -1.514836735653777855e-01 -1.643185559655157557e-01 -1.659285770265380155e-01 -1.788089023218933926e-01 -1.901832008903139026e-01 -1.977052709726335455e-01 -2.029557455428580293e-01 -2.088053724423816482e-01 -2.165238159312845023e-01 -2.227371333002751419e-01 -2.311790507064668820e-01 -2.300293680505666738e-01 -2.351072141930649895e-01 -2.371264852757948294e-01 -2.364522643794096379e-01 -2.420187282402310736e-01 -2.472867073209144007e-01 -2.510743379547313303e-01
1.268041304742747663e-02 4.863671232577071457e-02 8.029012845697905409e-02 1.218603209244569219e-01 1.469257975798637372e-01 1.812822507798391991e-01 2.133603381439487801e-01 2.384199439983725188e-01 2.741755395481676461e-01 2.895834949213063059e-01 3.249964711249685445e-01 3.537548859670186507e-01 3.797722373022464626e-01 4.013828201973695942e-01 4.259586636262500670e-01 4.481354584972941923e-01 4.707441046192332168e-01 4.915876004948173117e-01 5.027794627430066665e-01 5.189564720909667361e-01 5.368146163881477584e-01 5.451487216843731165e-01 5.549335044281848983e-01 5.639410545719204526e-01 5.654475045628868379e-01 5.670473097617889646e-01 5.616467821221710066e-01 5.605780133632953799e-01 5.523340507052046933e-01 5.192453576436270035e-01
-1.765183318627560477e-02 -4.161446607081527305e-02 -6.416802552672383475e-02 -9.100195464586409433e-02 -1.157370823776458085e-01 -1.377435828809895901e-01 -1.630129971442000891e-01 -1.793383139394742198e-01 -2.097153544269530490e-01 -2.207353582354705246e-01 -2.487254838376190547e-01 -2.767748622435090011e-01 -2.959580442989934723e-01 -3.230477843234751401e-01 -3.396763784207296744e-01 -3.635422112404410599e-01 -3.937383578714515053e-01 -4.163136229949181977e-01 -4.310513879981332508e-01 -4.517326407853207715e-01 -4.736638886463042653e-01 -4.947938435344393371e-01 -5.176976749904856900e-01 -5.278432842580705886e-01 -5.412242525943284921e-01 -5.557121487551671679e-01 -5.560779213788851205e-01 -5.733510808664541436e-01 -5.831888550461218346e-01 -5.944325321338741475e-01
1.402310448823118789e-03 -1.943182679239184585e-02 -3.884101695338852689e-02 -6.120663864435483409e-02 -8.140058103003033896e-02 -9.109973492258906236e-02 -1.034240666773081629e-01 -1.137060172145394482e-01 -1.305353523346802769e-01 -1.299935446501677694e-01 -1.535289194176617245e-01 -1.564912952062340323e-01 -1.676519959871330678e-01 -1.781908480559034891e-01 -1.761222205984117328e-01 -1.963897728573925083e-01 -2.177958252595726119e-01 -2.408118151013891040e-01 -2.601062535644638740e-01 -2.864482246856191461e-01 -3.165634205869075624e-01 -3.583939534451072717e-01 -4.025118985807323302e-01 -4.409899145178556301e-01 -4.792432447919848792e-01 -5.335349423249104994e-01 -5.667801061866237777e-01 -6.275789819273356329e-01 -6.744115333073292806e-01 -7.865512109769730031e-01
4.640783953440865209e-03 2.998622260959426383e-02 5.122530161887114963e-02 7.009581470126131919e-02 7.799809584568946630e-02 9.272957373965670658e-02 9.820460851182827300e-02 1.035753242878298952e-01 1.080395997088922228e-01 1.050200992623392671e-01 1.062685790182978929e-01 9.931299575871659069e-02 9.345699198293531962e-02 7.818883513197684432e-02 7.618949257107718309e-02 6.439605691746819183e-02 4.702295525359365125e-02 3.768802510004176654e-02 2.333956149819388370e-02 1.161732674268710179e-02 1.358964087074818541e-03 -1.754700069680945052e-02 -3.507767164557209355e-02 -4.783299722997168962e-02 -6.590552439673028062e-02 -9.184292548138860146e-02 -1.107469297927517748e-01 -1.428998831147697546e-01 -1.705591523048347324e-01 -2.546354847832228430e-01
1.528275209873251536e-02 3.857345050155280147e-02 6.286969764722299958e-02 9.155347880368500113e-02 1.117881097715876237e-01 1.376630613440605888e-01 1.617621980774723855e-01 1.802922806831062097e-01 2.091676574432037028e-01 2.219884823045108480e-01 2.484892129512494829e-01 2.740616977467859039e-01 2.972377237470578693e-01 3.168467570641294584e-01 3.427023457838025422e-01 3.636542040833756761e-01 3.890669999645041122e-01 4.142814887475125829e-01 4.295711565335937898e-01 4.519822016373512552e-01 4.758359126959832430e-01 4.926011684423841075e-01 5.124152662175124329e-01 5.327697334822305564e-01 5.440895280820232660e-01 5.610973953871030151e-01 5.649186966711987612e-01 5.806966013420602479e-01 5.856171022079132982e-01 5.927363918990791181e-01
-9.694601871209244243e-03 -2.978289369759428221e-02 -4.867969501182048409e-02 -7.072888712629407659e-02 -9.452256882347072342e-02 -1.121758940982996305e-01 -1.352174879733244461e-01 -1.507158643800056985e-01 -1.791131127163442527e-01 -1.903274689205696757e-01 -2.175111641435543142e-01 -2.421774986045041600e-01 -2.636028948725442911e-01 -2.911384438626167803e-01 -3.054617025722898838e-01 -3.323562471684703423e-01 -3.630013221340669394e-01 -3.881211470108804629e-01 -4.069813143352657980e-01 -4.315770825782048736e-01 -4.576206090417462291e-01 -4.838624852720837533e-01 -5.139858253355951145e-01 -5.327456334769682389e-01 -5.533829222042423446e-01 -5.791786648940437932e-01 -5.887270009435603413e-01 -6.189059085766503987e-01 -6.392939581288807904e-01 -6.806454690141635622e-01
-2.185254031199825725e-02 -6.571708325287269059e-02 -1.014460618612701148e-01 -1.445295756810785481e-01 -1.840336099817325155e-01 -2.196415312345028070e-01 -2.605165326790264135e-01 -2.898266118985926010e-01 -3.345509881139394626e-01 -3.535015868429171038e-01 -3.967161447981893407e-01 -4.327852215295146521e-01 -4.631835152970569802e-01 -4.968567526489964803e-01 -5.143646227801028648e-01 -5.465748904536305020e-01 -5.758677040513104917e-01 -5.986570191115987427e-01 -6.113917488060400807e-01 -6.282779859683688128e-01 -6.489929246621048975e-01 -6.588836081107429798e-01 -6.744191248212721979e-01 -6.743250676813308253e-01 -6.793963795638557901e-01 -6.791003561638677688e-01 -6.699369849439407165e-01 -6.735658647474342953e-01 -6.724087396917339809e-01 -6.516470259434472556e-01
6.041712784664402328e-03 4.167383943496454080e-02 7.144774276367876764e-02 1.061422556563983433e-01 1.261113170025076335e-01 1.541678136768227791e-01 1.735835008075061747e-01 1.948593051303497969e-01 2.095529315882552757e-01 2.125231227485075980e-01 2.294116059445673872e-01 2.252436078800848507e-01 2.273381502919241959e-01 2.113327385640083045e-01 2.034644723708974312e-01 1.945545515380576740e-01 1.683960530877902095e-01 1.542313116758697589e-01 1.314472357691037485e-01 1.082361079763776018e-01 9.361052533377688112e-02 6.085941682599271818e-02 3.570089582292631375e-02 1.201354722547224446e-02 -7.504524579128559608e-03 -3.219380696024162769e-02 -4.769748439283455488e-02 -7.149756578744741187e-02 -8.887147731602142164e-02 -1.135440225871558739e-01
2.411479641877337446e-02 4.826588158354111480e-02 7.544348257349753339e-02 1.128319235041890106e-01 1.378166762467064321e-01 1.690695241048147390e-01 1.992247761336699841e-01 2.232641538895908107e-01 2.623072986310442944e-01 2.802198384829343580e-01 3.194220124565326779e-01 3.558558907995262865e-01 3.902073107012115072e-01 4.230208470462821779e-01 4.584064200406712253e-01 4.919998910733907049e-01 5.369374808780603692e-01 5.793494511271112257e-01 6.077930114206469003e-01 6.471649959182755873e-01 6.884572947489511208e-01 7.296371298980610653e-01 7.728450014074658148e-01 8.160365303212855359e-01 8.478938179776777107e-01 8.953537518545272578e-01 9.189032440513155153e-01 9.690406806494046288e-01 9.994325537053000419e-01 1.072424891403617853e+00
8.170446548482732801e-03 2.757513339065403510e-02 4.638637866829227463e-02 6.955243390562294847e-02 8.674710220607621813e-02 1.053122888466775514e-01 1.223172422269095116e-01 1.380764885544554788e-01 1.579725420637836941e-01 1.679844337924867315e-01 1.871697222833697549e-01 2.023349953510623911e-01 2.195231351318425728e-01 2.301543548786662563e-01 2.452272594893488700e-01 2.583243433229925889e-01 2.733269261714398324e-01 2.901587987104938815e-01 2.989721168406295204e-01 3.129072908641288286e-01 3.285089920340619196e-01 3.398311123388989552e-01 3.532356180305844529e-01 3.699685047422572870e-01 3.789482920094528473e-01 3.942546595897378214e-01 4.015833367491956629e-01 4.165469686267041505e-01 4.236195961412881905e-01 4.414954956482244897e-01
-3.076006710232394650e-02 -5.935878721592752899e-02 -8.890491913387540968e-02 -1.254781690796891724e-01 -1.644626831506645070e-01 -1.962953625830916593e-01 -2.360483504321456427e-01 -2.646486240378628230e-01 -3.126751858799260431e-01 -3.365390312611681312e-01 -3.809393035663615756e-01 -4.283722558204281494e-01 -4.674315399431317464e-01 -5.136594993296361711e-01 -5.445581434099280305e-01 -5.877205584887957857e-01 -6.401765280469201569e-01 -6.835424870030589739e-01 -7.133074935002007289e-01 -7.525285281608546928e-01 -7.954903926601385455e-01 -8.351324650033555841e-01 -8.821706681755825397e-01 -9.123255862325059251e-01 -9.458178091438719237e-01 -9.894635973496852532e-01 -1.007774513446882292e+00 -1.059747198995161011e+00 -1.096583340503235693e+00 -1.183885318168298895e+00
4.346434580749131658e-03 -1.182648520166960926e-02 -2.353672066071849783e-02 -3.524480449353353112e-02 -4.764917032797174462e-02 -5.764500137235049892e-02 -6.892171508685793202e-02 -7.536301734496395066e-02 -8.786671394177766881e-02 -9.070314368258183824e-02 -1.009752897485991369e-01 -1.086351062440211873e-01 -1.129868863934387485e-01 -1.194806049851018515e-01 -1.191118999440266280e-01 -1.245306653372056788e-01 -1.253730000071734962e-01 -1.233824442163904134e-01 -1.206110153729404028e-01 -1.169231896925929659e-01 -1.144137607218400216e-01 -1.047877589846789859e-01 -9.751764514472030521e-02 -8.069971545358334275e-02 -7.062331300146174051e-02 -4.991518374193552876e-02 -3.288775075264493974e-02 -1.074211601378211901e-02 4.464260700540529508e-03 6.463457463224529798e-02
-3.219642103526315635e-02 -6.590217691301822334e-02 -9.885660336232439394e-02 -1.443564543074751794e-01 -1.862205156681037421e-01 -2.253529596699283544e-01 -2.742795275555476309e-01 -3.065947220999350464e-01 -3.681260437383727657e-01 -3.970250278850047110e-01 -4.562361636086683103e-01 -5.202867845885621456e-01 -5.722361824974258049e-01 -6.378485115831193930e-01 -6.846750906601971609e-01 -7.446680631494611013e-01 -8.198576843586706797e-01 -8.791690023732100512e-01 -9.245808589647418474e-01 -9.816062662946670736e-01 -1.038603142103583288e+00 -1.095546322400273276e+00 -1.154132495204721387e+00 -1.197255294720595220e+00 -1.235918101334240182e+00 -1.285748521054157933e+00 -1.303190882044760412e+00 -1.357564068927957113e+00 -1.391302497304576669e+00 -1.452681969596388178e+00
2.701070293064075471e-03 -9.082361659659690320e-03 -1.795843143781243947e-02 -2.640891574906312558e-02 -3.499097178548479792e-02 -4.243468923970766110e-02 -4.998345314045887777e-02 -5.458307366062067206e-02 -6.152327966102338203e-02 -6.104462875877286754e-02 -6.740222380177826600e-02 -6.745717304954568228e-02 -6.706122418690119158e-02 -6.661017231310187303e-02 -6.018790298910764447e-02 -6.015972886734699543e-02 -5.386250563986896139e-02 -4.734534387087836749e-02 -4.032615516435984759e-02 -3.203999611088928501e-02 -2.619889820362231517e-02 -1.510324135584372417e-02 -7.467817836976047355e-03 9.196213107636776185e-03 1.700855070548741230e-02 3.280208092496546962e-02 4.485478868385903151e-02 5.943000098826882460e-02 6.768386667477081786e-02 9.645811407031931739e-02
-1.236007187688447848e-02 -1.516850144406958062e-02 -1.795278026281493799e-02 -2.289993511692438311e-02 -3.472378104267421356e-02 -4.010458047961751316e-02 -5.268740405426101947e-02 -5.984276760772708204e-02 -7.547189511357971226e-02 -8.470039311405180849e-02 -9.916374601340255390e-02 -1.188466146926655115e-01 -1.339060167797039291e-01 -1.563688999676527414e-01 -1.668112748428980663e-01 -1.863291492873920818e-01 -2.093649927866908511e-01 -2.252278930208466701e-01 -2.398301592928316628e-01 -2.554607639629655202e-01 -2.713509524461610312e-01 -2.870701587464247195e-01 -3.050579410591152119e-01 -3.134718437135534108e-01 -3.262971754600039187e-01 -3.410240772272952192e-01 -3.473609584469272704e-01 -3.658739161229686010e-01 -3.809145175109497350e-01 -4.146281194137932946e-01
4.210165898554366765e-02 1.047970718879473045e-01 1.662903322565335296e-01 2.491063368566528435e-01 3.104406185822375930e-01 3.791358085301402836e-01 4.508934542732363493e-01 5.078339720234347210e-01 5.907668717321241658e-01 6.286367412098806673e-01 7.140252530516959517e-01 7.847527831155087785e-01 8.532505888750270273e-01 9.167340237294541172e-01 9.727765940241335230e-01 1.040314312017982523e+00 1.114982934033757145e+00 1.184418159804744963e+00 1.230119072455137186e+00 1.290496440128258815e+00 1.358746717009406080e+00 1.417091565148486998e+00 1.483958111093600429e+00 1.542191474294263287e+00 1.590125227304835631e+00 1.659491118903213325e+00 1.690794371542778229e+00 1.767953948988477020e+00 1.815050858777769616e+00 1.935343700027926328e+00
5.911715412551740711e-04 -9.329251625867191616e-03 -1.742716399925948317e-02 -2.497214328378954962e-02 -3.170164451985307830e-02 -3.949278098809604065e-02 -4.688295757974357547e-02 -5.078397265809778821e-02 -5.781209224376315792e-02 -5.782890402925750656e-02 -6.349650569439367620e-02 -6.573974920822255041e-02 -6.502760126647424976e-02 -6.624703446124974304e-02 -6.199110623635692430e-02 -6.232028123395624841e-02 -5.775384892845374096e-02 -5.195994877117147970e-02 -4.569057791063451529e-02 -3.813146433172518585e-02 -3.281843947752522556e-02 -2.235795153956241302e-02 -1.486195686093185267e-02 2.001288362709813945e-03 9.794656210266329197e-03 2.591313061458929909e-02 3.920500619979540996e-02 5.410690637539924269e-02 6.322585804375319141e-02 9.416982356301857593e-02
1.048162676565522408e-02 1.197995844342614191e-02 1.765227920119293373e-02 2.708285780394688314e-02 3.650109330351908321e-02 4.417297888482402818e-02 5.383085621586929798e-02 6.476620054222860523e-02 7.778702407034820965e-02 8.696008615116412876e-02 1.023072980862803627e-01 1.163894865301360326e-01 1.355097632291886733e-01 1.495590904318818692e-01 1.663575486167168105e-01 1.840195870810772405e-01 2.084306248417960583e-01 2.331647431800290826e-01 2.516146222465073246e-01 2.754970703878303340e-01 3.006124080351469940e-01 3.282534906440732758e-01 3.576724736485329403e-01 3.911035825849540903e-01 4.168603146861522557e-01 4.567753261289964062e-01 4.823060511255610749e-01 5.265971957309447671e-01 5.561959897847872369e-01 6.417530718168767967e-01
3.758046132333950351e-04 -1.225107011211091709e-02 -2.066809593498623171e-02 -2.928931403088744917e-02 -3.685290447171482575e-02 -4.035867921885531728e-02 -4.371465601330377926e-02 -4.859690480713755451e-02 -4.714589554471183830e-02 -4.139281425636794076e-02 -4.500680317596383873e-02 -2.978482906331663890e-02 -2.144997953243970093e-02 -7.635947647888011169e-03 1.552143163778776577e-02 2.213174807872652500e-02 4.454825675017800440e-02 5.982748468212919363e-02 7.323355697164442291e-02 9.007970170237114549e-02 1.000339455223477336e-01 1.137606737005750768e-01 1.206938640054650569e-01 1.341031214371510294e-01 1.349443899001916691e-01 1.355025845126073825e-01 1.327962236749783975e-01 1.274711694056008260e-01 1.161004177998759546e-01 6.741137069527465553e-02
1.074108146130827585e-02 4.128425013239192531e-02 6.873698475667575081e-02 1.029048752037282632e-01 1.249088651679331752e-01 1.546091281533949757e-01 1.795252133949592488e-01 2.018422080951298714e-01 2.281670272787554299e-01 2.392459356380490787e-01 2.655531539489948134e-01 2.824317953611605869e-01 2.999512546422107850e-01 3.074121747887834655e-01 3.212892536616522854e-01 3.312180226827398100e-01 3.359699103072110171e-01 3.449026936361960782e-01 3.431484768011611175e-01 3.447218598336252993e-01 3.511589256455002195e-01 3.433462383780618299e-01 3.407107435340879231e-01 3.376926525291689130e-01 3.327582348303557702e-01 3.257118662183327018e-01 3.173320776768111529e-01 3.109418828479035279e-01 3.018342160612142999e-01 2.806709359933905468e-01
-5.401375558014891165e-03 -1.080595126457767861e-02 -1.592080261633620208e-02 -2.085738740901139920e-02 -3.028725574142826157e-02 -3.659017697522158608e-02 -4.789825414133340453e-02 -5.341475372640069885e-02 -6.470979359990228219e-02 -7.083140890810914192e-02 -7.995437570709468256e-02 -9.351255350351134199e-02 -1.003474817077202319e-01 -1.147515419952016974e-01 -1.189350579174896089e-01 -1.301229722105600728e-01 -1.405492846749642200e-01 -1.465633231503964129e-01 -1.514339968407643622e-01 -1.561498171056441564e-01 -1.623023506064706911e-01 -1.648731027349205069e-01 -1.710625027357650652e-01 -1.668418485010962071e-01 -1.695897461590034350e-01 -1.703881304296833432e-01 -1.663233808360228549e-01 -1.706114797614443068e-01 -1.734977030998394454e-01 -1.842084315833200092e-01
-4.092976354785510945e-02 -9.402846466537534420e-02 -1.456721310007384751e-01 -2.143500620536814560e-01 -2.762543507093388473e-01 -3.353048480684922561e-01 -4.039091306141481819e-01 -4.542923837372487283e-01 -5.359957067448988255e-01 -5.751251126372469713e-01 -6.549914436004670160e-01 -7.308676082776927041e-01 -7.979619217942565124e-01 -8.707263626616160712e-01 -9.226271303556602410e-01 -9.929815200859245516e-01 -1.072456918050765484e+00 -1.139583015615506678e+00 -1.185559944979307057e+00 -1.244574616872220485e+00 -1.309899594813349388e+00 -1.365546135664737148e+00 -1.431652174977431358e+00 -1.475401745317945101e+00 -1.520681706619329443e+00 -1.578598715474929026e+00 -1.601871376681055725e+00 -1.670538875218431141e+00 -1.716741295465320949e+00 -1.821409979401235724e+00
-3.175830701159303160e-02 -2.401415109519993221e-02 -2.461798086212602446e-02 -3.798261538985449326e-02 -6.188199867803603760e-02 -8.430875448362082358e-02 -1.270024361939392499e-01 -1.493906662197712620e-01 -2.072343549988134859e-01 -2.498972496638428020e-01 -2.991019977640928529e-01 -3.883714625740501414e-01 -4.533610092159157112e-01 -5.484373966920288446e-01 -6.204639219176890652e-01 -6.952101304460457376e-01 -7.998757039057889928e-01 -8.754177885482098409e-01 -9.401421346364915443e-01 -1.013778889670937211e+00 -1.080361226823142617e+00 -1.149609935121418403e+00 -1.218022949907229480e+00 -1.267634410391679456e+00 -1.311515628800620226e+00 -1.365763315772298370e+00 -1.385551475843720404e+00 -1.445599616050039504e+00 -1.481373533685401256e+00 -1.550335868647995108e+00
3.611069261292395444e-02 1.137366347438503039e-01 1.851833305154336473e-01 2.762434585573286250e-01 3.428642244557654761e-01 4.182099995558242189e-01 4.910996835950854900e-01 5.524276513181081150e-01 6.318356729416705342e-01 6.651539672421956650e-01 7.460256517754192407e-01 8.029025017235207340e-01 8.593899489449940976e-01 9.011016137314971086e-01 9.397547366576917138e-01 9.880735674021161596e-01 1.029579689885709026e+00 1.073560744210011020e+00 1.091930683443497863e+00 1.121487451391307566e+00 1.163573020229721422e+00 1.182162848791228349e+00 1.212833225679383897e+00 1.234761620550160810e+00 1.254096726963161768e+00 1.282719994064230873e+00 1.289169972741633252e+00 1.323669393483123180e+00 1.343136326856272822e+00 1.395631827931555602e+00
-3.385886160076487066e-03 -1.013987458024885949e-02 -1.722700800411093233e-02 -2.436220874484266302e-02 -3.445056338748393732e-02 -3.676240984105017678e-02 -4.211506576444169758e-02 -4.661776972237118705e-02 -5.236449448421776065e-02 -5.053361848470219742e-02 -5.950562571504530024e-02 -5.796183522384053266e-02 -5.986823480420668669e-02 -6.293065328994595919e-02 -5.550300987973019740e-02 -6.303921868585810051e-02 -6.855758925170318818e-02 -7.473566874937186133e-02 -7.999734388734433543e-02 -8.779782384801015915e-02 -9.873402603217105999e-02 -1.145803030438198589e-01 -1.340268050545068979e-01 -1.469351248973026214e-01 -1.651412359756400106e-01 -1.933944175076522387e-01 -2.098778660969200238e-01 -2.434299041499232708e-01 -2.712035060860642499e-01 -3.564742445066339527e-01
