8.611444048220545655e-02 7.183161457415829232e-02 1.271556357328132436e-01 2.065890473003643146e-01 2.035918017044416606e-01 2.601585319395129936e-01 2.805510156904850172e-01 2.807253859873278801e-01 3.371823739363030148e-01 3.742647532940712729e-01 4.043280644371999299e-01 4.438036800003299920e-01 4.677201213407576885e-01 4.792908789405991854e-01 5.438552201162436539e-01 5.473642402973324383e-01 5.422851389770488861e-01 5.425054276340166570e-01 5.787339560151718576e-01 5.747310956295914597e-01 5.778430755693819698e-01 5.664784766585756470e-01 5.479710149558260079e-01 5.368129176355115328e-01 5.047872459602733564e-01 5.220874250418598983e-01 4.898281556965310979e-01 4.818773090294087291e-01 4.854399643158957556e-01 4.563556031599613760e-01
3.141096681772317933e-02 4.450079442224799675e-02 6.123575082738921815e-02 1.019775767992678189e-01 9.005917876408593703e-02 1.227287590392165256e-01 1.256513707505487187e-01 1.414651107593229984e-01 1.495367574377116093e-01 1.674285698207941819e-01 1.889952336881807193e-01 1.902988177280859894e-01 1.922456500431492521e-01 1.995510312011984921e-01 2.198232753555031671e-01 2.202194480179542335e-01 2.066769445636291169e-01 2.246263487107234558e-01 2.540307060203059741e-01 2.409536939731409533e-01 2.460582856362236170e-01 2.329885012924151622e-01 2.294676889951474119e-01 2.271281606517987495e-01 2.165069047720967199e-01 2.155231945361260892e-01 2.240456517957885585e-01 2.217412466771426227e-01 2.238771143312904277e-01 2.261933126689255058e-01
-1.621751252730537635e-02 -2.292101470231200366e-02 -4.260746539664696242e-02 -3.463139505997821915e-02 -6.458954477121198190e-02 -5.884547481910795685e-02 -5.648447883602365771e-02 -6.969121755571966448e-02 -6.719675805777325373e-02 -8.016386756205627628e-02 -7.979015283520141111e-02 -7.463503835833200373e-02 -6.434347134507953370e-02 -6.078901814279483173e-02 -4.906483495611948381e-02 -6.595146653872718812e-02 -5.399544706170489317e-02 -5.369976059409801300e-02 -4.955996020376646216e-02 -1.861363621316624098e-02 -2.474910377860327013e-02 -3.085519657847188291e-02 2.255529663491500497e-03 4.574426152025974635e-03 3.216394538298701644e-02 1.934116382343401691e-02 4.825263133619728945e-02 6.080836044702388199e-02 6.168321951248121465e-02 1.138454012842435026e-01
-1.316190334171634183e-02 -1.053583240153588806e-02 -3.936441572339962475e-03 1.778747173533143724e-02 -5.280355322989430805e-03 1.957036957829955820e-02 7.683104421350872223e-03 6.346641315460820748e-03 1.296515063431435619e-02 8.572037793902779687e-03 2.766195351438437144e-02 1.930022231935818108e-02 2.233555771859641395e-02 2.725653702493525954e-02 4.006543055004183063e-02 1.756490137894773165e-02 1.786537493313099939e-02 9.360768961823313916e-03 1.040257544918676141e-02 2.952199029818603285e-02 1.416909937688320964e-02 1.381977956222105175e-02 -6.568720723589785426e-03 -1.189735397245537951e-02 -2.647442862315957726e-02 -2.906180844476667635e-02 -3.882022769802861289e-02 -5.088979471886996564e-02 -6.000361622498136954e-02 -7.624304698014779114e-02
1.875818853585732235e-02 2.657490745351934885e-02 4.331123510580298791e-02 7.377282101434506911e-02 6.688011793559101026e-02 1.018799179090492946e-01 1.090430355463322398e-01 1.057776313304555904e-01 1.212663684951777593e-01 1.308020283636270042e-01 1.565970652451564860e-01 1.541579002792379249e-01 1.651111125429070570e-01 1.582030857331191975e-01 1.891423981550138522e-01 1.713811361433217884e-01 1.644989204976186614e-01 1.588978835069886353e-01 1.788541174153855384e-01 1.810319394263781023e-01 1.673827048663903416e-01 1.709265633972748555e-01 1.555698218040188763e-01 1.362179903241256818e-01 1.279564308033768194e-01 1.241565243594750234e-01 1.108829085113337831e-01 1.090841858306615397e-01 1.097033785833136099e-01 8.443316371253978270e-02
7.796443580650946892e-02 7.492600394200568670e-02 1.089786062969382019e-01 1.584171850722115304e-01 1.839240913377110098e-01 2.324516972023585315e-01 2.205989984042165952e-01 2.426357588794890718e-01 3.132120048235272902e-01 3.294477738067923545e-01 3.503587278356066204e-01 3.995486035408298831e-01 4.012072167905667563e-01 4.529139892475433915e-01 4.946376478662102283e-01 5.187115521112263261e-01 5.101456783215888580e-01 5.676309738979092856e-01 6.336226652286559569e-01 6.074544663734103844e-01 6.452953119537656601e-01 6.321865002691908764e-01 7.164478197190363717e-01 7.414331405816800835e-01 7.772136159809742706e-01 7.755076545308273728e-01 8.239868811478230359e-01 8.556613738258452839e-01 8.790196143175601495e-01 9.322570379788649442e-01
6.179282978682398147e-02 5.858484980395454317e-02 1.032064580836315193e-01 1.525361609227475768e-01 1.635744809229368601e-01 2.055939513870051749e-01 2.085042660024444827e-01 2.264416741515947740e-01 2.612117054672215000e-01 2.961801703546618758e-01 3.157303043723331815e-01 3.395627924398579855e-01 3.518959284840363910e-01 3.759976078100876196e-01 4.089765025617278504e-01 4.246810292662400732e-01 4.126849856277423623e-01 4.469173894719401519e-01 4.888035122577993330e-01 4.700907502587129971e-01 4.982258786740451084e-01 4.812997973095304305e-01 5.054620019823079513e-01 5.161254422264106578e-01 5.129382633092702815e-01 5.155288974562401982e-01 5.179099213321118889e-01 5.237406369861064004e-01 5.393829083319664486e-01 5.210675828777558971e-01
7.522021117268276949e-03 1.207215809595661889e-02 1.066858469971526495e-02 1.287002712292183160e-02 1.358212692846366004e-02 1.337802794443166028e-02 1.449491029569545224e-02 -6.724813013768897105e-03 -9.352693431705898924e-04 6.031399097831822292e-03 8.466516520203758861e-03 1.410193600401219924e-02 1.424293397130067459e-02 2.085119939900879904e-02 2.000667277070869096e-02 1.947492039904014788e-02 2.570998829208284708e-02 3.646363451815642226e-02 3.786886004047522458e-02 5.556282540441919576e-02 6.246733453636237748e-02 5.465223514419938200e-02 9.012250752774558782e-02 9.431333215587967000e-02 1.205260052615728383e-01 1.090685871064013823e-01 1.330986161484852548e-01 1.382317469876106764e-01 1.451382376695577459e-01 1.788671919985648506e-01
-1.981794504192170223e-02 -2.452042840529652240e-02 -3.272949033082694914e-02 -5.340171452061680951e-03 -3.895619420961450585e-02 -4.529630330207310568e-02 -2.181999821994344557e-02 -2.394650461854318929e-02 -6.203411043586642276e-02 -4.475396266357337116e-02 -5.526496019019596501e-02 -5.503259786737989268e-02 -4.117884313735171997e-02 -6.172956347334455918e-02 -4.477244028957111377e-02 -5.033813310204862668e-02 -4.116789327902131701e-02 -1.657854754045830215e-02 -2.021943647011650858e-02 -1.176579114781714508e-02 1.738442546899475472e-02 4.126216370150009860e-03 3.454934977949125630e-02 6.114130387785433884e-02 6.305825351898969311e-02 6.490360198765185440e-02 1.057388105213808438e-01 1.148137584886345375e-01 1.230027091969751601e-01 1.598726118068806712e-01
2.825101196999303330e-02 1.127139141747395858e-02 2.117221037716569138e-02 5.526970605698678513e-02 4.447567931143774078e-02 4.477160636993937626e-02 5.612135958208185060e-02 3.608705924549761301e-02 8.105605865114394459e-02 9.369369025054213873e-02 6.426735713338765921e-02 1.093316289515925410e-01 1.083740326738569515e-01 1.025178199376211019e-01 1.220194949835890774e-01 1.258735474513045793e-01 1.239957845047120616e-01 1.517670788663142423e-01 1.641989054212695254e-01 1.586040308173095603e-01 1.710565595858640764e-01 1.639532790339818247e-01 1.774680970896169441e-01 1.774876714621403673e-01 1.831312378956015952e-01 1.746334761906940813e-01 1.770553282611616597e-01 1.769068089162135760e-01 1.865057988197826033e-01 1.736109429082554056e-01
5.625189706341351785e-03 2.914868482590236842e-02 5.264543036765285955e-02 7.675376085823495953e-02 8.732848200482713763e-02 1.301966910092910157e-01 1.106325688365535076e-01 1.234945291064823425e-01 1.314874434340350395e-01 1.410004749452748452e-01 1.772261749482315074e-01 1.499059711110977133e-01 1.588623107945327795e-01 1.670158065585111706e-01 1.758434154671995597e-01 1.738716444892596247e-01 1.450151799835014133e-01 1.640686965251947349e-01 1.874469901817349959e-01 1.753240793417221999e-01 1.896388241738936054e-01 1.696786683207139879e-01 1.889710401513652605e-01 2.283044825877546535e-01 2.140054232498817266e-01 2.260864225198520872e-01 2.675117906157299386e-01 2.837750267389121395e-01 2.912627221212471529e-01 3.518824615817855439e-01
-2.880711044350319633e-02 -3.581491992954093789e-02 -4.538738646156187384e-02 -5.864808078668609648e-02 -5.885395365684998464e-02 -7.256094164844674455e-02 -8.258851789752529038e-02 -1.040806998494463731e-01 -7.898160637247761406e-02 -8.950642456037287420e-02 -1.121163003422049748e-01 -8.935075631960576192e-02 -9.734721229336115722e-02 -9.693424751869927913e-02 -9.469226871919421418e-02 -9.987894232087879409e-02 -8.730397932521009874e-02 -6.485343172802444933e-02 -6.478693097363824593e-02 -5.505258262073332853e-02 -3.803925158431829823e-02 -3.794804814765178475e-02 -7.725716229087149084e-03 1.652831290606349146e-02 2.206394494074869622e-02 1.841436915646072620e-02 5.180115819781617309e-02 5.371633732305000630e-02 5.816835503984709582e-02 7.505086962003316986e-02
3.542772026495770443e-02 3.120638605422692419e-02 5.511246813288894764e-02 7.299071230746381755e-02 7.284138107700599551e-02 1.013456574774756480e-01 9.874047791135698304e-02 8.329523982542819116e-02 1.302519142623732029e-01 1.558500454069050856e-01 1.635201122879928748e-01 1.972129908972834467e-01 1.744195308970209468e-01 2.011516070119355182e-01 2.306373236278540517e-01 2.339234622956621323e-01 2.315458708273303579e-01 2.707793254232269131e-01 2.751985453721953467e-01 2.623541077384767828e-01 2.852203361868433373e-01 2.882137733983063388e-01 2.926920257720550533e-01 2.890538185533781390e-01 2.901790447764731606e-01 2.887472969591068361e-01 2.835606630744877954e-01 2.779542253610218228e-01 2.920078277355201424e-01 2.620152568941686022e-01
-9.973112780478353076e-03 -9.709651471300498327e-03 -1.617892003296457840e-02 -1.646102851288701666e-02 -2.272500647775300281e-02 -5.742360459827507840e-03 -1.985279190998013102e-02 -3.195837445236038299e-02 -2.476505464518191646e-02 -3.336170646661645867e-02 -1.404715419024283457e-02 -2.416336587882476211e-02 -2.091121165655587463e-02 -1.271582310317730113e-02 3.886806154643304700e-03 -1.780028901664782587e-02 -1.268958356703145385e-02 -6.676712169937856767e-04 2.268684792457328903e-03 1.690018971781698243e-02 2.430161539637057388e-02 2.625170782124097713e-02 5.986205124913540621e-02 7.538556611710160726e-02 9.353282129719157900e-02 8.799982035318329454e-02 1.238458406817865565e-01 1.439781259311759820e-01 1.557538374319328844e-01 2.000382807013413589e-01
-3.138824822974414092e-02 -2.886553168724530216e-02 -4.780949871197352763e-02 -5.234954564403824367e-02 -7.139350760059307022e-02 -7.324438823020312794e-02 -8.777018917770078310e-02 -9.874707701727658549e-02 -8.119574238340396266e-02 -9.850561083826067654e-02 -1.106750887632803049e-01 -1.019014599489810324e-01 -1.122061053411930881e-01 -1.153974951166920060e-01 -1.106970278677578551e-01 -1.228770390000660517e-01 -1.273245752911232043e-01 -1.087520070106387238e-01 -1.099690999350975418e-01 -1.066623720092161887e-01 -1.057035016775764030e-01 -1.066202942113093355e-01 -1.082535482442016361e-01 -9.403500302179915171e-02 -9.508815603344772382e-02 -1.029987273230929118e-01 -7.641167464493005268e-02 -7.586361180842185470e-02 -7.918923077086728601e-02 -5.038112637503196212e-02
5.106752155318101949e-02 4.866099116401302604e-02 7.223299698219684539e-02 1.058184027515884640e-01 1.018197556235120177e-01 1.187591331856553412e-01 1.269428110478437177e-01 1.314127403940385519e-01 1.740814678593612108e-01 1.942239709940994374e-01 1.774202823775743176e-01 2.135813188303583021e-01 2.195470831640584375e-01 2.304482324862524023e-01 2.499432246821724213e-01 2.697744759038557261e-01 2.591745880452177020e-01 2.987199185226364628e-01 3.289875304934279932e-01 3.139787038956504683e-01 3.369837470844049832e-01 3.172937165521253489e-01 3.376416701619157634e-01 3.649380845698448894e-01 3.413886734505205411e-01 3.489681579092085428e-01 3.674559664136781700e-01 3.610482504079538524e-01 3.642660273544413574e-01 3.581586870057097416e-01
-7.764787821141242233e-03 -1.823420680629608825e-02 -3.298829333293990668e-02 -4.742799825470878777e-02 -6.328289721590021899e-02 -1.153935106105560687e-01 -8.345678991030577865e-02 -1.278462866756941707e-01 -1.496870282831530563e-01 -1.418203624402183116e-01 -1.936770143582269010e-01 -1.661148532972336334e-01 -1.682242309559175975e-01 -2.276226415164052386e-01 -2.308316940326640421e-01 -2.422018139840019790e-01 -2.265694428846586339e-01 -2.512347700924997818e-01 -2.774796827693740142e-01 -2.499098656024104081e-01 -2.548555853001957527e-01 -2.519524487310835781e-01 -2.793769853542943937e-01 -2.981390804203758460e-01 -2.911324414141393535e-01 -2.946636864455079441e-01 -3.166869596964580480e-01 -3.362252502635607598e-01 -3.391906748080296685e-01 -3.429159169147720232e-01
1.211612334765452097e-02 1.007565173778356311e-02 1.912071848130625015e-02 3.259573693239177505e-02 3.990279447401463842e-02 2.617505107342789350e-02 3.120944595674838076e-02 -5.487968899592680048e-03 2.220658934897477149e-02 2.478853517544486740e-02 -2.586038742405313146e-03 2.696882818396460421e-02 1.662867305991599931e-02 -1.056747750957266058e-02 -1.175600431612473101e-02 -2.445969898137335258e-02 -1.725809009308426969e-02 -2.592564561590245814e-02 -3.429664765838413842e-02 -2.354097620392587437e-02 -3.104940571023708656e-02 -1.979943219803937532e-02 -2.356744839418903337e-02 -4.434598136216033604e-02 -3.403689191078991538e-02 -3.877397848576166761e-02 -6.571310741095306995e-02 -8.000762058115690190e-02 -7.528624356939160600e-02 -1.183044418583917290e-01
-4.866665082598751330e-02 -3.509868742611165632e-02 -5.771771884521284535e-02 -5.569054765344309127e-02 -9.307551748628206667e-02 -1.094332707005793992e-01 -9.221635088902266353e-02 -1.056886517495260608e-01 -1.586061948014643730e-01 -1.590794328376157196e-01 -1.681241552639118619e-01 -2.044896722637622177e-01 -1.912387461942526012e-01 -2.463811476171550163e-01 -2.528900911813950492e-01 -2.843440083014388553e-01 -2.841509789885476311e-01 -3.154558804963701890e-01 -3.488618626846878290e-01 -3.203353226972246448e-01 -3.439128399970944883e-01 -3.391442485869893275e-01 -4.031964343090607139e-01 -4.269182339449267838e-01 -4.525561449342929699e-01 -4.596405898487513353e-01 -4.886500306790423909e-01 -5.168030088016535295e-01 -5.323733148056403186e-01 -5.744657927000430542e-01
4.732802803183078222e-02 4.675379310636467584e-02 7.545419375319910305e-02 1.431007499584434906e-01 1.223745558686903379e-01 1.633625055699876039e-01 1.801079370395559931e-01 1.939832988241138589e-01 2.105919283546106024e-01 2.363786617847204452e-01 2.497633739674581799e-01 2.599325056630333308e-01 2.795215392435635438e-01 2.755583841870572481e-01 3.031955270218372744e-01 2.990827858857078025e-01 2.889806467530403600e-01 2.867941603000844220e-01 3.038925466233294848e-01 3.024828301128514307e-01 2.948812793282511446e-01 2.870873060342669092e-01 2.595464842160948860e-01 2.349859219648436914e-01 2.140360855357354708e-01 2.175861628043996021e-01 1.791823537557850066e-01 1.608927153506607977e-01 1.603090645900833167e-01 1.092378540023647843e-01
9.788069305837143741e-02 7.504649080813359519e-02 1.242573726911246623e-01 1.967131815830711616e-01 2.084335048886432895e-01 2.503376884898921850e-01 2.561923776006967968e-01 2.528590186331126644e-01 3.657436897040273749e-01 3.945346675301811823e-01 3.782401830271230336e-01 4.772883015437093812e-01 4.583326940910688041e-01 5.070663290718241401e-01 5.564087818541960662e-01 5.849095127472566658e-01 5.826129456427180386e-01 6.556810060622528802e-01 7.156904230700974479e-01 6.819053063469827647e-01 7.219084568633056254e-01 7.098779765213427684e-01 7.993040173507610646e-01 8.150838311851655860e-01 8.496402055647942486e-01 8.493967937633636334e-01 8.828993166371571499e-01 9.062969395656559346e-01 9.314927459065796000e-01 9.536008203896009228e-01
6.335935143416859122e-03 9.170190660424872714e-03 1.363505620424862799e-02 4.906738044803522769e-02 4.299645242711222504e-02 1.157831216776610168e-02 3.572813889933638271e-02 2.426920454270172639e-02 3.532383083224532178e-02 4.576764625757732963e-02 -1.292210270263040306e-02 3.583250752138097961e-02 2.434153478224945766e-02 -3.089549888987470558e-02 -3.345492227075924641e-02 -3.012416384776699443e-02 -3.716322980481160526e-02 -3.786303188034721712e-02 -2.677778411250085477e-02 -3.678919614909031965e-02 -3.888956775232271790e-02 -3.918365972862751512e-02 -6.428955621082960148e-02 -8.522494012313670819e-02 -8.288788982464261046e-02 -8.790799565557097517e-02 -1.134415281848878687e-01 -1.388042754077950525e-01 -1.452763456220552696e-01 -1.766496762777724494e-01
1.596851719494472022e-01 1.378648110670530891e-01 2.187762115129057716e-01 2.777328068962273688e-01 3.376643926059814671e-01 3.839151133479620226e-01 3.907147595726582212e-01 3.940885050221523134e-01 5.178137285186619199e-01 5.810097858397873516e-01 5.911682983268720104e-01 7.001205743533706061e-01 6.792968788343038966e-01 7.604480805298778900e-01 8.365526678455186271e-01 8.916635669956187726e-01 8.960742763645890285e-01 1.006136758947036913e+00 1.098602888403033884e+00 1.040715414430726238e+00 1.125746955124433679e+00 1.109561433852457757e+00 1.236754598188914978e+00 1.275235892869638787e+00 1.312344560721814712e+00 1.317492034751080121e+00 1.374313185086081690e+00 1.413823957019280320e+00 1.458765771376324016e+00 1.469299670046323003e+00
7.458089216043664593e-02 6.358409621576763260e-02 1.087688852495340003e-01 1.722150548279911264e-01 1.944291708987906098e-01 2.498829547553145791e-01 2.594300521299718887e-01 2.657164178693187662e-01 3.334534917188098913e-01 3.687081616535688999e-01 3.883273659093849917e-01 4.378048303874967351e-01 4.543951168597661905e-01 4.961497292405744330e-01 5.428990091416734387e-01 5.695858508649147556e-01 5.618311069569692506e-01 6.203980581238137670e-01 6.816485872974384908e-01 6.548586685939756791e-01 6.986857564286031996e-01 6.793076141223872710e-01 7.811892861537281796e-01 8.060144430118973968e-01 8.501812753329756056e-01 8.465621483250453938e-01 8.901034533028349127e-01 9.286206804515753088e-01 9.636285237974597795e-01 1.004841365927795049e+00
-4.516177428298481789e-02 -4.673140011370354591e-02 -6.387184998116722523e-02 -4.808777434779799159e-02 -7.138083145477491787e-02 -1.046023395758148566e-01 -9.445499267391038734e-02 -1.022083847847951449e-01 -1.070550073303860733e-01 -1.096894732500001274e-01 -1.678938880143497070e-01 -1.334062367647790293e-01 -1.530605767921932869e-01 -2.024662124742010738e-01 -2.051911131450457892e-01 -2.125398108819746001e-01 -2.171198128510874459e-01 -2.011643813475330334e-01 -2.108872413544673752e-01 -2.193889596171722522e-01 -2.081929609509755030e-01 -2.053152399053644328e-01 -2.254826656460272583e-01 -2.245485369697114431e-01 -2.303261366077020422e-01 -2.244984672903154732e-01 -2.180712258443857909e-01 -2.310099502827733797e-01 -2.319108031870032449e-01 -2.240739156650658481e-01
6.354109980182781614e-02 5.602187990025599140e-02 9.091457779432049469e-02 1.424159455580027434e-01 1.451391429097978747e-01 1.682697931370545352e-01 1.799342125823931438e-01 1.908503902202773883e-01 2.164088422771597575e-01 2.567986712885975686e-01 2.685311760376280499e-01 3.012124892821020916e-01 2.984210112832558215e-01 3.096993833785159356e-01 3.566687543220539713e-01 3.647301845766163231e-01 3.605760490487127656e-01 3.989714616353802756e-01 4.319632043328977544e-01 4.089667604307939963e-01 4.389992523055679663e-01 4.347964495511540406e-01 4.294373180686971159e-01 4.221053301401970770e-01 4.150312090766677398e-01 4.125290796222985668e-01 4.028294269340458866e-01 4.002734814980988820e-01 4.133081555007218078e-01 3.674432105056077980e-01
-4.651002604599353829e-02 -4.982010135828596198e-02 -7.079414097388225802e-02 -8.281366165486261921e-02 -1.105916179441568392e-01 -1.339552356659761412e-01 -1.336650614336684639e-01 -1.445903561414081939e-01 -1.789131630222303149e-01 -1.858342000845361885e-01 -2.089604536578633098e-01 -2.153275681463061031e-01 -2.141904969206936127e-01 -2.395818205190167194e-01 -2.498922817338775637e-01 -2.733900777410495087e-01 -2.591105213340652580e-01 -2.629717070796819267e-01 -2.962185535655841306e-01 -2.684815112540054338e-01 -2.713936946412808249e-01 -2.585732916053273822e-01 -2.745593407018356302e-01 -2.886480516838549337e-01 -2.806290171775795428e-01 -2.970159734696287690e-01 -3.089569885000227334e-01 -3.249681790242623380e-01 -3.277877596293058415e-01 -3.658664270074786229e-01
-1.654454018311750027e-02 -1.746729483856624549e-02 -3.239647326731242422e-02 -4.450360081401399936e-02 -7.576105872821045639e-02 -9.224006550518068503e-02 -9.033957433230169198e-02 -1.139548822747426665e-01 -1.388810642810590357e-01 -1.477223650477074157e-01 -1.565369369697678092e-01 -1.770091777517606713e-01 -1.683649062499021909e-01 -2.012266666997849507e-01 -2.086319128330114681e-01 -2.408863732714814909e-01 -2.268876529064037251e-01 -2.733711381013187447e-01 -3.137924986946903361e-01 -2.687267592971300245e-01 -3.009175867730768950e-01 -2.913779520613252183e-01 -3.691660405372258480e-01 -3.966818623791213416e-01 -4.336874525955864423e-01 -4.344750552210036032e-01 -4.881092851513262332e-01 -5.311072652381506609e-01 -5.500501088457575571e-01 -6.177223098055136807e-01
9.049416750274694166e-03 2.744630374410397811e-02 3.330931721148690933e-02 6.397386886879394274e-02 3.763829636737010820e-02 5.445229073681609466e-02 6.247930641468196766e-02 8.896034070827375795e-02 6.123657042446405130e-02 7.389957087779350231e-02 7.290170531123413289e-02 7.474671508962968391e-02 6.910377460411981643e-02 5.538072393593903436e-02 6.233142536329998318e-02 5.410696632885961255e-02 4.062374391563109560e-02 5.459321022290677949e-02 6.197699909349676378e-02 5.206380307284824011e-02 4.904206620705436198e-02 5.699811658433950878e-02 3.690079500253511113e-02 1.052272454096684490e-02 1.500926167700708524e-02 1.196641581970032953e-03 -1.833280166733284450e-02 -3.240644054536798851e-02 -3.700322752494118045e-02 -8.700624592211456121e-02
2.007487740990476777e-02 2.091776311771010449e-02 3.891432623233533061e-02 8.171135651832961422e-02 8.112175899598655926e-02 8.545727178590879769e-02 8.615266397360799022e-02 1.045430221995667791e-01 1.260641607280848231e-01 1.366827235391701589e-01 1.212426296727617259e-01 1.710037545392739389e-01 1.509226339051505661e-01 1.567396554145625009e-01 1.752606927334101616e-01 1.814464360901975604e-01 1.864213359265683156e-01 2.221525505003592582e-01 2.631867598929264473e-01 2.435559468304555053e-01 2.645215645778151714e-01 2.642436078691769996e-01 2.962337297109895462e-01 2.936730514107818713e-01 3.100947743068305229e-01 3.063709527246478714e-01 3.266588515823162231e-01 3.274370239625665757e-01 3.323770505454685664e-01 3.298902525325427271e-01
-2.924522991565928903e-02 -2.503122819127386392e-02 -3.889537024687246547e-02 -3.998804687344503783e-02 -5.954450255270667819e-02 -8.643442370728461610e-02 -7.097265334097402345e-02 -8.651964716254034737e-02 -1.246095066989888894e-01 -1.164735275000543524e-01 -1.328618403599621522e-01 -1.413367559335009793e-01 -1.316786185691325717e-01 -1.816508590987530036e-01 -1.782586184789911321e-01 -1.923475764901324825e-01 -1.942726389638009532e-01 -2.112401134504282851e-01 -2.283593146213860892e-01 -2.174787734698769015e-01 -2.240759961690184654e-01 -2.250844913936276837e-01 -2.848299077130792556e-01 -2.966735337137895723e-01 -3.226931795772757794e-01 -3.231620301703893028e-01 -3.408475028616572700e-01 -3.620529633643980727e-01 -3.675073720281025191e-01 -3.848761737688519147e-01
-6.114551595705901982e-02 -4.515915405731534688e-02 -7.862690391210352958e-02 -9.660050338025885641e-02 -1.224270559820198057e-01 -1.454245146227002849e-01 -1.466462258007155961e-01 -1.622735102586197742e-01 -2.135960601060139796e-01 -2.326007019355085526e-01 -2.316426731311038156e-01 -2.640801579873299221e-01 -2.587664437069268075e-01 -2.962585170099174547e-01 -3.079745606178472261e-01 -3.401849902630244005e-01 -3.292316999405953681e-01 -3.609734847833945826e-01 -3.909860369567600968e-01 -3.572541855578505454e-01 -3.789800039585501379e-01 -3.696306699142294372e-01 -4.089732836616815081e-01 -4.227413808960602259e-01 -4.301232406692454546e-01 -4.388879320111693794e-01 -4.401993570145035228e-01 -4.566175200078335106e-01 -4.707179435201265250e-01 -4.651841669584986794e-01
1.614642127561950920e-03 3.464887045319435532e-02 5.181905168828338654e-02 7.837098827774835463e-02 8.433781075766504098e-02 1.303368151945293041e-01 1.208278944410104416e-01 1.123129603911316582e-01 1.262952909671830881e-01 1.232156288204916128e-01 1.618633351010697052e-01 1.378101638866228162e-01 1.395739392982057181e-01 1.351869882240954723e-01 1.397664731627956958e-01 1.188470285807468885e-01 9.375238098035126866e-02 7.849271566086689356e-02 9.720357431784684699e-02 1.034453755111719303e-01 7.424640206205168624e-02 7.323708420651936501e-02 8.352264949684010120e-02 7.178606839702619813e-02 8.612440697054045413e-02 8.093900783645013863e-02 9.074847538450750428e-02 1.019771930385151432e-01 9.805719673628773836e-02 1.355653087679219160e-01
3.542952295274943986e-02 4.143129629676949727e-02 6.031097970030120659e-02 1.061671344172707976e-01 1.016066356038336088e-01 1.409399096087634584e-01 1.453296773672652087e-01 1.750539304393549933e-01 2.074509337317681501e-01 2.184545935538467765e-01 2.201492835058725950e-01 2.645815048166081929e-01 2.630722056797898389e-01 2.891146629923540545e-01 3.262203340131283880e-01 3.415157960376456470e-01 3.336343077388393974e-01 3.982592543378887795e-01 4.441291944072640607e-01 4.157731052728535492e-01 4.485833855999634689e-01 4.490511202947021774e-01 5.278359916232219229e-01 5.479838112999361188e-01 5.766551572289657646e-01 5.727870337303930803e-01 6.232924192438070721e-01 6.491372960457268970e-01 6.623663023558501450e-01 6.881570488287169773e-01
1.668863367002786091e-02 2.558975464985346199e-02 3.942244816050574641e-02 7.123011590910717505e-02 6.750180089577662024e-02 9.681400792544939127e-02 9.144603491646169369e-02 1.084617084925268565e-01 1.062840506727508877e-01 1.090050944465607297e-01 1.356996600458204305e-01 1.396611889273857987e-01 1.420602306311660457e-01 1.522726999568116413e-01 1.765051024409620972e-01 1.618248340334549895e-01 1.662228125925080124e-01 1.729518089341536558e-01 1.929935626888473477e-01 1.997015420779026940e-01 2.035685946278429359e-01 2.110962270049982770e-01 2.369198588063668176e-01 2.286312278975082546e-01 2.477920628879726195e-01 2.455835517494857623e-01 2.603101365075430884e-01 2.698109380966452475e-01 2.736550067924979901e-01 2.921690343024504477e-01
-7.031436915097553919e-02 -4.217025865250186717e-02 -8.086940794621436113e-02 -9.655776011743934240e-02 -1.284249357289381777e-01 -1.489857047462476158e-01 -1.524223498293641454e-01 -1.631435818235386637e-01 -2.191171595717549270e-01 -2.478846895946950624e-01 -2.546984879821540537e-01 -3.084930971632874330e-01 -3.006821957751653063e-01 -3.632736114363537827e-01 -3.885686781380459642e-01 -4.326650318574541965e-01 -4.358515265403430927e-01 -4.826846199361928824e-01 -5.202150813442926180e-01 -4.871529438095314468e-01 -5.306413884490928101e-01 -5.151073307232119092e-01 -5.944894043030128916e-01 -6.186155979280797412e-01 -6.554781395223797658e-01 -6.624099147011943689e-01 -6.927002694757380397e-01 -7.290672778585630676e-01 -7.584521654883489283e-01 -8.071740422578377316e-01
9.742326039355682712e-03 1.466705864964571067e-02 3.819634864890526088e-03 -1.717857491015081436e-02 -7.019744120597241899e-03 -2.129258979396020379e-02 -2.817229471975194605e-02 -4.213839889579209380e-02 -4.953526667405528522e-02 -5.440816245917182853e-02 -4.379888900043396593e-02 -5.142388503499913111e-02 -3.740245561359245574e-02 -4.457011321337931570e-02 -3.016239270111098492e-02 -3.642369007981360873e-02 -2.632439185803372300e-02 -3.172110005135170968e-02 -2.863038449465113433e-02 -8.982339866151545227e-03 2.655291780608623475e-03 -4.837119467779732451e-04 -5.124950831788474548e-03 1.532342707034450857e-02 1.123201563615193813e-02 9.175296340624059660e-03 2.947618291709281496e-02 2.997175975499004677e-02 2.915871784299712416e-02 6.209176459206140752e-02
-1.050698880010196984e-01 -7.287158484124245383e-02 -1.265806389223879946e-01 -1.326166039915100126e-01 -1.925412232428447279e-01 -2.056485321183436632e-01 -2.161648202485145220e-01 -2.116619174155784100e-01 -3.105093394185763911e-01 -3.520086955207895607e-01 -3.404915134632212625e-01 -4.335327788312791641e-01 -4.223033636590768358e-01 -4.951867707052901579e-01 -5.325751638927987974e-01 -6.052218403428410998e-01 -6.148688660223622371e-01 -6.907405585134046566e-01 -7.409913432929531307e-01 -6.901965480214352633e-01 -7.596662836402809926e-01 -7.446641400811475631e-01 -8.418766863751853124e-01 -8.921830560394741205e-01 -9.042212328598359106e-01 -9.207440929408197139e-01 -9.503715896921600681e-01 -9.714841250095247460e-01 -1.001528466756449243e+00 -9.964713837777621208e-01
-1.441424198237854608e-02 -6.662594979249459280e-03 -1.275835336095127934e-02 -9.248430088549513400e-03 -9.416558995113399888e-03 -5.090081717775682413e-03 -2.181339065492386708e-02 -3.016927321824743394e-02 -2.152090429320584891e-03 -1.029170530250565416e-02 -1.879079432853824477e-02 -1.004891136040695840e-02 -2.459275018648488659e-02 -1.361063272074888864e-02 -1.975035820134729905e-02 -2.582398761290524009e-02 -2.778093806980735242e-02 -1.010792125528285623e-03 3.725003989202238519e-03 4.968927098458170155e-03 1.358100284146011166e-02 1.225351467424232177e-02 4.182336380418757993e-02 5.054063781004237976e-02 6.901593226711431883e-02 5.607310852898421405e-02 8.117871253599251435e-02 8.445080711698535469e-02 8.989456858995829858e-02 1.021022281094997597e-01
-1.546899822674944504e-02 -7.416993474114437143e-03 -8.205511451370463977e-03 1.774814072008534978e-03 -2.258061876891372804e-02 -1.862448034889509219e-02 -2.877007622377223545e-02 -5.056837723743158597e-02 -7.856900693417297188e-02 -8.488508457252329220e-02 -6.325811324682092951e-02 -9.762111787388079442e-02 -1.069683438862353841e-01 -1.299243187386885934e-01 -1.312425901250774962e-01 -1.777799962586610882e-01 -1.716513611902839853e-01 -2.166068518355086514e-01 -2.449955469412999354e-01 -2.056191177206930787e-01 -2.352751789495994839e-01 -2.285242759164393678e-01 -2.768669529903132198e-01 -2.998342388503071332e-01 -3.102769671173943866e-01 -3.082212778892542415e-01 -3.278537868084894780e-01 -3.424492420858801234e-01 -3.534100209131785242e-01 -3.442335778641629207e-01
1.372666060434588886e-01 1.090684406019414993e-01 1.820956768267887049e-01 2.619902316054630864e-01 2.830871284335321203e-01 3.459690104482875395e-01 3.497149606289837176e-01 3.575962930479956170e-01 4.700493471803304235e-01 5.184543459928206977e-01 5.232023211328663548e-01 6.197572515676924576e-01 6.058843933041148100e-01 6.702514747804314554e-01 7.366810106243141254e-01 7.751000275601358513e-01 7.653662213095926425e-01 8.509698726275622960e-01 9.209392896042303267e-01 8.751832573886817457e-01 9.367158207137376014e-01 9.157712862112324936e-01 1.009205741648874000e+00 1.045202033118484808e+00 1.067019083774654931e+00 1.082736872681962392e+00 1.118535531383851422e+00 1.149344412325786324e+00 1.185173842592043281e+00 1.214110241152489555e+00
-1.602679799390423557e-02 -2.031874274231330879e-02 -2.669529372556735114e-02 -2.913294838719208968e-02 -4.338244570589613880e-02 -4.043402515472039466e-02 -4.703860095923621115e-02 -4.724513744393180059e-02 -3.451299090413066650e-02 -4.642760159954713306e-02 -5.927891451705355474e-02 -4.852100262138506898e-02 -4.321294404514140763e-02 -4.024717809290721815e-02 -4.025887982835089918e-02 -5.151428506166089161e-02 -4.609372916362770856e-02 -3.876105488702961260e-02 -3.447507640807263851e-02 -1.463094944650556589e-02 -2.038995912516079756e-02 -1.883512523225768995e-02 2.255904415910149619e-03 -1.416080749641245029e-03 1.509145389520236830e-02 2.911784670594552704e-03 1.068248563480817676e-02 1.317807572939222460e-02 1.334131117782917653e-02 1.014094555001514297e-02
4.605295222789997089e-03 -4.605554395863600131e-04 -6.524920817316957194e-03 3.593163361944879536e-02 8.934545038812089293e-03 3.407480727783611385e-02 3.376888313355289051e-02 5.294767887330865952e-02 6.835901499639406020e-02 6.282704494597012024e-02 6.487642301496591990e-02 9.111744990862648275e-02 9.510368599475298168e-02 1.106798929552642446e-01 1.344917932321706977e-01 1.273569836552670143e-01 1.322970630053599550e-01 1.596780355074534918e-01 1.856028518792373072e-01 1.834723692859087651e-01 1.924523909954086454e-01 1.925274096774987342e-01 2.381919481308099329e-01 2.318394861828332876e-01 2.680068864400727557e-01 2.548250335068716899e-01 2.887105832594784038e-01 3.083569567357111185e-01 3.188132683014220925e-01 3.618952288934437211e-01
3.365675470785758905e-02 1.356502664875646781e-02 2.728972963777112279e-02 3.838191730377930183e-02 3.755933080823276038e-02 1.882291729250716583e-02 3.450503601436268053e-02 1.188831131775417577e-02 5.222266229751675037e-02 7.272175834482898227e-02 3.142783960947485855e-02 9.579326301808907540e-02 8.988425074217801236e-02 8.801724011092382227e-02 1.121509752312014052e-01 1.257058286481798348e-01 1.461348036019238239e-01 1.820341639123620459e-01 1.754513253261569261e-01 1.717369457909653230e-01 1.985362261109741289e-01 2.111678918975706531e-01 2.075999705051622124e-01 2.019589012973323217e-01 1.870688032469431938e-01 1.804888936922011966e-01 1.526417135609519082e-01 1.239621257586739772e-01 1.281982478784481905e-01 1.992911935758229919e-02
1.094137466875066966e-02 2.195950628881420535e-02 4.031103376125771964e-02 7.773682958455796488e-02 9.008258388151367535e-02 9.116898452316450630e-02 9.340236144125854678e-02 1.067255903639720976e-01 1.350181844394487407e-01 1.522553294069199925e-01 1.350250700290750450e-01 1.733715719917939269e-01 1.608991821658535548e-01 1.484513516748556805e-01 1.685203655963974367e-01 1.803135937097670172e-01 1.676032815998220737e-01 2.037138561137227244e-01 2.358201168299270123e-01 2.046017163697483598e-01 2.261553796855743093e-01 2.260191335121186085e-01 2.129223901285761389e-01 2.111120542394591681e-01 1.959726245584987869e-01 1.935567486859385566e-01 1.934471438851824709e-01 1.794033587278556496e-01 1.787231716339759691e-01 1.375678565074197890e-01
6.577781776949228471e-03 -3.838626251503291648e-03 -1.157204146941272563e-02 1.053888359350045947e-02 -3.249900979699912873e-02 -3.389587019472521667e-02 -1.978223667818752168e-02 -4.382235590292488103e-02 -4.726356828146445477e-02 -4.968115476719887902e-02 -7.487715042119316711e-02 -7.343128475191892934e-02 -6.644827458165503131e-02 -9.750402660788075326e-02 -1.002270718943120004e-01 -1.227518928708423718e-01 -1.196242186237182897e-01 -1.364633275634238585e-01 -1.663765095350414058e-01 -1.389081853090389784e-01 -1.537283755228033844e-01 -1.582476389526917826e-01 -1.789617038330644505e-01 -1.836402682465779757e-01 -1.976355757629822130e-01 -1.925528673986820205e-01 -2.083607058029635917e-01 -2.250592981565144035e-01 -2.300637718755911831e-01 -2.319397597806499844e-01
-9.739145861791490000e-02 -8.571909120005845317e-02 -1.454619009224918103e-01 -1.714280712059375600e-01 -2.195368431451664992e-01 -2.718939983466904242e-01 -2.782317976490912836e-01 -2.985339487969221883e-01 -3.634861811901610729e-01 -4.042349174399795242e-01 -4.429532433134745206e-01 -4.927492800415654295e-01 -4.799329429270144942e-01 -5.572843220243752782e-01 -6.066760675787231660e-01 -6.517319342694578577e-01 -6.431437939948031479e-01 -7.116761622819043343e-01 -7.817372888102720463e-01 -7.319882699973874196e-01 -7.794953232691859135e-01 -7.700222974811690158e-01 -8.762349220320817533e-01 -9.000467025553838818e-01 -9.478916710222506925e-01 -9.438002470077757611e-01 -9.797241151323303754e-01 -1.027054958099453685e+00 -1.055839305842606546e+00 -1.072130597615701619e+00
-1.261460124765234891e-01 -8.238150003847062586e-02 -1.278428717014691296e-01 -1.433876451367330773e-01 -1.886724349513051457e-01 -2.011626331742361051e-01 -2.223524553479403476e-01 -2.359425587077788045e-01 -3.154331733778866220e-01 -3.592381641860462604e-01 -3.626176391478244110e-01 -4.425751020573918115e-01 -4.553728356395505550e-01 -5.283937052451638250e-01 -5.876582729798871529e-01 -6.546408810140335044e-01 -6.717493541146015712e-01 -7.390673591723184721e-01 -8.067548114311203777e-01 -7.647869294765994308e-01 -8.339904779229985188e-01 -8.092187137082136328e-01 -8.927765046106507230e-01 -9.411024640121454787e-01 -9.452885222088356354e-01 -9.585032861872913035e-01 -9.918661946852337374e-01 -1.019398876110727326e+00 -1.047637480938621524e+00 -1.058490768795351089e+00
1.145841233915628338e-01 1.016967666173551610e-01 1.517096098797226789e-01 2.259709243539746448e-01 2.465663866591287501e-01 2.930692920993037687e-01 3.120509906581060422e-01 3.400235986890154383e-01 3.911744803848240526e-01 4.410554418447703018e-01 4.618752060043231911e-01 5.104912492931643619e-01 5.310531623569284543e-01 5.664928903035075791e-01 6.288496678120510941e-01 6.606567264253635496e-01 6.558476481982693507e-01 7.224046292257867430e-01 7.958764040108663451e-01 7.553469912197919856e-01 8.131164009489747491e-01 7.929864242684951936e-01 8.639514861642763055e-01 8.842685101965193084e-01 9.044955243511378917e-01 9.012926924004452944e-01 9.287042388118225134e-01 9.561229419465010482e-01 9.883072522685303340e-01 9.804254203645972332e-01
-1.354496184132347562e-02 -4.368790432328089127e-03 4.756719222154153111e-03 2.477737568914498839e-02 -2.171411696817285991e-03 1.614156253750093778e-02 1.503819026590350397e-02 1.549496228873342013e-02 3.976511248438476670e-04 4.111293767557755441e-03 1.019085085149893516e-02 2.916624675310501569e-04 2.297388057438305015e-03 -1.049308506777767158e-02 -7.783870347393298181e-03 -2.987594619035303586e-02 -3.571271722764503970e-02 -4.240451056540089220e-02 -5.441792373539046379e-02 -4.153675840100325839e-02 -5.786641211656205069e-02 -5.076670809630558223e-02 -7.720609490966959254e-02 -9.962961502568132288e-02 -1.025224991016787657e-01 -1.160568407111808170e-01 -1.420139980000273694e-01 -1.576837877029964308e-01 -1.637248215005444596e-01 -2.130143205701545139e-01
