1.547434926033020020e-01
-5.212985351681709290e-02
5.349780246615409851e-02
1.200676634907722473e-01
3.343650400638580322e-01
-1.323883533477783203e-01
1.637170433998107910e+00
1.865184158086776733e-01
-7.898706793785095215e-01
1.417197108268737793e+00
-1.256976366043090820e+00
1.371772736310958862e-01
-2.910737097263336182e-01
-9.014989137649536133e-01
2.854264378547668457e-01
1.349097132682800293e+00
-4.711148887872695923e-02
-5.201229453086853027e-02
8.629965186119079590e-01
5.841834545135498047e-01
2.209124803543090820e+00
-2.710114002227783203e+00
-6.671801209449768066e-01
-1.799450814723968506e-01
-2.310322374105453491e-01
-1.338536858558654785e+00
1.024904727935791016e+00
-2.943003177642822266e-02
-4.266903176903724670e-02
1.609383225440979004e-01
5.080737471580505371e-01
1.766411304473876953e+00
-7.753749191761016846e-02
2.631672382354736328e+00
2.767240285873413086e+00
1.129146337509155273e+00
2.875510752201080322e-01
-1.030896663665771484e+00
-3.423621058464050293e-01
6.400705315172672272e-03
-9.871562719345092773e-01
3.919759094715118408e-01
2.922870032489299774e-02
6.548327207565307617e-01
-1.641218662261962891e+00
