6.333682271144680520e-02 6.682699984703351082e-02 7.372541803966119189e-02 8.309984013332072372e-02 9.449925352972729509e-02 1.089123145795569403e-01 1.257122931846028357e-01 1.452330874911287317e-01 1.666912832314318416e-01 1.903608277432334850e-01 2.153146725463707944e-01 2.402291240946132223e-01 2.648081412901511777e-01 2.891335869539315429e-01 3.113436323841783926e-01 3.303787399825413029e-01 3.456441621014282317e-01 3.570474507864750402e-01 3.630436993916071331e-01 3.641165409157505195e-01 3.607021498835681350e-01 3.532285387217000139e-01 3.419769546743066102e-01 3.292364697217011749e-01 3.150694424777792380e-01 3.002886133113111811e-01 2.862058299682532225e-01 2.717448371827995701e-01 2.583430343393447459e-01 2.213798470434380494e-01
2.599308054362466786e-02 3.286729768229111615e-02 3.999534531483089905e-02 4.852745493545192190e-02 5.819329202287266273e-02 6.959320432969413883e-02 8.193144413865721676e-02 9.539433434511418453e-02 1.093862248647934493e-01 1.238698223495460493e-01 1.380163459798554315e-01 1.511857528747335977e-01 1.631017675954558599e-01 1.739321091791344864e-01 1.825157053701718934e-01 1.881762867512285220e-01 1.910693976457651932e-01 1.909323275743388670e-01 1.871971582326975581e-01 1.804997711273208516e-01 1.710112077318224899e-01 1.597878543185964895e-01 1.469349794262756193e-01 1.338295712688932215e-01 1.208176167148729413e-01 1.082570871701599990e-01 9.674564162938459333e-02 8.557937150563871276e-02 7.553679858733183816e-02 5.181585804966376552e-02
3.320343463501804551e-03 -1.562002971347573564e-02 -2.808063722066165765e-02 -3.984145600105832435e-02 -5.088479970250810169e-02 -6.057398230301436898e-02 -6.897425458209029137e-02 -7.529556512150314962e-02 -7.941733832954041283e-02 -8.164833660549516980e-02 -8.144338161816358501e-02 -7.927029499959702130e-02 -7.549635289605204080e-02 -7.079137473180116547e-02 -6.481488586166253563e-02 -5.904130843314624177e-02 -5.284517765995935118e-02 -4.698683612395312958e-02 -4.155529939612337409e-02 -3.667747233644354232e-02 -3.261696078552180078e-02 -2.868822519603347887e-02 -2.483122737430665250e-02 -2.016292525191067803e-02 -1.482147908066717285e-02 -9.065520609017170550e-03 -2.697113844105487879e-03 3.701509144611071778e-03 9.843617221196568692e-03 2.581692859771097387e-02
3.582817756929645991e-03 -4.164327846874066319e-03 -8.775725013000104310e-03 -1.279280501543148506e-02 -1.626473510858650676e-02 -1.865811874705844420e-02 -2.046130828887960176e-02 -2.105558369406722308e-02 -2.060053967981444190e-02 -1.935704377867022291e-02 -1.721846630409994486e-02 -1.450544173476750465e-02 -1.152864871523599094e-02 -8.540794902690496126e-03 -5.554382998997610399e-03 -3.565803508906423280e-03 -1.856969868047592120e-03 -1.038911572713168557e-03 -1.043954260257575622e-03 -1.735878801460272874e-03 -3.278098774469273557e-03 -4.816181467318308290e-03 -6.385407595809897141e-03 -7.206345467693792833e-03 -7.269398071790004329e-03 -6.827834535612111594e-03 -5.659462242739353444e-03 -4.304162614737580550e-03 -2.824936570060908314e-03 2.250802354021731733e-03
-1.543349295259643754e-02 -1.509722115145510808e-02 -1.509850375872702488e-02 -1.454823228566152690e-02 -1.349505460037418898e-02 -1.149130672663577907e-02 -8.971005874355559087e-03 -5.826088176046753664e-03 -1.996706411604931564e-03 2.171576644938613514e-03 6.145452338954509458e-03 9.897868631257113192e-03 1.296910046611107065e-02 1.525629179051020759e-02 1.640684157108322772e-02 1.562046292413895449e-02 1.325113193406500176e-02 9.144601907065726815e-03 2.591572028729168670e-03 -5.500862936382574370e-03 -1.596388282257199531e-02 -2.717288168536523274e-02 -3.978201684643830477e-02 -5.294179069137351645e-02 -6.611816657086930227e-02 -7.897049219428366185e-02 -9.149549557048858306e-02 -1.037089524388644518e-01 -1.151480461936880140e-01 -1.394656885110781008e-01
1.943447489223457669e-01 1.842168745295265919e-01 1.878931214754534507e-01 1.950036828013892165e-01 2.046668429710972736e-01 2.189353581335028165e-01 2.361843047627013581e-01 2.589935352420673076e-01 2.851037857742830806e-01 3.159780554009181119e-01 3.523679777461516949e-01 3.918270270969895219e-01 4.343442852483340166e-01 4.809979492099987208e-01 5.295018106735023267e-01 5.788715165930213846e-01 6.284296143279866076e-01 6.774942427325633121e-01 7.256531361588002271e-01 7.698953849379589487e-01 8.130350400036404634e-01 8.504404072034164042e-01 8.831867892380468321e-01 9.139925988153306813e-01 9.398929264579869436e-01 9.598358488312297432e-01 9.776014142743940649e-01 9.904267414382271761e-01 1.000229142561579021e+00 9.913853227927801326e-01
8.338550390472689033e-02 8.892441156011901549e-02 9.800058722976079384e-02 1.091678369020848971e-01 1.219040081857222790e-01 1.372623757313693460e-01 1.540262108271633901e-01 1.730987266204219166e-01 1.932368099526592664e-01 2.149144466607393889e-01 2.376469101298451236e-01 2.602142643332902017e-01 2.824523069929967267e-01 3.049762963006182881e-01 3.260640605904657208e-01 3.451107221216280774e-01 3.619952890954240554e-01 3.763840679756447205e-01 3.877510504289519155e-01 3.956730412423293819e-01 4.012185870027076828e-01 4.036804569300201373e-01 4.034492522611075604e-01 4.024023575381965312e-01 3.998186771949408524e-01 3.956509655192673724e-01 3.915885370760860962e-01 3.862396536945878478e-01 3.808552129787960983e-01 3.579890900819855948e-01
1.674227075346332999e-02 6.556196030376538336e-03 1.090876593939237374e-03 -3.753029067756628173e-03 -8.059291755926248357e-03 -1.127291890630421727e-02 -1.404614694167995170e-02 -1.547111251312738300e-02 -1.595337000262425642e-02 -1.568805947722656802e-02 -1.423890640197239543e-02 -1.208069345312366011e-02 -9.425450841663504664e-03 -6.476245619040057327e-03 -3.103390074339212878e-03 -2.942438057001485474e-04 2.968837215629724358e-03 5.759950467014874481e-03 8.886496404383105799e-03 1.188753481928712420e-02 1.524815647094540649e-02 1.924661002078209907e-02 2.430929253585813188e-02 3.107571726922752145e-02 3.920504406307698253e-02 4.798612780752799928e-02 5.780482391258161268e-02 6.771102481633202441e-02 7.734761686527713564e-02 1.006646173540601263e-01
3.610853079912352409e-02 2.095773983439922980e-02 1.276302173854567193e-02 5.522534817063086410e-03 -9.007532517087612697e-04 -5.682914585273909913e-03 -9.345675407743427032e-03 -1.071516547687609636e-02 -1.019574795087598712e-02 -7.783975547063474651e-03 -2.852302770304088880e-03 3.889246908420636306e-03 1.218372876122480672e-02 2.180020165860056813e-02 3.270379890434008813e-02 4.369426339286054672e-02 5.538291004283928121e-02 6.696401789430014850e-02 7.865074513793221533e-02 8.969875780988842418e-02 1.004962673713176435e-01 1.107144280588300694e-01 1.205905581405303101e-01 1.311400801277075590e-01 1.416484307224195882e-01 1.515233472551561766e-01 1.615778916040381818e-01 1.708281543010334858e-01 1.792592416784030140e-01 1.950772396849569934e-01
-2.727694758656924734e-03 -6.491137713776993362e-03 -8.721974036598195354e-03 -1.030865511887105006e-02 -1.131588872536712712e-02 -1.120831303521188822e-02 -1.043312021341254864e-02 -8.613081025516763911e-03 -5.797979773571472484e-03 -2.250918064318395417e-03 1.792285696283230090e-03 6.132146859396066241e-03 1.036776659356894101e-02 1.434259627666169094e-02 1.779623584964999672e-02 1.980854594179485423e-02 2.081537219536191627e-02 2.047880391348964532e-02 1.832539193897224361e-02 1.486371718271479146e-02 9.563093143935094687e-03 3.589729180809707321e-03 -3.455735813850453753e-03 -1.068067488652742550e-02 -1.783601664692976985e-02 -2.481857770111652733e-02 -3.143957185205968619e-02 -3.795481457342272935e-02 -4.406341096337122731e-02 -5.720696558909788010e-02
6.505538531545526637e-02 6.813120094912335223e-02 7.448080766515687012e-02 8.182084880462434096e-02 8.976972578088650290e-02 9.908014778888395158e-02 1.081430309734041362e-01 1.182752140034571409e-01 1.281131982223471522e-01 1.379068957641239046e-01 1.479321891517749732e-01 1.574022175606721585e-01 1.663017189674412533e-01 1.753754563946862688e-01 1.839288297787987636e-01 1.917089742508321093e-01 1.998170897815380043e-01 2.073432103028406415e-01 2.157186407288755325e-01 2.237555488939552140e-01 2.330260435297433763e-01 2.424658510276970214e-01 2.527438842091619953e-01 2.646372414189098743e-01 2.770260993379069503e-01 2.886807704931785290e-01 3.009020232756500213e-01 3.121131500395872282e-01 3.224649212967858891e-01 3.393524533080264916e-01
-1.815646571156090752e-02 -4.445586252859159981e-02 -6.391491966386152190e-02 -8.345574508821751447e-02 -1.029305108291061199e-01 -1.216383147292686845e-01 -1.394457676608480690e-01 -1.553200231857329583e-01 -1.686252505908656940e-01 -1.797791185851888018e-01 -1.877266667246667575e-01 -1.923878281076704388e-01 -1.943057510147823685e-01 -1.941425686208832491e-01 -1.908975241310383320e-01 -1.860231064608464657e-01 -1.788353523601249329e-01 -1.699034027449946305e-01 -1.595503520375872730e-01 -1.481452592535073554e-01 -1.368333662574598431e-01 -1.252470254501675540e-01 -1.143456906102683635e-01 -1.037002153807348448e-01 -9.385026876802220197e-02 -8.529218874007525597e-02 -7.792016296882081638e-02 -7.173270544576075547e-02 -6.700671260799276330e-02 -5.756376909889819593e-02
3.591291258024967986e-02 3.178474303321666278e-02 3.155733330184164187e-02 3.302490918431721934e-02 3.590021113275118636e-02 4.107448861695125325e-02 4.813880096346379728e-02 5.757474520168667786e-02 6.905391952510950282e-02 8.264709575991453783e-02 9.791558607556216653e-02 1.140397459759585064e-01 1.306255286285906703e-01 1.475759007739375073e-01 1.638305115634027809e-01 1.782553060508601794e-01 1.905646532403892368e-01 2.006033569350275103e-01 2.070322130697713203e-01 2.102146080891621194e-01 2.099863433853454420e-01 2.068652849033624230e-01 2.006602208986423275e-01 1.931089969556307739e-01 1.841614529867737771e-01 1.743175090287433227e-01 1.644908507986604096e-01 1.540335788167829789e-01 1.439606965942679118e-01 1.161041791361466652e-01
2.969908203717964990e-02 1.003337306257254258e-02 -1.809092627169079683e-03 -1.252679064926809360e-02 -2.222785865297716851e-02 -2.997335515657342797e-02 -3.588883575480045218e-02 -3.894437517537234494e-02 -3.915617841325522153e-02 -3.656327908306229724e-02 -3.060987944540916397e-02 -2.200385130880212758e-02 -1.112554874819347145e-02 1.533191172110122749e-03 1.588755255886190043e-02 3.045673467587983740e-02 4.539666571813204959e-02 6.015006344360172841e-02 7.400589591975006987e-02 8.659258343643902456e-02 9.764582886650632898e-02 1.071216136488746251e-01 1.148458123720031837e-01 1.221339135995138242e-01 1.283871620396113133e-01 1.334498720467773292e-01 1.380974607664043896e-01 1.416603751828933722e-01 1.444159400548856720e-01 1.463275319346893921e-01
-1.249645402533020727e-02 -2.896903064015320106e-02 -4.055352715321253187e-02 -5.176830479617002684e-02 -6.251261556415113607e-02 -7.232240977393897263e-02 -8.128841786488139043e-02 -8.879083438664375771e-02 -9.463190748185978940e-02 -9.925132470282597985e-02 -1.022185267985523810e-01 -1.037843511825004145e-01 -1.042932801768229889e-01 -1.044645545990502966e-01 -1.037696473549162141e-01 -1.035662558470973604e-01 -1.030095398911785448e-01 -1.028909779438523658e-01 -1.030499395896312398e-01 -1.033453432525966165e-01 -1.041825794691958323e-01 -1.044038867569181683e-01 -1.039502701969852172e-01 -1.022050779834816625e-01 -9.901487318082850819e-02 -9.465734409567848340e-02 -8.927486980902167579e-02 -8.329786713777824481e-02 -7.722781868950039097e-02 -5.815003606536509051e-02
7.477881791532654809e-02 7.021402490404254904e-02 7.148784744160950611e-02 7.444891559876545828e-02 7.869508072198266868e-02 8.529729335064542561e-02 9.329639201551054306e-02 1.038811575233659912e-01 1.161012219423850911e-01 1.303373135608744127e-01 1.467158348938700230e-01 1.641669424883193951e-01 1.824762517021270569e-01 2.020057883303748580e-01 2.216826924512405594e-01 2.406575087162358684e-01 2.590416219867160974e-01 2.763109813543871418e-01 2.921995689738280388e-01 3.058607546731487714e-01 3.181597306104393397e-01 3.280842490364921371e-01 3.358951766587644494e-01 3.431401172140035594e-01 3.488202854817267773e-01 3.525613443451656170e-01 3.559140527418905853e-01 3.576227288590787534e-01 3.585377241583077579e-01 3.502132826012526179e-01
-8.224911693620458319e-02 -9.362133641472986101e-02 -1.051562995638769399e-01 -1.171882976150722538e-01 -1.293006251209768143e-01 -1.416103646959574747e-01 -1.538250165286001447e-01 -1.662448972523004054e-01 -1.780062074438201192e-01 -1.901500690201471389e-01 -2.028105709582861960e-01 -2.155359073370435585e-01 -2.287812030491260806e-01 -2.437289665766594338e-01 -2.592616617291305658e-01 -2.767168809131602680e-01 -2.948771862331842630e-01 -3.144214938524356739e-01 -3.351623535048505742e-01 -3.555581117295008031e-01 -3.770489071082145927e-01 -3.962244238185957945e-01 -4.133198232399784011e-01 -4.283517134632723877e-01 -4.397619464532250833e-01 -4.473142936986626017e-01 -4.525119756569331297e-01 -4.549592869957430064e-01 -4.556930081595781390e-01 -4.398580582713818576e-01
-1.468695965595768690e-02 -1.503341603494935327e-02 -1.530670091989944082e-02 -1.505098924636593012e-02 -1.429338182433885322e-02 -1.267513917536755921e-02 -1.066254045863055007e-02 -8.131291236426493527e-03 -5.114785399231354737e-03 -2.006502344054510861e-03 7.507084114351941784e-04 3.055358417562405865e-03 4.537485303446834456e-03 4.993299296714270863e-03 4.202834992494124122e-03 1.337209340643956412e-03 -3.000757354634803892e-03 -9.193816924296414200e-03 -1.747112064060162701e-02 -2.703819743409061060e-02 -3.838006273743550800e-02 -4.981717635015328605e-02 -6.157611081478182868e-02 -7.291981359192296896e-02 -8.324708237665626176e-02 -9.240311400236367323e-02 -1.004944867113514856e-01 -1.077567445898963555e-01 -1.140621808191190911e-01 -1.240761554741988820e-01
-1.128120156902566451e-01 -1.187520421128072934e-01 -1.278994574971305254e-01 -1.377051591748838233e-01 -1.476941039234666020e-01 -1.581210400078662259e-01 -1.685432869565474390e-01 -1.797839132401704565e-01 -1.906353280975393860e-01 -2.023183770311245411e-01 -2.155043833308454004e-01 -2.293646697838328807e-01 -2.445009916984122178e-01 -2.621099128551413471e-01 -2.811710787899546204e-01 -3.029497106368771453e-01 -3.264491652078091999e-01 -3.519825775130036583e-01 -3.800692428740833351e-01 -4.083056583051475341e-01 -4.389743610556872677e-01 -4.677178492560318257e-01 -4.954026963131839545e-01 -5.221460454201054535e-01 -5.457444398936553975e-01 -5.654539457369234245e-01 -5.831877729981713721e-01 -5.978989039244562154e-01 -6.103102515251426219e-01 -6.199661980562651831e-01
1.365156871148498138e-02 2.598099645350763348e-02 3.660111916278886712e-02 4.917258236759581430e-02 6.339620155157049686e-02 7.986452894450410400e-02 9.812454921763738569e-02 1.176746224567303822e-01 1.381969357342522353e-01 1.595871827777568253e-01 1.801979209318630981e-01 1.993311340989752378e-01 2.165713553716856477e-01 2.319049208393200168e-01 2.435769635760713370e-01 2.507742894658419042e-01 2.529458723795680042e-01 2.503264825593974341e-01 2.410479872744869523e-01 2.267449833749392851e-01 2.069753385918665090e-01 1.837734898580249687e-01 1.568807543620135136e-01 1.281610575720778522e-01 9.873000223093744698e-02 6.991774480537207848e-02 4.218693803783786500e-02 1.519214977207579767e-02 -9.582661799685757847e-03 -6.643155143092013826e-02
1.971867897771523159e-01 1.902920391398985334e-01 1.966265370886477737e-01 2.066757952351651051e-01 2.195375104594276539e-01 2.371998812002219514e-01 2.580478570310689168e-01 2.844466865080178541e-01 3.140241797855176653e-01 3.482254019951366852e-01 3.875218022715912758e-01 4.292602209368128197e-01 4.734795988991920557e-01 5.211790579082573593e-01 5.698151387676183566e-01 6.183498831456164524e-01 6.660695717419672368e-01 7.122369876623314555e-01 7.564515248223332433e-01 7.959695210395485443e-01 8.338327898469140020e-01 8.658061256643387882e-01 8.933426413424536694e-01 9.193713529436420284e-01 9.412497493167273355e-01 9.581699303911128673e-01 9.738295066300751701e-01 9.853133191905407706e-01 9.945005662126027435e-01 9.869958482733509619e-01
-4.578264584198412507e-02 -4.494455163556426713e-02 -4.581104909710929929e-02 -4.667519908527757028e-02 -4.739449922970401241e-02 -4.796406492193880378e-02 -4.877877467516934101e-02 -5.001656035829080138e-02 -5.154124386969792526e-02 -5.406245049963676053e-02 -5.807841507777758427e-02 -6.341389307815098464e-02 -7.038687938654543397e-02 -7.946982833153901082e-02 -9.037361877468927385e-02 -1.038941046516678596e-01 -1.189046023475554270e-01 -1.360025923401202430e-01 -1.547245241200091159e-01 -1.738924300514695376e-01 -1.940537013715364911e-01 -2.126067201121313310e-01 -2.295139528419543606e-01 -2.445299563969607903e-01 -2.564828825637828769e-01 -2.653104872580067664e-01 -2.718204764686853458e-01 -2.761363294831530313e-01 -2.787717693356180915e-01 -2.725634111613416399e-01
2.796053081566398646e-01 2.814526420149659480e-01 2.986877482562045882e-01 3.209091614878062382e-01 3.467819420012427933e-01 3.788470329980002660e-01 4.145697843477150757e-01 4.569772226113911762e-01 5.024523387779407102e-01 5.531786373910043686e-01 6.095690680567574793e-01 6.680363433673365270e-01 7.287855921186763286e-01 7.938035714798173936e-01 8.592611997179268046e-01 9.244706739326933320e-01 9.883519413639809681e-01 1.050094098025577516e+00 1.109753679969033069e+00 1.163108315805769344e+00 1.215151624952633291e+00 1.259299026573361235e+00 1.297810815128994211e+00 1.334298216413049909e+00 1.365043798098996231e+00 1.388746786162609936e+00 1.410641249797760288e+00 1.426541118065785874e+00 1.439106262121645496e+00 1.424467681841763644e+00
1.808650628523272297e-01 1.798172030120197828e-01 1.893083020613863243e-01 2.019739178397010892e-01 2.169618888933873002e-01 2.360377259336584599e-01 2.573344168757799033e-01 2.831098407992339028e-01 3.109409456638364544e-01 3.421416868409923318e-01 3.770957077609076169e-01 4.134788240731597786e-01 4.513784793790728278e-01 4.919682515114298105e-01 5.328986458569178186e-01 5.735054410021073190e-01 6.135196455452113229e-01 6.521537386916285151e-01 6.895740292154722839e-01 7.232413340442580552e-01 7.561115268405638190e-01 7.843365814637086597e-01 8.092677000784289643e-01 8.333702509786433676e-01 8.541202971652510634e-01 8.704915329498614796e-01 8.858644765349855676e-01 8.974964218719503339e-01 9.070321681437852890e-01 9.035180548089434271e-01
-5.341048436052628356e-02 -6.299778170410093303e-02 -7.187851133628840594e-02 -8.087210396882153762e-02 -8.974604075393677327e-02 -9.833639758528477104e-02 -1.066186602389012361e-01 -1.145786892764709269e-01 -1.216464292516393347e-01 -1.285665933060241573e-01 -1.354377979775541196e-01 -1.420048203804210041e-01 -1.487294932243870549e-01 -1.563750107132571843e-01 -1.642983258931809687e-01 -1.736878198236930793e-01 -1.836388520381749268e-01 -1.946660412057629186e-01 -2.069183267578193486e-01 -2.192872673573052766e-01 -2.329928144000113499e-01 -2.455826237604092077e-01 -2.575138750908922414e-01 -2.684756462406485134e-01 -2.775028217634403771e-01 -2.844459624103196638e-01 -2.901261501804276444e-01 -2.943227608638220305e-01 -2.975303692269923861e-01 -2.948102832681170904e-01
6.633635863632363072e-02 6.879272194678978658e-02 7.467176001978728661e-02 8.247780884821770409e-02 9.176535856870951524e-02 1.035811143420902747e-01 1.170014121585801481e-01 1.327903435615430117e-01 1.500744850063964742e-01 1.692224741711496061e-01 1.897285349091723528e-01 2.105817538052936477e-01 2.314946892691966407e-01 2.528943733213213085e-01 2.732370102860162131e-01 2.917716718358693284e-01 3.081992682854424181e-01 3.223679006124939295e-01 3.332212812886501396e-01 3.406617408036652916e-01 3.451087401658927689e-01 3.462206889777145191e-01 3.439185819527159627e-01 3.400522726657472794e-01 3.340638210231907101e-01 3.261687973854579536e-01 3.178462009736172100e-01 3.081010736415268347e-01 2.982981355696933123e-01 2.657282508358309037e-01
-9.159089266560208054e-02 -1.023409772327631140e-01 -1.139593659877905785e-01 -1.261919375470927362e-01 -1.386165559156601057e-01 -1.513416012587462667e-01 -1.640493191832957109e-01 -1.771121308191995758e-01 -1.895063597733208094e-01 -2.023225126280935871e-01 -2.157673066834144282e-01 -2.292089026144296382e-01 -2.431704326234742086e-01 -2.587742298872117708e-01 -2.749016192677415371e-01 -2.928491036160535410e-01 -3.114781027392180546e-01 -3.313239720464175031e-01 -3.524929363682255956e-01 -3.732374026372352049e-01 -3.953877355813134598e-01 -4.153830725004709068e-01 -4.338353972515642254e-01 -4.507899995992534770e-01 -4.646549413192889721e-01 -4.751143120927699970e-01 -4.837266506100644792e-01 -4.898335845315747727e-01 -4.943437491468864464e-01 -4.881716138301198660e-01
-9.982442275302247370e-02 -1.065707988240550963e-01 -1.158479401560590094e-01 -1.252437037064454139e-01 -1.343366201873704424e-01 -1.431774234249572064e-01 -1.510446996172080947e-01 -1.588998571066368992e-01 -1.654175838576526503e-01 -1.716752821909921789e-01 -1.786381492293110940e-01 -1.857344510800424398e-01 -1.936267246544980947e-01 -2.036635688362529728e-01 -2.153070212693164454e-01 -2.300357921153936003e-01 -2.475434822762228593e-01 -2.678301068045413347e-01 -2.925452386682762529e-01 -3.189298335648964033e-01 -3.496333482675856863e-01 -3.801960613249986132e-01 -4.117058132255023706e-01 -4.436441769461162421e-01 -4.737351850188341595e-01 -5.006148687495359795e-01 -5.259407445409829407e-01 -5.485695908578264168e-01 -5.686174117779398962e-01 -5.979409656081928759e-01
-4.157310930046473341e-02 -3.299177248968748755e-02 -2.877439256860411104e-02 -2.465243001678202317e-02 -2.058796183829016135e-02 -1.639192496646506986e-02 -1.269993666850151304e-02 -9.713904530827380951e-03 -7.273740006738881048e-03 -5.897053051637925897e-03 -6.419363067962171460e-03 -8.336921707677087678e-03 -1.214301568639117312e-02 -1.768582564557238251e-02 -2.517118644274692063e-02 -3.496971201245158145e-02 -4.644886067831551640e-02 -5.962820555406528333e-02 -7.494333414988095521e-02 -9.109637171743314998e-02 -1.092840256916230851e-01 -1.272677466131241220e-01 -1.460840065111080888e-01 -1.653832320310414383e-01 -1.842443708799976210e-01 -2.023529538673116135e-01 -2.201469030411436489e-01 -2.372262968667989413e-01 -2.532194842574194138e-01 -2.856753303640292008e-01
6.898155974561076542e-02 6.624322610493693642e-02 6.852729213505007189e-02 7.245767057157369295e-02 7.763749123678577446e-02 8.509396739167031376e-02 9.384259556913673861e-02 1.049815371089057175e-01 1.175833148568163344e-01 1.319933590178820337e-01 1.482064619420868368e-01 1.652207634441253126e-01 1.828066564521389492e-01 2.013497191899276673e-01 2.197383808483512613e-01 2.371687848315539582e-01 2.537501987341119203e-01 2.690230580474220479e-01 2.826460369624174684e-01 2.939691435153980459e-01 3.037499056260606345e-01 3.112022540455908759e-01 3.165129531324383794e-01 3.212368756569347616e-01 3.245018973775611881e-01 3.260090840883438368e-01 3.272306897852055863e-01 3.269683813004676809e-01 3.261088999257146237e-01 3.145006883797168973e-01
-1.036831362726536310e-01 -1.113673567648659768e-01 -1.214437414250146008e-01 -1.322581414365175123e-01 -1.433515541901234092e-01 -1.549236715499738293e-01 -1.666388768425199618e-01 -1.790821899791197880e-01 -1.911474048398794368e-01 -2.039909215223112970e-01 -2.180451724706797823e-01 -2.325130411823278787e-01 -2.479546905124856981e-01 -2.654897869681608347e-01 -2.840014759639291064e-01 -3.047020236202638843e-01 -3.264973945556944868e-01 -3.497914478791827042e-01 -3.748377841257429788e-01 -3.995803341629091676e-01 -4.260879937238941650e-01 -4.504156119192969099e-01 -4.733505792642296317e-01 -4.950434729361792296e-01 -5.136121801636713835e-01 -5.285715719509929134e-01 -5.416771212372686328e-01 -5.520507723162394464e-01 -5.605094791831217726e-01 -5.621992243301680015e-01
-1.092888892342358392e-01 -1.271334153413408163e-01 -1.447080151527495306e-01 -1.634540089036712884e-01 -1.828006329339830205e-01 -2.029694262268811333e-01 -2.235101406269980051e-01 -2.446075171812314430e-01 -2.650249670228700394e-01 -2.860282696284102144e-01 -3.073119789986578088e-01 -3.280191684835456201e-01 -3.486772797769553955e-01 -3.706483156930133749e-01 -3.920789994077530927e-01 -4.143915954169963278e-01 -4.359915879533639571e-01 -4.576868803461139890e-01 -4.789291130117147577e-01 -4.982720983336095255e-01 -5.176238272979647448e-01 -5.334216320239112408e-01 -5.462625092922491765e-01 -5.566789499983930689e-01 -5.631853496447606355e-01 -5.658651723943634027e-01 -5.666126691185250364e-01 -5.646978577006096511e-01 -5.616355093637313001e-01 -5.354751338692689266e-01
-1.689797486747836655e-02 -5.382113528500181120e-03 3.042000122084186076e-03 1.220103182695451982e-02 2.199879160244944815e-02 3.259163987521086769e-02 4.320369828340100971e-02 5.352155455610990709e-02 6.322210267393352234e-02 7.184851113947171575e-02 7.832626150164370693e-02 8.248883489744392172e-02 8.408412013521034123e-02 8.308788281843924872e-02 7.883185693208402678e-02 7.081839971734073258e-02 5.974062329528873061e-02 4.524962854405143592e-02 2.738806245796363004e-02 7.452966768955368235e-03 -1.466909549625349321e-02 -3.664613847204993557e-02 -5.832232267463964559e-02 -7.891899787979100855e-02 -9.730169801538879337e-02 -1.131419419499055667e-01 -1.267027926622920908e-01 -1.383837903951382065e-01 -1.480257993798984040e-01 -1.623901327771418157e-01
1.247185193320394236e-01 1.178797832932369505e-01 1.202651728603969516e-01 1.249149908742742399e-01 1.312469720434290554e-01 1.406578301198644909e-01 1.517999432697519357e-01 1.665318564253385758e-01 1.832371284018406987e-01 2.027095193614957547e-01 2.254882115337502602e-01 2.499049635569047245e-01 2.759192029410063030e-01 3.041773565167511517e-01 3.332719129856304141e-01 3.623531842797661495e-01 3.915389786067766664e-01 4.200293836901624056e-01 4.480343999843725555e-01 4.736638946517460758e-01 4.988474935530413656e-01 5.210292539445612325e-01 5.410745068130038415e-01 5.608285013779992223e-01 5.784222924556527978e-01 5.929488075310886952e-01 6.068095936966524384e-01 6.179824898230086294e-01 6.274378312515691558e-01 6.318867472431610732e-01
4.216577932342906176e-02 3.898762418200006630e-02 3.959511452870330406e-02 4.144393423182955727e-02 4.427459167555233832e-02 4.888263302589682807e-02 5.447832672161796730e-02 6.187705762664311160e-02 7.044411484158979997e-02 8.027456045705133603e-02 9.130757707092057585e-02 1.028217236612753299e-01 1.145655645630936220e-01 1.266739201645666890e-01 1.384193085789311717e-01 1.489634895524028502e-01 1.586502631584024159e-01 1.669659485865689907e-01 1.737515495042887825e-01 1.787354217855509075e-01 1.823449466137242181e-01 1.845528936587239321e-01 1.855032441529401721e-01 1.864283751436996983e-01 1.869054025563067489e-01 1.867184241145617152e-01 1.867999337363110968e-01 1.862188562115017487e-01 1.855058461729887087e-01 1.793967291700057087e-01
-1.605449442453822650e-01 -1.682757777896609075e-01 -1.813603020282163192e-01 -1.960006511895901193e-01 -2.114531071146654728e-01 -2.282607962195923323e-01 -2.457281435401597602e-01 -2.649648901886955676e-01 -2.842185658700253637e-01 -3.050915816912417311e-01 -3.282095280647525093e-01 -3.521411731843993032e-01 -3.775919005933669470e-01 -4.060543895533222369e-01 -4.357616780635995002e-01 -4.680121366961209617e-01 -5.014482346343025476e-01 -5.363723082983878898e-01 -5.731548522505244270e-01 -6.088190201876667595e-01 -6.465429669317402928e-01 -6.809283328897748344e-01 -7.133229389770965323e-01 -7.444611707271884260e-01 -7.715880659123022234e-01 -7.939232194682153132e-01 -8.142284344104189220e-01 -8.307653049416562352e-01 -8.447503814827990176e-01 -8.523518553290730937e-01
-1.607582179438341030e-02 -3.027859227992107591e-02 -4.063906035952470630e-02 -5.086320206823193718e-02 -6.082283030091507892e-02 -7.014112967405711219e-02 -7.898819722522928966e-02 -8.679146266657553066e-02 -9.337747919607877756e-02 -9.923358908976807891e-02 -1.039325799899310926e-01 -1.076258748152341127e-01 -1.106255635498170631e-01 -1.135927292004011990e-01 -1.159060373917376874e-01 -1.187673203642437975e-01 -1.211579712954189841e-01 -1.239035566522139753e-01 -1.265599915560911004e-01 -1.289960607862140340e-01 -1.315584679441265670e-01 -1.330073722417292881e-01 -1.332533986511664492e-01 -1.318724961509618043e-01 -1.286690557371524268e-01 -1.239965161777301927e-01 -1.181037099474221419e-01 -1.113873445765943965e-01 -1.044639748955795422e-01 -8.187497570872627473e-02
-1.924354563420224151e-01 -1.977348365477565040e-01 -2.105737758114030744e-01 -2.256366501525142731e-01 -2.419967668151265239e-01 -2.605846882498303319e-01 -2.807534847656324994e-01 -3.038900914039062151e-01 -3.281202689546378615e-01 -3.553832441506220574e-01 -3.863232396527650492e-01 -4.191554999570236140e-01 -4.545054745213146230e-01 -4.940466542804333727e-01 -5.354406641634092967e-01 -5.798406387611428903e-01 -6.252089265452254185e-01 -6.721295288899049591e-01 -7.199915825368492506e-01 -7.655255009516253040e-01 -8.118761085370334030e-01 -8.528000515498107559e-01 -8.893208760277825364e-01 -9.228721169198135232e-01 -9.501430282652690851e-01 -9.706468138978008309e-01 -9.879039342446971350e-01 -1.000046792299199350e+00 -1.009045009348618294e+00 -9.976791104533451193e-01
-7.491982885829225405e-03 -2.110675652558518731e-02 -3.050956666226798189e-02 -3.944993407981207956e-02 -4.789178266106299681e-02 -5.531590346158497123e-02 -6.188874225201093648e-02 -6.702453218098310128e-02 -7.057610085091514662e-02 -7.291369358383054111e-02 -7.374391616562048224e-02 -7.331027875816961692e-02 -7.198563741316987841e-02 -7.031196524201616116e-02 -6.798973044730151349e-02 -6.626463887146408216e-02 -6.445108812626938743e-02 -6.319069592987261452e-02 -6.258380007012584456e-02 -6.244816658941648724e-02 -6.324645802217458701e-02 -6.392946808116477253e-02 -6.461985120451188558e-02 -6.458346276547706488e-02 -6.372852327756133028e-02 -6.221259685064749190e-02 -6.001672960661731671e-02 -5.752328436597822781e-02 -5.496666056743573781e-02 -4.581364989994912013e-02
-6.799265042419415372e-02 -7.107255567412071318e-02 -7.619772989068679392e-02 -8.174706332158175603e-02 -8.747450163916492549e-02 -9.336033971906290696e-02 -9.954674521200854165e-02 -1.062360067898391186e-01 -1.128406161399119201e-01 -1.201849313587373819e-01 -1.286452092225723876e-01 -1.376559331701912581e-01 -1.477290968807613014e-01 -1.594056378481740199e-01 -1.720702677999560171e-01 -1.866227253384289964e-01 -2.020628082967712569e-01 -2.187670206663707151e-01 -2.367901116266158679e-01 -2.547470381010514262e-01 -2.740354046920486786e-01 -2.918154684561560241e-01 -3.087968101586694436e-01 -3.249030683721948476e-01 -3.389281976481930414e-01 -3.506526589792200443e-01 -3.611186776116733221e-01 -3.698613833216086721e-01 -3.773101423916767061e-01 -3.830097148841144494e-01
2.417536550841760945e-01 2.429190308029787471e-01 2.573091834816917389e-01 2.756998102974105302e-01 2.969853172850984158e-01 3.233321492009416653e-01 3.523019406223833472e-01 3.867685834138888668e-01 4.234631704613435188e-01 4.642105999061319488e-01 5.095785342397101125e-01 5.565247647290858524e-01 6.053144984688770824e-01 6.576365851109136074e-01 7.104319778378820338e-01 7.631723241183352435e-01 8.154337871379355729e-01 8.662334030510872029e-01 9.161825041005653425e-01 9.616173637076292913e-01 1.006828078513827940e+00 1.046249863059431906e+00 1.081891912300793734e+00 1.116685065506894281e+00 1.147220508140377015e+00 1.171992194900354223e+00 1.195441941675826847e+00 1.213915016532008062e+00 1.229423847723215335e+00 1.230197084275399977e+00
-8.434885765716415226e-03 -2.211510978985125123e-02 -3.159856147110121083e-02 -4.068785874904849720e-02 -4.933530073532959442e-02 -5.704790887764930873e-02 -6.405032412438643741e-02 -6.971242350775094798e-02 -7.391909374749508488e-02 -7.706560471630921616e-02 -7.879970790993628960e-02 -7.935564598802100078e-02 -7.908640198150002076e-02 -7.851966290411692417e-02 -7.728409578903261412e-02 -7.659218866390067604e-02 -7.564771706133187334e-02 -7.514088947410940689e-02 -7.498087531430179531e-02 -7.504302774170291956e-02 -7.571552505322691473e-02 -7.596591611183259318e-02 -7.587579563598111088e-02 -7.478079399178221010e-02 -7.262243638854425087e-02 -6.968327499387791391e-02 -6.596190221840357581e-02 -6.189061774492592150e-02 -5.779812722033206285e-02 -4.477725718061179722e-02
6.026133828182007185e-02 4.673213902077347909e-02 4.104106443664509024e-02 3.662547539465085822e-02 3.325297507421107884e-02 3.184226597594157215e-02 3.163608114325529297e-02 3.400866064465146721e-02 3.817675420415423543e-02 4.432232932681302862e-02 5.312053567064610460e-02 6.354929600647772625e-02 7.546784175921088245e-02 8.880146670027090627e-02 1.032479930815275865e-01 1.176724650953692858e-01 1.327209079433878391e-01 1.474414353089226748e-01 1.623520000631725746e-01 1.763361504896805154e-01 1.903957323664381973e-01 2.036592475114653022e-01 2.168057504175457118e-01 2.309942092561594329e-01 2.452599318752819169e-01 2.588042614156514931e-01 2.727775593554129796e-01 2.857986518708837687e-01 2.978795135373833447e-01 3.200909267141862080e-01
-1.392472908547312538e-03 -1.546144725581003257e-02 -2.514057460659430143e-02 -3.404594805855962886e-02 -4.222806580442297480e-02 -4.888947201159277167e-02 -5.406372151493044759e-02 -5.715539236134182383e-02 -5.782308256284532377e-02 -5.628401176523137317e-02 -5.243480895648171963e-02 -4.651060880930374397e-02 -3.906973924224189931e-02 -3.050865901204665581e-02 -2.093221873541218497e-02 -1.165005719817799670e-02 -2.687481791324799335e-03 5.831864537418712802e-03 1.253827845950390013e-02 1.782250184635239543e-02 2.055033095729858969e-02 2.151571231355570851e-02 1.975921590408057787e-02 1.646965323414025656e-02 1.154726478489282240e-02 5.288047089134561424e-03 -1.892047216558490758e-03 -1.002278890270877354e-02 -1.849938485448009151e-02 -4.107673931056206318e-02
2.881204940280353288e-02 3.301529809009438876e-02 3.833831523649882528e-02 4.503461766671899846e-02 5.283818448771433751e-02 6.241061677892806303e-02 7.298679082805249740e-02 8.489498286997657073e-02 9.756415269146659353e-02 1.109897844782486431e-01 1.245171091246305844e-01 1.374953849092361291e-01 1.496353790005232332e-01 1.610855294006013350e-01 1.707889697835569820e-01 1.780084419226053427e-01 1.828928860568753700e-01 1.851699711512259372e-01 1.842564152216052131e-01 1.806040610280554015e-01 1.743710596077516217e-01 1.663521814266490928e-01 1.565928608923739807e-01 1.464478517798677992e-01 1.360994539976636553e-01 1.258123341145420127e-01 1.162691756645412577e-01 1.067589660395539264e-01 9.805177369385767450e-02 7.613962652758786420e-02
-4.096573001589903784e-02 -4.851591219734434357e-02 -5.542953874359216049e-02 -6.241725545209315246e-02 -6.932095207694713435e-02 -7.589177080467687797e-02 -8.232963684229141488e-02 -8.843589991458636335e-02 -9.384873018846440207e-02 -9.917995282355873687e-02 -1.044784691579364044e-01 -1.095304858640695073e-01 -1.147782242679958181e-01 -1.207255526662764228e-01 -1.268807315232602095e-01 -1.342703378275157955e-01 -1.419991734362371638e-01 -1.505512689265405823e-01 -1.599939375896174409e-01 -1.694814519492529592e-01 -1.800394179905284442e-01 -1.896720201173249243e-01 -1.988878805420456475e-01 -2.073419243425533021e-01 -2.143613288557078000e-01 -2.199488352171414529e-01 -2.246492262876640389e-01 -2.283475245122584263e-01 -2.313846097265488400e-01 -2.310334094170103381e-01
-2.411681773300595744e-01 -2.509586923061323804e-01 -2.697925502497741101e-01 -2.915411724131185545e-01 -3.149981617892108621e-01 -3.412148753002908763e-01 -3.690275706147823631e-01 -4.001691943657694206e-01 -4.319831065358818445e-01 -4.667517920606614745e-01 -5.051391585894347003e-01 -5.448147669635875490e-01 -5.866112206162531484e-01 -6.326206810930062874e-01 -6.799156818298495164e-01 -7.299138418103604531e-01 -7.806408402902277333e-01 -8.324432475849375956e-01 -8.854595356111560900e-01 -9.355711799754062863e-01 -9.874347495629325344e-01 -1.033682899336115346e+00 -1.076264657377617784e+00 -1.116960770991930918e+00 -1.151855361585254478e+00 -1.180055332660961076e+00 -1.205850918741812494e+00 -1.226306614152939956e+00 -1.243526975608007179e+00 -1.248216614779130040e+00
-2.074307516038477739e-01 -1.929562272706781545e-01 -1.926666866307481241e-01 -1.952415229646188022e-01 -1.997988965374606629e-01 -2.075896884112485852e-01 -2.188482247370693301e-01 -2.352360934741504761e-01 -2.553101585893219894e-01 -2.810580690837304330e-01 -3.137514618879475581e-01 -3.510261317270022552e-01 -3.934801237480560765e-01 -4.419382967845195131e-01 -4.942824759590924155e-01 -5.506821174272173991e-01 -6.086555739804606624e-01 -6.686237505505537859e-01 -7.289506331399856487e-01 -7.862505590219507345e-01 -8.432594091712952711e-01 -8.934313038736156898e-01 -9.379837138594789847e-01 -9.789379092041924357e-01 -1.012715505592375109e+00 -1.039138012604890360e+00 -1.061938661197992184e+00 -1.079228791525907116e+00 -1.092900116354323714e+00 -1.091656105650096409e+00
1.772424771026321344e-01 1.903747772195490129e-01 2.099892018099532021e-01 2.331148493214378337e-01 2.587756705709668426e-01 2.885769251129138291e-01 3.204219070832796668e-01 3.559539702159331132e-01 3.925710282658448902e-01 4.315206587708109165e-01 4.723220950911380944e-01 5.125989785999145454e-01 5.524610127061990728e-01 5.933365244615559364e-01 6.321583983477951918e-01 6.686331540017486086e-01 7.023023569357427220e-01 7.326460661028172394e-01 7.596066766947563442e-01 7.814011926588749768e-01 8.011101023047491054e-01 8.157820152607704323e-01 8.268446479184290432e-01 8.370710077283183281e-01 8.445094901292884426e-01 8.486687576918595655e-01 8.528425003070475574e-01 8.542253549607596863e-01 8.548171438126983546e-01 8.336901877484316215e-01
-5.155389364239482131e-02 -5.832840934705457725e-02 -6.517347079954505240e-02 -7.168194383682685578e-02 -7.770895236672759054e-02 -8.291779684408562279e-02 -8.709343737289268472e-02 -9.049891644696335391e-02 -9.237873216503521279e-02 -9.338094881115940882e-02 -9.407833093681815251e-02 -9.425230575729801052e-02 -9.451636996985809946e-02 -9.558342867869475123e-02 -9.737012032254960259e-02 -1.011357849287844030e-01 -1.067047721593007287e-01 -1.141029753095097327e-01 -1.247807672768227877e-01 -1.371012516929883129e-01 -1.529049080630000557e-01 -1.695066275076249629e-01 -1.879630101357193661e-01 -2.074632409606157746e-01 -2.268550434718429043e-01 -2.453042705779444332e-01 -2.634260359764022952e-01 -2.806319905400411763e-01 -2.966224853625791247e-01 -3.268926405015930570e-01
