3.012480677407396168e-02 4.543330490650209635e-02 8.536368537630721620e-02 9.893092941183372069e-02 1.435926786950988410e-01 1.541841759589928917e-01 2.171057411115732139e-01 2.619477526463381833e-01 2.755145737182422283e-01 2.878985895087066149e-01 4.037705143856578083e-01 4.440102045712937540e-01 4.607001456950901019e-01 5.356046395360161139e-01 5.691498942925026228e-01 5.471175711535098962e-01 6.102299011975977905e-01 5.640785568604543831e-01 5.681253563206932755e-01 5.269507010650553713e-01 5.939633788364304667e-01 5.702721829167523016e-01 5.400425560757960985e-01 4.929381128753119734e-01 4.266773641396819916e-01 4.760722657785164125e-01 3.827984518940039660e-01 3.907243614172482560e-01 3.801951548829632932e-01 2.784071811458652124e-01
6.548537282332605319e-03 2.492336521668415961e-02 6.313265157271885641e-02 9.644127798949463093e-02 1.175406833163933906e-01 1.199917949774026993e-01 1.708552463407036481e-01 2.085736355332646341e-01 2.069018394288631713e-01 2.217199836518902734e-01 2.558322629623613897e-01 2.656761364186564500e-01 2.845679404358610887e-01 3.424951595867290477e-01 3.079975712105087471e-01 3.069345486535156597e-01 3.525375114898762763e-01 2.964267644948003766e-01 2.750239623388332499e-01 2.799440785273412113e-01 3.024740934562109018e-01 2.691838701684018398e-01 2.646441809085758878e-01 2.347344324005315452e-01 1.949537169500486222e-01 1.937204262358884765e-01 1.455864433362967780e-01 1.300651994896366848e-01 1.072177519235155141e-01 3.558865113569863875e-02
1.518906628192605301e-02 4.076815487818932077e-04 -2.110783113322730817e-02 -3.551797300769234111e-02 -4.152148746373125754e-02 -1.971435552250901460e-02 -5.393462215999354770e-02 -5.930831104797519571e-02 -6.356648060913275278e-02 -6.095832043233335301e-02 -3.134977588039179752e-02 -2.704214732340604749e-02 -2.364928257762270725e-02 -1.237784616768063117e-02 1.528113392128194886e-02 6.976994464287560038e-03 3.190598090095424916e-02 7.456039299544678367e-03 3.895282808181695783e-02 1.129494817609950560e-02 6.096750085571035760e-02 3.336606917940983935e-02 1.814299860640826434e-02 4.947150336009065869e-02 3.915355241076561021e-02 5.251598825269327558e-02 6.487542022546959053e-02 9.320822602451872552e-02 1.096762955104495646e-01 1.210583700497316478e-01
5.178079887784780080e-03 4.223185196500431338e-04 2.539201850353021983e-02 2.332231835890393595e-02 3.477495970463766878e-02 3.889283443026496367e-02 4.816205844457204649e-02 8.119469121664416034e-02 5.768167546771907350e-02 6.265329666252777985e-02 8.727636190966821250e-02 1.076175201638008977e-01 1.105719749165029048e-01 1.086676564736506340e-01 1.116420688145668416e-01 1.444035868261977773e-01 1.497829810083657898e-01 1.195438751445587755e-01 1.459621927079240988e-01 1.685486522773997353e-01 1.760216736896828837e-01 1.727685183471619756e-01 1.977031348465658200e-01 1.755775412010920911e-01 1.669231691654231298e-01 1.739405317235461212e-01 1.644833862404179170e-01 1.582225846857278351e-01 1.578417707677851611e-01 9.863960332789986629e-02
2.786964320249595700e-02 3.606195686032989678e-02 4.272397054892539819e-02 7.027752605781215078e-02 8.600118184963864709e-02 9.257936224811283421e-02 1.246959694329049240e-01 1.279543806354539182e-01 1.343833984908303913e-01 1.354731786963440376e-01 1.507819989237905167e-01 1.726051732834820718e-01 1.512120381674897651e-01 1.833566668836266178e-01 1.788659537634918750e-01 1.733596067520309925e-01 1.768550392869850385e-01 1.747257489712763512e-01 1.660726104634408506e-01 1.415924375719935790e-01 1.793130266787909266e-01 1.433187320834080070e-01 1.600967874827770032e-01 1.675787102723362842e-01 1.272676604873655970e-01 1.272991293071213947e-01 1.224922142753555598e-01 6.551483234576185866e-02 6.092246180361381158e-02 2.771915868167156016e-02
9.358259762022769213e-02 3.467260288865654794e-02 1.003559469623129252e-01 1.366226203239623016e-01 1.488351078580092413e-01 2.069485929111209987e-01 2.810345522626397363e-01 3.057036266193725593e-01 3.042192988682164145e-01 2.841049634570838034e-01 5.325427504685147362e-01 4.729927959050727049e-01 6.368002930995907418e-01 6.373929491215281073e-01 6.854843805923972466e-01 7.623404676899299126e-01 7.901489305928856011e-01 8.057207090939262351e-01 8.729819258908323443e-01 9.403533361788438683e-01 1.069649498070311955e+00 1.026436188775647018e+00 1.183939973534656964e+00 1.132253966260384992e+00 1.190057642124874748e+00 1.346107458368257515e+00 1.371132219277219955e+00 1.535303585920955394e+00 1.523967622582755865e+00 1.557063724118458170e+00
4.668746754236730717e-02 5.082272853889747977e-02 1.151732586035709438e-01 1.421728757352698769e-01 1.784879241276355333e-01 2.036080350005254336e-01 2.869539318831409447e-01 3.198009717468223156e-01 3.037994298378068891e-01 3.064962340924901607e-01 4.362786444382371065e-01 4.208674919829399341e-01 4.928467844951565091e-01 5.284670155625690313e-01 5.443461559826335838e-01 5.254641908264868766e-01 5.798397654104655574e-01 5.371200836509804066e-01 5.708261519698846209e-01 5.720503381016173172e-01 6.733192582637065327e-01 6.144486701501795656e-01 6.448909316370405875e-01 6.217490561060281529e-01 6.205916623646422492e-01 6.715172316984427958e-01 6.650794550439955710e-01 7.132915134052967288e-01 7.012886443874377651e-01 6.889091427401836665e-01
7.344469753083128147e-03 -2.503226128894492017e-02 -1.015017292096032954e-02 -3.171813650291595982e-02 -2.455203604884057672e-02 -9.081668944800617288e-03 -2.907840313219286696e-02 -3.942862850166686112e-02 -4.503685203783547308e-02 -3.312535471404624843e-02 -6.558106062775584388e-03 -4.272908127507552001e-03 4.302056958055007485e-02 3.114361134579995971e-02 3.242208596503394491e-02 7.347785338189685711e-02 8.839220764376187756e-02 6.373608766497236566e-02 1.050084936052681495e-01 1.166436638735741660e-01 1.570675357720798526e-01 1.376569404546469366e-01 1.758549080034509660e-01 1.745529177451129454e-01 1.970462909519888062e-01 2.107707192621990633e-01 2.351718693768992674e-01 2.783637011355998281e-01 2.855410060640777292e-01 2.937788656804776188e-01
2.048951552478884414e-02 -3.778464945736804449e-03 -8.897271582565950340e-03 -8.462792964561247078e-03 -3.405795693002870023e-02 -1.761611214579569817e-02 -6.284773120849471151e-02 -4.244644421355680403e-02 -5.548133467626294169e-02 -4.542739274277154959e-02 -1.421105514764842148e-02 -2.596000225360457769e-02 7.440780024950993665e-03 -5.314476229688211428e-03 9.852322077149103241e-04 4.842490459301961037e-02 6.084312853192064968e-02 4.510374366923641798e-02 6.785771223650199913e-02 8.683418610149479244e-02 9.376571610771129717e-02 8.709091621000494832e-02 1.242473738622786594e-01 1.203144776367180147e-01 1.169216596830283672e-01 1.369089772865252908e-01 1.310786354188174796e-01 1.674087236609011486e-01 1.737678764748628590e-01 1.587216961976939678e-01
2.874743372952490508e-02 1.134148838896240769e-02 1.048668808751391547e-02 2.012203802606707045e-02 2.507068488523035363e-02 3.296078793143625285e-02 6.006577983862723680e-02 5.359739230469750398e-02 5.296654587223097177e-02 5.320859736923215511e-02 7.438179660266124038e-02 5.866923214354928529e-02 9.546313556183072535e-02 9.598542301147885980e-02 8.149136200167463040e-02 1.117788091755334140e-01 1.070250184816959327e-01 1.215963427245722733e-01 1.084019830814118845e-01 1.327753823691494306e-01 1.443730346655021091e-01 1.238773733211247369e-01 1.723565204624485647e-01 1.674406396351719173e-01 1.595532847835747225e-01 1.796084864673589132e-01 1.814287618901142540e-01 1.738383090014157806e-01 1.701722951560986075e-01 1.851216976339039588e-01
3.682378488499166158e-02 3.955645855206720712e-02 9.587203424174696453e-02 1.136633969463503452e-01 1.477369703852025595e-01 1.670205417997586705e-01 2.214029174172359726e-01 2.230024218645562106e-01 2.135111901826029779e-01 2.070255000173938376e-01 2.753005011370456834e-01 2.566374311052908030e-01 2.976094122566761979e-01 3.070460896782686855e-01 3.068115633793602193e-01 2.937079196732773623e-01 3.280301810757877412e-01 3.013532381127020932e-01 3.344959977474381008e-01 3.500865872786487754e-01 4.351258121645290577e-01 3.871816603467070905e-01 4.433137796792037122e-01 4.425987367023245245e-01 4.662036724489025397e-01 5.036630776272282839e-01 5.339726197291789767e-01 5.626865324539713775e-01 5.538729759368331562e-01 5.686089884872462807e-01
-2.180487561527747961e-03 -3.932071701695723925e-02 -8.779568011969543506e-02 -1.112214327434341565e-01 -1.286989694854443478e-01 -1.108786934055286111e-01 -1.949006687013110917e-01 -2.430010284147036403e-01 -2.334945863102992902e-01 -2.443772255018573647e-01 -2.736327358292391931e-01 -2.754411910263281360e-01 -2.773494522414019503e-01 -3.252260073303795962e-01 -2.906699240050912847e-01 -2.341589052030869922e-01 -2.642917682240276123e-01 -2.449782305053044285e-01 -1.861980845602694279e-01 -1.480558838798406995e-01 -1.384998039541930626e-01 -1.216721801974837841e-01 -3.648573551126986503e-02 9.509906001628987138e-03 4.061736583349613572e-02 8.116866585460047467e-02 1.385204020328514862e-01 1.638950894048135654e-01 1.958764720850228458e-01 2.093252171433483966e-01
3.012047090584826781e-02 1.529439542082000961e-02 2.908500679354775187e-02 5.056421910346411974e-02 5.782008692376468945e-02 7.596655102081878441e-02 9.826687036747047688e-02 1.211294210462280502e-01 1.164281303611506835e-01 1.209976418559523537e-01 1.898289663063834620e-01 2.018469611165221167e-01 2.318273959709338250e-01 2.534132907867354678e-01 2.795492088521212004e-01 3.074747290193463600e-01 3.290110513751636212e-01 3.111683695043077624e-01 3.380389351549983878e-01 3.510140348563348667e-01 4.015397594130817871e-01 3.783197728157259299e-01 4.349991276397232598e-01 4.230061483402179356e-01 3.989397620577166959e-01 4.464959662418704900e-01 4.323891545339723641e-01 4.219009528180218682e-01 4.174447109593740768e-01 3.697375435977787728e-01
3.963239481362251099e-02 -1.183672289284955215e-02 -1.703433672918815145e-02 -2.403331270835463301e-02 -5.579735041890290792e-02 -1.516538441181447192e-02 -3.423263292890055959e-02 -3.136778814337631838e-02 -4.496600829335569566e-02 -5.036013681009877951e-02 1.964304512458034391e-02 -1.227877342198575861e-02 5.004753225976562442e-02 4.640903824707089120e-02 7.594764697016377630e-02 1.388377533463488467e-01 1.506131858276458235e-01 1.285309228269137516e-01 1.667658815268688033e-01 2.182178023830408098e-01 2.534124305112064324e-01 2.323367986336932756e-01 3.117741688060116645e-01 3.212279329470785205e-01 3.463919714838896713e-01 3.966699814656113321e-01 4.212906566371711348e-01 4.758430698120993396e-01 4.673528538632203966e-01 4.965384878804143254e-01
1.013791469984758574e-03 -1.059808952760370182e-02 -7.229274380045072612e-03 5.407094214765168633e-03 5.099774739578313149e-03 1.394734432664088489e-03 1.561652635741319836e-02 3.859343995921065557e-02 2.356242824290662868e-02 1.797637486918859939e-02 5.271910988029129830e-02 3.129694820183485937e-02 6.201935890652930661e-02 3.785418187808028273e-02 9.678721949250825018e-03 2.016507390146397849e-02 7.865082996631633794e-03 3.899173349744713274e-02 2.787828511200268061e-02 4.038457620138145854e-02 4.531050780587474874e-02 3.333151017095405816e-02 3.880231136820743582e-02 3.855298883845627300e-02 6.198508661216500792e-02 6.496072199123315016e-02 9.258777292957187655e-02 1.255395815402907123e-01 1.471576350711868431e-01 1.901953405082887072e-01
4.246600120115291005e-02 3.193346781536994528e-02 7.549818156160614802e-02 6.805356049457333967e-02 8.855303291750679651e-02 1.151037584577072892e-01 1.401404999214637681e-01 1.468491424911523846e-01 1.377194855456303213e-01 1.371560549180086408e-01 2.161330225084786838e-01 2.193650719579993136e-01 2.423554781225263632e-01 2.463911136254809398e-01 2.693542360056796481e-01 2.899527109435833250e-01 3.078446585014777970e-01 2.784041490915004080e-01 3.269514222773498568e-01 3.281995326811454339e-01 3.925108348108212186e-01 3.609869833814316475e-01 4.074244582025741690e-01 3.995672511985082220e-01 4.085956449380805933e-01 4.368516577734774531e-01 4.527379976787997973e-01 4.867304830253355585e-01 4.838617212714677596e-01 4.600804843456421933e-01
-1.949903947273706750e-02 -1.959139672043412606e-02 -6.390071930703772329e-02 -8.368849762399117875e-02 -1.030918509006513856e-01 -1.078062574975708343e-01 -1.459281052328171291e-01 -1.332768798012250455e-01 -1.696924578105748482e-01 -1.650435741081205110e-01 -2.252251864079007904e-01 -2.115189261487748218e-01 -2.546998842350004510e-01 -2.723516659163360831e-01 -2.881596161649416232e-01 -2.990956790813548705e-01 -3.176246356906574642e-01 -3.267276083364674677e-01 -3.322354687730560419e-01 -3.648845841765911424e-01 -3.942195157174392950e-01 -4.079030912955503574e-01 -4.889286443979649621e-01 -4.528628578837349816e-01 -4.782614923428695208e-01 -5.611251978962739084e-01 -5.296049255009656065e-01 -5.917067238035591537e-01 -5.686080128066474115e-01 -5.461466067029822069e-01
-1.147882030944828713e-02 3.180480938914120176e-02 5.428537112339142101e-02 3.946261843766880884e-02 7.735835673814063507e-02 6.210163356730453998e-02 8.287799559991174125e-02 1.050104937704731123e-01 7.998610264417313487e-02 7.642301420133362777e-02 5.069879524181250541e-02 6.267851871653908058e-02 4.050567888490314017e-03 1.332293479872603825e-02 -4.839935600943867655e-03 -5.551129472799613829e-02 -5.788261871444258522e-02 -7.872844954542582152e-02 -7.368387956816287165e-02 -9.794926331626761795e-02 -9.869156818284330335e-02 -1.153239254546667980e-01 -1.595741855332235282e-01 -1.447091233527547371e-01 -1.759609483118568796e-01 -1.925574299412546042e-01 -1.990441258076911246e-01 -2.013782456704955037e-01 -1.854513040773058119e-01 -2.289386740648326479e-01
-4.963843214929812564e-02 -2.515479284140853533e-02 -5.267174238460754776e-02 -8.657351722360297208e-02 -7.616712658886187759e-02 -1.089983630893604366e-01 -1.268589286698844631e-01 -1.244443413239546548e-01 -1.301221192100780466e-01 -1.248815528745107484e-01 -2.276395967507384432e-01 -1.952412020255737124e-01 -2.832246498816100577e-01 -2.839942819114852357e-01 -3.370641387698830593e-01 -3.669441994918225536e-01 -3.981962417876028226e-01 -3.791324170363332136e-01 -4.325994198514131472e-01 -4.890202987241921151e-01 -5.389587420841175369e-01 -5.380567376694762594e-01 -6.427596226450380534e-01 -6.052070421186803717e-01 -6.494169897989429119e-01 -7.495839373574655351e-01 -7.377004250289065368e-01 -8.431540213114392390e-01 -8.211271153108576915e-01 -8.128862413524986508e-01
6.350278046548868058e-03 4.355030022343364671e-02 5.398882086268447927e-02 9.413852676002140707e-02 1.273046379345298684e-01 1.216196694679537726e-01 2.042064656766237885e-01 2.510626700811185441e-01 2.438497933760863656e-01 2.529543282488049272e-01 2.941230579981122251e-01 3.239686205924529050e-01 3.144366571943304489e-01 3.830348288246286925e-01 3.800790321891956425e-01 3.437483286359763746e-01 3.808241653935477422e-01 3.451308063661241987e-01 3.164272613748604912e-01 2.837292935445974718e-01 3.103343764996155385e-01 2.764157108260763551e-01 2.222922966483066587e-01 2.025451708616712587e-01 1.094769779713664209e-01 9.334355356716687868e-02 3.449449212757285665e-02 -7.552977115919516649e-02 -9.418407957130033037e-02 -1.811653400371383560e-01
8.244800162680819555e-02 7.006640158022017784e-02 1.540425237375536716e-01 2.079840143440537248e-01 2.625198793625677096e-01 3.128379926832340341e-01 4.322150605039375981e-01 4.473574064785704740e-01 4.688060492378920419e-01 4.472806495599132015e-01 6.915698191399639594e-01 6.507336082487907847e-01 7.743590695564479542e-01 8.279827413057510022e-01 8.780659451830671314e-01 8.773983643265412802e-01 9.437374628616973515e-01 9.267619762957008955e-01 9.885555939138919168e-01 1.012343599185851595e+00 1.187794475305205655e+00 1.120098947902597564e+00 1.241009523734698528e+00 1.210038366328164194e+00 1.232613694935807747e+00 1.385253060515325263e+00 1.393297265129328943e+00 1.510989393469326147e+00 1.493998609499425090e+00 1.485743290898548397e+00
-1.657397843501690060e-02 9.612170297863591173e-03 1.859104772842040676e-02 2.488425112539789652e-02 3.866632366877587046e-02 2.775985278182252491e-02 6.568686572291537740e-02 9.981862546485417709e-02 8.289021956244595202e-02 7.005975997819953449e-02 6.081307254422116393e-02 5.913235594649605964e-02 2.315304779791409195e-02 2.779420331556566037e-02 4.034061213200740292e-04 -1.012913707324286650e-02 -1.556231324984954853e-02 -2.592467163560832968e-02 -5.148129933536556291e-02 -3.405830748732113777e-02 -6.247042038438853362e-02 -6.161602910091335678e-02 -8.515630350124758774e-02 -8.291617082054934806e-02 -1.044135040488773369e-01 -1.305605607219265663e-01 -1.377224435834664140e-01 -1.858555807199032683e-01 -1.843453444962778742e-01 -2.206373858661320186e-01
1.301677897278518681e-01 8.589773531203510892e-02 2.192835489179662534e-01 2.740977693675611948e-01 3.301201999196917147e-01 4.013142115990284142e-01 5.656134919018096507e-01 6.112490245334625261e-01 6.257021539336883320e-01 6.129768674242164206e-01 9.721004672005821856e-01 9.144430067826145869e-01 1.127364894627136849e+00 1.198508202718154392e+00 1.259563028008133800e+00 1.308335579521654912e+00 1.392025395122704179e+00 1.364927548801134760e+00 1.440037471325416707e+00 1.488527596674364961e+00 1.699622491871536800e+00 1.616276463926411777e+00 1.784654263614803504e+00 1.697465177583911355e+00 1.732639337320740713e+00 1.941466135072114074e+00 1.921876780078330738e+00 2.120841686118913660e+00 2.076762437743103540e+00 2.069296535344877785e+00
6.511907084848730931e-02 6.016371051408657411e-02 1.650686217631674446e-01 2.072185488290824440e-01 2.635771616451179078e-01 3.109049128698200826e-01 4.298296350732083160e-01 4.538750102494409910e-01 4.722466581279713416e-01 4.583901046135784307e-01 7.010397958229004356e-01 6.439057967176060604e-01 7.794034799870509511e-01 8.234440900469153224e-01 8.638750743712145796e-01 8.489087263050645316e-01 9.349282446545854608e-01 9.106329141526433579e-01 9.601335258866204869e-01 9.739946201800506742e-01 1.143476943882381969e+00 1.072057444627347866e+00 1.180463014103821262e+00 1.145241498629561594e+00 1.169419281800401222e+00 1.307644605769656465e+00 1.304567646884359000e+00 1.429393932066554740e+00 1.411159869747854012e+00 1.412701156463485930e+00
-4.405250563531041413e-02 -3.897156279031335768e-02 -7.661543955211534696e-02 -1.049325770101378064e-01 -1.226332926496007947e-01 -1.297957562119232688e-01 -1.943771001147653887e-01 -1.871055539193239303e-01 -2.068321828120185391e-01 -1.968423286172139297e-01 -2.609085597105446075e-01 -2.545640437272853052e-01 -2.799476852255868842e-01 -2.930814858953294522e-01 -2.950566308661199399e-01 -2.993596589751457149e-01 -2.918085584105031827e-01 -3.294279618438927804e-01 -3.145651979642083429e-01 -3.088631858909356431e-01 -3.389170123370626175e-01 -3.267767132766962734e-01 -3.773081846303698028e-01 -3.394587353755108006e-01 -3.485068202067058141e-01 -3.912405470522535844e-01 -3.843802272868927505e-01 -4.051561687804045020e-01 -3.790464427878958986e-01 -3.952509960660014476e-01
3.798300881708446819e-02 3.634190960830097072e-02 8.265210079989612768e-02 9.894760446391173692e-02 1.296036521803048402e-01 1.619179777267786280e-01 2.182391223057585372e-01 2.360844173545765257e-01 2.310867767395152761e-01 2.284444773075381130e-01 3.499073463533245443e-01 3.431586115932977465e-01 3.952248901259974856e-01 4.177929447948168784e-01 4.519358226649230481e-01 4.550153883807057653e-01 5.069347396095801317e-01 4.661590656393956866e-01 5.115970852626825494e-01 5.063246762875357465e-01 5.995769118052268754e-01 5.549396067312468706e-01 5.954809949626956866e-01 5.797040693682117274e-01 5.655730332687856077e-01 6.034925850854016005e-01 6.087437205477161939e-01 6.078988999217287414e-01 5.960691674783454852e-01 5.578805506434179051e-01
-3.119500337743881524e-02 -2.598000656255384372e-02 -6.653083599145284688e-02 -8.168941883038735585e-02 -1.027911678337191520e-01 -1.244785264990826285e-01 -1.594030077881217755e-01 -1.303387579013634556e-01 -1.591440081869905099e-01 -1.520377198467678381e-01 -2.229190497678530392e-01 -2.055115575123536709e-01 -2.596147766635833465e-01 -2.718228999040163130e-01 -3.251883592245435328e-01 -3.135740582535554433e-01 -3.516357511773172129e-01 -3.346508948085116786e-01 -3.749628560323345350e-01 -3.954122580852026392e-01 -4.598560467159171772e-01 -4.578848705664870233e-01 -5.407114989120597182e-01 -5.166001187194395605e-01 -5.469624191373156918e-01 -6.306104978645206138e-01 -6.117901881414156140e-01 -6.798375655811880192e-01 -6.599273870750964610e-01 -6.516053301097193273e-01
-3.330722767556777014e-02 -1.270527086066796513e-02 -5.216433363154682201e-02 -8.307243237727923724e-02 -9.790570587780070277e-02 -1.062556108925675896e-01 -1.539646539175007489e-01 -1.420992819592686029e-01 -1.544649238244436285e-01 -1.270162876581854838e-01 -2.066331027947278243e-01 -1.723051303141187318e-01 -2.215958501569810501e-01 -1.985411398374823944e-01 -2.059327107105310972e-01 -2.094118400292127036e-01 -1.814789496542637548e-01 -2.487904331988587403e-01 -2.665722277609965385e-01 -2.927055238428971640e-01 -3.414191812134983461e-01 -3.339269649436236165e-01 -4.283206394146911178e-01 -4.090106060573628355e-01 -4.823531641670857351e-01 -5.680373633060341598e-01 -6.170611057324788540e-01 -7.254231482746007487e-01 -7.276841946282675000e-01 -8.049261175121497081e-01
-3.130320988598207788e-02 6.918745109046168379e-03 -1.861733177703325109e-03 9.545438889467818683e-03 2.481243487301293058e-02 6.961556901044271134e-03 -2.385488728282671514e-02 -2.382022601190091071e-02 -1.053494137116196480e-02 2.138634868733592376e-04 -6.688280656133228919e-02 -3.562102831864785019e-02 -9.421000883463274966e-02 -9.267632456037067090e-02 -1.130100618198384699e-01 -1.216420358294134085e-01 -1.076435485019965332e-01 -1.287441751022981862e-01 -1.374175816087989943e-01 -1.478006064129747388e-01 -1.686313995413676603e-01 -1.545183596300051809e-01 -1.705121649114447746e-01 -1.583744026927648152e-01 -2.004153568519498330e-01 -2.361769123090230738e-01 -2.607477622292618813e-01 -3.431015106682463456e-01 -3.282640264543857933e-01 -4.185453965441741087e-01
2.235183904599744378e-02 8.849412621379962318e-03 3.591805419726252363e-02 5.605239521309461626e-02 6.551216013646180003e-02 9.514825458474807096e-02 1.446359072666135170e-01 1.559071060997737068e-01 1.501280970872794496e-01 1.308447560332048898e-01 2.232980738055546088e-01 1.987873542569047192e-01 2.419951617435704971e-01 2.385472435331109642e-01 2.617402664192085560e-01 2.881988157118334781e-01 3.088105951709411157e-01 2.946797532340303949e-01 3.240371388911903461e-01 3.592624361873555938e-01 4.163528580671496671e-01 3.894632163879966913e-01 4.583503831331157130e-01 4.562281776769765984e-01 4.700855398372713045e-01 5.070478503132808124e-01 5.328142012115787418e-01 5.284059552446147556e-01 5.207412736165145661e-01 5.084393766614513366e-01
-3.451160482051826572e-02 -2.931979430744409421e-02 -7.911920007808050104e-02 -1.020438895504857946e-01 -1.230042219914366103e-01 -1.485889056429156307e-01 -2.119243311205326052e-01 -2.201538184196355219e-01 -2.397040596435264237e-01 -2.177939652450184282e-01 -3.546925770311634696e-01 -3.338587428603122520e-01 -3.842974329055264260e-01 -4.026357827507551779e-01 -4.610064231115854616e-01 -4.567225763998463139e-01 -4.778641620169992166e-01 -4.853007186616152269e-01 -5.198167160747350080e-01 -5.304119408764893517e-01 -5.956668444376007621e-01 -5.931928393630083729e-01 -6.574593384006220953e-01 -6.192210459253049137e-01 -6.408722211996653595e-01 -7.392705773802030755e-01 -7.182587443700962915e-01 -8.097737244567997372e-01 -7.917187035555901531e-01 -7.748075071130415825e-01
-1.590002239547973900e-02 -1.972259429392984181e-02 -7.583907157507809027e-02 -8.648301117018161732e-02 -1.088300924964509531e-01 -1.202647733258183638e-01 -1.620556907480082132e-01 -1.726930506635091789e-01 -2.023849545143873718e-01 -2.051956083993436430e-01 -2.938091527449178675e-01 -2.961108650681084642e-01 -3.343365408923075210e-01 -3.726119333677903045e-01 -3.981283082335029810e-01 -4.028741324172854243e-01 -4.357158953883799590e-01 -4.217517245253813440e-01 -4.280100903041065830e-01 -4.222603330454092196e-01 -4.560234433126657549e-01 -4.613498345111370913e-01 -4.917100536994731819e-01 -4.379321604255312916e-01 -4.340851866480908705e-01 -4.876677736977664823e-01 -4.356962279431354501e-01 -4.863132067697797378e-01 -4.585472698690346571e-01 -4.093472315293455455e-01
-3.913406958722956408e-03 3.811957197584109336e-02 6.997922267878023406e-02 1.104104805880838369e-01 1.654499859368640524e-01 1.466927857838196958e-01 2.245323672309766372e-01 2.688207241402943981e-01 2.590491434503266466e-01 2.577512420546198002e-01 3.002929253497275686e-01 3.235189006193407990e-01 3.081150817657495322e-01 3.467295171620400351e-01 3.250192085496833583e-01 2.454923284056252375e-01 2.820741723569390458e-01 2.745633274407154323e-01 2.562282500170934840e-01 2.088370717071753868e-01 2.660633018187258392e-01 2.257699417733361469e-01 1.675374642067994913e-01 1.573867536556467495e-01 1.205373777221490361e-01 1.218577978762022673e-01 1.018994058174929052e-01 7.029842944740569144e-02 8.373507295942203554e-02 5.582744332012209987e-02
7.729564983878373097e-02 5.230077202097392630e-02 1.043044201139272653e-01 1.270658717114432346e-01 1.373920988862601111e-01 1.712396351911735226e-01 2.079853327972637500e-01 2.249560531700378896e-01 2.238075403174081546e-01 2.158943209119503215e-01 3.482209377599954081e-01 3.273170960788973627e-01 3.916989743948233182e-01 4.137151257660979242e-01 4.300213702370684898e-01 4.728683001327445568e-01 4.849626245427015592e-01 4.795862325963521355e-01 5.242338252605872606e-01 5.607332440459392719e-01 6.466810627020589397e-01 6.102692463279947299e-01 7.114799234267275008e-01 6.935226264415981223e-01 7.214793894493745086e-01 8.170763799963171037e-01 8.335712288235601619e-01 9.338110266550430083e-01 9.240791361863684994e-01 9.285300958665193560e-01
6.243697114314739408e-03 -1.618014818123569842e-05 2.422904774538751915e-02 2.316141849451305162e-02 4.021318060403566291e-02 4.784410040219180815e-02 4.926284906874651287e-02 5.869019714090528694e-02 6.824190410707400845e-02 7.159850980826595879e-02 1.282054006875922858e-01 1.298086230673800578e-01 1.561760870028650050e-01 1.718403136160620015e-01 1.773841293998739410e-01 1.890119632863513366e-01 2.048758339831436015e-01 1.986124461002334862e-01 2.235822378068008931e-01 2.251936279664366602e-01 2.745935879474051822e-01 2.624763991274234320e-01 2.878399932013194773e-01 2.903410286453861899e-01 2.968798632918043245e-01 3.348485051587065664e-01 3.423293722743552814e-01 3.827084838920555843e-01 3.964316728742370288e-01 3.853796752349214483e-01
-7.128261935559675189e-02 -6.888458956542484191e-02 -1.370137755907255839e-01 -1.885439047551720204e-01 -2.139959538545895823e-01 -2.543331725458459203e-01 -3.584314278146140120e-01 -3.811262502509065730e-01 -3.855876970489858779e-01 -3.575266600775395265e-01 -5.476592826665587221e-01 -5.043506749432056235e-01 -5.867245534811376118e-01 -6.280804461480283818e-01 -6.929816210688564126e-01 -6.636329120788873048e-01 -7.052856441896719897e-01 -6.987792604233526994e-01 -7.450894244341687012e-01 -7.673754902170057957e-01 -8.773265391572964145e-01 -8.392539242414656098e-01 -9.266464655267689920e-01 -8.902839379728333391e-01 -9.212004059370682008e-01 -1.048612796828874316e+00 -1.048118554614514419e+00 -1.154815739402921926e+00 -1.125369063207563247e+00 -1.139214266858818547e+00
-5.583846977013367727e-03 7.020137691813813779e-04 -3.782115545268074919e-02 -4.778427705264454844e-02 -4.332026559185883641e-02 -4.413262033600589412e-02 -5.873630286578393478e-02 -6.274636331443814163e-02 -8.577809925926209444e-02 -8.795630095693970918e-02 -1.026522331105862440e-01 -1.138170206758811337e-01 -1.087533841874454288e-01 -1.323648794301644505e-01 -1.223247651316535789e-01 -1.357380585029399622e-01 -1.445974426941655788e-01 -1.435856862600627948e-01 -1.222461548927446240e-01 -1.183082183985394442e-01 -1.235481430523032165e-01 -1.273481216162189456e-01 -1.525718252336656644e-01 -1.251982887283471513e-01 -1.385996181308129516e-01 -1.478058160476274363e-01 -1.256098354677609996e-01 -1.310155789137376348e-01 -1.015279369675917559e-01 -9.202254922810521043e-02
-5.699572994162068612e-02 -2.203408905607210505e-02 -9.594298846188084595e-02 -1.136617836077850330e-01 -1.383607368369019763e-01 -1.824440455159572205e-01 -2.444259353424325376e-01 -2.324171293807144600e-01 -2.650711736290009002e-01 -2.553360537777502048e-01 -4.452214048875204888e-01 -4.262746986328025400e-01 -5.427965585682624772e-01 -5.571105199395633978e-01 -6.362365842593888932e-01 -6.831888652648892002e-01 -7.215624812450700531e-01 -7.073800150574456325e-01 -7.900181404349909675e-01 -8.272524739193998222e-01 -9.391565000296675514e-01 -9.336682006344236839e-01 -1.063016095929798288e+00 -1.007648689023610933e+00 -1.064362070643086078e+00 -1.197139682407027728e+00 -1.193852870855484083e+00 -1.321128868704542381e+00 -1.294425759995812220e+00 -1.274612076897745583e+00
-8.548080186910847478e-03 -8.244495224612638506e-03 -6.984536931055641829e-04 -1.567475051207695841e-02 -1.389656533668287737e-02 -8.300422337104804149e-03 -2.055944367488996005e-02 -4.239135099546105512e-03 -1.839427385028074430e-02 -1.385753666498861988e-02 -3.190520516014313385e-03 -3.210493451021066008e-03 5.008848890736158216e-03 5.508696670109457932e-03 -4.551218272008938914e-03 1.543043520985248884e-02 2.166965456904123427e-02 -8.173989598941062973e-03 9.202794484062297442e-03 2.354073291327721945e-02 2.407192500224281800e-02 2.066942189413373265e-02 6.375584197485004156e-03 1.006088725025165720e-02 1.114095461293416328e-02 -2.976057997656350596e-04 6.658287027268755542e-03 2.543032339956276949e-02 3.249590663571298027e-02 1.284272310951086599e-02
-2.635582127141035402e-02 -2.419426230538519046e-02 -2.704420565541668445e-02 -2.814825750405848190e-02 -4.086730505925999235e-02 -4.638299622808745443e-02 -5.913588124462561962e-02 -1.717922072001889372e-02 -4.290088263588444362e-02 -4.916150869188278677e-02 -5.571212296268737707e-02 -5.678900776042022924e-02 -9.132025942291097098e-02 -1.070003731864972163e-01 -1.258315242770124687e-01 -1.367650133952812430e-01 -1.356084572406933419e-01 -1.379991795346522387e-01 -1.533765346850645139e-01 -1.632394840382097589e-01 -1.792215743018776841e-01 -1.860369120081624972e-01 -2.211377428780043897e-01 -2.061644556159475394e-01 -2.094801937041121942e-01 -2.394617025747386441e-01 -2.332325213791934249e-01 -2.406772071644164845e-01 -2.219739078749124461e-01 -2.211796678843830910e-01
9.173672180479888749e-02 5.642311741293862953e-02 1.683114617033796834e-01 2.264126630280264563e-01 2.831629603281184959e-01 3.427280579354146650e-01 4.859376709364268132e-01 5.211471449623089613e-01 5.388683430836915811e-01 5.092267072082100610e-01 8.091759015954325118e-01 7.649621069513123928e-01 9.243606546009899283e-01 9.688393275162713314e-01 1.025176178127572779e+00 1.073818327300849251e+00 1.138764855756543071e+00 1.124515543898502612e+00 1.197209403116556770e+00 1.266042043355539715e+00 1.445956783072681384e+00 1.390743082940042452e+00 1.568326034740300523e+00 1.499125540226174724e+00 1.548568820640248367e+00 1.742797985090641211e+00 1.746346530177602219e+00 1.898309710576772780e+00 1.868688022398014681e+00 1.846941269252048379e+00
-2.310573444984061198e-02 -2.228589795255003086e-02 -5.463042916408018465e-03 -3.598328254665281861e-02 -2.264223984855237570e-02 -2.142669285976595700e-02 -3.322711671065732564e-02 -3.029608677576067777e-02 -3.434992536826797505e-02 -2.839528276186727151e-02 -1.836488770563655254e-02 -2.842166575217397115e-02 -1.020022185202813791e-02 -2.112711936658187226e-02 -2.819828040214904935e-02 -1.596521288914911491e-02 -3.140423104436747270e-03 -2.452024506993639996e-02 -7.268309157151344596e-03 -3.856052470301782331e-04 5.961729261639424349e-03 4.589088700775498242e-03 6.159313237537739072e-04 7.994633750668528327e-03 1.446973703464699695e-02 7.987281919344037251e-03 1.524210663992062176e-02 3.860861243533322829e-02 5.094361246713419167e-02 3.994270559755623562e-02
-3.122399139241061050e-03 -1.907579218840779745e-02 -2.327321578930608564e-03 -2.529987002906151916e-03 1.240294627860537291e-03 2.631013711118885059e-02 1.303497523853600071e-02 9.040450798439608054e-03 1.345628841163304737e-02 -5.233775966744506902e-03 8.238123911426337154e-02 1.495249780507638959e-02 9.669020505773708030e-02 5.961158165138284726e-02 5.254205170818106174e-02 9.287926486338854426e-02 9.648181822851728540e-02 1.170166836956145762e-01 1.497574995808632625e-01 1.890756540070271385e-01 2.194654863559724056e-01 2.132188110618886134e-01 2.670858423897627398e-01 2.704895153676309394e-01 3.180348805205776563e-01 3.541928676698510303e-01 4.168635980774018091e-01 5.105214063386445122e-01 5.320757913630319580e-01 5.759487332729312792e-01
-6.576726178760148797e-04 -1.205418954371286107e-02 -5.617073484672910344e-02 -5.821535522154040049e-02 -7.004867351384105878e-02 -6.318543602886558808e-02 -1.264687627557545269e-01 -1.456654208403235229e-01 -1.477472241157360422e-01 -1.287026683160957807e-01 -1.782958676057871394e-01 -1.457961068205338995e-01 -1.579981384339290695e-01 -1.546259174880846299e-01 -1.384981778835772670e-01 -1.189387406514887946e-01 -1.035862532164268934e-01 -1.417178604057796887e-01 -1.078995995757167092e-01 -1.103357046994955515e-01 -9.814560361145938105e-02 -1.055855141066376762e-01 -9.851320929407560156e-02 -7.277315049533719660e-02 -9.895446286600986796e-02 -1.070501401199326769e-01 -1.092287353577189035e-01 -1.455628675342693357e-01 -1.315718894555318319e-01 -1.740696920610314835e-01
1.852025749878064356e-03 2.256230087811104956e-02 6.027496197464750349e-02 8.007604957616462626e-02 1.117051369328229404e-01 1.292034926878861123e-01 1.883741918883254929e-01 2.097153467425924012e-01 2.084680031649645826e-01 2.059119414569081652e-01 2.928680612074662792e-01 2.766137718833641124e-01 3.200664713925820415e-01 3.519947192963801541e-01 3.504215711099536446e-01 3.462910326702248187e-01 3.868170589931950731e-01 3.496432311486087352e-01 3.647320925445867723e-01 3.629023023006243687e-01 4.191838257376566679e-01 3.850439377244559980e-01 3.787998564092803222e-01 3.679899074004477910e-01 3.428463289236957090e-01 3.459596292801550010e-01 3.488840720482689894e-01 3.326384013003839124e-01 3.228094294455676749e-01 2.807235946059958853e-01
-2.955578652658020361e-02 -1.550840078388868865e-02 -4.079365094255979485e-02 -4.168611907959640650e-02 -5.410032074555003873e-02 -6.354443261958359068e-02 -1.184413845648528557e-01 -1.144469252753938793e-01 -1.269549311108946754e-01 -1.107726016257594703e-01 -1.794060353899126214e-01 -1.641038348030842142e-01 -1.878947227514823348e-01 -1.928537846850817694e-01 -2.102060142650801766e-01 -2.064582792386238652e-01 -2.059058946624113817e-01 -2.361331698554912928e-01 -2.206960833908505060e-01 -2.106130051660117242e-01 -2.259887208440596873e-01 -2.234158657770936862e-01 -2.450003019426574835e-01 -2.091830573957112749e-01 -2.192112519173639029e-01 -2.593679176104518591e-01 -2.399652304169236361e-01 -2.819557491800965821e-01 -2.629777705191886916e-01 -2.897996992746118550e-01
-1.067599773996736334e-01 -5.659415277701027036e-02 -1.672308240587991601e-01 -2.184763172288844979e-01 -2.510353604100798441e-01 -3.096352058539965646e-01 -4.550297691859338522e-01 -4.686097764967454005e-01 -4.992709302609561473e-01 -4.743507296986493871e-01 -7.761270889282506635e-01 -7.187512938469887702e-01 -8.947671360441351585e-01 -9.253441611744223083e-01 -1.002710611574284982e+00 -1.038602622701794154e+00 -1.094076068615084996e+00 -1.106772399961156950e+00 -1.163513548163318534e+00 -1.209040466921124324e+00 -1.367334352153491306e+00 -1.328463917870153388e+00 -1.493660141408076125e+00 -1.409786293069279051e+00 -1.482356629613671206e+00 -1.667921797042282828e+00 -1.655933470334499003e+00 -1.835986650199953552e+00 -1.792218342593338898e+00 -1.828044416926554616e+00
-9.061106873698038244e-02 3.360042192937801736e-03 -5.159261947947742927e-02 -6.500199363427258681e-02 -3.947222156464576248e-02 -9.855323652217999608e-02 -1.239940618549725815e-01 -1.209807493088585206e-01 -1.486239056214328780e-01 -1.422824536908949555e-01 -3.511938391578899865e-01 -3.142073173096340821e-01 -4.737973797230863315e-01 -4.816964069745115484e-01 -5.585206329326458663e-01 -6.648120517501845406e-01 -7.030307272675683228e-01 -6.970196602769630490e-01 -7.650202243932527901e-01 -8.440834640892255214e-01 -9.417010260380853648e-01 -9.388454308167246687e-01 -1.118548264761489719e+00 -1.050490122010301564e+00 -1.140195686502754047e+00 -1.313377269856031981e+00 -1.294534297454667637e+00 -1.491746511701762978e+00 -1.454604807558971702e+00 -1.488553699815889697e+00
7.869840092087326822e-02 7.851200794516395576e-02 1.898955366682565926e-01 2.436451454382776438e-01 3.029049594404211176e-01 3.400736450767891661e-01 4.690702831184906940e-01 5.137194131249022133e-01 5.286279076859057291e-01 5.197896231049313753e-01 7.494939460180587432e-01 7.161969349348121794e-01 8.231665906461032023e-01 8.971194890943143818e-01 9.057229405292501756e-01 8.917683000702293361e-01 9.633236007394476719e-01 9.416261246932968731e-01 9.633117508754053260e-01 9.608427793280115425e-01 1.112443822592912746e+00 1.034670717681630325e+00 1.117440551308075847e+00 1.063272449992776814e+00 1.065415258611360105e+00 1.189571638844376444e+00 1.166384491210150642e+00 1.288274515570882794e+00 1.261065139788929645e+00 1.247486575991247237e+00
-3.043202426899947050e-02 -2.695520469960514809e-02 -7.333221110554574707e-02 -6.981792923792901062e-02 -9.120189461835115363e-02 -1.076499524222497561e-01 -1.310556903208347224e-01 -1.037462049606200365e-01 -1.241283590679194554e-01 -1.079929549886666784e-01 -1.634332371195538203e-01 -1.469446056685753399e-01 -1.552134692068117827e-01 -1.562203344396886351e-01 -1.769710499251280211e-01 -1.519946341888400165e-01 -1.536778610689965019e-01 -1.754293829597057819e-01 -1.958991892026263892e-01 -1.755523178689785690e-01 -2.279837949023521548e-01 -2.134839361176893435e-01 -2.583918229398257105e-01 -2.514722223598753748e-01 -2.934227236886962631e-01 -3.427796456442331330e-01 -3.658124090313098487e-01 -4.519258512077221068e-01 -4.450671636428535916e-01 -4.911327410345077693e-01
