-6.308785888780969742e-03 -3.506381695190050746e-02 -8.769605470323869889e-03 -2.534290194868481227e-02 2.444250002596204396e-02 2.189202293846867139e-02 1.736546549057816496e-02 3.410232363915090964e-02 8.393944683014054053e-02 8.005347661490004596e-02 1.003463246355787430e-01 3.587647673761269057e-02 5.403451026295758020e-02 -4.359221037711288882e-03 8.904018442701647218e-02 9.604635043705583852e-02 1.387296338347511759e-01 9.684154008570014516e-02 7.948185512721167578e-02 8.415509696378394022e-02 4.351294862545446174e-02 4.443067662855507138e-02 3.410633396358971753e-02 3.393069130616722939e-02 -8.500165862252218041e-03 5.428840698206233162e-03 -3.261282711261895284e-02 -8.167923065008672601e-02 -8.782649325782881933e-02 -1.173689172369314082e-01
3.360049766808180516e-02 -9.550869697905119138e-03 3.234788982267690349e-02 3.371934574729384265e-02 2.493780465795437246e-02 4.398698902779704656e-02 4.390657857245845036e-02 6.464043333116030465e-02 9.076283692605596753e-02 5.895153908205623405e-02 1.213738537688098251e-01 6.765082765525140540e-02 6.614216516566896742e-02 1.430376491797383937e-02 1.157656984314570509e-01 8.188714434752124294e-02 8.746818862795999183e-02 7.031388098116082841e-02 6.622719784171107738e-02 1.104384517007551830e-01 2.579935905830315138e-02 4.740509885982462784e-02 3.432424452004366466e-02 2.535078649308620743e-02 2.770425372698721161e-02 -2.587117367252297212e-02 6.214824318532749525e-04 -5.161968359018237473e-02 -5.561005937823562673e-03 -2.870526319052412595e-02
-1.752112818387474916e-02 -5.113246422652807655e-02 -6.974811528965640939e-02 -7.643243461949449091e-02 -4.107469032400086484e-02 -9.494729655061895368e-02 -1.290659840044153517e-01 -1.074213617993572401e-01 -1.105875449384726705e-01 -1.105569693372411705e-01 -1.221898220998843820e-01 -1.000702406876424339e-01 -1.204677707513146234e-01 -1.120493715894900488e-01 -1.427842454797493832e-01 -1.255122100549631303e-01 -1.280049677894656845e-01 -8.554017443455719238e-02 -1.018487831561873530e-01 -1.187857280055200498e-01 -6.995171076188833048e-02 -9.515824428513305899e-02 -9.012712253758202452e-02 -3.659271128223574865e-02 -7.309702858403327452e-02 -4.470904388991994716e-02 -3.854086189709801658e-02 -5.392947232677605673e-02 -6.382754149045020975e-02 -5.270794325285330095e-02
1.027806792646400631e-02 -4.294593022054213338e-02 -1.456154626171593178e-02 -2.263192301271218718e-02 4.562232787640323889e-03 -4.147543765157405554e-02 -4.842284490572656974e-02 -4.019877793132684701e-02 -1.698029420311905277e-02 -1.023114539418390756e-01 -4.201474992095990957e-02 -5.442266089122927558e-02 -5.922150089025218778e-02 -7.279576387266459281e-02 -6.048618433380301140e-02 -8.727576515247142952e-02 -1.651711421689556203e-01 -3.911789932572805328e-02 -1.128312199505780711e-01 -4.883712559751172966e-02 -8.502818490616154135e-02 -6.621366820652900553e-02 -5.487605285325204696e-02 -9.115859340348211881e-03 -1.361225716056811696e-02 -5.103202930771633117e-02 -2.452463659496434412e-02 -5.771573811412632204e-02 -5.173231017113232022e-02 -1.398709287222470177e-02
-7.336794931638326855e-02 -1.080793154640100340e-01 -1.052706283030056811e-01 -1.273268568723521232e-01 -9.739607128946384251e-02 -1.164100633823026421e-01 -1.658120333041910310e-01 -1.394083376995840784e-01 -1.380044528261056280e-01 -1.796649338842612187e-01 -1.315767419189168841e-01 -1.555265571836366711e-01 -1.812060281841620379e-01 -1.494305221368735781e-01 -1.465515281661290969e-01 -2.444183079331664343e-01 -2.385025534283792548e-01 -1.808392558828451069e-01 -2.931651317830507031e-01 -2.354830155222889521e-01 -2.778460035679827800e-01 -2.882912793112257788e-01 -2.740168159968481287e-01 -2.861004933663663374e-01 -2.971753351276885668e-01 -3.448810504723769932e-01 -3.453579843140062167e-01 -4.057275646882850806e-01 -3.824191586543711496e-01 -3.712614924588205634e-01
1.082019389963327360e-01 1.617732548712491614e-01 1.302491432026078311e-01 1.484085402203427773e-01 1.584757150346145504e-01 8.179663830551740789e-02 1.463322082226539977e-01 1.215847783311183872e-01 1.466508767051875051e-01 1.547562214213145382e-01 1.442647057030968516e-01 1.808454244251765652e-01 2.530494621776619990e-01 2.530266346372749275e-01 2.102701178230627077e-01 3.080997994110733496e-01 3.149881508979787137e-01 3.506178379662988620e-01 3.671260554572051138e-01 4.447792715012640619e-01 3.398534554667424490e-01 4.962402654247497491e-01 4.112109477736684005e-01 4.195371840058353952e-01 5.002650483734359943e-01 5.247076410980355821e-01 4.700719106536784819e-01 4.698374779495495535e-01 4.456330289363905073e-01 4.869543097730990588e-01
1.378392361123071397e-01 1.450808701494348263e-01 1.740665208733851166e-01 1.835919857179702519e-01 1.865319757389359845e-01 1.362999801483218698e-01 1.866874006695279087e-01 1.765556104645404356e-01 2.043846919125056338e-01 2.005541842660027441e-01 1.896283349979659694e-01 2.452053012095991857e-01 2.972388110337729761e-01 2.511170555961309003e-01 2.549144687144722088e-01 3.666933624258694180e-01 3.340473448026513026e-01 3.977293402808085299e-01 4.654533253892843003e-01 4.751871778986291872e-01 4.563203797994895838e-01 5.154944859218160147e-01 4.925297765236339997e-01 4.777467255552397818e-01 5.109966669506897929e-01 5.376595788860017988e-01 5.440826846480142365e-01 5.314702860847518862e-01 5.286389521219184706e-01 4.948114729762403963e-01
-1.577058989388913438e-02 -8.316587772696699965e-02 -5.735245628777206617e-02 -9.860845793733891140e-02 -5.457213245512521071e-02 -4.392505608191679678e-02 -9.237180166507244494e-02 -4.674796538136727353e-02 9.117272705045809111e-03 -1.491651095424211676e-02 4.649272314614143892e-02 -1.570858505254330018e-02 -3.778384505517413255e-02 -7.260831709164022874e-02 -2.148193072553095800e-02 -4.900739206427086325e-02 3.436693325571937851e-02 -2.517681694259198133e-02 -4.493910364208793251e-02 -6.569018018642769352e-02 -8.552848027169276945e-02 -1.113182813547140687e-01 -1.332678658466397714e-01 -8.284064225406834181e-02 -1.297153682602830427e-01 -1.407716797405822173e-01 -1.481041918623293707e-01 -1.708141868819976761e-01 -1.670351116596532626e-01 -1.662479828981423824e-01
7.611193880167448078e-02 1.080133611228628887e-01 9.256884945386548158e-02 1.169311972716496895e-01 1.026878731090458963e-01 7.223878611968267971e-02 1.183207976054067301e-01 1.022619835477574235e-01 1.105652370297363907e-01 9.918013143356452233e-02 1.117801823608688683e-01 1.009389107514091222e-01 1.311594432303245239e-01 1.207178706004843199e-01 1.362322417183711720e-01 1.726801481521403892e-01 1.320586442546631545e-01 1.665303282245083616e-01 1.861713118679706735e-01 2.551174483986414776e-01 1.700781912083971226e-01 2.488731873814049034e-01 2.035160707432443483e-01 2.360188822489593385e-01 2.802183170276275059e-01 2.514175222324344094e-01 2.695110200118900901e-01 2.551615653178595511e-01 2.778837946060876973e-01 2.998703880155775825e-01
1.832972030153664361e-02 -2.476016662112121361e-02 2.383186367118137264e-02 -2.845794647040232606e-03 2.699476159027523400e-02 2.750647467043506461e-02 1.781155936366869696e-02 5.817295624060085657e-02 9.626683227472213056e-02 5.229036006767175115e-02 8.971426386472847181e-02 5.735319411718740878e-02 5.759739499098475574e-02 2.469088401039395975e-02 8.944791330395299167e-02 4.399152411704888160e-02 6.309551432203547305e-02 8.875571508787027941e-02 5.024898676737087760e-02 4.891690848798325997e-02 1.686294004840294125e-02 1.064372166392621444e-02 1.823273913548823649e-02 5.614854190655731853e-02 9.377547426569501909e-03 -1.005713430448669510e-02 -1.691484540406709702e-02 -5.924310912656143013e-02 -5.621302021749877142e-02 -6.033254572063156962e-02
2.228664592173038028e-02 5.537977306367376784e-02 2.499789961210192174e-02 3.798495427426407806e-02 1.809137189461170261e-02 8.444697543939470863e-03 3.157446764469096223e-02 2.827287261461020745e-02 1.217873927080098673e-02 2.803415857675670836e-02 4.581240945032138273e-02 5.182036236130086598e-02 4.177126710741075472e-02 6.465992933981402901e-02 6.174207897372274712e-02 6.319022594015083483e-02 7.699461694319488514e-02 3.460192612083175245e-02 5.947191529693790502e-02 1.290519114585798044e-01 5.382836572749621212e-02 1.116947344525310026e-01 8.252003855999325010e-02 6.533178632164950150e-02 1.383005811550117037e-01 8.591346590140165607e-02 1.402305167922097973e-01 1.542183043203811943e-01 1.880588207586876837e-01 1.906413305317067319e-01
-1.801263536096811210e-02 -5.662954159116564273e-02 -8.726458093619059164e-02 -1.174738520360647243e-01 -7.415815048741029869e-02 -1.368427657099087758e-01 -1.851712007461656651e-01 -1.567376334429797513e-01 -1.513591981426485322e-01 -1.479311708610121512e-01 -1.494988265048128040e-01 -1.030206516786054960e-01 -1.317749618132913192e-01 -1.283214077519673202e-01 -1.952638644444175120e-01 -1.645041105405887771e-01 -1.679789521754210257e-01 -1.259761432294208006e-01 -1.732093626508184325e-01 -1.336251598811429298e-01 -1.306086860485163315e-01 -1.187313062602621122e-01 -1.452338335499029076e-01 -6.281900448658556124e-02 -6.240701880727489437e-02 -7.900063349572407356e-02 -3.989774405500878807e-02 -4.293813559059238283e-02 -3.646841862355607727e-02 -2.048680727755658459e-03
1.589775157298034883e-02 4.510240275737269211e-02 1.894932926323111486e-02 1.769987099322456459e-02 2.917916735561453673e-02 -2.587429041719234435e-03 9.140916846184716713e-03 1.391752588969721871e-02 2.251441196849938986e-02 3.794912538171100677e-03 3.281168103555065496e-02 1.242181336062282877e-02 1.841514382232688207e-02 5.290788804276867069e-02 3.501714524330824113e-02 1.728603017088051891e-02 4.673424831048562933e-02 6.101190525718617336e-02 3.831244868716046637e-02 8.754466626272322527e-02 2.328804735397094899e-02 8.321816050453208213e-02 4.476046619026197160e-02 1.034377177009601773e-01 1.172138844500355132e-01 1.173399797082597118e-01 9.080798398064440780e-02 8.880029131527776565e-02 7.685699473924062497e-02 1.158180925198404598e-01
7.052309058929077945e-02 2.935330451937682300e-02 3.667857029775867250e-02 7.384744686001067093e-03 4.758172098646407111e-02 -7.729397134640242362e-04 -2.387273413354783561e-02 4.138147952047897121e-03 4.071175243068825972e-02 3.049799497786259694e-02 4.218007489353582662e-02 8.277497758094935765e-02 5.887866785352850740e-02 4.724506947626047615e-02 3.372794972229197635e-02 6.644454937349739132e-02 8.081821509303302453e-02 1.278807676284523520e-01 1.046794592539099789e-01 1.213760261567811138e-01 1.092737495059052655e-01 1.173036049938067232e-01 1.016586897546265661e-01 1.613324570830790838e-01 1.474359155509261388e-01 1.035509971646860206e-01 1.894520249206210760e-01 1.672962720934230152e-01 1.897899792528029983e-01 1.713065536453522997e-01
-1.972073805063635082e-03 -4.742322704589201077e-02 -3.955072929139671900e-02 -2.797368383285703600e-02 -4.891438326427244299e-02 -3.004216232643066448e-02 -5.836239485624498957e-02 -4.104762282937074458e-02 -3.076441272365073101e-02 -7.149994586760578807e-02 2.222854803180802918e-03 -3.807584600590070700e-02 -6.358509032021816831e-02 -5.927677892237052937e-02 -4.202814017793948809e-02 -7.914468806902998088e-02 -6.024121247658549561e-02 -7.363876824684406630e-02 -6.046835731543279135e-02 -9.422692097187294891e-02 -7.574945501153090843e-02 -1.166536236671739807e-01 -1.038920656642092627e-01 -1.639277250935246844e-01 -1.635488397041062747e-01 -1.707783849928223852e-01 -1.467910635458705149e-01 -1.633730155782546212e-01 -1.235957105030211917e-01 -1.429804634247164585e-01
7.907305589835950110e-02 8.161976137290649636e-02 1.057319838915947996e-01 1.134440167863924320e-01 1.115827480428092794e-01 6.210102152354206317e-02 1.117302194225304468e-01 1.042759485177526813e-01 1.252876292752566623e-01 8.271578016592116833e-02 1.089755420463006247e-01 1.104623130857882579e-01 1.523596492542634295e-01 1.394069649423849144e-01 1.414904146668475859e-01 1.542407644318803117e-01 1.731488313697182313e-01 2.212212711116430530e-01 2.124850396366396166e-01 2.804612687461418563e-01 1.995212298092281511e-01 2.822382577408003579e-01 2.753834482256201088e-01 3.180259865773920058e-01 3.365273588612252009e-01 3.328857712779137445e-01 3.075395889058720744e-01 2.925709351612240106e-01 2.828330860347098019e-01 3.066857411877612072e-01
-6.958586970710527175e-02 -1.124386021684600223e-01 -7.626521066380177738e-02 -1.206432721678367959e-01 -7.781900062152417863e-02 -7.465973840517658999e-02 -1.259734292148763646e-01 -8.262253754916128179e-02 -8.938037441596169419e-02 -1.013189176189296797e-01 -8.166189075165727895e-02 -1.042227342081413904e-01 -1.415995321635697968e-01 -1.470786841315889215e-01 -1.010336479550972000e-01 -1.890237306148563612e-01 -1.392255824973021028e-01 -1.762637838709013582e-01 -2.021093152583106622e-01 -2.060616662913259955e-01 -1.942058191981954063e-01 -2.609189156223050698e-01 -2.178062223740273584e-01 -2.072708773848953578e-01 -2.540212369384375890e-01 -2.674861814515490654e-01 -2.734645215901545523e-01 -3.051267917061155077e-01 -3.040965937759299020e-01 -3.190146846425816474e-01
-1.840621492704969456e-02 -6.308740120369643600e-02 -6.715737439767738293e-02 -7.990005981285112913e-02 -6.932676347981822640e-02 -6.300941993383177286e-02 -7.604533683945072231e-02 -7.578568819550536573e-02 -4.405666876098660034e-02 -3.167107253318768301e-02 -8.133718747820067874e-03 -7.157541918772450384e-02 -7.574359263820215626e-02 -1.259339393119649486e-01 -4.992294208431838354e-02 -7.308927742167403707e-02 -1.154216973768031063e-03 -7.406129064721321542e-02 -8.361598499258512951e-02 -5.695954686554428881e-02 -9.629714673625019983e-02 -1.025620517886290245e-01 -1.123094496842237250e-01 -6.070524476092786781e-02 -7.676533086064768474e-02 -8.978266187758507377e-02 -9.748324723204593312e-02 -1.031583021477564255e-01 -9.606263932836173192e-02 -7.999473386788824580e-02
-8.562354481734910094e-02 -1.916906993491043210e-01 -1.439277944305914492e-01 -1.602254064769464970e-01 -1.596559236181475105e-01 -1.282292174047853783e-01 -1.876632938944214624e-01 -1.557393050912118937e-01 -1.479956313751538688e-01 -2.003413180407184468e-01 -1.243299296821859662e-01 -1.852273540230981730e-01 -2.126762649722854226e-01 -2.557019409131617294e-01 -1.810088209879418542e-01 -2.659687569386500194e-01 -2.993798141966491078e-01 -2.893437057419784297e-01 -3.336907130087024553e-01 -3.304997423872508833e-01 -3.300937292917064392e-01 -3.989651672163416762e-01 -3.778436155457616241e-01 -4.170800097052939082e-01 -4.307027188442761334e-01 -4.894434312044197988e-01 -4.703268231291453660e-01 -5.236706783898960049e-01 -4.704629969235503695e-01 -4.577083691435287482e-01
4.044858611984960411e-02 1.989735935879857753e-02 6.917406904555392644e-02 5.709141676194291054e-02 7.695859572550065031e-02 8.297533056212078040e-02 1.090808811272762913e-01 1.172043701318045555e-01 1.637220910646867145e-01 1.254021550056362011e-01 1.502081747268203538e-01 9.967953299312345972e-02 1.217360986898814723e-01 8.933675330036708329e-02 1.836394069810570739e-01 1.406997468914044924e-01 1.499822549493293466e-01 1.706133306140229233e-01 1.560017387096497843e-01 1.592384001317069808e-01 1.046494690425212593e-01 1.145310643695048869e-01 1.146494995890785379e-01 1.277251843583170621e-01 9.768275863064228293e-02 7.515147689241327700e-02 6.421678546568242163e-02 1.809385757090238578e-02 2.376979317899172855e-02 1.622402340087621131e-02
2.016843960396431656e-01 3.163270803022922295e-01 2.707196012318587308e-01 3.306581718209936072e-01 2.976734853105303946e-01 2.276827561695981550e-01 3.315186629657838058e-01 3.030475820301148926e-01 3.008310583771735547e-01 3.360391537401231643e-01 3.054085833399237671e-01 3.708270056334186937e-01 4.442834339957462686e-01 4.817056558302478253e-01 4.050738512350965381e-01 5.628714520265586385e-01 5.977737034556375173e-01 5.928631878353647355e-01 7.283436810402484918e-01 7.494838360287514600e-01 6.836918300634087231e-01 8.366420573441013531e-01 7.656259432900452966e-01 7.354658372315838744e-01 8.328827841489693240e-01 8.927514232622585366e-01 8.703985768186516259e-01 9.064637800298499526e-01 8.847348473342664388e-01 8.667055696268705089e-01
-2.686796490825130168e-02 -2.303438974657335755e-02 5.139526848955036642e-03 1.886874084212885119e-02 1.823078058811586355e-03 2.302769543599794688e-02 1.378931305437596649e-02 4.642482596047232957e-02 3.714308394024846971e-02 -1.836560297087201643e-02 7.327450338669344587e-02 2.730562811673171303e-02 2.038922773243849462e-02 2.477834754787937993e-02 6.056472270172968964e-02 2.120070683451671240e-02 7.537684622927268152e-03 -1.042922736211983337e-02 6.718717545949465242e-04 1.854861990423471718e-02 -2.952876347732273643e-02 -1.979954392417157538e-02 -1.943425708102398952e-02 -1.157072100656874047e-01 -9.001105536084218206e-02 -9.808509685041155723e-02 -1.211767789655598671e-01 -1.666583884905556423e-01 -1.329274126835292558e-01 -1.654578061396128341e-01
2.273745608460780998e-01 3.432032124249489446e-01 3.100755426096826195e-01 3.462556193647767788e-01 3.391256220009327693e-01 2.576399784332167875e-01 3.659345409631269419e-01 3.477168847280920905e-01 3.851466823636238157e-01 3.992200424666496605e-01 3.808634469824780933e-01 4.461900930755385852e-01 5.263313712873521899e-01 5.364967273537395442e-01 4.782854558064111306e-01 6.589206853676733422e-01 6.566351380258481640e-01 6.983298413397147630e-01 8.059038212218627706e-01 8.403008001847735997e-01 7.373211379618740402e-01 9.250455107115168607e-01 8.072470835916396581e-01 8.431576556902924402e-01 9.200515581772458207e-01 9.673445509022675637e-01 9.514232210832361814e-01 9.609747774506500750e-01 9.410836976490610795e-01 9.300109632114511582e-01
1.715409929698089031e-01 2.072115475393487560e-01 2.138605656491849860e-01 2.349434811854892446e-01 2.237203614394246143e-01 1.613509163373539890e-01 2.385670876202914403e-01 2.314492275451086045e-01 2.662154557350456252e-01 2.428113893813572677e-01 2.762071627192997370e-01 2.971830554673882130e-01 3.576284357434466044e-01 3.454437472953074684e-01 3.297136809162612980e-01 4.222426425404962602e-01 4.536676502031655733e-01 4.831331916922138037e-01 5.230258073452913603e-01 6.001020106866661319e-01 4.822569923292278626e-01 6.281575024844511246e-01 5.627526711522462532e-01 6.096617944681748114e-01 6.675367631642642463e-01 6.563857442767512262e-01 6.586352360177242238e-01 6.559317606713399584e-01 6.532795934608590649e-01 6.626764463165391028e-01
-7.961479798081179393e-02 -1.539982345243808559e-01 -1.220231426645393413e-01 -1.129012543477037889e-01 -1.316606238201109003e-01 -1.272777685441353890e-01 -1.221284933397464023e-01 -1.340061638986677073e-01 -1.352492621986583765e-01 -1.749047242947893710e-01 -1.276453879381091727e-01 -2.323192002094488784e-01 -2.104644019676173983e-01 -2.647526596324073500e-01 -1.747528280445552751e-01 -2.575407334609335352e-01 -2.379473144595214418e-01 -2.680933644689478257e-01 -2.992689909886266930e-01 -2.150359713706335163e-01 -2.745041769836480405e-01 -2.972714982928382210e-01 -2.475147525695360340e-01 -2.046008401731806980e-01 -2.045594918967519882e-01 -2.486795090130299313e-01 -2.927953465168089409e-01 -2.935350105199379112e-01 -2.976077625053256126e-01 -2.230550579525328869e-01
1.059068985445599104e-01 1.259401490224550668e-01 1.506393958754115026e-01 1.805169698398562950e-01 1.598474534909706257e-01 1.535133597301900354e-01 2.109399157792843649e-01 1.859007721347800957e-01 2.104073093994749122e-01 2.112521052369987218e-01 2.148373040212629426e-01 2.091347892460274638e-01 2.627552007177504922e-01 2.380032507526933239e-01 2.771200356899561346e-01 3.388280946451629472e-01 3.591268537564180074e-01 3.559591388219347508e-01 4.457663199333239401e-01 4.088374135428860523e-01 4.093615733095360421e-01 4.307432419639386501e-01 4.330929282447044670e-01 3.463418724234610946e-01 3.643877451958940084e-01 4.102674117680175092e-01 3.840935008588055033e-01 3.669916687120076126e-01 3.671483934005299599e-01 3.157628543165505453e-01
-1.112614023903961968e-01 -1.187733604496129663e-01 -1.506510952734439190e-01 -1.597811635637797212e-01 -1.479868418478368364e-01 -1.386923685780302451e-01 -1.826412253472239344e-01 -1.599544309879120108e-01 -1.769072032274360828e-01 -1.547194356137829019e-01 -1.456085561460230826e-01 -1.726480721707607802e-01 -1.909020726335964868e-01 -1.949134268725690455e-01 -1.794383632619053481e-01 -1.871971432349500142e-01 -2.308188472779976186e-01 -2.626410161135043220e-01 -2.348265065054029321e-01 -2.621026868444825686e-01 -2.376980711963064818e-01 -2.707443846743981530e-01 -3.197025195016960364e-01 -3.175795460999207842e-01 -3.068999759157462481e-01 -2.977788965158453816e-01 -3.169603317005155185e-01 -3.267581181366353005e-01 -3.103761373963199732e-01 -2.762490476986994015e-01
-1.217982774095311416e-01 -2.209583760983292455e-01 -1.764460423396938538e-01 -1.986686461616586907e-01 -1.835753016035044649e-01 -1.773577705829135764e-01 -2.503396527812509764e-01 -2.047457027195130064e-01 -2.021162528639082745e-01 -2.873611920109597206e-01 -1.887739822999500161e-01 -2.335009368979343858e-01 -2.742180896596636552e-01 -2.713461512767645356e-01 -2.557931501722991996e-01 -3.609940171597538772e-01 -3.745088756948815600e-01 -3.304584949747731981e-01 -4.172824402743356975e-01 -4.137756822013162195e-01 -3.901343635339029614e-01 -4.721678298123191397e-01 -4.155379282434329968e-01 -4.765207345913769488e-01 -5.017363785321651282e-01 -5.426240879593379196e-01 -5.356968881187750275e-01 -5.874370399877488769e-01 -5.547615428532908233e-01 -5.516691125941549645e-01
-1.103696856687329808e-01 -1.356259213763121307e-01 -1.129801714567011672e-01 -1.411690576891115878e-01 -1.320569499050831541e-01 -1.233081720685366561e-01 -1.609469020267059181e-01 -1.145845185168506974e-01 -1.452052742601731006e-01 -1.804100329008775927e-01 -1.465788710350068580e-01 -1.509339148081862425e-01 -1.833032708326505500e-01 -1.552322206058113219e-01 -1.295584675011408615e-01 -2.522593752692898761e-01 -3.012879734546292099e-01 -2.544434198103556755e-01 -3.127445266687123304e-01 -2.933478368001151138e-01 -3.083707494563457940e-01 -3.428683062252504410e-01 -3.341542177761481769e-01 -3.399467685553579921e-01 -3.335654349300095634e-01 -4.106311524741447228e-01 -3.835454369745197045e-01 -4.241100502942557471e-01 -3.881104960366759116e-01 -3.534104871655707192e-01
-7.172050534354199036e-03 -1.943670507069158310e-02 1.151161739498834935e-03 -3.351359693185911037e-02 2.096267269374825146e-02 -3.809723235259269286e-02 -3.385545927829874957e-02 6.269851010887256271e-03 2.392204076984758010e-02 -1.789089884240060990e-02 1.856900304743872021e-02 2.127400995282756335e-02 3.624760545163145664e-02 6.190343065112500348e-02 4.788687982679659672e-02 1.292411078500226018e-02 3.504702483495937548e-02 6.436864074271064773e-02 1.586613946776976869e-02 6.667013901704033074e-02 -1.593796482000646442e-02 5.681400082109354377e-02 2.656680168972677669e-03 5.795853083110484583e-02 7.458390136583101238e-02 2.415917860536280493e-02 1.584444744894615564e-02 -1.588999881575881012e-02 -2.256139787644835526e-02 3.559434423080459764e-02
-7.323342695289460080e-02 -1.117230073214278419e-01 -1.091549702961236018e-01 -1.361798789406579724e-01 -1.447396646795522379e-01 -1.058420184550963872e-01 -1.487450812221944862e-01 -1.185113792334492322e-01 -1.217615937382515168e-01 -1.233504944331173525e-01 -9.395519818153083569e-02 -1.205352375170578028e-01 -1.643755374239129763e-01 -2.025099228714801192e-01 -1.280863178018868953e-01 -1.992912746350838926e-01 -2.193175483374691925e-01 -2.360375338037428161e-01 -2.300937620318149746e-01 -2.484987548384208489e-01 -2.290515966467806530e-01 -2.834252239961724262e-01 -2.843914224881901598e-01 -2.273785405704441820e-01 -2.447742013258310534e-01 -2.564809862296997811e-01 -2.426897164730187906e-01 -2.330093988602331967e-01 -2.179559454805730379e-01 -1.940061305308922457e-01
-8.082620479688880366e-02 -1.257341491174000514e-01 -1.226267779810429059e-01 -1.356197255454452966e-01 -1.274223723178441459e-01 -1.218557149249512861e-01 -1.599692379257066643e-01 -1.307410674571789500e-01 -1.445877286782974447e-01 -1.754640855861347992e-01 -1.471595045000478885e-01 -1.752133060981440060e-01 -2.111488277302950300e-01 -1.914701483228472001e-01 -1.848919053412466651e-01 -2.703851318851232532e-01 -3.004075223581850751e-01 -2.813636415226160037e-01 -3.376588391763541974e-01 -3.074229602592619681e-01 -3.220407272976500423e-01 -3.629705967303193948e-01 -3.446247807921547501e-01 -3.373270513275110627e-01 -3.361902316258285062e-01 -4.132591880516246485e-01 -3.680854334180543308e-01 -3.875931156008290968e-01 -3.486741722665958609e-01 -3.081217514969552540e-01
-3.732586225381805817e-02 -1.878482567494469888e-02 -2.380509721874325690e-02 -4.099861476293352458e-02 -1.459595725845417441e-02 -2.666549757905100140e-02 -3.785502944210817483e-02 -8.026844559829986181e-03 -1.080867184363856412e-02 -1.507418328967790461e-02 -7.668532788151306845e-03 7.365332053720467786e-04 -1.031938040448281135e-02 3.212591012875171820e-02 2.078892456121385346e-02 -2.016765830171145940e-02 8.618784578241136390e-03 8.050021614463415132e-04 -1.121901305937726689e-02 -3.802100948306043338e-02 -3.481608943939827616e-02 -3.865718628948840163e-02 -4.963734629487789873e-02 -8.781816728743349620e-02 -9.111128421402012179e-02 -8.667584240473172330e-02 -9.998955581744231602e-02 -1.283889850943755462e-01 -1.223199851758041967e-01 -1.309250247741301498e-01
8.127157438423701641e-02 1.215149632345045028e-01 1.185895534491796799e-01 1.391338919333489355e-01 1.217342677193763434e-01 9.930956927495532272e-02 1.365941184846793388e-01 1.584192766443520695e-01 1.683626915764395438e-01 1.449038220988339842e-01 1.772943234388032197e-01 1.853211123650144732e-01 2.098365586997031906e-01 2.226969907984860386e-01 2.084094061802955200e-01 2.546416624365799852e-01 2.366473885214812056e-01 2.635689642715080550e-01 3.046273288572228233e-01 3.220862349870970975e-01 2.559106913392705795e-01 3.396727328776721899e-01 2.759272820938740711e-01 2.926533939492734215e-01 3.290210836499969371e-01 3.253539961966852578e-01 3.204239440776085468e-01 3.015687287449979603e-01 3.175720325762982910e-01 3.243193515099515589e-01
-3.398640999456237211e-02 -3.518486300986715942e-02 -2.728805832026510308e-02 -5.416683881848118748e-02 -4.160920589470267633e-02 -3.885660820893822864e-02 -3.554654403265933293e-02 -3.452075755304994525e-02 -5.083517581980178529e-02 -6.381400281332452740e-03 -6.808441774145795877e-02 -3.565828770336174069e-02 -3.694948794313202695e-02 -3.441310868204616735e-02 1.794141064731566426e-02 -4.994838157018231806e-02 -4.233795060787516606e-02 -2.851287569786993548e-02 -3.465859392239571679e-02 -5.507333586381397972e-02 -3.024307737118062112e-02 -7.235894945529414146e-02 -4.776805782750367241e-02 -6.122957192188185904e-02 -6.537869014891119213e-02 -9.871878226936829648e-02 -7.572034107299735473e-02 -9.454477217972905023e-02 -8.173979912885262489e-02 -8.410208947848540895e-02
-2.287640649813201255e-01 -3.428548618511594315e-01 -2.963504641238183801e-01 -3.518815698201503417e-01 -2.801886264437569163e-01 -2.959225941739386800e-01 -3.978147235654028169e-01 -3.268354447610648528e-01 -3.278884038481241214e-01 -3.956178223541502170e-01 -3.148930178567052041e-01 -3.674257521791622350e-01 -4.247366068817947649e-01 -4.464696809643948772e-01 -4.271290920424182236e-01 -5.093284797199708613e-01 -5.409639315214296307e-01 -5.387269281014821498e-01 -6.276259019672235651e-01 -6.187796100096382146e-01 -5.789245843447704543e-01 -6.883822647079154144e-01 -6.442320689970140180e-01 -6.393787997225574005e-01 -6.950525723336462569e-01 -7.325402971610992520e-01 -7.256609877113802121e-01 -7.780062020422711111e-01 -7.605071429083248846e-01 -7.470190271073872124e-01
-2.293426355497141245e-02 -4.210467703929396399e-02 -4.898055172766550142e-02 -4.637560268209681147e-02 -4.648713307566767344e-02 -5.916619513982365741e-02 -6.395333860718219188e-02 -6.434653634298703739e-02 -7.097253112854354229e-02 -1.110222909130042790e-01 -8.400368347801873137e-02 -9.606764071563500540e-02 -1.036820361840981031e-01 -6.219316645938781363e-02 -6.821129686055674157e-02 -1.596937760417456720e-01 -1.625035876665508749e-01 -1.119196221297036470e-01 -1.839084105755576515e-01 -1.467615868694456260e-01 -1.762101401595398409e-01 -1.700131844428593442e-01 -1.487722428266177455e-01 -1.853097826755317201e-01 -1.600029705125768920e-01 -2.050643678361228073e-01 -1.989315612106057896e-01 -2.156730899649358102e-01 -1.965164630562334924e-01 -1.563167907651162314e-01
-2.020698104167134856e-01 -3.234453540317604459e-01 -2.662809574193696904e-01 -3.354384252043246528e-01 -2.916291571606844935e-01 -2.630444831736209466e-01 -3.686454443277336068e-01 -2.908903086189862375e-01 -2.979884735137874330e-01 -3.650713618961082818e-01 -2.801911911626946416e-01 -3.274580386153634337e-01 -4.031357605554072299e-01 -4.134656654359120664e-01 -3.676747176059422806e-01 -5.235839560173753959e-01 -5.400877995358516204e-01 -5.470039703497890926e-01 -6.207947748034041702e-01 -6.433454041305232129e-01 -6.012537558727202303e-01 -7.256521180083104205e-01 -6.840969016077950160e-01 -6.735934891099972788e-01 -7.168960190798907561e-01 -7.936214189258931073e-01 -7.588943884403585027e-01 -7.896722778427563982e-01 -7.558113866109432699e-01 -7.184384591671275633e-01
-8.238913807102483944e-02 -1.386796089855110992e-01 -1.327485509633513083e-01 -1.735403393958381835e-01 -1.313893927923409644e-01 -1.502456969382487961e-01 -1.947058902225956012e-01 -1.796078033659909978e-01 -1.596782270464922049e-01 -1.860117951611384157e-01 -1.433904082785830425e-01 -1.965188329458215089e-01 -2.186147509581927717e-01 -2.081727609047559491e-01 -1.821547861925383316e-01 -2.742877522407816682e-01 -2.084235679103013661e-01 -2.242254836964194809e-01 -2.712458370785563733e-01 -2.686780492251329422e-01 -2.722321133088386191e-01 -3.060608329701635100e-01 -3.089198510073177806e-01 -2.365151193814640507e-01 -2.742795764452199414e-01 -2.801872132912470170e-01 -3.136717646505956525e-01 -3.224555629148286306e-01 -3.412667269072751086e-01 -2.849723803134442957e-01
-1.253598210917392652e-01 -2.377643692980274670e-01 -2.297917085722814279e-01 -2.110390472493027247e-01 -2.466752574355133287e-01 -1.859938518192653101e-01 -2.573835004611042532e-01 -2.505994685229857022e-01 -2.548428270899683601e-01 -3.075061625615714833e-01 -1.939680113781351301e-01 -3.100927614375674768e-01 -3.674425700007449835e-01 -3.894692316741501514e-01 -3.112530494201333764e-01 -4.275840516716288287e-01 -3.952992020756243008e-01 -4.564547457677315956e-01 -4.824043419755756901e-01 -5.056125090951504308e-01 -4.570637892843822936e-01 -5.829434297495780237e-01 -5.008415593037380820e-01 -5.982389821284721521e-01 -6.106264943606378726e-01 -6.307361580825234793e-01 -6.116562621183011528e-01 -6.129761262608099948e-01 -5.662112424214892359e-01 -5.800152694305943379e-01
2.048130407775075323e-01 3.092329916449380045e-01 2.555725336791173086e-01 3.137994859898406430e-01 2.618336028736388266e-01 2.195263487843390204e-01 3.236683122516233468e-01 2.798965075835948557e-01 2.835972180613089977e-01 3.150673156974597711e-01 3.023380633522497751e-01 3.492057302978779920e-01 4.138541513042046094e-01 4.298126089727305477e-01 4.152001204658089528e-01 5.146861562678066715e-01 5.137488193383457080e-01 5.318583653379503895e-01 6.038098144562600300e-01 6.909146973836971517e-01 5.479647739661829275e-01 7.460286814268286548e-01 6.422579287785153968e-01 6.279786724546796428e-01 7.487584271724940788e-01 7.445242024803335745e-01 7.480581455594628171e-01 7.583580672289977898e-01 7.746925909131224808e-01 7.850449879016924148e-01
4.111178826104219808e-02 6.938652398803493715e-02 4.048330512112484347e-02 3.923049803108347167e-02 2.052699545399824105e-02 5.095006287662567912e-02 5.947018621418770357e-02 8.132574159488747956e-02 9.912935742568679265e-02 1.330121922026383796e-01 1.300579542940024647e-01 1.148164013210985213e-01 1.041799879296285009e-01 1.029267547894815032e-01 1.719914647789205220e-01 1.351278488642173037e-01 1.759229513175840087e-01 1.349145647227238398e-01 1.616752515904571197e-01 1.299033446948338055e-01 8.764139759169456423e-02 1.090441779031857683e-01 5.031644586133916103e-02 8.267298027598091181e-02 8.752007939824033023e-02 5.501686063246512270e-02 8.397220735829906413e-02 6.802792135767171677e-02 1.065192582013575057e-01 1.042224869139001947e-01
7.983982737306007105e-02 7.116770945399711334e-02 5.675715951541092374e-02 7.788763699144232722e-02 6.917940978769770988e-02 5.816964135708018596e-02 3.724486545434174678e-02 6.140981594522126191e-02 7.214084532220602086e-02 8.759592303447763517e-02 1.093831680134277201e-01 1.140034890946199780e-01 9.950436834596061708e-02 5.447291876309802439e-02 8.514197940163276135e-02 1.670282175266918356e-01 1.374613644107151589e-01 1.452187648215627624e-01 1.769504428586994305e-01 2.088509253979360381e-01 1.660742525099138389e-01 1.935857868932627235e-01 1.498828948536206074e-01 1.666200131804793094e-01 1.768194000721747261e-01 1.688987418460410894e-01 2.197671945488868794e-01 1.759263280705987142e-01 2.259065132279342025e-01 1.666335886443660874e-01
7.496163086578985779e-02 8.092611246286705862e-02 5.428318170958811029e-02 7.740831232770134518e-02 8.361591813102638160e-02 5.362974181786305666e-02 4.855235925785796047e-02 5.813080631068173049e-02 1.027001875556192712e-01 6.771456264451920781e-02 1.381202779719596097e-01 1.303471239044865781e-01 1.366410673978883938e-01 1.338909912302736205e-01 9.678973590956060913e-02 1.840160531197811700e-01 1.773120141527717297e-01 2.018746399044783479e-01 1.849043149646096840e-01 2.281726792371837065e-01 1.589780716571454755e-01 2.356423308676096895e-01 1.782053122565790126e-01 1.160808053709861815e-01 1.577073520749627811e-01 1.627220431639963549e-01 1.757010958813970125e-01 1.388362633192791740e-01 1.741224321623308646e-01 1.358189434596538958e-01
1.703900655742079939e-03 -2.017991754928200043e-02 -7.088549976721467138e-03 -1.931352629628127482e-02 1.521186968588938981e-03 -1.283500678243939749e-02 -3.638303446513724976e-02 -3.400497806260935341e-03 2.430851075711676357e-02 -4.413652828482825252e-02 4.119094171102284652e-02 4.787671254080971828e-03 -8.787389748517143717e-03 6.624127976535651441e-03 -4.688033793535023586e-03 -2.371699932271140870e-02 -1.804271004698320552e-02 4.915488808808779475e-03 -8.144650771585035254e-03 -1.191647088608956823e-02 -3.255802216859066123e-02 -2.350174191707874935e-02 -4.776671067211551991e-02 -2.501085152190739291e-02 -3.276010357278779511e-02 -3.084676113920638285e-02 -4.604701977764100174e-02 -5.917562122222058685e-02 -5.917777122215287650e-02 -3.688089356884884790e-02
-4.584101257666171880e-02 -1.305526734485770168e-01 -5.596610576701555734e-02 -9.091916314283650380e-02 -5.753722745275349770e-02 -5.245561482358264416e-02 -6.574833997027219878e-02 -6.127911138886189824e-02 -2.846845152736059148e-02 -5.306380578946470056e-02 -5.765251117657952534e-02 -7.926471203519053210e-02 -6.589130964752651365e-02 -1.542247692956662808e-01 -5.309116993574811844e-02 -9.112465684681604616e-02 -9.598520110200697841e-02 -7.123450190867226806e-02 -8.385198931711097814e-02 -1.301486106602594561e-01 -6.605532564944420482e-02 -1.536104425863316358e-01 -8.022556618329794442e-02 -9.796442906296809472e-02 -1.692533005442317662e-01 -1.285816201008626036e-01 -1.744980520029787152e-01 -2.103629799772483711e-01 -2.288382481567461657e-01 -2.484670083094250581e-01
-1.772358557426551851e-01 -2.968304079720592847e-01 -2.716443295293270443e-01 -2.886034675708203934e-01 -2.870432625650680691e-01 -2.573369425114461206e-01 -3.640516970429029664e-01 -3.172606607851090610e-01 -3.347109397438499667e-01 -4.240678637250319682e-01 -3.173755566629406499e-01 -3.912795909624675605e-01 -4.698456498920671187e-01 -4.409650737872622406e-01 -4.376701576220278778e-01 -5.921734884144251865e-01 -6.025822245004572864e-01 -5.772497994133966026e-01 -6.572147886121800786e-01 -6.941457137778931363e-01 -6.129534968072085643e-01 -7.653813530675864785e-01 -6.774806774725761205e-01 -7.234788941523855321e-01 -7.712360973200967917e-01 -8.080211147556066731e-01 -7.881527443941330757e-01 -8.091819602898487895e-01 -7.732333617426037087e-01 -7.520444593405437583e-01
-2.026014490334112073e-01 -2.090676233990030330e-01 -2.134784811354956680e-01 -2.406166629117855726e-01 -2.507677799428917331e-01 -1.808724272163956259e-01 -2.447929725502347442e-01 -2.128403732508211410e-01 -2.703389568264404907e-01 -2.853783773860937290e-01 -2.636515101198729782e-01 -2.844883411226677983e-01 -3.692039815564195360e-01 -3.220093724385731382e-01 -2.765816509125463285e-01 -4.656005817951845982e-01 -5.222159629229211619e-01 -5.355391112886431770e-01 -5.650892885792567766e-01 -6.191610245910187382e-01 -5.484867621109460467e-01 -6.719027642588162319e-01 -6.154443041055742691e-01 -6.937929892658057929e-01 -7.031832826794726099e-01 -7.308496557160224505e-01 -7.080364135555242688e-01 -7.145689942973915132e-01 -6.721100696350112980e-01 -6.672391800760387737e-01
1.996901608960954533e-01 2.795211038279469262e-01 2.750057162706705527e-01 3.148912684830858510e-01 2.779425927473401225e-01 2.585229422332424587e-01 3.462441186206324240e-01 3.291440246375408329e-01 3.580533536090427238e-01 3.874582922684775554e-01 3.760470178069044711e-01 3.801541403928741514e-01 4.402147394889098231e-01 3.952520211745522705e-01 4.430622086427671302e-01 5.705731428456537468e-01 5.773082339803562446e-01 5.680941274628954485e-01 6.933004475564190638e-01 7.268951889071709749e-01 6.285047698441160735e-01 7.429753927186037998e-01 6.716036261962876619e-01 7.285864353259630111e-01 7.654509803314674121e-01 7.851617937092184585e-01 7.896287572561240253e-01 7.836029627333782610e-01 7.907407141901915404e-01 7.509443547310350464e-01
-4.664298091887539993e-02 -9.886380145587028712e-02 -9.411717040363426490e-02 -1.238167178557281062e-01 -8.556320080893292657e-02 -1.239534722668021449e-01 -1.710975496592230527e-01 -1.268811817262808506e-01 -1.362421763495652582e-01 -1.514537693096696391e-01 -1.243781423510200435e-01 -9.874878019635903448e-02 -1.364449797434404421e-01 -1.122016240027984835e-01 -1.472231688644396186e-01 -1.818609666731965113e-01 -1.408978533345794926e-01 -1.393136842513368057e-01 -1.752562057053446420e-01 -1.710099306156912524e-01 -1.473966371476255199e-01 -1.755141167658346157e-01 -1.562418246404050359e-01 -1.496072509135666362e-01 -1.522683500757107677e-01 -1.802380791916456670e-01 -1.380991959622701604e-01 -1.424296976226731015e-01 -1.352313153477248675e-01 -1.302549443157709208e-01
