6.339047911899312049e-02 6.707511662995795099e-02 7.370790010383040936e-02 8.286251508603727223e-02 9.442724489634804486e-02 1.087314654900429500e-01 1.255814370268689417e-01 1.449755271222844810e-01 1.665335471889134444e-01 1.900123436509713326e-01 2.147372492422010837e-01 2.398455745859820742e-01 2.646922229465460963e-01 2.884262584036223487e-01 3.100925771164987355e-01 3.289762171471534158e-01 3.445332929666422017e-01 3.554370771600858236e-01 3.616890027228534255e-01 3.627704147921114730e-01 3.591610521705136394e-01 3.514707282049661652e-01 3.405379612771413100e-01 3.275946207888963957e-01 3.134380468536311914e-01 2.987854617955720271e-01 2.842019113546852549e-01 2.702530742704571387e-01 2.567078281278599716e-01 2.197397173848349428e-01
2.585609984271143580e-02 3.270454782441489794e-02 3.959556037545754192e-02 4.788013026897162266e-02 5.759421788613636184e-02 6.876663527814448618e-02 8.107910506640284010e-02 9.444494455955537715e-02 1.084305629635937407e-01 1.226903064469640758e-01 1.367763315220764109e-01 1.500131976526542232e-01 1.621526740178956816e-01 1.726477614858202281e-01 1.809121295802332274e-01 1.866728199267137511e-01 1.897353832732615042e-01 1.894939085047678828e-01 1.861259057677300266e-01 1.795018541416503743e-01 1.703442498366310454e-01 1.590675332573473488e-01 1.465437150411758038e-01 1.335633825494951799e-01 1.206081735641484493e-01 1.081413894271624210e-01 9.634166041038785822e-02 8.543389001038244335e-02 7.538770745161667286e-02 5.131237970326186365e-02
2.966920555759906472e-03 -1.576950798668144693e-02 -2.828556354194845801e-02 -4.011587521529378503e-02 -5.114409153314627976e-02 -6.094138180855485781e-02 -6.927290797105639664e-02 -7.565254398212188647e-02 -7.982314570440719736e-02 -8.177249855704167569e-02 -8.174734960375826254e-02 -7.980588865159965462e-02 -7.619668724029407536e-02 -7.149655958551379142e-02 -6.606990898808892676e-02 -6.019032649004085050e-02 -5.407724556674244065e-02 -4.833152779950449646e-02 -4.307040628797234594e-02 -3.839892137265334127e-02 -3.438716285423595864e-02 -3.050582239594198941e-02 -2.650309522875855806e-02 -2.196805459657917570e-02 -1.664079963156096797e-02 -1.068836676244465031e-02 -4.324667644723848015e-03 2.118415934705301235e-03 8.308776961606373010e-03 2.457509482913771554e-02
3.595235178583506067e-03 -3.929850745384350086e-03 -8.553643597284218275e-03 -1.259467958628982670e-02 -1.596178999988737829e-02 -1.847516724506104505e-02 -2.016622509291128573e-02 -2.078414363188158670e-02 -2.035030736826570763e-02 -1.899771709588681662e-02 -1.695041149171333875e-02 -1.440577862284004446e-02 -1.148231044596285597e-02 -8.597438237185946880e-03 -6.035377672300751284e-03 -3.914293709746261007e-03 -2.295334975746791961e-03 -1.537377030320523363e-03 -1.564216322636834133e-03 -2.381316984902511619e-03 -3.767069290390872432e-03 -5.316379415623750243e-03 -6.673673379075668183e-03 -7.471949312503806118e-03 -7.530437884369495238e-03 -6.913787887564894208e-03 -5.798833439612960383e-03 -4.383654553858078173e-03 -2.841074431990761595e-03 2.322707660738870111e-03
-1.587246733494859785e-02 -1.550619081538580531e-02 -1.555012456425925241e-02 -1.524495660606927164e-02 -1.422872466315662499e-02 -1.244316705078119152e-02 -1.002378996111120968e-02 -6.876170678257086805e-03 -3.156433430270735863e-03 7.903848450640862944e-04 4.761876919010635777e-03 8.257883179160870751e-03 1.133367602960403189e-02 1.341859441800302352e-02 1.409642979420586487e-02 1.330403853111014958e-02 1.096398941707359825e-02 6.642339338906580459e-03 2.975057755585756858e-04 -8.145097400183841374e-03 -1.814015442658574451e-02 -2.976926502340224157e-02 -4.223427977582260018e-02 -5.516655951066182922e-02 -6.829179536596399758e-02 -8.115619032011835154e-02 -9.367138206837619108e-02 -1.056828845107031373e-01 -1.166786042395793616e-01 -1.407978350676970247e-01
1.943637793320104890e-01 1.845816682820664578e-01 1.873271200632210254e-01 1.943748247472206203e-01 2.043648264016462712e-01 2.181992978897069613e-01 2.358801084663420533e-01 2.578570476338937212e-01 2.841325742990694625e-01 3.153504987652209213e-01 3.508437306239788889e-01 3.907422252068921686e-01 4.336465376639768166e-01 4.794282381892001066e-01 5.275327101927356210e-01 5.768717519869105415e-01 6.269977039396446017e-01 6.758302551778119227e-01 7.236166989548956652e-01 7.690988842027161043e-01 8.105233393631454675e-01 8.490446833599168963e-01 8.826733533415966892e-01 9.123643375662044974e-01 9.381378143888523535e-01 9.591503289569851542e-01 9.761173604588931907e-01 9.897318927798297583e-01 9.980814066864325262e-01 9.893714413349139480e-01
8.374590610559567994e-02 8.952055392623620156e-02 9.827357559517477248e-02 1.094027911470308728e-01 1.224704478561855769e-01 1.377091441958233908e-01 1.547924378917946431e-01 1.737310223228487049e-01 1.941198274085629838e-01 2.158716775913834540e-01 2.384616086953723069e-01 2.613953235241042172e-01 2.840772256000411722e-01 3.061211071411925611e-01 3.269637356994524735e-01 3.460845907821464840e-01 3.632512566244834318e-01 3.774269416045129555e-01 3.888883414203777589e-01 3.971666558423229687e-01 4.023047475896310843e-01 4.049702679575313269e-01 4.051551513365145851e-01 4.037459042091026129e-01 4.010712510471590164e-01 3.972284752515893858e-01 3.925967215258892584e-01 3.876313488673923668e-01 3.817356145337305606e-01 3.585669523882719645e-01
1.681912407758082498e-02 6.790736560071085337e-03 1.221331289704048056e-03 -3.576749002763876528e-03 -7.734008624472240093e-03 -1.106754663390041062e-02 -1.361801013403911298e-02 -1.510579488056572328e-02 -1.554575432904736071e-02 -1.496130229448241339e-02 -1.359545993929742527e-02 -1.146433835094791756e-02 -8.786418862458379719e-03 -5.809379394830688909e-03 -2.706432902378616209e-03 4.114506957386618313e-04 3.534194570662927554e-03 6.443427734694662581e-03 9.366899720904660331e-03 1.239895912443560524e-02 1.563694343785685878e-02 1.982659077987325436e-02 2.504857450131376534e-02 3.165285570924853548e-02 3.972631359504210508e-02 4.883120312496979504e-02 5.858596595865556145e-02 6.854760607787555027e-02 7.806526237625742437e-02 1.016286859925567415e-01
3.633546770499978401e-02 2.132909553179082596e-02 1.289230810428181745e-02 5.592190453751970380e-03 -7.620493769817261037e-04 -5.742589835508982513e-03 -9.235601622674250236e-03 -1.079100997321918130e-02 -1.024635036987538508e-02 -7.484719474458369215e-03 -2.769107155887153698e-03 3.937517182773788912e-03 1.225960168344924182e-02 2.183186753230784843e-02 3.238448617198147472e-02 4.360643084974010625e-02 5.536248150374663973e-02 6.697555782182046391e-02 7.850219466003013902e-02 8.971740919838830375e-02 1.002618740183107982e-01 1.107782713974065081e-01 1.209984004974625077e-01 1.313236688471548230e-01 1.418476481096556108e-01 1.521578269902523761e-01 1.621167566571430074e-01 1.715209037607769715e-01 1.797241150079710303e-01 1.957570452199831612e-01
-2.575476906705590971e-03 -6.261188244827656409e-03 -8.548910434845777284e-03 -1.028994245602685847e-02 -1.126054239929480220e-02 -1.130708108718614033e-02 -1.049829930974208181e-02 -8.647426861500861692e-03 -5.827294748892883694e-03 -2.265284748547386623e-03 1.817961633595195289e-03 6.058221403782176016e-03 1.039957361533941360e-02 1.431748976285558347e-02 1.743068396374393425e-02 1.960846828107580542e-02 2.075610712997851687e-02 2.037775394693102510e-02 1.845699751792782839e-02 1.488713049107536802e-02 9.992980429933882164e-03 3.894393970795453908e-03 -2.866649744825845725e-03 -9.903006277685748315e-03 -1.697645168609747401e-02 -2.385194861212268369e-02 -3.050578261524013179e-02 -3.688332686312796593e-02 -4.277730435136262166e-02 -5.592346067693852729e-02
6.503531558831505965e-02 6.829227378059501974e-02 7.429966039829807856e-02 8.170698567325238026e-02 8.991134402078811150e-02 9.890401471093576702e-02 1.082687593814684879e-01 1.180567918028695706e-01 1.279007486033142404e-01 1.378168923928292655e-01 1.475358204849611943e-01 1.570848837703430756e-01 1.661349513672635281e-01 1.748631496386588713e-01 1.832926229952063224e-01 1.913618943881660317e-01 1.992924166271758391e-01 2.069545589294932986e-01 2.149885713854738922e-01 2.234116486457640161e-01 2.321421024899760210e-01 2.420606921776995435e-01 2.525908395566466291e-01 2.640621592461497302e-01 2.762663955571473817e-01 2.884565393203548656e-01 3.003482020859438162e-01 3.117294833217277295e-01 3.215524583996254293e-01 3.386602545292358712e-01
-1.867192747599637215e-02 -4.482871071002872410e-02 -6.434742160700780700e-02 -8.406191356419173699e-02 -1.036685085643980764e-01 -1.225873730189465105e-01 -1.403845456815170645e-01 -1.562794223974394159e-01 -1.696548358746508001e-01 -1.803734606919984440e-01 -1.883660970014058300e-01 -1.933811008799465325e-01 -1.954180103772389931e-01 -1.949778317702125785e-01 -1.921582656190993776e-01 -1.870602768297838780e-01 -1.797145323220237234e-01 -1.707651646241718502e-01 -1.605545031751905438e-01 -1.493703674756245714e-01 -1.379769048825356392e-01 -1.265275801246664722e-01 -1.154883103781041143e-01 -1.050188820139053014e-01 -9.530372226261712987e-02 -8.669159220382331721e-02 -7.931968348569105876e-02 -7.335490536738820122e-02 -6.857965999928310186e-02 -5.929191021935420469e-02
3.597799539144906633e-02 3.197633915618069284e-02 3.157351641449639146e-02 3.286264821602707942e-02 3.588430011024123373e-02 4.101647040743988670e-02 4.823522517948181099e-02 5.774292858433355963e-02 6.944046622377628153e-02 8.317134598181138982e-02 9.848681840770187601e-02 1.148251467641791951e-01 1.317622331823477544e-01 1.485352623861090904e-01 1.644301816484631806e-01 1.789217438245921388e-01 1.916196111014807635e-01 2.013743853477817369e-01 2.080620965408446765e-01 2.112159102656809284e-01 2.109798045027755364e-01 2.076569855917763108e-01 2.017530496579416077e-01 1.940848721762781504e-01 1.851638219061939872e-01 1.754662107975689112e-01 1.653868693001519230e-01 1.553288333753878592e-01 1.453013433279300437e-01 1.173511766719133320e-01
2.972441437832597233e-02 1.029295262140701370e-02 -1.712694536165241393e-03 -1.254828446758923625e-02 -2.221867425420463726e-02 -3.011048913110458969e-02 -3.593558740118826117e-02 -3.911576140302763793e-02 -3.931681177947707329e-02 -3.641409197527589042e-02 -3.068041841941050729e-02 -2.216773740792826394e-02 -1.128362514429819344e-02 1.337095586257519911e-03 1.524861619484526275e-02 2.998741868584223896e-02 4.524873526902602194e-02 5.997147299644347423e-02 7.393329550933361305e-02 8.667924690596431891e-02 9.770273553473095285e-02 1.073785569195441908e-01 1.155440465892002277e-01 1.226600845042645771e-01 1.289459719608608834e-01 1.342889346499038794e-01 1.387915109125820723e-01 1.424840703671185760e-01 1.450781634897227446e-01 1.468618432694439591e-01
-1.278579799902119715e-02 -2.913561508843142897e-02 -4.074372238933550439e-02 -5.204125088409453787e-02 -6.281230638674194233e-02 -7.275737601596284077e-02 -8.170419161071698633e-02 -8.923668405325366204e-02 -9.516504561726081557e-02 -9.956448850221587266e-02 -1.026345115293267191e-01 -1.044661586245224788e-01 -1.051686186492315628e-01 -1.052725696687351609e-01 -1.050738532546082044e-01 -1.047049045751217017e-01 -1.043010581370724249e-01 -1.041889567663121657e-01 -1.044266729370785102e-01 -1.049439679722999064e-01 -1.055650911448374474e-01 -1.057936555640992954e-01 -1.051680779214739375e-01 -1.033561775742342925e-01 -1.001154383760284317e-01 -9.559777855956609616e-02 -9.014265004960279881e-02 -8.419645722036588065e-02 -7.798806990364899605e-02 -5.869720990707286146e-02
7.474325168282573706e-02 7.035675813491684694e-02 7.124400664087297830e-02 7.410070381190751732e-02 7.851250198593040519e-02 8.487125546106918939e-02 9.307179166599377496e-02 1.033762367944190685e-01 1.156852707139700009e-01 1.300804892909365740e-01 1.461676760215489534e-01 1.637652099454783294e-01 1.823179419920957778e-01 2.014851502305129716e-01 2.208609621181264471e-01 2.399663634890182584e-01 2.586167576252114131e-01 2.757910298656099934e-01 2.916499829504333174e-01 3.057037477135370329e-01 3.175610882308407268e-01 3.278267449972513958e-01 3.360876779508471524e-01 3.429703964145343065e-01 3.486138296328419317e-01 3.528111048678075345e-01 3.557998526740181466e-01 3.578558501037045203e-01 3.583282049852876128e-01 3.500547403858960682e-01
-8.243304531919630473e-02 -9.387739197195917040e-02 -1.052039616982377301e-01 -1.174024101215224158e-01 -1.296648994742328198e-01 -1.420218827489360958e-01 -1.543601457747639516e-01 -1.664748629341945285e-01 -1.783138955421971483e-01 -1.903261370322077706e-01 -2.026430202260948166e-01 -2.156618357678870557e-01 -2.290569528888928286e-01 -2.435382264527485852e-01 -2.594474500685378104e-01 -2.765883656530124246e-01 -2.950417338009450052e-01 -3.145170713301737031e-01 -3.351347472382015247e-01 -3.563563515062676545e-01 -3.770017346182208406e-01 -3.968671808369929055e-01 -4.142640623343928907e-01 -4.289464541511078810e-01 -4.404442571440965182e-01 -4.484165068417074740e-01 -4.534449605546626016e-01 -4.562504150366960554e-01 -4.563686941317775525e-01 -4.405474125787119943e-01
-1.480802306506368883e-02 -1.504027982322218328e-02 -1.527675995915616161e-02 -1.511547089456698537e-02 -1.425907997100424839e-02 -1.269834650584819417e-02 -1.059069663249085670e-02 -7.877238408259001207e-03 -4.764102034002588165e-03 -1.594331923040667384e-03 1.378964971471765763e-03 3.684142248936423183e-03 5.339301126363122513e-03 5.824385835114060869e-03 4.742550448345926248e-03 2.051726286549713021e-03 -2.321430887939200660e-03 -8.633257911862105005e-03 -1.681787355765966899e-02 -2.679232299147092655e-02 -3.784799507535395457e-02 -4.977597273363237873e-02 -6.165129263983508412e-02 -7.302799460008241317e-02 -8.357364897438353257e-02 -9.296372668869747058e-02 -1.012942220563526341e-01 -1.086495383287414684e-01 -1.148119204586125763e-01 -1.251275642119595854e-01
-1.131059237810348728e-01 -1.190802664955302181e-01 -1.278674496587219878e-01 -1.379078262604048200e-01 -1.480805922362692928e-01 -1.585428159635756118e-01 -1.692374867853736475e-01 -1.800889254830800312e-01 -1.911240287102737023e-01 -2.029983693528223387e-01 -2.157962439060427395e-01 -2.301532186366694044e-01 -2.455415409642465741e-01 -2.628121931244521980e-01 -2.824111986408670560e-01 -3.040434983626015275e-01 -3.277958362623284438e-01 -3.533692344114850448e-01 -3.810258714215152831e-01 -4.102346820430148866e-01 -4.395024758384008523e-01 -4.691373600477686812e-01 -4.969968484466807945e-01 -5.229192628089378569e-01 -5.463731402741929255e-01 -5.665538355676709159e-01 -5.838537979324947003e-01 -5.987535996203106059e-01 -6.100882414093962147e-01 -6.198017489148227588e-01
1.392995383537290119e-02 2.622372961223307444e-02 3.672121469812905659e-02 4.895973035517263428e-02 6.327285754339348478e-02 7.969783876637574760e-02 9.789364154781689253e-02 1.176268638516808629e-01 1.383180026864740952e-01 1.593861696861872401e-01 1.802231826016424676e-01 1.996347771350691913e-01 2.173412976770754401e-01 2.323746771392551924e-01 2.437155504230538727e-01 2.509149084835728960e-01 2.535110675808490699e-01 2.505211108869965786e-01 2.419036831708629709e-01 2.273670887196133639e-01 2.081083599156020869e-01 1.842585657042150049e-01 1.574954339963225980e-01 1.289622388253101326e-01 9.955787348669306591e-02 7.052660369122550066e-02 4.243637806679616264e-02 1.591197470638574737e-02 -8.498412040849476906e-03 -6.553039457100404142e-02
1.972667790959670431e-01 1.907051354973952062e-01 1.961343436455083578e-01 2.061423873302128951e-01 2.193703604506598570e-01 2.366585065616710892e-01 2.579344853560505690e-01 2.835278370030289707e-01 3.132905022592188948e-01 3.477716678078249801e-01 3.861738225834016047e-01 4.284322235654342559e-01 4.730701750226229407e-01 5.198604380522979795e-01 5.681055055511246010e-01 6.166456728339255733e-01 6.649300050726671962e-01 7.109126673157065701e-01 7.549006882992217449e-01 7.957343210997372962e-01 8.320272958545029685e-01 8.652048263411562523e-01 8.937012481194165359e-01 9.187501568873042146e-01 9.406193913813126750e-01 9.586472121534257429e-01 9.735326885255916052e-01 9.859008822343897638e-01 9.936917461893709502e-01 9.864156221029878324e-01
-4.630640023723038567e-02 -4.551299449510504830e-02 -4.629451666405776100e-02 -4.727859559034571640e-02 -4.800890778879584458e-02 -4.869562454938154011e-02 -4.955535752454524184e-02 -5.063956346193996400e-02 -5.224801066905826463e-02 -5.486015760117439466e-02 -5.869572363220247613e-02 -6.424580511393145066e-02 -7.129584254574328206e-02 -8.030377381217694566e-02 -9.156971184503065464e-02 -1.049038055517319268e-01 -1.202814339920178360e-01 -1.373999057264181367e-01 -1.560757050886958930e-01 -1.758185617669367207e-01 -1.953885329300563689e-01 -2.144246333545792305e-01 -2.314905879004639511e-01 -2.462065630741969990e-01 -2.581833426457160185e-01 -2.671499088357032203e-01 -2.735669415360723056e-01 -2.779444149055739222e-01 -2.801031326781083797e-01 -2.738223793901390923e-01
2.800806847344037842e-01 2.824072538353125106e-01 2.983972278500907627e-01 3.206873131268082044e-01 3.471920442740832335e-01 3.788292810370570418e-01 4.152749411637267074e-01 4.566633808482425394e-01 5.025334358658852807e-01 5.536440513290672438e-01 6.089561046062857974e-01 6.683905051804943653e-01 7.299329153143716553e-01 7.936837321129119882e-01 8.588531204272777941e-01 9.240121430433174687e-01 9.885345085999338588e-01 1.049996684676962833e+00 1.109051575713829285e+00 1.164230433231679962e+00 1.213681651515900128e+00 1.259346529905309930e+00 1.298812068199558523e+00 1.333677768778555484e+00 1.364145557559317767e+00 1.389222832213451442e+00 1.409859965191956555e+00 1.426893636741869642e+00 1.437258439365843854e+00 1.422749983354976600e+00
1.814769370210945199e-01 1.808810451609992875e-01 1.896605124853443791e-01 2.024611133953256870e-01 2.179737758274245540e-01 2.367988257838877231e-01 2.586788438089376863e-01 2.838238600135585266e-01 3.119363687403250429e-01 3.434486635194847204e-01 3.776716359150541491e-01 4.145630849945944885e-01 4.528734125564637392e-01 4.925708194244224347e-01 5.331728636246009234e-01 5.737727204558862315e-01 6.140618833953300770e-01 6.524532366256767801e-01 6.894519252971611500e-01 7.241543228522220321e-01 7.554461669647206667e-01 7.846881299536221377e-01 8.103781955652491487e-01 8.335383935322100424e-01 8.542497312400467724e-01 8.717367722023239285e-01 8.864987300802940062e-01 8.990482944829681911e-01 9.074568266785956183e-01 9.045812962946572222e-01
-5.348247759740683283e-02 -6.303371235477961410e-02 -7.176330606702752135e-02 -8.088135595891284002e-02 -8.979887971971373117e-02 -9.844584984357999946e-02 -1.067538736865293741e-01 -1.144829049292689499e-01 -1.215779950169736945e-01 -1.283790374136745682e-01 -1.350116550792690440e-01 -1.418158626135860023e-01 -1.485926092970470958e-01 -1.559695164876272466e-01 -1.642751804617047506e-01 -1.734287382733618599e-01 -1.834977690065028311e-01 -1.945343932432471168e-01 -2.066557408601887302e-01 -2.196159916292565462e-01 -2.326901899990549416e-01 -2.458008719508510409e-01 -2.578340019594417276e-01 -2.685567884682993345e-01 -2.776528152637811608e-01 -2.848427927690843631e-01 -2.904475205370763424e-01 -2.948482772477102887e-01 -2.976097850557346547e-01 -2.949720331951528052e-01
6.606176433361454770e-02 6.862479243072339141e-02 7.412494300754149390e-02 8.169779547792062335e-02 9.111621229074862161e-02 1.026950439449145769e-01 1.162308002914926308e-01 1.318291585491315199e-01 1.492284765724903872e-01 1.683201826426561909e-01 1.886431170457565920e-01 2.096729410764216206e-01 2.309031166948438685e-01 2.517932979872092858e-01 2.717266221748129151e-01 2.901770420025408526e-01 3.068648639167143033e-01 3.206202613653715838e-01 3.315185688272987430e-01 3.390002890119296897e-01 3.430363532523239556e-01 3.439798509357359091e-01 3.419120230894198698e-01 3.376272224416754231e-01 3.314664411964803881e-01 3.237240015040673269e-01 3.148880104299057736e-01 3.055362715856600464e-01 2.954693419335268079e-01 2.628148676284977059e-01
-9.199779381297217007e-02 -1.026583002902774627e-01 -1.139193060208710251e-01 -1.262428066796693615e-01 -1.387358112663570897e-01 -1.514388026186614666e-01 -1.642347690360911605e-01 -1.769125673767786566e-01 -1.893880607088576917e-01 -2.021373861449609899e-01 -2.152236383115958551e-01 -2.290465878722464932e-01 -2.431945101240446938e-01 -2.583843370887208835e-01 -2.749337734770743169e-01 -2.925991827659562006e-01 -3.114272293589315788e-01 -3.311660524369099967e-01 -3.520115369118476667e-01 -3.734870348059036171e-01 -3.944935054008103514e-01 -4.150998335823805618e-01 -4.336838728912146834e-01 -4.501229231585867074e-01 -4.640259556363595661e-01 -4.749604149410294740e-01 -4.834125654924771309e-01 -4.899706549975838543e-01 -4.938856824580567517e-01 -4.883240903754047513e-01
-9.997079064146187355e-02 -1.067752452341137470e-01 -1.157049518092381768e-01 -1.254069244968817332e-01 -1.346601241932662285e-01 -1.434227489308639858e-01 -1.515399087589165417e-01 -1.588718227421639095e-01 -1.653931874636970778e-01 -1.717729464370140180e-01 -1.782181542390322559e-01 -1.855971220953117340e-01 -1.935397123137740927e-01 -2.032304249043003497e-01 -2.154088232693725236e-01 -2.300623794314978765e-01 -2.475178245171311686e-01 -2.680278063898482444e-01 -2.920766514534928193e-01 -3.194596664525922725e-01 -3.487286644807057190e-01 -3.803330994895947614e-01 -4.119196642417598531e-01 -4.430493323141939666e-01 -4.729338022128833918e-01 -5.003466366740989546e-01 -5.253159587009141873e-01 -5.479444842544033412e-01 -5.668167947803794959e-01 -5.961713024470343125e-01
-4.145927987060329251e-02 -3.282478175043090224e-02 -2.846589085392516039e-02 -2.447502847051603869e-02 -2.031867064623457675e-02 -1.621261364752189446e-02 -1.247519170347048678e-02 -9.187622649440587569e-03 -6.672761987669325809e-03 -5.447239970268229897e-03 -5.574243893951811440e-03 -7.614752407172100529e-03 -1.120188581046657056e-02 -1.674171255118607135e-02 -2.448481777270684889e-02 -3.418543128975013584e-02 -4.569606869956183148e-02 -5.902332452162140086e-02 -7.410391074539462997e-02 -9.081745240057155499e-02 -1.083057917210830806e-01 -1.269992674102271846e-01 -1.459111613901821758e-01 -1.649272281911336457e-01 -1.839294417416184046e-01 -2.023705788585921095e-01 -2.202343513538090602e-01 -2.373645793231311529e-01 -2.528454254440558047e-01 -2.854545868879569404e-01
6.901140690133725220e-02 6.661264808029584983e-02 6.866988366894860585e-02 7.261942374455207516e-02 7.809773203915648665e-02 8.544299668043121854e-02 9.451010804764228834e-02 1.055105579716853204e-01 1.182949403993328874e-01 1.328888854236526251e-01 1.489015338711776881e-01 1.660889284620888640e-01 1.839432968639421739e-01 2.021126435242748542e-01 2.201783136060239676e-01 2.376961499721953752e-01 2.544953743105950461e-01 2.696056519358680514e-01 2.831954423555056999e-01 2.948106788778375176e-01 3.041832862481507194e-01 3.118601989108948369e-01 3.175554569363840396e-01 3.218965933243108091e-01 3.250439996531179210e-01 3.268740302406286657e-01 3.276333148195813005e-01 3.276167569022828130e-01 3.262749599819599333e-01 3.144033414365539070e-01
-1.039700924267873694e-01 -1.117315767593176912e-01 -1.214850876565649190e-01 -1.324746517487291053e-01 -1.436891134656592406e-01 -1.552478175970662400e-01 -1.670785610550178102e-01 -1.790450046137878615e-01 -1.911262797902055777e-01 -2.038925847078256193e-01 -2.173973164950817050e-01 -2.321465598964380928e-01 -2.476412775316904624e-01 -2.646367815900483866e-01 -2.834855757658041875e-01 -3.038863440885446465e-01 -3.258769328881652716e-01 -3.491373101573049254e-01 -3.738813126467308567e-01 -3.995887482295210069e-01 -4.249576647266398721e-01 -4.502032586317031293e-01 -4.734610715149235038e-01 -4.946253938666052563e-01 -5.132658818040559678e-01 -5.287813724295200579e-01 -5.416265964240417619e-01 -5.523393605926165684e-01 -5.599412101959932997e-01 -5.618442375841844472e-01
-1.092280724450819251e-01 -1.270781523437010674e-01 -1.443087621933778486e-01 -1.631385834286501191e-01 -1.826374964230440545e-01 -2.028224141912839951e-01 -2.234509865748487700e-01 -2.441641081674749136e-01 -2.646936963692798628e-01 -2.854297515882303626e-01 -3.063082487610858107e-01 -3.274699749466900567e-01 -3.484019454675000294e-01 -3.697068221511790043e-01 -3.915061880588268095e-01 -4.134114031109860088e-01 -4.353663079859863561e-01 -4.568262621298864179e-01 -4.779847894126342256e-01 -4.981843384435246103e-01 -5.164831663595201849e-01 -5.328814848023225581e-01 -5.459660996585457005e-01 -5.558706670545680018e-01 -5.623793326810786475e-01 -5.654125556106603945e-01 -5.657488624445253800e-01 -5.643168930823151408e-01 -5.605026877180352418e-01 -5.343794748283754448e-01
-1.664157709637811844e-02 -5.185545173569932470e-03 3.225498906279719927e-03 1.224549811513804889e-02 2.215249748701853677e-02 3.265553703763814097e-02 4.330287130979401655e-02 5.381168800533001756e-02 6.357600485251349576e-02 7.202437455669569166e-02 7.877025850144976638e-02 8.304055370458235386e-02 8.488682039534839463e-02 8.383708126939845573e-02 7.940545345210568706e-02 7.163751089417966234e-02 6.048404703138988980e-02 4.599395847759199518e-02 2.847615652744837217e-02 8.261379853047095753e-03 -1.322918891093537858e-02 -3.557539732957279432e-02 -5.723609719022276776e-02 -7.752915732450943453e-02 -9.592837585491229002e-02 -1.119002611292373994e-01 -1.256154259107035154e-01 -1.372289827731613121e-01 -1.466011724044734288e-01 -1.612610151460958652e-01
1.248819102016339444e-01 1.183684878516808453e-01 1.201830052883560429e-01 1.248401754027496369e-01 1.314549235740186117e-01 1.405610300521457912e-01 1.520465241720080907e-01 1.662349062175080827e-01 1.830279943752034788e-01 2.027505274158550863e-01 2.249057510847575769e-01 2.495231753172992839e-01 2.757131786881518720e-01 3.033415197228753746e-01 3.320471867520432552e-01 3.611734390635872871e-01 3.905120159131910684e-01 4.188363190968436012e-01 4.464815573575235952e-01 4.727953132776147038e-01 4.968928460506454314e-01 5.198120706359428134e-01 5.404433551999956453e-01 5.595151230310579926e-01 5.770590495315985891e-01 5.924064629920188230e-01 6.058074630647141134e-01 6.175084140181642534e-01 6.261040008969124271e-01 6.308474186479895440e-01
4.184736155440655497e-02 3.881603640575308906e-02 3.918029038171511047e-02 4.092328447759903398e-02 4.388071730645454194e-02 4.829561487822058713e-02 5.403754587348395810e-02 6.129586905001440517e-02 6.992715536980251279e-02 7.985752699297705981e-02 9.074540365325002578e-02 1.023108051701325238e-01 1.142115866307668176e-01 1.260513633028222946e-01 1.374429737834531040e-01 1.480768602482476770e-01 1.578191224441089502e-01 1.659691443358336516e-01 1.726735197579267744e-01 1.776827361954448348e-01 1.810282497785036804e-01 1.832182756297528470e-01 1.843337948265593162e-01 1.849432124640636166e-01 1.852582660189651953e-01 1.852373425431797505e-01 1.849591586290721124e-01 1.845240078794505301e-01 1.835505437316526656e-01 1.773331086417129776e-01
-1.605249178252436681e-01 -1.684772722911595522e-01 -1.810971947962042861e-01 -1.960170972171508819e-01 -2.117546838773539664e-01 -2.285857300174367057e-01 -2.463750804314508991e-01 -2.650221953987110801e-01 -2.844451985300266994e-01 -3.054143859538343553e-01 -3.278389399917677194e-01 -3.523097851733100194e-01 -3.779786108905729414e-01 -4.057115695692872226e-01 -4.358222688932890665e-01 -4.677474452349383305e-01 -5.014618678840212507e-01 -5.362606225403629967e-01 -5.725117075659222898e-01 -6.094532462771898862e-01 -6.453702434942152344e-01 -6.809286901926359103e-01 -7.136711289769451794e-01 -7.437654565780237315e-01 -7.707640152528620892e-01 -7.937905348581870690e-01 -8.134146871847125482e-01 -8.303225252378896304e-01 -8.428793174493196538e-01 -8.504548930629114434e-01
-1.613959736448972865e-02 -3.027727793331166581e-02 -4.067285033229073310e-02 -5.098588149511284334e-02 -6.098661134895524277e-02 -7.045754198656101197e-02 -7.928709632048722145e-02 -8.709908182564166101e-02 -9.375607403679485363e-02 -9.936333480737952195e-02 -1.040806685537613852e-01 -1.079843624196990814e-01 -1.111035569270787532e-01 -1.138889553758635764e-01 -1.165511680649725934e-01 -1.191278640383381243e-01 -1.216677760104913769e-01 -1.243154287029258065e-01 -1.270502616006062013e-01 -1.297107535372958309e-01 -1.320246232143787446e-01 -1.334966920976656812e-01 -1.336404338883113718e-01 -1.321876762776116876e-01 -1.289477831644904038e-01 -1.241207587339242940e-01 -1.181245690826556588e-01 -1.114676577857659501e-01 -1.043784986498726003e-01 -8.169232991049456272e-02
-1.931439764985066754e-01 -1.985721583755643005e-01 -2.107705324270380265e-01 -2.259834675441564911e-01 -2.425984198373885015e-01 -2.611733910751437016e-01 -2.816735554490195637e-01 -3.041459290487064648e-01 -3.286376963528406803e-01 -3.560588095880397597e-01 -3.862475007430739016e-01 -4.197791597184942214e-01 -4.555687259804965805e-01 -4.943175687083681824e-01 -5.361709624535917484e-01 -5.802492722812513382e-01 -6.263666258247726493e-01 -6.731015743385406758e-01 -7.206397730988449712e-01 -7.677433176012905536e-01 -8.121480495078328143e-01 -8.543910111979974298e-01 -8.915724284947943445e-01 -9.240321265348871993e-01 -9.513524444010430514e-01 -9.728207226652290096e-01 -9.894263054768903665e-01 -1.002335030887621548e+00 -1.009983601010044474e+00 -9.990755666931474543e-01
-7.247808707476380979e-03 -2.077496105853907787e-02 -3.021258723841827726e-02 -3.923993588454518372e-02 -4.764929610404944338e-02 -5.514732688946067524e-02 -6.160816906629561218e-02 -6.665203299372710055e-02 -7.013276768216539225e-02 -7.214499854646512500e-02 -7.289029771108550271e-02 -7.251713801459636066e-02 -7.113636534971612413e-02 -6.928615586780219326e-02 -6.728770080133951448e-02 -6.529641974107694424e-02 -6.344505929365543140e-02 -6.217036218636355638e-02 -6.154206116386272407e-02 -6.158776866316476029e-02 -6.217099478777446397e-02 -6.292580274211205527e-02 -6.344058393073898072e-02 -6.337304438547256003e-02 -6.249531585089364294e-02 -6.085496332625542348e-02 -5.865608668664516745e-02 -5.616786143945284859e-02 -5.348910072651379133e-02 -4.434013398783980681e-02
-6.828243909984618720e-02 -7.134952606636915662e-02 -7.628064612341996231e-02 -8.198324508144708145e-02 -8.776848957313131139e-02 -9.375432227142325992e-02 -1.000130513086689293e-01 -1.064452972990073687e-01 -1.131339293056423112e-01 -1.205443595441753474e-01 -1.287283147604915967e-01 -1.381032238426729286e-01 -1.482838842965434889e-01 -1.598027114458177578e-01 -1.729065565206598931e-01 -1.873326456526119566e-01 -2.030173836930471709e-01 -2.197629205810893438e-01 -2.376138622000544542e-01 -2.562113947962683658e-01 -2.745972097494697728e-01 -2.929249339260441842e-01 -3.099301562096705154e-01 -3.255191642756731230e-01 -3.394572867779166447e-01 -3.513630885083492972e-01 -3.615666417440777658e-01 -3.704012325745936751e-01 -3.771515089621162442e-01 -3.829014881219205413e-01
2.426274550816444053e-01 2.441532249284757150e-01 2.574476672191448601e-01 2.759355949238195826e-01 2.977745424658339579e-01 3.236773758820362668e-01 3.532992400058979077e-01 3.868085903039301110e-01 4.237922986359338173e-01 4.648998929985832529e-01 5.092815073786520763e-01 5.570024355875204947e-01 6.064097818673442886e-01 6.576982202266534738e-01 7.103631547844662109e-01 7.632815244537344279e-01 8.160880633848210941e-01 8.669175221455740488e-01 9.164921108530547089e-01 9.636877412092432760e-01 1.006939950416846807e+00 1.048047063757497455e+00 1.084818922348506742e+00 1.118474212357737807e+00 1.149025844442205457e+00 1.175307974203868344e+00 1.197937339933199841e+00 1.217506007144223190e+00 1.231282802444748192e+00 1.232585146006020427e+00
-8.466013210542015777e-03 -2.199305971769072512e-02 -3.148419420741412067e-02 -4.063735274150336724e-02 -4.926471690368697948e-02 -5.709926430567795197e-02 -6.402831650082932424e-02 -6.967539619583390520e-02 -7.389858368633092645e-02 -7.678499559351111003e-02 -7.851607294967855033e-02 -7.919781929632459250e-02 -7.891983115039148677e-02 -7.816665770524179602e-02 -7.721008729618329680e-02 -7.616534146648290537e-02 -7.512529947735442637e-02 -7.444557687274341862e-02 -7.415917954817834168e-02 -7.424950916605331519e-02 -7.458251025421697156e-02 -7.476946871228019875e-02 -7.444375789669895049e-02 -7.330805807697579612e-02 -7.117788558084660322e-02 -6.817578559839766739e-02 -6.456299070786813976e-02 -6.066734569936342580e-02 -5.663561944462164321e-02 -4.405875184464212030e-02
6.034297154213734415e-02 4.691777406901135455e-02 4.084520335795768786e-02 3.637704731097739924e-02 3.309857492791640210e-02 3.143908918787709228e-02 3.144483850221860277e-02 3.351970303975661258e-02 3.773494700262290669e-02 4.426840939469086494e-02 5.276683254726090289e-02 6.329214820074885450e-02 7.530914030878201049e-02 8.854443901502723202e-02 1.027222771672856028e-01 1.174512371191302057e-01 1.325794450786280665e-01 1.473999156042845593e-01 1.621080367599676553e-01 1.764656864475975528e-01 1.900688212380518827e-01 2.038529223878803032e-01 2.173999332541613483e-01 2.312411005311847956e-01 2.454902020828943765e-01 2.595770521323353952e-01 2.733469566039292697e-01 2.865580053220760370e-01 2.981716152091864469e-01 3.206574649782922837e-01
-1.469504457847332912e-03 -1.535306941572710596e-02 -2.504732809612345359e-02 -3.413469354641480297e-02 -4.229055729424561344e-02 -4.902753457184077374e-02 -5.412110257608370584e-02 -5.708566679270630356e-02 -5.764256127070230967e-02 -5.586490270237944034e-02 -5.191981579921324530e-02 -4.606492205862565414e-02 -3.844396076909661897e-02 -2.980555169044371566e-02 -2.062343866489210059e-02 -1.122228080251997523e-02 -1.847150727657013297e-03 6.489034019123816541e-03 1.343060403552716678e-02 1.851587360902584578e-02 2.147760667478949143e-02 2.212524517854260950e-02 2.062872344707461850e-02 1.730284880739169778e-02 1.235283418534005584e-02 6.095615660211300968e-03 -1.191493714832653206e-03 -9.208540362415855440e-03 -1.748498629644696517e-02 -4.023007018393714995e-02
2.898284755454850689e-02 3.327846072395574534e-02 3.844340024302560221e-02 4.500648103070717387e-02 5.297280707749519452e-02 6.243522738589232790e-02 7.313215868484440607e-02 8.505037205085909380e-02 9.783765037910314988e-02 1.112114737835002420e-01 1.247508210438818266e-01 1.378619611220817109e-01 1.502739448404109002e-01 1.614527273788407546e-01 1.708411539309496185e-01 1.781443488466533109e-01 1.831680747433954703e-01 1.852428855181634804e-01 1.845114690813318969e-01 1.807916924825072880e-01 1.746240132089395547e-01 1.664116933358027461e-01 1.568427039701048853e-01 1.466589517182509961e-01 1.362868718738759199e-01 1.261028346372328746e-01 1.162914235562600984e-01 1.070819328087587730e-01 9.840472685403776898e-02 7.648967137781599590e-02
-4.124324618212279331e-02 -4.874464096293124743e-02 -5.557833192268349376e-02 -6.270418611493346062e-02 -6.965248690249953301e-02 -7.636287224871228518e-02 -8.282605664294830083e-02 -8.881336381464219332e-02 -9.430043062374465768e-02 -9.958178367663252095e-02 -1.047543573717572701e-01 -1.100965680967700006e-01 -1.154251677572900314e-01 -1.212515538867139919e-01 -1.278279747021102142e-01 -1.350596553265430988e-01 -1.429458155053777713e-01 -1.515609012262130462e-01 -1.609568163826718412e-01 -1.709532128937355511e-01 -1.809954700392191751e-01 -1.910419858608936039e-01 -2.002683468522839516e-01 -2.085060147001257247e-01 -2.155610319395714625e-01 -2.212610404286279309e-01 -2.258766379842987448e-01 -2.296957456779586682e-01 -2.323412647290487576e-01 -2.320140183640867493e-01
-2.418474650040568774e-01 -2.517362019954551555e-01 -2.697102893008954672e-01 -2.916289895785684205e-01 -3.153769727334878592e-01 -3.414698862074107000e-01 -3.696568992851955726e-01 -3.998662236206763643e-01 -4.318966025719828128e-01 -4.667603697078364089e-01 -5.041423324420615248e-01 -5.446357451074963496e-01 -5.868953942724560724e-01 -6.318562898295265740e-01 -6.796786027661083640e-01 -7.293663412860920126e-01 -7.807600994732233346e-01 -8.324306546498541071e-01 -8.849056059512306893e-01 -9.369897966354411301e-01 -9.864242565136631669e-01 -1.034419809059493378e+00 -1.077766759685602649e+00 -1.117114279731366899e+00 -1.152058154806802737e+00 -1.181523125313513667e+00 -1.206372902477806708e+00 -1.227690046392527545e+00 -1.243082930510803763e+00 -1.248165543710338721e+00
-2.075079963935820837e-01 -1.932835630166389596e-01 -1.923226345228839229e-01 -1.949752538305921656e-01 -1.996789852062442749e-01 -2.075495181365967223e-01 -2.190513500864471885e-01 -2.346816958143454479e-01 -2.549898842128981435e-01 -2.811376478482250363e-01 -3.128086640308265221e-01 -3.507052010254305685e-01 -3.933729223089721949e-01 -4.410306716387894510e-01 -4.935300212108667539e-01 -5.495044760686046414e-01 -6.083733652020248961e-01 -6.679092908057566724e-01 -7.278926601317879941e-01 -7.867149835958079374e-01 -8.415089355717204622e-01 -8.930758735712448493e-01 -9.383722503572589080e-01 -9.780219453632758020e-01 -1.011858603285176850e+00 -1.039226500951740961e+00 -1.061268871371613631e+00 -1.079207595002838804e+00 -1.091320675352110081e+00 -1.090333230173729184e+00
1.773742846917432947e-01 1.907250592806561396e-01 2.095244528882646839e-01 2.325712396691727579e-01 2.586517223906881213e-01 2.880952944439631458e-01 3.203285928879699984e-01 3.552190206190860566e-01 3.920465124640106214e-01 4.309384795099450161e-01 4.710701204390401742e-01 5.119341074609686792e-01 5.523370119965443914e-01 5.921463302734575329e-01 6.307019139020557663e-01 6.671189428734488613e-01 7.010616279887433855e-01 7.310839967097393366e-01 7.578462043280491667e-01 7.805939734094620164e-01 7.989713689725109758e-01 8.144066517011369077e-01 8.261248385597034227e-01 8.354805418663413530e-01 8.428227381816260078e-01 8.478564119538702926e-01 8.511788560354978106e-01 8.534629243211681038e-01 8.529866864318207398e-01 8.321921563202028249e-01
-5.162674591977954586e-02 -5.829637525061049513e-02 -6.496718256081465692e-02 -7.172870994155183810e-02 -7.782647973938507102e-02 -8.308100265345200186e-02 -8.739298982769946877e-02 -9.053540061182710486e-02 -9.244939346988560736e-02 -9.355350516511695691e-02 -9.402709014456356318e-02 -9.447713903433285765e-02 -9.474861596510157635e-02 -9.575069389249918350e-02 -9.806996092393112374e-02 -1.018112698075990113e-01 -1.072135911335846542e-01 -1.148432627929274336e-01 -1.250640669040996023e-01 -1.379689157329165861e-01 -1.528842391027409597e-01 -1.701658265021069871e-01 -1.885304452212769322e-01 -2.076095232486094566e-01 -2.269308739339567782e-01 -2.456800113708131894e-01 -2.637158375441668312e-01 -2.808909554502152517e-01 -2.962078305382993548e-01 -3.266428986937161549e-01
