1.553736525865977713e-01 1.882579782196868168e-01 2.250934581202183038e-01 2.543081327188551621e-01 2.940543752156122292e-01 3.315146742244576838e-01 3.613777586390434227e-01 3.996910199095115024e-01 4.348833098307426370e-01 4.699840764885962474e-01 5.051487641285248298e-01 5.337541473212408238e-01 5.637779536328275665e-01 5.909648399610514247e-01 6.148163121609259152e-01 6.377551311654687805e-01 6.551166873921777656e-01 6.708101487029535237e-01 6.804890226582329671e-01 6.869150248600371933e-01 6.897571760494193294e-01 6.858151040782236585e-01 6.846415272175295774e-01 6.774237768936097748e-01 6.659909172842389813e-01 6.561855936838825176e-01 6.442135172343164129e-01 6.279239446856726969e-01 6.122636985706488844e-01 5.695780848292656406e-01
1.104269430634573640e-01 1.424859949447822849e-01 1.729145059824774289e-01 1.964902181246738211e-01 2.249235369437971310e-01 2.509592425154449913e-01 2.700183934028097532e-01 2.937486832763260836e-01 3.136283791702414447e-01 3.326807127049226653e-01 3.496468936554457119e-01 3.618598501722656846e-01 3.738465789575891596e-01 3.840403626424012673e-01 3.910793809195041160e-01 3.981213654883382635e-01 4.019031753253782258e-01 4.044408327914164047e-01 4.048725102558297095e-01 4.029215733308392222e-01 3.995322233032830850e-01 3.922153911431106588e-01 3.879705254640632983e-01 3.799978065176248254e-01 3.705669221322985818e-01 3.625869197516695119e-01 3.531673194115084735e-01 3.419257757968117151e-01 3.304300212949572435e-01 2.963711417772402767e-01
-3.655521685062777457e-03 -2.072033841570507934e-02 -3.237335942680595602e-02 -4.191897109784688269e-02 -4.916164821838749782e-02 -5.641571592921613976e-02 -6.103448566392306873e-02 -6.376662594329290945e-02 -6.502558749506331948e-02 -6.651767170544570229e-02 -6.419630515819418903e-02 -6.070703226215056619e-02 -5.483334110791376198e-02 -4.772144879204118922e-02 -4.036075265674213958e-02 -3.339183064336179174e-02 -2.329824095693366209e-02 -1.279466368351307032e-02 -3.388723000092724175e-03 7.783439800490050617e-03 1.979328306295582290e-02 3.288745974610593481e-02 4.676363615127373391e-02 6.040725999404039648e-02 7.327728050498738543e-02 8.861608674304838340e-02 1.023338740833045074e-01 1.178593495546234604e-01 1.354859912672725097e-01 1.816956568479780598e-01
2.712258840539577900e-02 3.003210161482944979e-02 3.295450152833261787e-02 3.470055435805378952e-02 3.758595639179489190e-02 3.950203640201323252e-02 4.035621478624992764e-02 4.300378924872295255e-02 4.475831964310706540e-02 4.585181077242989761e-02 4.769548797297815113e-02 4.915198606019306055e-02 5.155949367776212211e-02 5.445043227584853152e-02 5.658643872477446546e-02 5.915561933591545474e-02 6.315053631063208273e-02 6.749923656699736985e-02 7.172353080823387628e-02 7.673282554385799092e-02 8.236881692498253249e-02 8.867046411507088777e-02 9.672265550247176324e-02 1.039581423771269164e-01 1.109957214145805698e-01 1.200624116554314669e-01 1.276860199032718579e-01 1.366678285249807445e-01 1.464219016207557733e-01 1.661578244350851719e-01
4.314399260950876891e-02 5.743617411865391265e-02 6.747377237707477549e-02 7.468798522543183827e-02 8.265998377758920768e-02 8.942507829072202097e-02 9.383688878901405572e-02 1.000996180413147030e-01 1.045392571833204665e-01 1.077284176836181689e-01 1.106797955133111411e-01 1.122313613355241102e-01 1.133253483680445040e-01 1.139295875096542759e-01 1.130250402693767087e-01 1.121825539337287514e-01 1.103283894623977579e-01 1.078866649577679693e-01 1.050172614077827249e-01 1.011536940004382212e-01 9.569163200223514132e-02 8.835698027502369989e-02 8.333110292568624011e-02 7.414855660532616854e-02 6.541818853505339260e-02 5.625906078523203874e-02 4.510632611824380578e-02 3.261783710632329414e-02 1.808605942665712091e-02 -2.960176698460954825e-02
1.675532722639077043e-01 1.971493618049376950e-01 2.355206479396050323e-01 2.678691929851261255e-01 3.135339966250959010e-01 3.579961731593112040e-01 3.928472641227593876e-01 4.417629317975637626e-01 4.888980641372227542e-01 5.381358910370453996e-01 5.900483102055487095e-01 6.369657484661110924e-01 6.916380672500812565e-01 7.441175272132214413e-01 7.979981655938854779e-01 8.558680109241021405e-01 9.096255063612779246e-01 9.689036894510250075e-01 1.019362244641301096e+00 1.073632053017242072e+00 1.124418577505808869e+00 1.177771104093410237e+00 1.232568109989276905e+00 1.283565688941823435e+00 1.325075328071566583e+00 1.372137724647205959e+00 1.414608616376009209e+00 1.455714827790421939e+00 1.501023485241613553e+00 1.573172809057780341e+00
1.444546882043947211e-01 1.838413789472478355e-01 2.234174040313149368e-01 2.550104087446770085e-01 2.941529637383663021e-01 3.309104323917431145e-01 3.582465718340299698e-01 3.935536129351868140e-01 4.247543564212764577e-01 4.559396671947234525e-01 4.854838313875305400e-01 5.093775217578138115e-01 5.351600535161735728e-01 5.587028153729118873e-01 5.800539690942675408e-01 6.029558087636750496e-01 6.215242557062304884e-01 6.409878170060043789e-01 6.562732935297055370e-01 6.707278980740393193e-01 6.829759325257498404e-01 6.930172622832644347e-01 7.060497580569669029e-01 7.150270988476581380e-01 7.200022012406892546e-01 7.277383989576242662e-01 7.330742740769293775e-01 7.365061433076850461e-01 7.408824335208297196e-01 7.335008342571640583e-01
1.807628865165041357e-02 1.919138852838320891e-02 2.216344326386609359e-02 2.410825506413760699e-02 2.701999415793641252e-02 2.890972203668666293e-02 2.921670265729301927e-02 3.134809138290330088e-02 3.244014795467837359e-02 3.308923011564890437e-02 3.408702301866885220e-02 3.485546135347877827e-02 3.716875546699630745e-02 4.031656611026250558e-02 4.286834670339467052e-02 4.644094600677231566e-02 5.261600302180564209e-02 5.982775602625191314e-02 6.745940622291848876e-02 7.690093726843560962e-02 8.848118151755354766e-02 1.025849133266152347e-01 1.182957429272381150e-01 1.355558649959407447e-01 1.522970131331956023e-01 1.727007981015494242e-01 1.921290734589748417e-01 2.147613358774129733e-01 2.398662115316762544e-01 3.004820079204684191e-01
2.597293673740791453e-02 2.098131602414057134e-02 1.988302235064237644e-02 1.897236322226159705e-02 2.099515988013218176e-02 2.258132548880020796e-02 2.394292545851937903e-02 2.874033245978660153e-02 3.385187907634595872e-02 3.901494580016873215e-02 4.682563138686253457e-02 5.485674853686756114e-02 6.586741027782991309e-02 7.770149663479267166e-02 9.001186721225079568e-02 1.033209875098345110e-01 1.187935785693949031e-01 1.360387834574836030e-01 1.517581965077612338e-01 1.699561428358907222e-01 1.888457034130489598e-01 2.101120259988689676e-01 2.325021670264648399e-01 2.547374931802152132e-01 2.751225851462325012e-01 2.987732402944492938e-01 3.204333738030644696e-01 3.441239185843671389e-01 3.701949422945624013e-01 4.272812421126811477e-01
3.915630020948222129e-02 4.818922594566524970e-02 5.513449510546283849e-02 6.005683381822708722e-02 6.633130151801680530e-02 7.157926481562382204e-02 7.511201582004992106e-02 8.085588208998470416e-02 8.534821947120144192e-02 8.893837821740624427e-02 9.306702223145094099e-02 9.621850816792695826e-02 9.977862654644265028e-02 1.032263967372773206e-01 1.056479143074755822e-01 1.083199573277784933e-01 1.108532752724983028e-01 1.133559768888690866e-01 1.151580937690235562e-01 1.168282051571428171e-01 1.175693536921139093e-01 1.174800066453091096e-01 1.193903118895559140e-01 1.182583350075769452e-01 1.170029275680574965e-01 1.163320102125397076e-01 1.137168013815637452e-01 1.106868833773926586e-01 1.068281036027337316e-01 8.744199177540802614e-02
7.785773525528839889e-02 1.096236846158004236e-01 1.383049138409130352e-01 1.609400246330056072e-01 1.846752646927530828e-01 2.061478654443518188e-01 2.190823447926124046e-01 2.360513009738364754e-01 2.486069921144776207e-01 2.607752111388804694e-01 2.692957579441394578e-01 2.750226014720846823e-01 2.822021111914564950e-01 2.890202138296009693e-01 2.947335160032044099e-01 3.039965859698350870e-01 3.134155344704400159e-01 3.256947270286568163e-01 3.385395549179959773e-01 3.535448922071945388e-01 3.705254016034243980e-01 3.916404611778119271e-01 4.155990936030721783e-01 4.410760298511934296e-01 4.649095772920625591e-01 4.934182140363440050e-01 5.206092515602841475e-01 5.512043500873180513e-01 5.840825142779356716e-01 6.460813961654758852e-01
-6.581506385560959016e-02 -9.979226908950031283e-02 -1.319817602644481613e-01 -1.576965245228399704e-01 -1.851259142796538859e-01 -2.109552056858175206e-01 -2.297189110039130067e-01 -2.482865966674764890e-01 -2.628724998274333258e-01 -2.779342810391068341e-01 -2.865207072712429581e-01 -2.900647086900461913e-01 -2.903817865993907343e-01 -2.881549752801668141e-01 -2.828421571111188748e-01 -2.767964910190771066e-01 -2.657837721400841957e-01 -2.521004190656133126e-01 -2.386303367468757264e-01 -2.207634152806794980e-01 -2.032861760795771078e-01 -1.812135226265079169e-01 -1.593619269152631857e-01 -1.392259478529020988e-01 -1.188599500026355227e-01 -9.829930310735632282e-02 -8.100297197289688111e-02 -6.178348838562434941e-02 -4.285236171932189225e-02 -1.339254133742939085e-02
8.733943376987486629e-02 1.030331777778277780e-01 1.209380372908427370e-01 1.351965115390341143e-01 1.559947935811290542e-01 1.756600474055978189e-01 1.917005709379016043e-01 2.137795035405869459e-01 2.345621762265996113e-01 2.550674164223963869e-01 2.772498376559457967e-01 2.962179673941335301e-01 3.169403524134434269e-01 3.362185524807462800e-01 3.540602433900348900e-01 3.716340626446763551e-01 3.863749120990009889e-01 4.007552893134240235e-01 4.108896521421031012e-01 4.199366348063793830e-01 4.259509092341891012e-01 4.284941973531009030e-01 4.330253303405952048e-01 4.321771388604875863e-01 4.285616933472763401e-01 4.257197455629256888e-01 4.202459883711011646e-01 4.118528719630010215e-01 4.032808538701855294e-01 3.716195369103253432e-01
1.827876111163776601e-02 4.306112928623647557e-03 -4.107968204612002724e-03 -1.062778633666863586e-02 -1.297465393028390118e-02 -1.502381333389793058e-02 -1.495582853249018129e-02 -1.083827332929319237e-02 -4.818909461537963790e-03 1.337778008703998864e-03 1.252641085494846790e-02 2.455233586499710324e-02 4.015671095476415486e-02 5.647211659884545515e-02 7.387092099355518915e-02 9.139427407274713921e-02 1.105635727027754478e-01 1.311568363955920580e-01 1.486384527704349978e-01 1.683364637627838833e-01 1.869692467998407270e-01 2.064889179427923105e-01 2.266447501914893303e-01 2.443015159409394066e-01 2.596837253069707030e-01 2.769217905179891526e-01 2.913522684082443526e-01 3.059708123824355086e-01 3.220843729687534740e-01 3.532961690741049932e-01
-9.408301819073896372e-03 -2.539004640354563386e-02 -3.767767982661626713e-02 -4.809257309905522193e-02 -5.766414841488562426e-02 -6.750249352643465650e-02 -7.467248833489213700e-02 -8.129548771366373883e-02 -8.688652334622949669e-02 -9.300945612231606430e-02 -9.627062644567115079e-02 -9.819306245234599162e-02 -9.862687842029246865e-02 -9.760775495045605210e-02 -9.674994659873829839e-02 -9.640434645415266179e-02 -9.242636975952021883e-02 -8.849656926460738871e-02 -8.441139220010981936e-02 -7.891029386793274591e-02 -7.180798135165807061e-02 -6.360429098821088201e-02 -5.437166612520594883e-02 -4.468308240201724485e-02 -3.472114669962464428e-02 -2.237195296421034402e-02 -1.114209021463266960e-02 2.487724845649193217e-03 1.794465929866828624e-02 6.193518883286103921e-02
9.445767164498451718e-02 1.145737027559066423e-01 1.361792477567345672e-01 1.536230600206104357e-01 1.767673881033166305e-01 1.985804325240416168e-01 2.149790927735555912e-01 2.379967537355425211e-01 2.590870368722893446e-01 2.803727299398678929e-01 3.023836214896792884e-01 3.215715934558545652e-01 3.437325172827878084e-01 3.650047807836047098e-01 3.858828582632577442e-01 4.085954983120944073e-01 4.296614124681432667e-01 4.528180883374341437e-01 4.724822701670375880e-01 4.934299767150085447e-01 5.129578205373841460e-01 5.330446559216982516e-01 5.551656343130997318e-01 5.744527373396661751e-01 5.901696228692193680e-01 6.087902915886721500e-01 6.246912278359203485e-01 6.402346769228624002e-01 6.571998544815398358e-01 6.795430185963786673e-01
-3.523026979937279868e-02 -5.595601666446627792e-02 -7.588530895862839742e-02 -9.353849279676060280e-02 -1.134925013411178379e-01 -1.341187266892014673e-01 -1.499052063113889555e-01 -1.693782156049495891e-01 -1.880908265478825891e-01 -2.084227235299590253e-01 -2.272635034611915072e-01 -2.442702052715807204e-01 -2.628694947339953458e-01 -2.796774593256953212e-01 -2.983661658517803295e-01 -3.196916902094737445e-01 -3.363733157234419791e-01 -3.562753542454109024e-01 -3.731823571057234501e-01 -3.912341675091957072e-01 -4.065683573218257796e-01 -4.236504633828803157e-01 -4.392649012794143659e-01 -4.540780179989030163e-01 -4.652247274232912955e-01 -4.756015546477136979e-01 -4.855918248515526114e-01 -4.932325578040445135e-01 -5.006544587727850271e-01 -4.957881483553212010e-01
4.422504523098552687e-02 5.700416521157104788e-02 6.727248376882190295e-02 7.450274797934750004e-02 8.271000703466013793e-02 8.938234030477155978e-02 9.355883943756081178e-02 9.910166543741905087e-02 1.025579563317465803e-01 1.048515091940897259e-01 1.063733191410521917e-01 1.062432279025453813e-01 1.055209622038965067e-01 1.045368212427363053e-01 1.015065989148667136e-01 9.823680874650055073e-02 9.484122330355335140e-02 9.036414565895289908e-02 8.605180401283835101e-02 8.061476750104654143e-02 7.508445966389346027e-02 6.778325581614691453e-02 6.284745132941001178e-02 5.573118042474636824e-02 4.920133686447400456e-02 4.354980891683379179e-02 3.674468496468689949e-02 2.989139456126925151e-02 2.240346954374146729e-02 1.660592121453634273e-03
-4.738965723383238571e-02 -6.200143742276950642e-02 -7.958015503693693926e-02 -9.546866384978910935e-02 -1.150184101464895164e-01 -1.351125413115045748e-01 -1.507609429365728559e-01 -1.706647388035799073e-01 -1.903122291532809429e-01 -2.123112096410206540e-01 -2.335155561621478360e-01 -2.531764597283696627e-01 -2.758302741288438664e-01 -2.974477909426238020e-01 -3.214663581527635317e-01 -3.485017797425602470e-01 -3.726058886523624936e-01 -4.008523354981610720e-01 -4.258834822269503273e-01 -4.534472859492644226e-01 -4.802939546533585569e-01 -5.106761664367445164e-01 -5.394176988907254389e-01 -5.700605747311049409e-01 -5.961005340452381063e-01 -6.239640268101560583e-01 -6.519466819770831645e-01 -6.798427573438232674e-01 -7.103796966791403600e-01 -7.696542123300957883e-01
1.502883899780889376e-01 1.908189319536357231e-01 2.305695711488577881e-01 2.614286658168066824e-01 3.005212794101300711e-01 3.369160424358107475e-01 3.652084420713356261e-01 3.998539605317459333e-01 4.302523812595975272e-01 4.594930108943037217e-01 4.868557650466603937e-01 5.071133084121227652e-01 5.261868067610027122e-01 5.418136356423554068e-01 5.526548923066187946e-01 5.615894397373866198e-01 5.637670893778266024e-01 5.622088640936626636e-01 5.561781243863723745e-01 5.445452016207399382e-01 5.285433229215140694e-01 5.030250358008412359e-01 4.809980302327711010e-01 4.511143386312530534e-01 4.192068663531987593e-01 3.865590699835779742e-01 3.521109020379474264e-01 3.117385998739721775e-01 2.692936039262096015e-01 1.626691044842692724e-01
1.945755253522604700e-01 2.295636447481264886e-01 2.751791479933823337e-01 3.131037345901288016e-01 3.662103914134844374e-01 4.174480071116293267e-01 4.576960122548765497e-01 5.125022543564813349e-01 5.646670318173053760e-01 6.189644900398069138e-01 6.750283384721534885e-01 7.244804826370525586e-01 7.811193249162846630e-01 8.350381095986298963e-01 8.889488458717761388e-01 9.459379518320513158e-01 9.980613061631431471e-01 1.054262391676848543e+00 1.101232684202286372e+00 1.150507480139619121e+00 1.196750315323330538e+00 1.243417707384781412e+00 1.291938700840012721e+00 1.337082808680922330e+00 1.372503133331880676e+00 1.414209878904197915e+00 1.452154817453344293e+00 1.488438221235966141e+00 1.529830680789649122e+00 1.603637284092455539e+00
2.216291242359144653e-02 3.059354870296269319e-02 3.627677165910575541e-02 3.922042236478525540e-02 4.097838593277601527e-02 4.078434295563412165e-02 3.895374251636225804e-02 3.574000751818693505e-02 3.002652561234244594e-02 2.272217639521105503e-02 1.327119200152123563e-02 2.621725940911775674e-03 -1.005295612001934694e-02 -2.240541059142147143e-02 -3.777626093705249710e-02 -5.415489663596401854e-02 -6.880153317688271486e-02 -8.591992602102355159e-02 -1.004371103607374083e-01 -1.167370768431832961e-01 -1.307823459335262506e-01 -1.466044905478967597e-01 -1.598834835352250794e-01 -1.726575487426034450e-01 -1.829792965709201302e-01 -1.917182563149141261e-01 -2.001189621991826539e-01 -2.066913672317226558e-01 -2.132176526312770382e-01 -2.170299223152548640e-01
3.001207810544425647e-01 3.655877614455883551e-01 4.443307558205431551e-01 5.092937642767072504e-01 5.956238438469889651e-01 6.787086770542806180e-01 7.424130655652376731e-01 8.268618249121180153e-01 9.057617991967154003e-01 9.879277471354315221e-01 1.069332381431091328e+00 1.139714188792806837e+00 1.219363372499721709e+00 1.294298593672823738e+00 1.368797977840936264e+00 1.448464022055646172e+00 1.519122002983458231e+00 1.595958772988315122e+00 1.660210981399053543e+00 1.727071542804456961e+00 1.789420899181586755e+00 1.852404904905349037e+00 1.918023550987653536e+00 1.979637002873257723e+00 2.027249458664565296e+00 2.083401823666680919e+00 2.134868484283667378e+00 2.183703463193029215e+00 2.239119375974159887e+00 2.328321070929290748e+00
1.860468856734843746e-01 2.281237737667015375e-01 2.763437390680687500e-01 3.158876944775433904e-01 3.674434397681923259e-01 4.166904561204054502e-01 4.538097095864681574e-01 5.035694499208707153e-01 5.494546352213930396e-01 5.968795102438456679e-01 6.438544742616960637e-01 6.844082570058869219e-01 7.307585821485855782e-01 7.747283024766221660e-01 8.182497829080451757e-01 8.655468351474727706e-01 9.085084840710260234e-01 9.557408748468465554e-01 9.960153478415834094e-01 1.038600150911917597e+00 1.079310447641699255e+00 1.121579237762541092e+00 1.166310061641433471e+00 1.208776721092184037e+00 1.243142471623731815e+00 1.283714769117331400e+00 1.320983584463812033e+00 1.357880833194421211e+00 1.399226574835843451e+00 1.470938185041553936e+00
-1.774138636227830246e-02 -2.837746930762550732e-02 -3.985602872832286203e-02 -5.017748246542624857e-02 -6.191300968991346465e-02 -7.417888282411777556e-02 -8.378206057444410881e-02 -9.476588923323284175e-02 -1.054970004947027723e-01 -1.175934761624595482e-01 -1.282262209735144931e-01 -1.376474126126738806e-01 -1.476860080629083805e-01 -1.565881176448200574e-01 -1.666013185217453119e-01 -1.778249399604593384e-01 -1.861995798805294866e-01 -1.960907442282484592e-01 -2.044419882818850343e-01 -2.130867277468559418e-01 -2.207890452946136839e-01 -2.292537606238666537e-01 -2.362254121959258546e-01 -2.442060657584004257e-01 -2.500171976130393658e-01 -2.554871076462165158e-01 -2.618179627082768413e-01 -2.669710746406793733e-01 -2.726947131120400769e-01 -2.806932992167999186e-01
1.238322899515184594e-01 1.554228916048967513e-01 1.867150635484589594e-01 2.117571005988790889e-01 2.437389621097282300e-01 2.739707463546733335e-01 2.970244128624880409e-01 3.275549144376052046e-01 3.551611431956589460e-01 3.826251527192237600e-01 4.099564519267693274e-01 4.327499783153476720e-01 4.574819808994112780e-01 4.801738648691148414e-01 5.013311809324472179e-01 5.236136226904870572e-01 5.416867764218449288e-01 5.605565468814706076e-01 5.749534809163233673e-01 5.885854287533139884e-01 5.989143617406893494e-01 6.066410619691205985e-01 6.169811343987483543e-01 6.216807142248291784e-01 6.227894359251121559e-01 6.252145279537353328e-01 6.246639216720213383e-01 6.211754894913561476e-01 6.174149352077245023e-01 5.869706323859942287e-01
-5.038894986144255850e-02 -7.004446599489044800e-02 -9.096501930531525337e-02 -1.092680483357560961e-01 -1.309869761225367357e-01 -1.530415887264537367e-01 -1.701414222269034271e-01 -1.910331182397776439e-01 -2.110881020753878901e-01 -2.330040040726152062e-01 -2.533584924767515734e-01 -2.714338687032367137e-01 -2.912718010390239476e-01 -3.094522088240068691e-01 -3.291081719797230298e-01 -3.510167329553571247e-01 -3.687696840204396920e-01 -3.893336155050028946e-01 -4.068179473828374970e-01 -4.252431106349470191e-01 -4.419961170675759110e-01 -4.601277563640506774e-01 -4.769132611840726788e-01 -4.941185754353134008e-01 -5.074183199305989378e-01 -5.211516933020091669e-01 -5.350970042399637583e-01 -5.474629774310738606e-01 -5.609812793581303580e-01 -5.795522327548211505e-01
-1.118752769741853011e-02 -2.661560630592368221e-02 -4.240833117588397455e-02 -5.669806632761170695e-02 -7.113166875589099769e-02 -8.588285268973386288e-02 -9.566679001406656890e-02 -1.076539211807533702e-01 -1.184458803788035475e-01 -1.313853254033299778e-01 -1.416001397306722032e-01 -1.512664897457560165e-01 -1.632700131166571478e-01 -1.751135402800231000e-01 -1.894766594134427717e-01 -2.080756841704425320e-01 -2.257259969023026891e-01 -2.484219734653546063e-01 -2.707475982228333411e-01 -2.968869985870066786e-01 -3.244861548976452070e-01 -3.590666183569425907e-01 -3.918954884525822635e-01 -4.299314973558379105e-01 -4.645500948955237908e-01 -5.020673385096999786e-01 -5.405164158881385905e-01 -5.816832060922381142e-01 -6.258324696476506022e-01 -7.166870292268814335e-01
3.987190620511980865e-02 6.338398942326292640e-02 7.672237823420781366e-02 8.604356213163460998e-02 9.289219461523023913e-02 9.803204851259082753e-02 9.966964988077560428e-02 1.011896920110573195e-01 9.949839993599021715e-02 9.588692829214313929e-02 8.965873601084368982e-02 8.215974232178978320e-02 7.240251366461519789e-02 6.211425801869863150e-02 4.984379953876315328e-02 3.813964348523313924e-02 2.523297015014146910e-02 1.150076551552401891e-02 -4.678301822596143272e-04 -1.399319457758559614e-02 -2.891853372692652219e-02 -4.544537045605449854e-02 -5.897312567492871832e-02 -7.699675395085064933e-02 -9.269967615518370785e-02 -1.100236307387846141e-01 -1.291051335585915727e-01 -1.494428915370898947e-01 -1.737680921061294237e-01 -2.513066592371531183e-01
9.657839104941420838e-02 1.195632503056896362e-01 1.431331541772661031e-01 1.620636444464433890e-01 1.864274821882123678e-01 2.093276189415626820e-01 2.263677215416264876e-01 2.498528280443451932e-01 2.710473968891947694e-01 2.922794488280704428e-01 3.137442459910266823e-01 3.321093185815890414e-01 3.530157614054706405e-01 3.728668634379432856e-01 3.920189820546310377e-01 4.129332649089921814e-01 4.318348135256380727e-01 4.525489542627189055e-01 4.699622463779854487e-01 4.882467068085498130e-01 5.049511747584833898e-01 5.217773624151123002e-01 5.408030710830191712e-01 5.566924804055511933e-01 5.692750581436211155e-01 5.844443487141544047e-01 5.969560531794526614e-01 6.088233409472927349e-01 6.216977418549789469e-01 6.337605296757644613e-01
-4.945643509199615373e-02 -6.604951612627188440e-02 -8.538465603012521110e-02 -1.026039299637738211e-01 -1.237467777905942451e-01 -1.453699087261745293e-01 -1.623254682867942555e-01 -1.835362315581575421e-01 -2.042925967028205170e-01 -2.271948266129466265e-01 -2.491096137275695399e-01 -2.690084496544044024e-01 -2.914045223004785856e-01 -3.123911249976333293e-01 -3.352821892327889630e-01 -3.606977229762853288e-01 -3.824698114515633351e-01 -4.076422467782187531e-01 -4.294072465247997794e-01 -4.528474452222587820e-01 -4.749829611013742792e-01 -4.993690724960239136e-01 -5.222156945310792997e-01 -5.461384337573931269e-01 -5.656246103387887469e-01 -5.862777113161896647e-01 -6.070668408742259103e-01 -6.268876163101813059e-01 -6.487297475310873640e-01 -6.879117837277614056e-01
-1.002109457719264352e-01 -1.360449849789745480e-01 -1.721061839109994385e-01 -2.025781763263396484e-01 -2.389738831779011918e-01 -2.750519114162257583e-01 -3.030991505229539973e-01 -3.370369931178406886e-01 -3.687387747518609538e-01 -4.023217648284568293e-01 -4.333186579898114510e-01 -4.596602408159622399e-01 -4.874072271076704821e-01 -5.121198268149504962e-01 -5.372851771796708364e-01 -5.645334702964862617e-01 -5.846430371559196981e-01 -6.069034090667401182e-01 -6.243807870349383782e-01 -6.411418237172120671e-01 -6.544995839283117567e-01 -6.665199369749094105e-01 -6.778507627718550754e-01 -6.872073437449448541e-01 -6.915934756101711489e-01 -6.958316494334044755e-01 -6.999193766614366652e-01 -7.000983502344215736e-01 -7.006084323960257709e-01 -6.837197599927886671e-01
8.714044892523735431e-02 1.201475752922211981e-01 1.491776449600994703e-01 1.708860885471660540e-01 1.944326321190769646e-01 2.149931639719540044e-01 2.286371066516924566e-01 2.437982932419739956e-01 2.540540580158207051e-01 2.627209246492110961e-01 2.670173291192836085e-01 2.666853814575819714e-01 2.639276901138687403e-01 2.597248331774787977e-01 2.509985059375249850e-01 2.415822793706383920e-01 2.301316476314838322e-01 2.158123006946333078e-01 2.022977608289697748e-01 1.852094570183853983e-01 1.686765153447244425e-01 1.478244639281784956e-01 1.304300208778135239e-01 1.115390344968449632e-01 9.354373169779703345e-02 7.704638651347456291e-02 6.059907472173808179e-02 4.381085127498127174e-02 2.650217417053127300e-02 -1.006864091115953694e-02
1.192580756398908537e-01 1.431267013917859598e-01 1.715653016931005248e-01 1.949508605244100468e-01 2.263370890376998623e-01 2.562190248024665551e-01 2.786728507204796479e-01 3.100747543655031357e-01 3.392492282098744649e-01 3.693674077606295958e-01 4.002461902335721078e-01 4.275385191497375059e-01 4.595715265833980601e-01 4.905540504361447507e-01 5.216719160980921588e-01 5.557504922334524089e-01 5.881391285772719080e-01 6.241340128553909405e-01 6.554447423343316981e-01 6.894192875726127268e-01 7.225162523198276343e-01 7.579820953649696325e-01 7.953574807454026896e-01 8.312944678355410622e-01 8.616291807766349731e-01 8.969632683274626483e-01 9.293939767764011206e-01 9.625100348701156605e-01 9.991274627337695113e-01 1.066041872120753187e+00
7.589996527361161927e-02 9.303978219660921645e-02 1.103782326097105249e-01 1.239661360668246476e-01 1.414738137894630821e-01 1.575305934503747618e-01 1.692455778771153052e-01 1.855482039405920158e-01 1.998298520232837938e-01 2.138239239441314943e-01 2.279122819725395710e-01 2.396157145652385578e-01 2.529703876467419010e-01 2.657399406549823540e-01 2.774582845163673372e-01 2.902486913932571522e-01 3.021377284310712286e-01 3.149373659406877191e-01 3.257124062921688545e-01 3.369275014337074214e-01 3.474848976469790962e-01 3.578528734937005407e-01 3.704012883604545503e-01 3.806873966214912031e-01 3.889757590305230051e-01 3.996530278580217033e-01 4.083068512203359979e-01 4.169776578054439908e-01 4.265588708713046184e-01 4.383857535772863745e-01
-9.965918688711264406e-02 -1.274929181617768803e-01 -1.605499027995331840e-01 -1.893071334504562997e-01 -2.255141698119663141e-01 -2.617082061690533812e-01 -2.899953765790393989e-01 -3.259053152405724241e-01 -3.604487123925704806e-01 -3.979982262733344767e-01 -4.343252018522827385e-01 -4.667883541871025166e-01 -5.034053601623587060e-01 -5.380009738463149560e-01 -5.745900669139734074e-01 -6.148024437852586122e-01 -6.499901791949949104e-01 -6.899773792263477201e-01 -7.244007288320102322e-01 -7.612119829205511445e-01 -7.966440106858754255e-01 -8.349049223225650795e-01 -8.718749430564090019e-01 -9.103048950646670523e-01 -9.417391362964729895e-01 -9.764527887693182917e-01 -1.010947531342659245e+00 -1.044634607077883359e+00 -1.082386419228224650e+00 -1.156850470738137293e+00
-3.468543256465417626e-03 -1.744414974595262513e-02 -2.929165758235979106e-02 -3.968633484214173501e-02 -5.011249164987080507e-02 -6.112056139358344048e-02 -6.964342466968408141e-02 -7.843416200893256474e-02 -8.658990191053997365e-02 -9.537544365225386622e-02 -1.020473511700039221e-01 -1.072882837865154204e-01 -1.115336384915006362e-01 -1.141057603193797870e-01 -1.170041718073155518e-01 -1.202923651912514297e-01 -1.195612684651943536e-01 -1.189278876974829424e-01 -1.172839763625710963e-01 -1.142889012585389663e-01 -1.090193459938582632e-01 -1.023970035421202796e-01 -9.447251137871126581e-02 -8.553016414509125032e-02 -7.568915857478888953e-02 -6.328292874387092537e-02 -5.167022659241180677e-02 -3.705744659538261904e-02 -2.068386128713721461e-02 2.660870394100595809e-02
-1.229898739726833223e-01 -1.533018286631820937e-01 -1.902945923332151068e-01 -2.229673099562481664e-01 -2.660736940839801834e-01 -3.097667137115650560e-01 -3.450849606424211125e-01 -3.913074030875720588e-01 -4.369605804824465145e-01 -4.860966135136490784e-01 -5.360979995895571726e-01 -5.816510935346508315e-01 -6.330353488410442875e-01 -6.817242627052335635e-01 -7.333746897097399575e-01 -7.891087782599042200e-01 -8.376172666495336205e-01 -8.921863577336414108e-01 -9.379744761032610123e-01 -9.866438218536233151e-01 -1.031131497860572122e+00 -1.077733202256800027e+00 -1.122848413522618660e+00 -1.166094058385838350e+00 -1.200147288613530039e+00 -1.236653930286496950e+00 -1.271185682823248619e+00 -1.302522188580703455e+00 -1.337407775557037493e+00 -1.391736447372745378e+00
4.066115145534392183e-03 -5.686799117868096554e-03 -1.330499135596124351e-02 -1.992864355512052876e-02 -2.544860815743072574e-02 -3.134144920715013771e-02 -3.560030919874153377e-02 -3.865690666050740354e-02 -4.112954670970960652e-02 -4.417902761393156796e-02 -4.470897802535991200e-02 -4.441204398818340837e-02 -4.271732075712494914e-02 -3.999409456546365593e-02 -3.745575324127627809e-02 -3.513711042924301531e-02 -3.027008674662625548e-02 -2.525444300146010429e-02 -2.053972311996540845e-02 -1.466402571961714432e-02 -8.096356925650267239e-03 -8.403865045927541230e-04 7.640429670734315976e-03 1.536322149598958603e-02 2.308433652935105301e-02 3.260842068691383044e-02 4.060733084095505263e-02 5.008906913319131904e-02 6.059385607664635742e-02 8.647409029098190869e-02
-1.566767310405793590e-02 -1.722459575739695298e-02 -2.387865124209925805e-02 -3.066595807540764898e-02 -4.075706183363014823e-02 -5.178142942789536879e-02 -6.149594579387613474e-02 -7.357042973748306736e-02 -8.657138294133007173e-02 -1.014172083643356398e-01 -1.165913774183932050e-01 -1.308489989396841024e-01 -1.469850617972931761e-01 -1.622235719242703933e-01 -1.790494941558390951e-01 -1.966985098144276023e-01 -2.121160763286061846e-01 -2.292215842941262571e-01 -2.435503803728670813e-01 -2.587535113329436642e-01 -2.731727298347477184e-01 -2.884113087781010609e-01 -3.016851178384185594e-01 -3.164136730478818160e-01 -3.279303464821016201e-01 -3.399898562026776871e-01 -3.527933041493334088e-01 -3.646590576718559129e-01 -3.785615279928759569e-01 -4.117935963697360591e-01
2.387455295721165327e-01 2.933191873960954155e-01 3.569441664807515568e-01 4.092575846810148077e-01 4.772201749133325177e-01 5.422868048467937019e-01 5.911823974815182403e-01 6.562476840595601324e-01 7.162935206588407766e-01 7.787092430036790525e-01 8.398682624587108236e-01 8.925867951402371991e-01 9.528626980621082154e-01 1.009936091774387146e+00 1.066673637944282271e+00 1.128466527680136000e+00 1.184445857703154914e+00 1.246198701392724706e+00 1.299074112889424981e+00 1.355082322143096984e+00 1.408982019933316732e+00 1.465399727520761086e+00 1.524483620881152746e+00 1.581824200617548026e+00 1.628393592514204125e+00 1.683136408198074641e+00 1.734177726658693963e+00 1.785035616059704733e+00 1.842080551309539516e+00 1.944168531772112463e+00
-2.329716196499600350e-04 -1.015199375792870742e-02 -1.820184706714999406e-02 -2.520261860933912385e-02 -3.157873299650433563e-02 -3.835422020469303472e-02 -4.353566648103152775e-02 -4.780712615901100415e-02 -5.158364866560970902e-02 -5.596194447629979779e-02 -5.805844109015688426e-02 -5.916340606697199217e-02 -5.892294458885096592e-02 -5.750942263355032780e-02 -5.623835244304198344e-02 -5.501352567986626113e-02 -5.090465830160150612e-02 -4.649260715140926536e-02 -4.198849983743570269e-02 -3.610407006294671928e-02 -2.915733740551696568e-02 -2.101016758200166881e-02 -1.163945412903075183e-02 -2.510566783512939090e-03 6.785570841620186186e-03 1.809257562235868852e-02 2.799274524809570661e-02 3.983752887833924561e-02 5.284563647360537852e-02 8.490514286600918392e-02
5.076938098805616750e-02 5.196092608226942494e-02 5.834183334421841338e-02 6.347750972226873234e-02 7.299201071969070587e-02 8.159782379867062951e-02 8.809729449297651338e-02 9.915405358555859361e-02 1.097490671352454872e-01 1.206947030790598840e-01 1.335214940771005387e-01 1.454809166824541644e-01 1.608283833976953126e-01 1.766986773905236396e-01 1.926642411422086476e-01 2.099695816847954033e-01 2.290478418558672957e-01 2.501254856438207552e-01 2.692218458085731680e-01 2.908283949125733958e-01 3.136711311416423564e-01 3.390207489731819068e-01 3.657424273350189381e-01 3.931967011584344140e-01 4.179306130474071956e-01 4.472050561532988078e-01 4.747654547921350554e-01 5.048494895982214015e-01 5.385130465048002524e-01 6.160154500950660861e-01
9.455095058684493195e-03 9.674079713066132541e-04 -6.953674645114531205e-03 -1.328394553731520461e-02 -1.739156976180405295e-02 -2.107755207638443637e-02 -2.258881558754041730e-02 -2.099776646881568870e-02 -1.786197313649415946e-02 -1.529536201726526198e-02 -8.264414670182415948e-03 -2.335886658761613527e-04 9.975822597876795456e-03 2.046171251106806283e-02 3.185356390333594218e-02 4.322061248379552301e-02 5.486746191548728946e-02 6.739576794931897985e-02 7.732366931492808126e-02 8.841003948329598239e-02 9.657254674292722885e-02 1.043148281469569866e-01 1.129900160137637388e-01 1.162772405023274058e-01 1.185686591544228424e-01 1.200157844434377175e-01 1.180567422216777240e-01 1.142440102413551373e-01 1.088753093110607362e-01 7.800277729731622256e-02
1.009216950972106619e-01 1.291362915629057362e-01 1.561008311060977927e-01 1.770660210592511219e-01 2.027089837438911246e-01 2.262548636141936964e-01 2.435719517002186696e-01 2.656291016051217091e-01 2.843646968379064388e-01 3.023984858725832225e-01 3.190300688758890835e-01 3.315163374119888262e-01 3.442587772675798630e-01 3.554553417932810877e-01 3.640671302077910787e-01 3.729132058854984222e-01 3.789406261245016339e-01 3.842442909333510515e-01 3.873209409791995017e-01 3.886743276890197718e-01 3.885308119756845646e-01 3.852547360020113221e-01 3.848028037041413274e-01 3.806533951224359003e-01 3.748807811966579639e-01 3.705775851643323682e-01 3.645822663349480020e-01 3.569625557920075853e-01 3.491866673298247292e-01 3.219755673447427524e-01
-8.692692578443928300e-03 -1.338186294445537806e-02 -2.053431090095764189e-02 -2.728654946435064149e-02 -3.571580955000920599e-02 -4.479296084405646333e-02 -5.246543037532420961e-02 -6.097099222176233929e-02 -6.976283941325342464e-02 -7.986025153356236805e-02 -8.908303087096144934e-02 -9.730058290291201950e-02 -1.059406189899482764e-01 -1.135843269585279092e-01 -1.220587103664924206e-01 -1.308948372991708964e-01 -1.373447372436095160e-01 -1.444510064413049855e-01 -1.500356033804232658e-01 -1.554210000385560508e-01 -1.601162486536481799e-01 -1.646574364438503912e-01 -1.675534238407424825e-01 -1.716692513896852512e-01 -1.739408771518318186e-01 -1.758106824820934722e-01 -1.788701430839126361e-01 -1.807113660781615172e-01 -1.833946777206653667e-01 -1.913386371432040101e-01
-1.820839234559546715e-01 -2.314452657506347044e-01 -2.886869223334138645e-01 -3.377470630199161383e-01 -4.000006645782078207e-01 -4.614994041130818236e-01 -5.096813299897603455e-01 -5.711417925901618453e-01 -6.296012313287895346e-01 -6.922521855286877246e-01 -7.533384859257223898e-01 -8.071939473395736142e-01 -8.674237040460586190e-01 -9.242753693289259553e-01 -9.830054775009585688e-01 -1.046874118511801566e+00 -1.102373172339592422e+00 -1.164588018408679648e+00 -1.217271262062027404e+00 -1.272774027505571892e+00 -1.325640869288582380e+00 -1.381073756488661264e+00 -1.435711623897177436e+00 -1.490910906992453766e+00 -1.535086138891803120e+00 -1.584898573374084130e+00 -1.633575677328879427e+00 -1.680442088278655488e+00 -1.733592145330382639e+00 -1.837057880073928562e+00
-9.669851935994402958e-02 -9.591621337289378546e-02 -1.117550468495151356e-01 -1.283502693390089489e-01 -1.594122857968852669e-01 -1.928711271445748554e-01 -2.239284665381428563e-01 -2.678045844037875156e-01 -3.154697754359982453e-01 -3.675230656613411861e-01 -4.267935485703111542e-01 -4.834241295384274495e-01 -5.489184302283284245e-01 -6.126702809251695081e-01 -6.810941542280228855e-01 -7.519471261652636018e-01 -8.170318251163277701e-01 -8.883909010950176155e-01 -9.473323408166500759e-01 -1.010441758726771777e+00 -1.068360887468443821e+00 -1.127543127005724788e+00 -1.183822656802167028e+00 -1.237126377087070850e+00 -1.279228255028778127e+00 -1.324186287523307026e+00 -1.366080286992145787e+00 -1.404045732929583679e+00 -1.447873324875428080e+00 -1.534753275822215546e+00
2.446309188232756726e-01 3.099463405129410654e-01 3.794634888236620984e-01 4.355136992110377747e-01 5.052961492285547029e-01 5.713419763597498147e-01 6.205771864630738044e-01 6.832951459710461251e-01 7.393248102956644363e-01 7.963758982196590397e-01 8.496682850502930151e-01 8.930252484166406601e-01 9.401776721944818949e-01 9.833969649990110806e-01 1.023457164378817508e+00 1.066502120356758843e+00 1.102106770446292794e+00 1.139851278347459917e+00 1.170380208147454359e+00 1.200045624431128610e+00 1.227253768523916655e+00 1.251994748870969509e+00 1.280531721978416915e+00 1.305584053065628414e+00 1.322673481199733825e+00 1.345651318564304422e+00 1.366089059673254447e+00 1.384417963163770970e+00 1.406489570111493892e+00 1.436826833219829291e+00
4.577932470738080295e-03 2.024545224781227476e-04 -6.012787372328118329e-03 -1.184112371952478204e-02 -1.706980831075610716e-02 -2.254826736609453347e-02 -2.591514378162660531e-02 -2.870724760114627683e-02 -3.106034397749111997e-02 -3.490488130408768430e-02 -3.627682971980520504e-02 -3.745160251429827114e-02 -3.919863085850062295e-02 -4.099926068109029792e-02 -4.395655977069678338e-02 -4.862126393439879235e-02 -5.339981875377577264e-02 -6.014125425106296718e-02 -6.769331772844366935e-02 -7.683002103931999005e-02 -8.842890790277854740e-02 -1.036523848261680369e-01 -1.172761189426509976e-01 -1.364588562447194009e-01 -1.543294901266829000e-01 -1.743043648983150229e-01 -1.964553217517056583e-01 -2.211228293676570644e-01 -2.486796955918247065e-01 -3.206373973063089133e-01
