3.277369929471692089e-02 6.833049621804077045e-02 1.082371054497861529e-01 1.499470987820094303e-01 1.929066388746070171e-01 2.358019972923738328e-01 2.808110490601623543e-01 3.251885336464679366e-01 3.705793314987342324e-01 4.151988653312753685e-01 4.599728152609725007e-01 5.016786795204541960e-01 5.412720589529255166e-01 5.776838879797494553e-01 6.094121755750789848e-01 6.364580050905775943e-01 6.578232537795454249e-01 6.747009449122230995e-01 6.855678539855238895e-01 6.905327019429216007e-01 6.910710893945615219e-01 6.869325907509409301e-01 6.784729298889398130e-01 6.663311302612933140e-01 6.514691364807141394e-01 6.330984235933529991e-01 6.142847686984642674e-01 5.932722661594065361e-01 5.726344828097035267e-01 5.271222667276432849e-01
2.481509455199171557e-02 6.458636300500306127e-02 1.018961468969559331e-01 1.383774268571783539e-01 1.733743559956963110e-01 2.061507554992194069e-01 2.375564294459529269e-01 2.663357886276521702e-01 2.935165420805352365e-01 3.176769166427120261e-01 3.395854338813745210e-01 3.580742428557681656e-01 3.739089965146972228e-01 3.869957103605063953e-01 3.961793546619974404e-01 4.026188059329417479e-01 4.058973110292318776e-01 4.059319299219206756e-01 4.037381514350854017e-01 3.982724580995650188e-01 3.915881095520264421e-01 3.826839008718783686e-01 3.725504596872999952e-01 3.612434043854132470e-01 3.491465170463690093e-01 3.356882072767778391e-01 3.226427380226571939e-01 3.085619768688149245e-01 2.950208683168440982e-01 2.598091570429741370e-01
-3.801923321376774606e-03 -2.687146336616751813e-02 -4.422622715105510582e-02 -5.901640562585985100e-02 -7.149746591241848415e-02 -8.198030381884446882e-02 -8.948987120130721951e-02 -9.491902377958791326e-02 -9.803257401725795628e-02 -9.825863294859821240e-02 -9.596145330658199801e-02 -9.174354325480484074e-02 -8.530804011280519739e-02 -7.711800042380714815e-02 -6.737210149368721979e-02 -5.627965856592970217e-02 -4.410687941596217604e-02 -2.952133889351311186e-02 -1.555335435625375406e-02 -2.104404271885372546e-04 1.599398510552135430e-02 3.238623951402824080e-02 4.932751686092165522e-02 6.656097455526659157e-02 8.492053556820833293e-02 1.032754784552834537e-01 1.219557083471166509e-01 1.413252382060043444e-01 1.612935637741388373e-01 2.173778125947167239e-01
7.114306966773295896e-03 1.171416499360930161e-02 1.545288346867925398e-02 1.925519470464014810e-02 2.277193559658236000e-02 2.578471063228741575e-02 2.876728001404450091e-02 3.123980229295390126e-02 3.357140893522725378e-02 3.573725467714333748e-02 3.776858893461351729e-02 3.964885866778396217e-02 4.187626423987100832e-02 4.448319435789466897e-02 4.710614364909525287e-02 5.051115304416718688e-02 5.454817711030088279e-02 5.960843802510168432e-02 6.499105868703251854e-02 7.116097882891592175e-02 7.871742894755766329e-02 8.643803895288751371e-02 9.525985954479546103e-02 1.046623857299121690e-01 1.151306664447970807e-01 1.256536778338387950e-01 1.366626920514175669e-01 1.478107219084753010e-01 1.592200153869390289e-01 1.840501006826734121e-01
1.118287468100093163e-02 2.907044068103005821e-02 4.187391059790479542e-02 5.371614067317070917e-02 6.451278117517189603e-02 7.406874846142286195e-02 8.293427276283554805e-02 9.061833851164684261e-02 9.757583819868512198e-02 1.032446551358024295e-01 1.080722826954846061e-01 1.116311943811121588e-01 1.142826784639539850e-01 1.161233257780598382e-01 1.166414619910078748e-01 1.163558616703854187e-01 1.152566741381792770e-01 1.124524737058525403e-01 1.092765924326818683e-01 1.041406976596062767e-01 9.849335517397402040e-02 9.106939926022505905e-02 8.252671797399908915e-02 7.278951458617172188e-02 6.126335261238477492e-02 4.819027144334189078e-02 3.396587833762217123e-02 1.749866161962638361e-02 -5.710463568347166896e-04 -6.262467855146415519e-02
3.470737025469140813e-02 6.762198313108568060e-02 1.079930078428295581e-01 1.510095584808872626e-01 1.968160989852384135e-01 2.438448173218040471e-01 2.954218984572148377e-01 3.479172604135802871e-01 4.037190068591157699e-01 4.627204215113393526e-01 5.249727264113991376e-01 5.878557377283906149e-01 6.538941339461397106e-01 7.211710493733208827e-01 7.895942460886649084e-01 8.591289509942833247e-01 9.276744793287505786e-01 1.000244532213221182e+00 1.068121242468895726e+00 1.136537973466509088e+00 1.203704169136519120e+00 1.267720829695422768e+00 1.330711638350628334e+00 1.390046287314798512e+00 1.449239663719882554e+00 1.502885089361153614e+00 1.555046804863958521e+00 1.602756820852139885e+00 1.647339942869990637e+00 1.723162627364188015e+00
3.196654495070124641e-02 8.046213087190920432e-02 1.277482679160376611e-01 1.745609470636811933e-01 2.204074954813945719e-01 2.642830173627203072e-01 3.076962282335284904e-01 3.487006794200592785e-01 3.888560495141619722e-01 4.268792006278753215e-01 4.634790881656251083e-01 4.971160303987124940e-01 5.292332310907488235e-01 5.592837083002440979e-01 5.863145936726530394e-01 6.114831086417772399e-01 6.338209943750627851e-01 6.546389380374715294e-01 6.725403823638478329e-01 6.880369799728917046e-01 7.023740365918089701e-01 7.140642311609188830e-01 7.247284158318330061e-01 7.334418355630827335e-01 7.415882698376470294e-01 7.469866159668219208e-01 7.523559193832747294e-01 7.554464655397400419e-01 7.579393769607360998e-01 7.502147313699940590e-01
-2.508305509232727770e-04 3.860563955409691481e-03 8.686054025929137654e-03 1.354503380019098438e-02 1.780952695763153570e-02 2.120297849759068126e-02 2.394424168741675352e-02 2.572001616458816087e-02 2.684527722713265716e-02 2.753476515273022007e-02 2.755606387597045459e-02 2.748908672085124960e-02 2.799147814563650305e-02 2.920787316169114189e-02 3.082871247466620682e-02 3.418644922042675394e-02 3.905184715824955299e-02 4.646721736236174294e-02 5.502129560575429179e-02 6.624434505509785298e-02 8.044916423543699291e-02 9.628877873448868363e-02 1.151390107151350206e-01 1.360036389857325612e-01 1.600671906093896479e-01 1.854414082970466393e-01 2.125602648280833229e-01 2.413924698585944717e-01 2.717256779047154680e-01 3.499548042841992834e-01
5.719824624641970182e-03 -7.787342224372523214e-04 -4.097445711675256827e-03 -5.907919588511320597e-03 -6.424604604293979865e-03 -6.017234468802298841e-03 -3.653953433895816560e-03 -3.246802298065998987e-04 4.526705142471018281e-03 1.136274375107684288e-02 1.992016395683240959e-02 2.983531635311647418e-02 4.189075735083910845e-02 5.565327325749409859e-02 7.101384673062829944e-02 8.830463313991770979e-02 1.070221339664747251e-01 1.289174860823193436e-01 1.505943873502070263e-01 1.743713485390243623e-01 1.997211719674560071e-01 2.253954338275024061e-01 2.524301125524725520e-01 2.798137686367642707e-01 3.088519194357219888e-01 3.374345379062105854e-01 3.663733168190255185e-01 3.953586505185846534e-01 4.243230607637363816e-01 4.916956548200980270e-01
1.040902744915730808e-02 2.161023554135753366e-02 2.992614234011934521e-02 3.795622872361259503e-02 4.556823014209096523e-02 5.253165925578245216e-02 5.951649260759862142e-02 6.589990607659348965e-02 7.216398359902112536e-02 7.799770613986960199e-02 8.367386476006342944e-02 8.876141233061972391e-02 9.371932022197039525e-02 9.851021871417561804e-02 1.027066120354712675e-01 1.067792695154512611e-01 1.105920558889162963e-01 1.139530342812501984e-01 1.169599758150636909e-01 1.190533235616478558e-01 1.211820795129557038e-01 1.221109236900694561e-01 1.225737566274368445e-01 1.222912837014333010e-01 1.211752058705340973e-01 1.188625212996066161e-01 1.158659777532545926e-01 1.113386828428610253e-01 1.057469705850251074e-01 7.914423218114871594e-02
1.563722996873732896e-02 6.235359308162721076e-02 1.027953656569196711e-01 1.401416008592560047e-01 1.736270221371064848e-01 2.028622501032086300e-01 2.277318457923699913e-01 2.481005643544691719e-01 2.647816441844981772e-01 2.774494330543846310e-01 2.862061388491135561e-01 2.924975468539035006e-01 2.978150104534587062e-01 3.026877551837255376e-01 3.068114800503844997e-01 3.130732680736041940e-01 3.209923671935935863e-01 3.315827431145789705e-01 3.445706307637300680e-01 3.609898168333608992e-01 3.819210892625896636e-01 4.048296981328732835e-01 4.325522795059899561e-01 4.627624306359958695e-01 4.971587556421386278e-01 5.324846566867031949e-01 5.699410008971829145e-01 6.080375758467568836e-01 6.467579040304061166e-01 7.250440121043157937e-01
-1.161875775831059179e-02 -5.564107063068394338e-02 -9.816690474376488229e-02 -1.384593235985624449e-01 -1.757322139168859265e-01 -2.096939906051269453e-01 -2.393319002179513655e-01 -2.648820780789805651e-01 -2.865266861707845836e-01 -3.025555255902053209e-01 -3.136557753795480297e-01 -3.197462811333531829e-01 -3.206484826651569975e-01 -3.168648138746958387e-01 -3.075424534944294352e-01 -2.938658534042393189e-01 -2.758570125917070293e-01 -2.526948754533058783e-01 -2.281029391639229909e-01 -2.002708643337289263e-01 -1.709489108681222225e-01 -1.414937694072808116e-01 -1.117016447947536684e-01 -8.252563538462034942e-02 -5.414973847411636704e-02 -2.732129104696722627e-02 -3.050068577879816445e-03 1.876268452534607389e-02 3.693487610683114652e-02 5.368638752251935625e-02
1.546261920897956665e-02 3.075436022839785760e-02 4.846909330018622092e-02 6.781816993363190549e-02 8.867672635528932312e-02 1.102110275661839361e-01 1.342498037760504470e-01 1.587964647548378017e-01 1.849734774264334136e-01 2.120305181028170338e-01 2.403951329367291223e-01 2.679033503483333467e-01 2.953022297010000630e-01 3.217450113867066364e-01 3.464319956786574561e-01 3.690658784024552497e-01 3.889274255515494660e-01 4.069376279981017364e-01 4.212064086491569270e-01 4.320221268021237071e-01 4.400406509414426237e-01 4.445190131131149802e-01 4.458732715047414863e-01 4.441480986374383155e-01 4.398500725970759806e-01 4.322614100514474700e-01 4.232340868139084500e-01 4.113790096818945030e-01 3.981469540574352206e-01 3.565460856307547943e-01
3.786711044165048251e-03 -1.755255750598215189e-02 -3.305866826893737176e-02 -4.543318226222579220e-02 -5.449513867963036440e-02 -6.069065680925363193e-02 -6.228036332854357954e-02 -6.079824497619212842e-02 -5.562969286368811550e-02 -4.617084144108000304e-02 -3.269020172195158391e-02 -1.659406555468358885e-02 2.706446147376700626e-03 2.426164757538141342e-02 4.804792269838728536e-02 7.316759901330263660e-02 9.903705545615776318e-02 1.274920613964561356e-01 1.541108461850133060e-01 1.812251767788470858e-01 2.077893408587069835e-01 2.329790674936066397e-01 2.570771215580747171e-01 2.795867251100115913e-01 3.014081785847840811e-01 3.210948346983415469e-01 3.394936725289023904e-01 3.562559972246183704e-01 3.715702318904886559e-01 4.015937625795515387e-01
-1.774126647003479440e-03 -2.204881743847262113e-02 -3.862826235764747762e-02 -5.346525799084570624e-02 -6.692995474228585762e-02 -7.917793041783607877e-02 -8.968331219119018982e-02 -9.889798156309104193e-02 -1.067734453282053741e-01 -1.128288126176270334e-01 -1.173616547731675952e-01 -1.204914609990674484e-01 -1.220553228129635653e-01 -1.221837149257005428e-01 -1.211189699779813278e-01 -1.186853605418938806e-01 -1.149129425570091512e-01 -1.090460708953803620e-01 -1.028957220900759140e-01 -9.509577372473064505e-02 -8.571472268865040767e-02 -7.549008194659984072e-02 -6.398640619576104194e-02 -5.136499434310258516e-02 -3.703715569020772647e-02 -2.182769830402430875e-02 -5.742215087457269024e-03 1.177690664142346313e-02 3.050681994129563965e-02 8.652813287531328779e-02
2.201356355031445708e-02 4.638226220057166393e-02 7.091693082924496738e-02 9.586804624496546301e-02 1.210701152328099300e-01 1.458168178460505782e-01 1.716181323500098888e-01 1.968240295211853008e-01 2.226610634594554938e-01 2.487729615428326269e-01 2.754057110773401318e-01 3.014766961979115090e-01 3.282945927644714268e-01 3.552375983962555717e-01 3.819028741799926352e-01 4.089174135383743525e-01 4.354013970133186473e-01 4.631218636896710095e-01 4.891291795318224445e-01 5.150146386873311055e-01 5.409100573758132136e-01 5.652162788011593220e-01 5.894028028863170787e-01 6.121982261126195368e-01 6.350354185925588535e-01 6.554443594439169907e-01 6.753891170070507322e-01 6.932077177684554670e-01 7.097239628472121753e-01 7.326574554210881773e-01
-1.367514163773297237e-03 -2.670207942213138202e-02 -5.060396043328126842e-02 -7.361128984828063659e-02 -9.637877604727854153e-02 -1.187784109277951194e-01 -1.412028253555445700e-01 -1.632242515730012444e-01 -1.854286370788938987e-01 -2.077582879611180600e-01 -2.302676870278679289e-01 -2.526354632610619544e-01 -2.755424723057458003e-01 -2.984498335099208255e-01 -3.219535977051986575e-01 -3.457037463614437423e-01 -3.689498507374173175e-01 -3.929683863033704982e-01 -4.158562220027547940e-01 -4.386135424363718505e-01 -4.599082004186569317e-01 -4.798709586123974802e-01 -4.987867086393988902e-01 -5.154756515466074607e-01 -5.306474486820385028e-01 -5.429910050359947338e-01 -5.535710841335540477e-01 -5.608966468806941830e-01 -5.651491270091602015e-01 -5.480905198172449921e-01
1.126889957480089327e-02 2.815791508855131076e-02 4.177779653523381459e-02 5.460046034216408523e-02 6.616397828745987364e-02 7.621291771061937392e-02 8.503410016136661587e-02 9.223130408310484252e-02 9.818928636186478875e-02 1.022745852352246881e-01 1.048660359196730285e-01 1.057632874484922131e-01 1.052834996286005076e-01 1.036650548125343657e-01 1.002049845820641577e-01 9.585021172600165229e-02 9.062439702828299637e-02 8.391829358904169534e-02 7.706380048119160220e-02 6.896859204651407949e-02 6.122739162262547108e-02 5.278984837928337587e-02 4.439254375461914454e-02 3.608940236323220085e-02 2.772767592706038703e-02 1.926190268287883076e-02 1.115132978047641242e-02 2.820674765567241123e-03 -5.124582088660768753e-03 -2.692547881664799844e-02
-1.244820313949494654e-02 -3.072324379811756240e-02 -5.104274402811881384e-02 -7.134435284498732988e-02 -9.201817373916863774e-02 -1.128879021466911714e-01 -1.344279389873801467e-01 -1.560161568808870469e-01 -1.783570112113646577e-01 -2.016415705658306246e-01 -2.257592409920600729e-01 -2.504496129487526201e-01 -2.766723541799676056e-01 -3.037546109376647041e-01 -3.323346137215568707e-01 -3.623090731528877950e-01 -3.927398663155020619e-01 -4.261810604281821013e-01 -4.587814044017838322e-01 -4.933966906415598874e-01 -5.280823929017133267e-01 -5.629379590463228222e-01 -5.985909017817283573e-01 -6.334601456984140233e-01 -6.694450419364638138e-01 -7.038383324245185424e-01 -7.381487756518017029e-01 -7.713698904428939462e-01 -8.034681353735215747e-01 -8.701776882267719948e-01
3.177639536231445516e-02 7.767656517594043186e-02 1.233253903061512502e-01 1.692263687369008340e-01 2.147965115912360834e-01 2.588711121240553914e-01 3.030544018364045300e-01 3.451949737319443545e-01 3.866315285977383054e-01 4.250327375104648864e-01 4.616620682610141913e-01 4.935516208994407683e-01 5.211988329095613715e-01 5.440136137978344166e-01 5.602302834429209177e-01 5.700585610673571946e-01 5.729869433860321770e-01 5.682498354748563019e-01 5.578466954600844740e-01 5.392506863066027778e-01 5.152957127052002484e-01 4.858558690354956022e-01 4.509629953566087757e-01 4.120122831925544515e-01 3.686007121741181614e-01 3.217577939721261160e-01 2.739369119264725150e-01 2.232244890469035625e-01 1.725027127212360178e-01 4.985056298568448646e-02
4.051375353362544895e-02 7.953202453757188262e-02 1.283339446537798412e-01 1.801791394782252809e-01 2.347725430941354496e-01 2.902854475927633682e-01 3.500613338513770545e-01 4.101571735725468848e-01 4.730956159494726920e-01 5.382236910804654162e-01 6.057725002565563788e-01 6.726407313059283855e-01 7.413019509301560506e-01 8.098176873266627052e-01 8.775714886000363091e-01 9.447958788407243569e-01 1.009336906972847725e+00 1.076286576885022939e+00 1.137379014707218250e+00 1.197771448019040896e+00 1.256275000103267647e+00 1.311447786499061907e+00 1.365303566130522839e+00 1.415751252583693720e+00 1.466621721179412585e+00 1.512630253418747683e+00 1.558376777855202899e+00 1.601140050917895241e+00 1.642798010044189239e+00 1.729683959339388455e+00
7.275497097994649415e-03 2.109294721646463519e-02 3.147980746199283142e-02 4.043087791767072808e-02 4.700668486855860001e-02 5.109734132163426534e-02 5.213441211606613390e-02 5.044634948776223482e-02 4.597280271221708403e-02 3.802796757901822505e-02 2.690125648630853697e-02 1.327603534458544204e-02 -2.905733330941557765e-03 -2.083565583900396853e-02 -4.140971280643625241e-02 -6.296133189100858174e-02 -8.504841526742039359e-02 -1.089166343411465399e-01 -1.315370245888499712e-01 -1.544673347820393061e-01 -1.754506515385119703e-01 -1.952865350365395325e-01 -2.132593400908519010e-01 -2.289066226838847584e-01 -2.424964652927017739e-01 -2.536142938721037132e-01 -2.624451646051683129e-01 -2.686313053068240531e-01 -2.718779152228170126e-01 -2.632574982477927650e-01
6.503499950307939370e-02 1.427696255810191883e-01 2.319832501763764154e-01 3.235936711249468578e-01 4.171233852480840110e-01 5.100231928710642348e-01 6.063499343764225946e-01 7.010338318046092088e-01 7.976505899384531695e-01 8.947412507064744780e-01 9.930299719317102758e-01 1.088645081826054017e+00 1.185175017849384282e+00 1.280094587932024908e+00 1.372766916983257257e+00 1.464037671373979332e+00 1.551026326235194208e+00 1.640238292836802003e+00 1.721835006180959526e+00 1.802245460890389506e+00 1.880146576813704673e+00 1.953716729815820452e+00 2.025948056183842994e+00 2.093780191445623995e+00 2.162377756579443755e+00 2.224413927778911670e+00 2.286454940036942496e+00 2.344008201358915411e+00 2.399901771071067280e+00 2.505937380829949213e+00
4.172395349943236464e-02 9.339576350672304517e-02 1.491766083178747149e-01 2.057761964366304208e-01 2.627562407262508115e-01 3.186317927707134623e-01 3.758367127389931617e-01 4.313866418690278093e-01 4.875351954160020429e-01 5.435028290307515331e-01 5.996632300801081339e-01 6.541257241374942577e-01 7.093414385839338365e-01 7.640408147868502642e-01 8.176642080535432289e-01 8.714391954130484841e-01 9.235596102006599084e-01 9.781099559457366865e-01 1.029027705665061410e+00 1.080348964745100782e+00 1.131627026846498074e+00 1.180885099115997594e+00 1.230674833500692067e+00 1.278564163870271386e+00 1.327998304025252541e+00 1.373844887252534175e+00 1.420154865312883707e+00 1.464092010477817674e+00 1.507203542362027582e+00 1.592855871818819047e+00
-2.335001247662213397e-03 -1.528998792308582447e-02 -2.908624235849857631e-02 -4.250484779121286444e-02 -5.585209474704702637e-02 -6.907584756455725783e-02 -8.212707359312668154e-02 -9.492254466425226189e-02 -1.076684330775396214e-01 -1.202660190293390607e-01 -1.327325327659978904e-01 -1.449201791038660370e-01 -1.570518114796903009e-01 -1.688373065565006437e-01 -1.806594405615313259e-01 -1.922273486428317524e-01 -2.031563358694902233e-01 -2.142999308038676665e-01 -2.246626394752987976e-01 -2.350366714330256734e-01 -2.444596466509539323e-01 -2.536232948627502592e-01 -2.623889349097529022e-01 -2.703293041861057899e-01 -2.780251057370542456e-01 -2.848279768905355724e-01 -2.913517628787939406e-01 -2.971261044974611298e-01 -3.022422315358574973e-01 -3.098055898913208428e-01
2.767356064857734096e-02 6.471867421172679269e-02 1.005265666109772527e-01 1.364602196226130382e-01 1.723980632463720797e-01 2.074562239089623172e-01 2.434022695773107037e-01 2.782388472300836302e-01 3.134069698039487206e-01 3.478780706608478046e-01 3.823016464395746494e-01 4.148174325109649230e-01 4.466542353434750923e-01 4.770907489206353547e-01 5.053663591462171922e-01 5.318726777551185947e-01 5.557243758485146401e-01 5.779201202583456043e-01 5.968852759993481527e-01 6.127617484670374592e-01 6.264890208770623747e-01 6.366823439636022375e-01 6.445051326014592519e-01 6.492709567257159975e-01 6.517997913375139785e-01 6.505662165274290754e-01 6.479257590007840850e-01 6.416388023026483589e-01 6.332939790437652761e-01 5.914162384907495351e-01
-9.922296483318049365e-03 -3.386506531167196576e-02 -5.855656611158555763e-02 -8.284045504903078672e-02 -1.070991063872671484e-01 -1.311041254845347892e-01 -1.552544051988681284e-01 -1.789644556507436479e-01 -2.028850974681501718e-01 -2.268148374928822819e-01 -2.508495703464826976e-01 -2.744916955514680179e-01 -2.984520501239862900e-01 -3.221620242755364183e-01 -3.460258796504847023e-01 -3.698477258637835607e-01 -3.928443695447360606e-01 -4.166971894413441513e-01 -4.391168564645601124e-01 -4.616502994948549210e-01 -4.830331167460349406e-01 -5.036195652140884604e-01 -5.236955385357513482e-01 -5.422604875197558627e-01 -5.605126241219019478e-01 -5.767939100682430986e-01 -5.924873396132124270e-01 -6.064537018794314838e-01 -6.190189361432527626e-01 -6.367855536575979247e-01
2.558722715367767880e-03 -2.127595990920530533e-02 -4.357654038959769133e-02 -6.402556100328346544e-02 -8.273990201237921283e-02 -9.985829001860752063e-02 -1.147999182446416688e-01 -1.279603842406780434e-01 -1.396561515194960912e-01 -1.504700118250586471e-01 -1.599844054348293909e-01 -1.697289237531761641e-01 -1.806676971908520724e-01 -1.928873597273729756e-01 -2.072485098947356996e-01 -2.249196983738376010e-01 -2.451815645750078931e-01 -2.703735040201075135e-01 -2.976446842530669490e-01 -3.299749679040093753e-01 -3.655594291550551822e-01 -4.039017298460015892e-01 -4.463993448485456539e-01 -4.907174898910269256e-01 -5.388756034860031630e-01 -5.876122280204313375e-01 -6.376532625975412927e-01 -6.883539267791562999e-01 -7.387134730059661258e-01 -8.466301728879113142e-01
1.711212257644002810e-02 4.957661718662365741e-02 7.010999653021507405e-02 8.725281515615537775e-02 1.009589625482057995e-01 1.113625905607389527e-01 1.182399890259329261e-01 1.219600805411142491e-01 1.227244114037766842e-01 1.197829572008164145e-01 1.137921800920894677e-01 1.053494978679209992e-01 9.472243143539271770e-02 8.265525012257798898e-02 6.872898851590102109e-02 5.419653590387411846e-02 3.946043470298492284e-02 2.215677880415237513e-02 6.423238283805853335e-03 -1.119923264301992717e-02 -2.830242600790321139e-02 -4.671027296265271161e-02 -6.539441622781294594e-02 -8.460544895701108126e-02 -1.057796273928853781e-01 -1.280081447729256028e-01 -1.515454102695973082e-01 -1.778195295832772083e-01 -2.064295258565046198e-01 -3.064967056047223082e-01
2.169794496226460159e-02 4.987831297794401847e-02 7.728535947276980733e-02 1.047600774325923301e-01 1.321081045514161945e-01 1.586334832243141146e-01 1.857485152131053974e-01 2.118819715453138519e-01 2.382475933757765840e-01 2.643541391536340934e-01 2.905229266361922247e-01 3.157189265273913081e-01 3.412130629199625620e-01 3.664707244432602318e-01 3.910218380187631126e-01 4.155999165503979631e-01 4.393776705181543507e-01 4.638313869937997214e-01 4.866055849177105541e-01 5.088600659994590991e-01 5.309913020621729318e-01 5.513861546288070237e-01 5.715194251612972787e-01 5.902011219533640496e-01 6.086866061401206007e-01 6.247316616519805743e-01 6.402669953424968696e-01 6.535467969031747426e-01 6.654740518858189846e-01 6.762146768430823407e-01
-9.746857882051188429e-03 -2.978579501953044009e-02 -5.200246951672275741e-02 -7.426649940540713812e-02 -9.694761881034069662e-02 -1.197918149712094288e-01 -1.433184956285065703e-01 -1.668223411148525570e-01 -1.910065083440857236e-01 -2.158563459001922868e-01 -2.413502795921063926e-01 -2.669753330270427938e-01 -2.935618780044988996e-01 -3.204197902047501989e-01 -3.480365828959275376e-01 -3.761815659303096027e-01 -4.039525572523590125e-01 -4.335757054703622826e-01 -4.617761151277960385e-01 -4.908766707497872472e-01 -5.192165410869561404e-01 -5.471048055731849713e-01 -5.749411884894248814e-01 -6.014896850217512636e-01 -6.283491018193428923e-01 -6.533336654287673628e-01 -6.779666346816585198e-01 -7.011888553356211418e-01 -7.232095978994373953e-01 -7.659796150590867381e-01
-2.099060933355282460e-02 -6.358988787810844479e-02 -1.059785671460049816e-01 -1.477184501991831156e-01 -1.891584918087912126e-01 -2.297811620062776561e-01 -2.704450100303743554e-01 -3.099266314059284100e-01 -3.493551792953972779e-01 -3.877815405989172293e-01 -4.257256932269102845e-01 -4.617683728639956353e-01 -4.968269199666348612e-01 -5.301156841578154033e-01 -5.616351715081604468e-01 -5.911426749030013195e-01 -6.176054622704117980e-01 -6.426035342811681206e-01 -6.643387466975821942e-01 -6.835911007736349410e-01 -6.997472734137758499e-01 -7.132558849172869753e-01 -7.243441729309031407e-01 -7.323184424828470540e-01 -7.383107174387094629e-01 -7.408604784093644202e-01 -7.422320082079728598e-01 -7.405210223539258063e-01 -7.369318153205546285e-01 -7.121149256929119042e-01
1.772752315516726643e-02 6.176899943812661636e-02 1.008763627951120012e-01 1.376933510505636282e-01 1.710870842971073669e-01 2.005307307550258655e-01 2.257892695586226073e-01 2.465667482561302581e-01 2.634025695294611724e-01 2.746294177636082745e-01 2.810519154484970583e-01 2.826058674336931476e-01 2.796176903869119768e-01 2.727593640945306652e-01 2.606315855163517936e-01 2.453361499949929803e-01 2.269736432171856888e-01 2.042743492825176144e-01 1.810452462852847333e-01 1.549905076920644054e-01 1.292319141848252140e-01 1.029480914571786337e-01 7.712009750242240780e-02 5.230178984435403244e-02 2.835595275798449139e-02 5.586096236887733851e-03 -1.505887899390081358e-02 -3.428700983922094991e-02 -5.078804732301458319e-02 -7.965164298173060820e-02
2.628714468081478142e-02 5.579496705439290771e-02 8.816869029401759594e-02 1.214078404448797055e-01 1.552195441533941178e-01 1.886150112663265432e-01 2.234456548336692938e-01 2.575853397126878774e-01 2.926160980403862411e-01 3.283307479054994871e-01 3.648144679009425739e-01 4.009288707140590824e-01 4.385114212287061219e-01 4.766652658635588957e-01 5.150759196822385366e-01 5.546772524296551543e-01 5.941627931086147507e-01 6.367104680255798455e-01 6.772641572679483080e-01 7.191871943271423984e-01 7.619472024511864117e-01 8.037042905836679907e-01 8.465119716553921592e-01 8.883351747978023294e-01 9.317678445254347075e-01 9.727632889195686472e-01 1.014028473067665415e+00 1.053658379658903410e+00 1.092453100896466633e+00 1.170648822085343932e+00
1.835153264973558157e-02 3.984621965052799475e-02 6.038267248951007665e-02 8.088036882304137920e-02 1.010076412681037844e-01 1.202319582228467409e-01 1.395600257161845326e-01 1.578371057746625894e-01 1.759671013604523770e-01 1.934929412990116504e-01 2.106967177685454551e-01 2.268830602370264793e-01 2.430009181862199663e-01 2.587748793628179000e-01 2.736692416432438546e-01 2.885157201022344742e-01 3.027721021599044104e-01 3.173787091498366797e-01 3.309510361295542880e-01 3.441800939005217330e-01 3.577530231393750704e-01 3.702718822294481793e-01 3.829792855647642380e-01 3.950745100790160613e-01 4.074911237129352770e-01 4.185699325877966781e-01 4.297304338940171053e-01 4.397823139875235432e-01 4.494471484520699556e-01 4.634247033935566806e-01
-2.039182678967863677e-02 -5.410026417921135616e-02 -9.195601737240628737e-02 -1.302804516192938022e-01 -1.692469088911520148e-01 -2.082770413828214928e-01 -2.484564974047165087e-01 -2.882861895194417379e-01 -3.291113122152635184e-01 -3.706702479699934272e-01 -4.130259231697258615e-01 -4.551052726399025250e-01 -4.984009907377313642e-01 -5.418337512160188441e-01 -5.857220836163455902e-01 -6.301580654517873192e-01 -6.736440300145278837e-01 -7.199205056339790243e-01 -7.636135817762285116e-01 -8.085930896853465999e-01 -8.528399948169735900e-01 -8.964323417108954750e-01 -9.403454516580849187e-01 -9.827148646661364451e-01 -1.026420762901458339e+00 -1.067607439536808700e+00 -1.109086194311931450e+00 -1.149236162998216626e+00 -1.188689885017904402e+00 -1.276428588621133287e+00
7.838729821943495046e-03 -8.676031757509715392e-03 -2.357053628018899311e-02 -3.747672420394068671e-02 -5.080503903099211488e-02 -6.356563977573030655e-02 -7.552394444327945044e-02 -8.683346563108150507e-02 -9.751517905973935973e-02 -1.071732308626668212e-01 -1.159896322038091315e-01 -1.237467889249367348e-01 -1.302833815925181771e-01 -1.354930455025874503e-01 -1.396121582426063656e-01 -1.421452427964373655e-01 -1.429671190173078532e-01 -1.416625379987204170e-01 -1.392867001880856159e-01 -1.348472351691790416e-01 -1.281110556823657487e-01 -1.199741401065187313e-01 -1.098541509189336629e-01 -9.794820664770506613e-02 -8.374236759457645562e-02 -6.804875319753379836e-02 -5.101186276221940374e-02 -3.201821989181671824e-02 -1.138676341967080966e-02 5.048734342647028667e-02
-2.200776600746978673e-02 -5.528003473598237100e-02 -9.439133882855806068e-02 -1.352887382360645208e-01 -1.786168715894270453e-01 -2.235988126647247554e-01 -2.724059051989735636e-01 -3.225847175525061172e-01 -3.759913530132784065e-01 -4.323725905573589934e-01 -4.918976248172560739e-01 -5.521846274355690642e-01 -6.150873947150068410e-01 -6.787465849546269192e-01 -7.435832151854461225e-01 -8.086801335419839809e-01 -8.720220031743978195e-01 -9.381636066966345666e-01 -9.995718488815494851e-01 -1.060740386387733381e+00 -1.118862370727228717e+00 -1.173937410772435408e+00 -1.226780354227018144e+00 -1.275279456776684306e+00 -1.322466009199697812e+00 -1.364096871495481977e+00 -1.403841006007954029e+00 -1.439088708542281880e+00 -1.471004343330793329e+00 -1.523782917428999184e+00
2.189279571448515815e-03 -1.053248765441017198e-02 -2.134423317342902873e-02 -3.085612109154197563e-02 -3.929277255683757269e-02 -4.682589223007483509e-02 -5.278932828202625993e-02 -5.774797818234156388e-02 -6.150300517808538620e-02 -6.373519353649356733e-02 -6.459746845699831930e-02 -6.437689139659627524e-02 -6.279893479061263162e-02 -6.003524505748960433e-02 -5.632589463274726566e-02 -5.153645956941022704e-02 -4.576290083504551409e-02 -3.842467329753774391e-02 -3.107049676106504385e-02 -2.277084166726559000e-02 -1.344248110216005390e-02 -3.991003618293895161e-03 6.082369547737678794e-03 1.653304887824831593e-02 2.776868848848268109e-02 3.903953622533464646e-02 5.050727763074105980e-02 6.228022543066312477e-02 7.431400593503265095e-02 1.053881540318610810e-01
1.207263607751318107e-04 4.482818423044640510e-04 -4.975418255920042651e-03 -1.176565556007064424e-02 -2.019608209857543663e-02 -3.003947646202949004e-02 -4.172144515829810663e-02 -5.465009562667688670e-02 -6.912817155325699792e-02 -8.529341127049495930e-02 -1.029713726891879622e-01 -1.214112489454922117e-01 -1.408704069646790624e-01 -1.606366598511229093e-01 -1.810889496555229128e-01 -2.014111779968498217e-01 -2.209941002016079237e-01 -2.416630611109142901e-01 -2.604836094844203420e-01 -2.795757526837692186e-01 -2.972647181430050911e-01 -3.145860657124421866e-01 -3.311681908540432540e-01 -3.466632691015243406e-01 -3.622324138044741293e-01 -3.767554741766531712e-01 -3.911972392585369440e-01 -4.054071419431625189e-01 -4.195444595152044709e-01 -4.587606311131379733e-01
5.377970197798915414e-02 1.213576281189333306e-01 1.954875548509057148e-01 2.705662906494795683e-01 3.460207263163649349e-01 4.199179817716499619e-01 4.951786181849128221e-01 5.681061730572485313e-01 6.415285926771290281e-01 7.144622069497073014e-01 7.873626819338266358e-01 8.579745809057539585e-01 9.294343469097623434e-01 1.000085431345872466e+00 1.069397791425895194e+00 1.138946120501562076e+00 1.206427576213250141e+00 1.277233859847334507e+00 1.343520873112139746e+00 1.410792393679328072e+00 1.478173885949426003e+00 1.543458454075354425e+00 1.609843614380896959e+00 1.674160517859404118e+00 1.740992052628258513e+00 1.803621069709437919e+00 1.867229205602920494e+00 1.928243581696412967e+00 1.988561194485253480e+00 2.112131611592105163e+00
1.086020956422888845e-03 -1.115698541580211270e-02 -2.192340673965986753e-02 -3.163361022086949581e-02 -4.054956305876493416e-02 -4.879702734750811927e-02 -5.585480721005834509e-02 -6.213938880997724873e-02 -6.750596997561225665e-02 -7.157755635054610654e-02 -7.454644468555908510e-02 -7.645072089219526190e-02 -7.700613859018193286e-02 -7.628761836001488050e-02 -7.449592675081062598e-02 -7.132277477718967917e-02 -6.682815753801751857e-02 -6.044817725763876326e-02 -5.362030839499661028e-02 -4.536570584731737521e-02 -3.559577464637762867e-02 -2.529893176563228346e-02 -1.386434248360181656e-02 -1.649738633266326082e-03 1.179455996379926742e-02 2.561442927441136969e-02 3.986519646356644075e-02 5.471624084552184630e-02 6.999250434428314072e-02 1.090526362683628681e-01
1.168630844535336125e-02 1.346270254172424879e-02 1.947715900110432580e-02 2.695249877812901790e-02 3.542667969724201671e-02 4.434000100134757871e-02 5.477918664386140224e-02 6.552200539442479266e-02 7.734380608075540342e-02 9.050752259277160261e-02 1.047943971951749709e-01 1.197832214378581617e-01 1.365130484263433197e-01 1.545125894218624396e-01 1.735094221019370386e-01 1.942528586472888619e-01 2.160537734318987435e-01 2.412154218126462135e-01 2.658734249837539920e-01 2.929465414388799926e-01 3.219773435338357803e-01 3.516748195791474796e-01 3.834072540510399807e-01 4.159489785425477537e-01 4.512315503628199220e-01 4.864344166576368145e-01 5.229021337205210784e-01 5.602303199933637012e-01 5.985408755306991235e-01 6.949168440940340918e-01
1.760213495469693107e-03 -1.294904951578950206e-02 -2.689525727811290304e-02 -3.890760134128368186e-02 -4.841877021218236876e-02 -5.566660653309564444e-02 -5.903399639926509151e-02 -5.973043918925323437e-02 -5.726952236958623987e-02 -5.123093361546220137e-02 -4.164514765091203996e-02 -2.987230694633579223e-02 -1.554400373155227603e-02 5.783500081254222547e-04 1.855228486066429552e-02 3.721637838375209395e-02 5.624537412587399254e-02 7.605784912594107383e-02 9.427038449051497460e-02 1.111895003951075822e-01 1.263936291638899367e-01 1.388254866483161765e-01 1.485504692901452872e-01 1.553080997895643911e-01 1.587541724595755710e-01 1.587321864668403970e-01 1.555839404785248625e-01 1.483934089664200040e-01 1.374460749201146248e-01 8.442917885982091641e-02
2.224786326314509566e-02 5.700740591150535441e-02 8.968217543769554934e-02 1.217984166085158831e-01 1.528256452791565412e-01 1.820722417154174155e-01 2.104870127230540899e-01 2.367943338235884154e-01 2.620011674990427863e-01 2.849340242180293803e-01 3.062396057913733260e-01 3.247901579224286017e-01 3.413870957040256449e-01 3.558543797774091910e-01 3.671995346074488631e-01 3.764059381952116201e-01 3.830141105041593441e-01 3.871693938350841413e-01 3.892584753933813202e-01 3.886076618744986333e-01 3.869081431399238324e-01 3.830641300769037083e-01 3.780879580701906884e-01 3.718388064553708738e-01 3.647757587917617172e-01 3.561276241209502258e-01 3.475837365773322141e-01 3.377102406289276271e-01 3.278933093004423593e-01 2.984240557559679208e-01
8.754081398299126682e-04 -3.682685585863420055e-03 -1.132167467148834615e-02 -1.935061505856406489e-02 -2.797241936534018009e-02 -3.709084259111157522e-02 -4.668313095634882282e-02 -5.660104267302184383e-02 -6.693314592391329254e-02 -7.757290089042397085e-02 -8.849511041980800963e-02 -9.930266142126463469e-02 -1.099889246109221480e-01 -1.202016771744537083e-01 -1.302006002738716472e-01 -1.394344287437253582e-01 -1.475984687525316585e-01 -1.555030101931396680e-01 -1.621457539975318107e-01 -1.683542501353916532e-01 -1.731781300012406044e-01 -1.777061769748754516e-01 -1.814379607852783793e-01 -1.844009339573609019e-01 -1.871010345775542261e-01 -1.892867196283338771e-01 -1.914779117542054487e-01 -1.936208039826306238e-01 -1.958891618182315719e-01 -2.062327568694881097e-01
-3.379822873104383618e-02 -9.279988432950381227e-02 -1.579725489619424328e-01 -2.242155447068763241e-01 -2.914903021369780745e-01 -3.587050071689885655e-01 -4.279925228848674990e-01 -4.964660100099177464e-01 -5.665785115020753882e-01 -6.374549942416853909e-01 -7.094452738238611333e-01 -7.802402980753423423e-01 -8.523159969999116736e-01 -9.239104329150567008e-01 -9.949612551580349074e-01 -1.065849299958249397e+00 -1.134101535177101550e+00 -1.205533506874625793e+00 -1.271894798883514088e+00 -1.338865108417981231e+00 -1.404076353001039390e+00 -1.467340298262477249e+00 -1.530299934376862625e+00 -1.590362904569031288e+00 -1.652051534268184074e+00 -1.709357571112422480e+00 -1.767193633868874958e+00 -1.822779835231329137e+00 -1.877685182542773834e+00 -2.001854557357402253e+00
-1.124669424886137747e-02 1.363005327876275208e-03 -3.832404829115339945e-03 -1.590981784357081361e-02 -3.583115858623879546e-02 -6.259728658255814260e-02 -9.980983296910600489e-02 -1.437443658157324944e-01 -1.963559185181375510e-01 -2.581057634120180744e-01 -3.287918082171380485e-01 -4.039756242053303414e-01 -4.853252061935363626e-01 -5.696975334144374070e-01 -6.576393784985322677e-01 -7.460041680877218528e-01 -8.323452285046130106e-01 -9.230993365156960895e-01 -1.005907363331217885e+00 -1.087974443420344883e+00 -1.164444972576385240e+00 -1.236332365846328551e+00 -1.303331962092000973e+00 -1.363879030529191683e+00 -1.421739582795154666e+00 -1.472381865030552683e+00 -1.520065612936814858e+00 -1.562856057983273539e+00 -1.602187011556345020e+00 -1.690025848831912869e+00
5.471325325991011068e-02 1.358654993386910481e-01 2.191460400441903600e-01 3.019604158370034486e-01 3.833441110995500223e-01 4.615070601561465091e-01 5.386343332531438044e-01 6.115992117844715192e-01 6.829302984221017336e-01 7.505588480187779243e-01 8.155153471837799373e-01 8.754460337710940898e-01 9.328071443951222452e-01 9.865634391993223229e-01 1.035360225082169183e+00 1.081202850414635819e+00 1.122335463712767156e+00 1.161872828655397871e+00 1.196476414536238542e+00 1.228411162568285642e+00 1.258932744239792401e+00 1.286339416741448582e+00 1.313265449118778960e+00 1.337985826720556215e+00 1.363673580112237049e+00 1.385948772812388929e+00 1.409628148628303101e+00 1.431341661609821792e+00 1.453747380388775046e+00 1.498589269774035282e+00
1.486000503686957935e-04 -8.713997466139725145e-03 -1.872641133427247612e-02 -2.773224393649417058e-02 -3.555441143303412349e-02 -4.235299108711353122e-02 -4.722212801832564866e-02 -5.082371303954957148e-02 -5.302883724175732477e-02 -5.408488310211973654e-02 -5.371223499176977501e-02 -5.308877301925522818e-02 -5.243418294930863449e-02 -5.198443954357544194e-02 -5.220574210744472615e-02 -5.386374373654924386e-02 -5.677109615996671355e-02 -6.216684647099611494e-02 -6.907289864284155145e-02 -7.931819583477388302e-02 -9.185932051112800922e-02 -1.072215859754810235e-01 -1.258057359193575087e-01 -1.467523966768471966e-01 -1.713742058503522070e-01 -1.981136603960734766e-01 -2.271297359009735450e-01 -2.588673469597897459e-01 -2.926702560849459012e-01 -3.869999047486920585e-01
