7.238479376763901074e-02 1.014937695290996922e-01 1.571361913559317647e-01 1.705193064814345960e-01 2.188744733861080483e-01 2.684067037659906285e-01 3.012434191647913595e-01 3.403269058969140559e-01 4.110066085975847550e-01 3.951331142386544926e-01 4.585079962442590862e-01 5.047671611162625194e-01 5.625515034540357062e-01 5.770846100850208771e-01 6.051253120100581473e-01 6.289677690368813412e-01 6.616190736881810697e-01 6.470730905708096392e-01 6.948423585681055004e-01 7.024753950434979854e-01 6.976837681053800200e-01 6.924621998340524387e-01 6.883908381665961862e-01 6.633182151557350803e-01 6.662236574551019253e-01 6.398005428793903659e-01 6.229566228582602561e-01 6.138297207308919257e-01 5.937858751151685599e-01 5.476933230341368697e-01
5.245864655970128992e-02 8.608515006908772083e-02 1.339149491534644132e-01 1.461218874689917402e-01 1.816702515745100277e-01 2.185895952060307457e-01 2.455304734317395321e-01 2.665986735543005581e-01 3.166815537015478799e-01 3.036851090235145878e-01 3.319693923883518805e-01 3.582046006140350847e-01 3.792858369653262507e-01 3.775561418298997163e-01 3.874689840195074675e-01 3.912830751063737234e-01 4.037758389354966226e-01 3.922999668844731058e-01 4.083160864625916542e-01 4.134726682896610606e-01 3.995337021711566350e-01 3.927592179595777999e-01 3.857742394892827997e-01 3.616860808824919893e-01 3.620457224982429056e-01 3.428083593975552179e-01 3.305201682828647347e-01 3.261974233135705448e-01 3.105997623310690625e-01 2.742395767084480074e-01
-6.770067397705609169e-03 -2.246640161577036221e-02 -3.845697532343441555e-02 -6.219316220917307791e-02 -5.883188458270384447e-02 -6.935106441912117226e-02 -9.142745616953554255e-02 -7.965427315629494687e-02 -9.306971281730261336e-02 -8.847663417181636514e-02 -7.760254526002240139e-02 -8.957845809109400703e-02 -7.611429057699531375e-02 -6.866893792663217311e-02 -6.133152149986594026e-02 -3.539856078138953893e-02 -3.321917728526105340e-02 -2.931003416881620971e-02 3.002263351054596657e-03 5.186106995660397234e-03 9.675123991721186825e-03 2.895719890146773723e-02 3.290924953995782998e-02 7.886273016393065272e-02 7.950477144951088870e-02 9.190665358478933289e-02 1.159288195370608149e-01 1.359338396420317063e-01 1.500958148632715594e-01 2.067186629045672519e-01
1.165206310005023095e-02 1.864131120125745583e-02 2.563412444616256294e-02 1.522183297777935165e-02 2.680846107704817211e-02 3.044906695273724012e-02 2.607547130074513650e-02 3.490413387150802238e-02 3.984615244320951349e-02 3.769317475747892277e-02 4.358050403627561353e-02 3.974780323297729540e-02 4.373988274019791067e-02 4.274192561124706691e-02 4.545416372678303535e-02 5.681852134888630557e-02 5.865811988891744821e-02 5.792724806264185067e-02 7.603020102920401979e-02 8.156241659172498715e-02 7.622729658769163141e-02 8.707005602682303669e-02 8.770485305698837164e-02 1.118444652522135874e-01 1.144555705317951005e-01 1.182960227694459521e-01 1.340790570972632545e-01 1.467753842832799083e-01 1.530278598212576058e-01 1.774877814969261225e-01
2.015965264029138948e-02 3.942294066309771222e-02 5.540450947148979621e-02 5.513647612366096018e-02 6.798324129166330443e-02 7.976894305146307873e-02 8.367813064740226014e-02 9.115359029552251580e-02 1.054495277244148210e-01 1.002467639404312216e-01 1.071883493960734401e-01 1.117274348919096993e-01 1.159064526235669274e-01 1.116223520334212321e-01 1.117578195017369380e-01 1.125918484033053835e-01 1.087202579673136882e-01 1.021971136157581311e-01 1.059097882106510152e-01 1.080570079755118207e-01 1.040943512378586372e-01 9.463969697730603703e-02 8.754562305176660786e-02 6.346448279159487560e-02 6.843104213042046358e-02 4.696639513684375961e-02 3.606461465608489653e-02 2.779906879733653330e-02 4.289319761308769269e-03 -5.089380347883625672e-02
7.553518242209766864e-02 1.058977206535386545e-01 1.695343394488016686e-01 1.649877213798168207e-01 2.279139701509969584e-01 2.793083570716128339e-01 3.155726264709850515e-01 3.700192317221667748e-01 4.607038610736872153e-01 4.352908333141751740e-01 5.347428706038670487e-01 5.917630536483343695e-01 6.816725795448055347e-01 7.286641378863634166e-01 7.862419281120167636e-01 8.605112672953477704e-01 9.568550929705954555e-01 9.502885428652676492e-01 1.094041792633238197e+00 1.152553740080503042e+00 1.164308904697964664e+00 1.225310674703107505e+00 1.260480714105486344e+00 1.385939417766180348e+00 1.426220097842348711e+00 1.446786470702717597e+00 1.525235139566358811e+00 1.554319470178039175e+00 1.607029358455691614e+00 1.670620451570396181e+00
6.804343525132008907e-02 1.093764996457198269e-01 1.726058503985574699e-01 1.848287071282858629e-01 2.340248192113543180e-01 2.824507405245595959e-01 3.199656088263564402e-01 3.525229400996549023e-01 4.250189793328115195e-01 4.050681401207412713e-01 4.568402320711036357e-01 4.978764373760575235e-01 5.400224714764277900e-01 5.516283029663580084e-01 5.765020091480078657e-01 5.990001715430490759e-01 6.401082317818864720e-01 6.282468746233598189e-01 6.821967226985772292e-01 7.063559575483335795e-01 6.964832157986485806e-01 7.093550610763571518e-01 7.147876004625530744e-01 7.316200314937432170e-01 7.449314766708792224e-01 7.356722952823455675e-01 7.495977441362644544e-01 7.539782964266324994e-01 7.585436270903236355e-01 7.451159155164209791e-01
3.621434092993288181e-03 9.355663936209967363e-03 1.793068415054765996e-02 4.913661292179700296e-03 1.898246254867605801e-02 2.186872499075636495e-02 1.799062869919394042e-02 2.698786739316442335e-02 3.244036305250262708e-02 3.042146680483097734e-02 3.349535820436647104e-02 2.703620835353676491e-02 2.681622035507216784e-02 2.565163405673820743e-02 2.840829427737230628e-02 4.285655641039389646e-02 4.868536977459464454e-02 5.036772493078818524e-02 7.384906899898271981e-02 8.299671131066574392e-02 7.322129934680604579e-02 9.630722680709384587e-02 1.014337321767393441e-01 1.540170726988005778e-01 1.551549337961900532e-01 1.746004203242354502e-01 2.069344963845756447e-01 2.331713111789213144e-01 2.592458618812536475e-01 3.316473932949047243e-01
9.573037959036643021e-03 7.719678346739804187e-03 9.376511513878731802e-03 -9.595028733920912128e-03 4.045457719017826748e-03 4.663716065961897445e-03 -4.701087530821228613e-03 1.095408458948221933e-02 1.606503532837641121e-02 1.405885399089481028e-02 3.341650478518530532e-02 3.117406352348803256e-02 4.978364735091764248e-02 6.023408610206384267e-02 7.302062810131682014e-02 1.026377591179328530e-01 1.203119884176516718e-01 1.227592072644419496e-01 1.697609688614298562e-01 1.846407864329753235e-01 1.863458529237558281e-01 2.150314596254427890e-01 2.254469008318053524e-01 2.901842247062663138e-01 2.990915908830015235e-01 3.165831846817034334e-01 3.553495822262649484e-01 3.794173934164091211e-01 4.048950255583086966e-01 4.690645020790275010e-01
1.800042418902124408e-02 3.137203083371189333e-02 4.332376094651940734e-02 3.808112238185888676e-02 5.099075730865169215e-02 5.967761083627152324e-02 5.983962804095929733e-02 6.945683742024170992e-02 8.088765450400439705e-02 7.668206969236948667e-02 8.667784629297409227e-02 8.916049131967029862e-02 9.712885177709394691e-02 9.646607539624346694e-02 9.979188472963920753e-02 1.079969306105253157e-01 1.093602706754968901e-01 1.052852286745396826e-01 1.198944666070946297e-01 1.248737863635196038e-01 1.221475785422334870e-01 1.225022740887532213e-01 1.198216744652048360e-01 1.186436755755064937e-01 1.241773626337240866e-01 1.131865295724366338e-01 1.150245580225789516e-01 1.153788674507257306e-01 1.047163535230083153e-01 8.220179618791824405e-02
3.491766342867305001e-02 7.568517481926315127e-02 1.263803090758835179e-01 1.296709659323635744e-01 1.653266264031212907e-01 1.945357566599213994e-01 2.218438942956239557e-01 2.347915720156660280e-01 2.807850375526040887e-01 2.647933876252700491e-01 2.761023565449678974e-01 2.895495213830407422e-01 2.887266942788534463e-01 2.857608506655721636e-01 2.928043403420438340e-01 3.022518751086398225e-01 3.296854335485213672e-01 3.258721368192096790e-01 3.597194875814694326e-01 3.889686998663774431e-01 3.673830808242543045e-01 3.990524899114061830e-01 4.105836097763415071e-01 4.767667276817184607e-01 4.892076681346159139e-01 5.112045167645041799e-01 5.589768957565803831e-01 5.879169215842511287e-01 6.268708043060590152e-01 6.925607805703039022e-01
-3.386035120121038550e-02 -6.113211324926243195e-02 -1.087774367307199619e-01 -1.480169967970078326e-01 -1.667748389213311311e-01 -2.028597786505723644e-01 -2.478146378950614737e-01 -2.477372837135384809e-01 -2.937522229536680407e-01 -2.838468957607757082e-01 -2.866540854482857448e-01 -3.175863412319801515e-01 -3.133255819030135170e-01 -3.009339003259214329e-01 -2.976183394785354985e-01 -2.661461942351912580e-01 -2.680412662152804049e-01 -2.586250491820441533e-01 -2.209914306686934782e-01 -2.102109658626830913e-01 -1.886874487110732357e-01 -1.643248081527532711e-01 -1.526708783310943840e-01 -8.970861546720053370e-02 -7.230678291446922257e-02 -6.178730522478203396e-02 -2.332535202496126281e-02 -7.836238368667473864e-03 2.281174116140382430e-03 2.927152737561785484e-02
3.715756599891509304e-02 5.296921142818044465e-02 8.027967957917317432e-02 8.000583241714759319e-02 1.087862393416454687e-01 1.345784508237757304e-01 1.462010891864252149e-01 1.731148563873899093e-01 2.114142145037419818e-01 2.021466942013679935e-01 2.454587860533004595e-01 2.708913549836370893e-01 3.117059713876169647e-01 3.250151149455902666e-01 3.452418545289561158e-01 3.702177698687172946e-01 3.922812042596950377e-01 3.835428167424647095e-01 4.273196180544825973e-01 4.364673907385613894e-01 4.399790258660419839e-01 4.414095106719168049e-01 4.403946906712633558e-01 4.366887413873457024e-01 4.450201484994454892e-01 4.256260573321198892e-01 4.226127494598617140e-01 4.180320701250690441e-01 4.031052305169101069e-01 3.653199719800180878e-01
5.203436161748229913e-03 -7.600809065487983129e-03 -1.897361457975646135e-02 -4.316881671379595858e-02 -3.490467665713643114e-02 -3.997454654915352790e-02 -5.872049036229168295e-02 -3.954598026279048523e-02 -4.195057204977859638e-02 -4.111343774205974272e-02 -1.198064368995945157e-02 -1.311869024996656537e-02 1.903746325220081678e-02 3.730403720325083800e-02 5.522656346478883871e-02 9.342128797806373286e-02 1.114914668593258718e-01 1.137108968497952677e-01 1.694812209731729191e-01 1.813897280979068771e-01 1.951241542320782396e-01 2.182452531777020477e-01 2.276570246193161673e-01 2.802845991132207337e-01 2.917768256525989368e-01 2.983067533290198470e-01 3.276058961886317289e-01 3.424180922525099091e-01 3.536567317651443942e-01 3.868398841833442514e-01
-6.923333636556078946e-03 -2.073052523082298537e-02 -3.744171612786433012e-02 -5.962155320710397360e-02 -5.941828925671414213e-02 -7.214072099914503600e-02 -9.462853658625119957e-02 -8.829664555486818611e-02 -1.070162411316201156e-01 -1.014158614060166053e-01 -1.017345101119368211e-01 -1.193516048204753544e-01 -1.175784258868826926e-01 -1.171800987390700655e-01 -1.164712518681789016e-01 -9.996616333157304357e-02 -1.069869461333667199e-01 -1.027576923658230085e-01 -8.573677489338964175e-02 -8.777218598058264543e-02 -8.824704383232216676e-02 -7.350020844535537501e-02 -7.294407822357706905e-02 -3.653958311648883295e-02 -3.989510355977914091e-02 -2.755553538949677764e-02 -8.438444809087003798e-03 1.098352530781898130e-02 2.273927468647609501e-02 7.900190451774591338e-02
4.380712867861665666e-02 6.714527342319953629e-02 1.034809665612710233e-01 1.003099369554424358e-01 1.344189002365816787e-01 1.618458341530109590e-01 1.786930639298780488e-01 2.052712807206878431e-01 2.499708700094121494e-01 2.365849357705094302e-01 2.787708666663081813e-01 3.027401376775323283e-01 3.393277540636094325e-01 3.545111051178206352e-01 3.775473280916344931e-01 4.085383731170980637e-01 4.461282316366599887e-01 4.408407181417463017e-01 5.022241572315484515e-01 5.281229181363960024e-01 5.270735376285793361e-01 5.516004639525790010e-01 5.630166919991492769e-01 6.115365694492113091e-01 6.287640028877933274e-01 6.323169455251616000e-01 6.647035932831100169e-01 6.782403217171895093e-01 6.949890534101206274e-01 7.138597184014328079e-01
-1.411859813016705552e-02 -3.369559683748145351e-02 -6.370330629043449711e-02 -8.243178093431027809e-02 -9.661063098813553462e-02 -1.195930831072477690e-01 -1.507549248645292106e-01 -1.588913522760648789e-01 -2.013893065698481588e-01 -1.883150860221288192e-01 -2.180971303092653080e-01 -2.527860549302077819e-01 -2.788768552023999092e-01 -2.980602692249616492e-01 -3.170997574940189745e-01 -3.288101658551637607e-01 -3.733165143095845684e-01 -3.695926980991863231e-01 -4.057240566886901600e-01 -4.332869467862336399e-01 -4.423788959018787326e-01 -4.556111176702249965e-01 -4.731278155798274709e-01 -4.968817481252018053e-01 -5.188289599568282062e-01 -5.211593596239360027e-01 -5.399951607036886925e-01 -5.336888353659052786e-01 -5.499120130098538173e-01 -5.278064674609610485e-01
2.085558090931936490e-02 3.732272419057643120e-02 5.442412360470654659e-02 5.380800559306600506e-02 6.826606941230833892e-02 8.014623616769482595e-02 8.427282387718545986e-02 9.163603092896052682e-02 1.047655324710815294e-01 1.008405502473348619e-01 1.038542325902028496e-01 1.053910606668567312e-01 1.051576950968331203e-01 9.735333254700152816e-02 9.546264935479077673e-02 9.405521160947688530e-02 8.708339069887360839e-02 8.188969868966314292e-02 8.087283022768865237e-02 7.894563620630844214e-02 6.875749471309691718e-02 6.261872917089171542e-02 5.464631972615061062e-02 3.863739149530114048e-02 3.640777397462992282e-02 2.443481226621172994e-02 1.669370772795944827e-02 1.670041253290070749e-02 2.967650138891745823e-03 -1.653564589520589365e-02
-2.542751742573995735e-02 -3.707697803098135292e-02 -6.569150919997265858e-02 -7.713631145825400326e-02 -9.455968681267332143e-02 -1.151934731425785924e-01 -1.431620262548765898e-01 -1.557412344776931690e-01 -1.967770780794722008e-01 -1.840124842111106884e-01 -2.191280393443104380e-01 -2.505858859583500187e-01 -2.823554093803821163e-01 -3.056067079488191673e-01 -3.303244297720353551e-01 -3.527246899370191091e-01 -4.077110020730835838e-01 -4.087604225009834891e-01 -4.630766611145299416e-01 -4.963667610071328395e-01 -5.027642197991351036e-01 -5.359074155484648827e-01 -5.614664180864642473e-01 -6.301201165059481246e-01 -6.506783336431875009e-01 -6.769732352617604532e-01 -7.217091549516092552e-01 -7.341101638080322900e-01 -7.790846989484401242e-01 -8.325215467032862637e-01
7.095685461794701276e-02 1.089882483462763507e-01 1.672181390393916445e-01 1.906941227197773425e-01 2.340176040669079138e-01 2.853388214933373912e-01 3.220388794826990475e-01 3.519437447045657974e-01 4.198849835534605446e-01 4.047382061551501597e-01 4.516313087980842744e-01 4.956837528915636337e-01 5.357793268448443058e-01 5.369910751503822466e-01 5.521231238552855025e-01 5.529182092174597107e-01 5.630039306599469162e-01 5.435500529705257211e-01 5.531933016224683808e-01 5.469783866635319347e-01 5.369508630650207115e-01 5.050021178466492788e-01 4.864185406328997985e-01 4.005953633143837789e-01 3.956459748809633137e-01 3.453121661198074732e-01 2.926146271693554901e-01 2.643178282249755151e-01 2.121121376174412987e-01 9.543649686033241208e-02
8.898794622518599318e-02 1.217663752615739670e-01 1.960183338735275171e-01 1.977683102500193968e-01 2.685704529832204646e-01 3.294929984332310990e-01 3.735573911190058216e-01 4.327552010835081786e-01 5.346435324878553441e-01 5.080591853698621652e-01 6.129162535544437906e-01 6.767492394289251756e-01 7.707474399625133810e-01 8.150264503373678693e-01 8.735133167634578921e-01 9.442903087104423943e-01 1.038978419722761615e+00 1.030030076648934090e+00 1.167884897442612813e+00 1.219450511396598769e+00 1.224096047689729128e+00 1.279756484088296897e+00 1.309570549593851219e+00 1.420195239829056710e+00 1.451074435641323213e+00 1.469904826926732300e+00 1.536800324729485023e+00 1.565563558170884662e+00 1.615882955238463259e+00 1.687357446779619963e+00
1.150712288595237207e-02 2.336400117207639709e-02 3.405887105791011865e-02 3.328985241610618595e-02 4.109293073822622294e-02 4.591380690799224534e-02 4.522632231837056538e-02 4.327931449297466038e-02 4.175174788642242035e-02 4.258361552735470679e-02 2.363521769704200054e-02 1.146276500511593868e-02 -1.112131320318614225e-02 -3.219205371299554974e-02 -4.681152643919193196e-02 -6.368052789572918593e-02 -9.083339831304722278e-02 -9.395972757145770737e-02 -1.239293015819287191e-01 -1.388594512997751718e-01 -1.595553973127527558e-01 -1.714149767442917360e-01 -1.866323182028352401e-01 -2.125303673592595088e-01 -2.283939393330838841e-01 -2.336925983386017314e-01 -2.489615884018054059e-01 -2.435489274980620344e-01 -2.551566948034376114e-01 -2.470789174542117050e-01
1.410671987685602757e-01 2.035845966953216679e-01 3.295215478664300091e-01 3.488195995302008079e-01 4.566294066471781044e-01 5.562509706292081413e-01 6.404131505824137705e-01 7.213564659072141394e-01 8.861467582812934118e-01 8.431178910589488540e-01 9.910475582032908237e-01 1.091679526344565110e+00 1.219769736568374618e+00 1.279554577300279217e+00 1.360316731850752525e+00 1.446311910138248891e+00 1.587807986613631428e+00 1.573261590374820607e+00 1.755943745645385468e+00 1.834853376761029775e+00 1.834273316451942026e+00 1.907514266447595030e+00 1.953544668289054709e+00 2.095129403715910499e+00 2.142062403869985143e+00 2.167068886207264011e+00 2.257326713101512450e+00 2.291851038034748544e+00 2.363720900486868892e+00 2.444074554596582072e+00
8.760619551018467011e-02 1.308918655846513235e-01 2.103821382676816509e-01 2.164803153997478247e-01 2.846594982676605712e-01 3.448009719544571916e-01 3.926279531777356890e-01 4.424393643421081768e-01 5.412429723837076656e-01 5.137527507984980257e-01 5.991010904095903644e-01 6.557619960985793250e-01 7.281839723104508444e-01 7.608677680062188031e-01 8.085897343393082526e-01 8.634869042720667576e-01 9.481425364431941283e-01 9.394106019965844379e-01 1.055053759035338823e+00 1.106754429546335405e+00 1.101796234325984836e+00 1.153953289903416168e+00 1.181707821587651530e+00 1.284428045796723872e+00 1.313770440467403766e+00 1.334231560118904980e+00 1.400324758356242816e+00 1.429661574453459316e+00 1.480593233019299904e+00 1.549508546851360080e+00
-9.445380575136464243e-03 -1.655658713572041862e-02 -3.345319358708813418e-02 -4.850491683029359985e-02 -5.432581564962429832e-02 -6.755628331334820325e-02 -8.867938353775997595e-02 -9.093853015683689422e-02 -1.149438696236069479e-01 -1.083197338127892401e-01 -1.235172795389490596e-01 -1.447369136467175077e-01 -1.580573557782661842e-01 -1.684981132005118065e-01 -1.787919692972344821e-01 -1.808430085754770544e-01 -2.065281602555777696e-01 -2.055453458276017276e-01 -2.192872281509988808e-01 -2.318515782073769516e-01 -2.356328957733216933e-01 -2.423201847444417523e-01 -2.525326901507658484e-01 -2.639096813880160153e-01 -2.718195444575097763e-01 -2.783345919799605772e-01 -2.863943622858661220e-01 -2.829085639606191416e-01 -2.973014070738458914e-01 -2.986726203174546734e-01
5.786450083640835851e-02 9.159575292739760566e-02 1.408781624470290261e-01 1.483750709545918200e-01 1.888480393774006338e-01 2.285467734853186828e-01 2.562116946496362790e-01 2.864007616579266613e-01 3.464836825767142470e-01 3.296034168556992716e-01 3.800767191826996405e-01 4.166146397374276278e-01 4.603170678479001632e-01 4.744033103677012808e-01 4.986661720607307724e-01 5.232454447130406860e-01 5.592824341744848660e-01 5.479646186700284360e-01 6.011458712193912257e-01 6.225977645574141128e-01 6.212420222928394242e-01 6.286178543271739860e-01 6.324065619229036761e-01 6.385220616836217999e-01 6.544624172150517172e-01 6.366821849832440261e-01 6.436767092387608580e-01 6.403930469868270858e-01 6.328854877505483145e-01 5.912918605503332259e-01
-2.517310665874453179e-02 -4.151396865377822432e-02 -7.373648429921358938e-02 -9.179173294611223111e-02 -1.090674792551559608e-01 -1.338149169841071073e-01 -1.656903863884677253e-01 -1.764922324544695997e-01 -2.205076455396805246e-01 -2.077110945847904788e-01 -2.400504160653215424e-01 -2.746334514424791928e-01 -3.032290908799637474e-01 -3.218213318597956119e-01 -3.423963216864557291e-01 -3.552020713343144731e-01 -4.007797994008847065e-01 -3.981633303072908414e-01 -4.360552188870833179e-01 -4.613614306847113600e-01 -4.665009020208903401e-01 -4.836152251210271147e-01 -5.011996572852152054e-01 -5.330517058917906281e-01 -5.496742608771978400e-01 -5.599616523946346902e-01 -5.821702951666566372e-01 -5.820792341804742476e-01 -6.067029156035866899e-01 -6.152894183447321641e-01
-3.232488565698360058e-03 -1.973726947693620060e-02 -4.743439709844547020e-02 -5.863540486996329792e-02 -7.164011524100985517e-02 -8.627915756988169260e-02 -1.137338055405536785e-01 -1.155807701338183863e-01 -1.474508227587735254e-01 -1.361543710700430787e-01 -1.484759460261160513e-01 -1.671176940224078644e-01 -1.737881189912856006e-01 -1.868975536629618739e-01 -2.005343635915949885e-01 -2.133654068931401249e-01 -2.606306296548226986e-01 -2.651721247192040387e-01 -3.046801005003821894e-01 -3.403449019711775048e-01 -3.368018381826311525e-01 -3.776573986662808968e-01 -4.061549703247706589e-01 -4.962914762591523199e-01 -5.166513443797352556e-01 -5.578564335402511620e-01 -6.182708306630659845e-01 -6.428114974070133769e-01 -7.049396616655873027e-01 -7.948147155187461621e-01
2.374235028257647845e-02 5.587795337035604548e-02 7.728687133217634897e-02 8.402603562686385141e-02 9.279927156157193047e-02 1.049436648850599202e-01 1.138773120795625315e-01 1.104228642988978604e-01 1.226868066970707161e-01 1.158000721956710388e-01 1.040928312535654987e-01 1.033801965598248468e-01 8.612166719378515356e-02 6.978626835618989555e-02 5.831621816327409863e-02 4.032670235910680578e-02 2.357722967073271059e-02 1.515029695474772765e-02 -7.250366473151768909e-03 -6.905742470963441293e-03 -1.774262984107167346e-02 -3.840815980953628250e-02 -5.112893339383985103e-02 -1.001773959819984294e-01 -9.514087656779290914e-02 -1.252933208981487079e-01 -1.468854700638848598e-01 -1.633505178225757581e-01 -1.987021491268511353e-01 -2.896220503304870464e-01
4.445515056765157041e-02 7.094222202383733411e-02 1.100475408837870706e-01 1.095481404543354603e-01 1.442299735022433693e-01 1.736132171315361294e-01 1.928207057095249199e-01 2.185082891212546674e-01 2.652122594505776920e-01 2.512699546871639544e-01 2.916940894348040159e-01 3.167382016671391187e-01 3.510583827966597958e-01 3.641330051793304490e-01 3.854973066558594619e-01 4.127820980277383534e-01 4.479676900557519326e-01 4.415639315921310315e-01 4.975091736886710914e-01 5.219962680633727370e-01 5.194209147436192886e-01 5.398734512301004429e-01 5.492266723279386476e-01 5.881425533124700067e-01 6.045074267724284134e-01 6.042090522644716355e-01 6.312227339746109278e-01 6.417229299879124715e-01 6.537781349455908941e-01 6.611385796140373250e-01
-2.447393270701177237e-02 -3.748627567005904937e-02 -6.786450339316185687e-02 -8.247038002875745066e-02 -1.005335489521907849e-01 -1.237494036528799385e-01 -1.536374371397595806e-01 -1.666017031400756632e-01 -2.100369258955618323e-01 -1.973802047472545396e-01 -2.332385951027635962e-01 -2.673772800788991044e-01 -2.998702570549812707e-01 -3.218836874492594369e-01 -3.456301489705534968e-01 -3.647562695041949299e-01 -4.159694186693405626e-01 -4.150315871250003230e-01 -4.630099760828538247e-01 -4.919809115652436504e-01 -4.983815241166296706e-01 -5.236329496565380603e-01 -5.452202625477735598e-01 -5.955588970044274344e-01 -6.137751577528942626e-01 -6.317656992414371064e-01 -6.646678450803260585e-01 -6.708899994992865157e-01 -7.055694265879032256e-01 -7.371013521738758456e-01
-4.961633243303485707e-02 -8.060706046874044350e-02 -1.351874287186453083e-01 -1.651521018108850769e-01 -1.959421038749843136e-01 -2.397086701743235682e-01 -2.885248929824886233e-01 -3.079774409513070799e-01 -3.784889437543650925e-01 -3.588977700874304566e-01 -4.084824883471964707e-01 -4.625047372451916439e-01 -5.061750294758913249e-01 -5.274703109310387994e-01 -5.549510143722136135e-01 -5.673771151372305477e-01 -6.224967049850309575e-01 -6.133143504029399118e-01 -6.568846475549041664e-01 -6.838013081009880478e-01 -6.877312782520816903e-01 -6.954230757539127117e-01 -7.095862689890255481e-01 -7.156340051906247002e-01 -7.338644662935391860e-01 -7.289920735475154956e-01 -7.363534516343891445e-01 -7.248466101304169573e-01 -7.351140609303266071e-01 -7.019458959770356055e-01
4.087383252359563096e-02 7.626585096539417741e-02 1.222386776899617999e-01 1.388639789590044582e-01 1.680484256515920594e-01 2.007137743181708900e-01 2.268669482820315775e-01 2.360958725706244210e-01 2.743706659583707852e-01 2.652120251022862529e-01 2.668890840087174698e-01 2.805573471228731686e-01 2.739331218727206196e-01 2.551535087616917941e-01 2.487156610213323016e-01 2.301768185990862581e-01 2.184761794586343731e-01 2.073705058745539120e-01 1.845136483867864940e-01 1.753815846783436383e-01 1.485550155485942936e-01 1.290201506302968704e-01 1.125536444364832883e-01 6.262568845240785997e-02 4.971284926309751939e-02 3.049143055752620221e-02 2.763521382556678729e-03 -1.644376163811061414e-03 -2.323171739111676987e-02 -5.452192092953735136e-02
5.467200419160186259e-02 8.129915270197590749e-02 1.298792590084649756e-01 1.255929315590876560e-01 1.715444082399998349e-01 2.074861697413491468e-01 2.324436403386084815e-01 2.678996700521944496e-01 3.291292385154606648e-01 3.113007960159718257e-01 3.693879765029586815e-01 4.023498363575357395e-01 4.522943340379856347e-01 4.762787112653172339e-01 5.100001032657744959e-01 5.553094688123607625e-01 6.143464770389716056e-01 6.101530814745157461e-01 7.000373185719950264e-01 7.390131542758475724e-01 7.372059421136577528e-01 7.815485327308741015e-01 8.033457426923323874e-01 8.947657934815603786e-01 9.178883498969288013e-01 9.379252604234040724e-01 9.961571656977340483e-01 1.023955233360569261e+00 1.066112973338428693e+00 1.133099907890399383e+00
3.555889874814816692e-02 5.601962356729947579e-02 8.532382587364312210e-02 8.285038032601732549e-02 1.098291307908476760e-01 1.313005363708839579e-01 1.433186888776845913e-01 1.626811275383505673e-01 1.953369396598546026e-01 1.855671497523779800e-01 2.124325942917778542e-01 2.274538873279474960e-01 2.495300390276242730e-01 2.556667451160380966e-01 2.691734021993484882e-01 2.879862479625991400e-01 3.088399839916754486e-01 3.039064228798922240e-01 3.418314165370018309e-01 3.572515680755748990e-01 3.517977179433001700e-01 3.660780177848204642e-01 3.704114830524941615e-01 3.975276493248870446e-01 4.066421135666367648e-01 4.064430666479685872e-01 4.253225829792639523e-01 4.355243998248874426e-01 4.431920725922419146e-01 4.546362918193702640e-01
-4.810100447340730223e-02 -7.100708404597852463e-02 -1.240460061254152202e-01 -1.425379740092901915e-01 -1.789105388043250588e-01 -2.192827918673832810e-01 -2.643909672380000964e-01 -2.913458017854011484e-01 -3.634604290666293425e-01 -3.429449750413708364e-01 -4.033967278492880393e-01 -4.560339181385034135e-01 -5.106896119275506907e-01 -5.431042851820413464e-01 -5.816613100379921519e-01 -6.164534362122331412e-01 -6.951340162972197145e-01 -6.926623229866583076e-01 -7.742642333240481456e-01 -8.181056859556240513e-01 -8.227663952379351553e-01 -8.652878471849516639e-01 -8.967140142282690185e-01 -9.817335712717834006e-01 -1.006628396428528971e+00 -1.036593253990870434e+00 -1.091223547267415439e+00 -1.108175008336909739e+00 -1.164115682542542496e+00 -1.233045006989397674e+00
1.893776101530655204e-03 -9.327792118425250190e-03 -2.476232935628117429e-02 -4.603644316482513599e-02 -4.714395393661089534e-02 -6.061507923335712755e-02 -8.238555996298529971e-02 -7.956426882632751385e-02 -1.006434586161716466e-01 -9.531347723320221510e-02 -1.022099500435913189e-01 -1.235390308367097650e-01 -1.289230475422955824e-01 -1.331052893019230576e-01 -1.360059468336919652e-01 -1.255428545960721731e-01 -1.364275807363785065e-01 -1.315184284551521310e-01 -1.224486467669375633e-01 -1.250496239457940251e-01 -1.295202047188457606e-01 -1.155966699637410167e-01 -1.157745148553576964e-01 -8.131514010978754814e-02 -8.595863599397791932e-02 -7.136609862695730833e-02 -5.181833946408488656e-02 -3.178805397407149375e-02 -1.882430876925256930e-02 4.212513070336768028e-02
-5.608486563895497684e-02 -8.080951139198222499e-02 -1.386789196243208289e-01 -1.565326924502152828e-01 -2.002217552506911358e-01 -2.478923607032199605e-01 -2.963738386019845183e-01 -3.358421626286787753e-01 -4.236741329607685569e-01 -3.986929215654463343e-01 -4.862928412113528553e-01 -5.554034432836908453e-01 -6.388115557649811649e-01 -6.875145349840201536e-01 -7.416395771259391978e-01 -7.958219340293677391e-01 -8.967003981885670605e-01 -8.916389438345642127e-01 -1.006857114264209985e+00 -1.063175842421143047e+00 -1.080912103356645115e+00 -1.128612320974672123e+00 -1.167120880510252201e+00 -1.259772298619391773e+00 -1.297703867959371316e+00 -1.318742711254063060e+00 -1.378273653085824169e+00 -1.388716165001090630e+00 -1.440093150425458157e+00 -1.477730584543804015e+00
2.643364050879323801e-04 -6.638165144730199738e-03 -1.643552317703285068e-02 -3.487311436249784791e-02 -3.146608223378868918e-02 -3.881992083264470400e-02 -5.585159733247119923e-02 -4.803309729625574592e-02 -5.866879215348133614e-02 -5.590692000956540286e-02 -5.159319338876168504e-02 -6.323882879083773945e-02 -5.766193686035104432e-02 -5.596836988559953513e-02 -5.328899393622577724e-02 -3.702651771260476177e-02 -3.994900651327677743e-02 -3.791081347390835854e-02 -1.810244717057828828e-02 -1.690529685070801813e-02 -1.623290566491591980e-02 -4.381393092740405552e-03 -3.800635095362882646e-03 2.473333705636351909e-02 2.545655948764338414e-02 3.115803714786421000e-02 4.711077814675829201e-02 6.102784159409457843e-02 6.670830763520395335e-02 9.957323525951475296e-02
-6.609421133086030783e-03 -2.170012232859720031e-03 -1.162423945196021206e-02 -1.991895083436141106e-02 -2.619869973427008808e-02 -3.603066737289692401e-02 -5.073666793760329974e-02 -5.912308882763457618e-02 -8.010327949598855524e-02 -7.558967941046336458e-02 -1.010865723149794865e-01 -1.227117997224427964e-01 -1.483983051819102172e-01 -1.664914971463278826e-01 -1.837284072464965834e-01 -1.984604640335682069e-01 -2.310463168685369661e-01 -2.322302667228849649e-01 -2.627461024523361499e-01 -2.759162716333249943e-01 -2.847287889504809266e-01 -3.003434194356905396e-01 -3.141264963218112216e-01 -3.457809787560297554e-01 -3.527055591684631342e-01 -3.670959030640384979e-01 -3.839532498927078485e-01 -3.875934105547129693e-01 -4.116977460086679863e-01 -4.430209336310248491e-01
1.133245295989612211e-01 1.682500977800215902e-01 2.726821464501830716e-01 2.840985812110199404e-01 3.720949530674068084e-01 4.507812114311298135e-01 5.170922719974428983e-01 5.798870573390800809e-01 7.101709386170534932e-01 6.745005186595364188e-01 7.846939593985191586e-01 8.594757771372736332e-01 9.520347114250853338e-01 9.953483574463342087e-01 1.057235932215500274e+00 1.125806802161886555e+00 1.238917124293660521e+00 1.228844225219543063e+00 1.376424267951569913e+00 1.444718702425651369e+00 1.437618625952310492e+00 1.506948463438035901e+00 1.546043963618658701e+00 1.683148591802418714e+00 1.721046241428766166e+00 1.752757062637016361e+00 1.840968919948759552e+00 1.880116270430070458e+00 1.952671488110099940e+00 2.051953695764831220e+00
-1.885246875088911200e-03 -8.410759100517665662e-03 -1.852902307401561866e-02 -3.735328007261925348e-02 -3.460914007954141169e-02 -4.303917680749282798e-02 -6.035957414113249375e-02 -5.400578002028697672e-02 -6.614889573470769668e-02 -6.318899157108709419e-02 -6.204689690928674034e-02 -7.569124504352710281e-02 -7.358363990618799200e-02 -7.321035915741785916e-02 -7.196996809826804176e-02 -5.692807142156048467e-02 -6.074981844187324342e-02 -5.807743180674543315e-02 -4.001897391484264543e-02 -3.832550129910012454e-02 -3.905207048547327392e-02 -2.561344068214692696e-02 -2.443054219920397230e-02 8.146294221467544061e-03 8.733972412218505427e-03 1.719312842688148352e-02 3.598922863975080599e-02 5.206224284717105022e-02 6.086755035365069844e-02 1.009134833844252677e-01
2.206971890786814383e-02 2.552037205253204072e-02 3.956597429776692598e-02 2.382208832969774995e-02 4.659971184635328112e-02 5.605235744823001270e-02 5.530809197453595560e-02 7.597613038441884681e-02 9.450353705725070275e-02 8.921370884327012307e-02 1.161685698590781413e-01 1.208988009678232389e-01 1.449169075211042546e-01 1.568319172624497437e-01 1.738858861980372705e-01 2.064910314952917991e-01 2.331443350725546093e-01 2.349303329608517510e-01 2.905217963092048272e-01 3.095322824655579730e-01 3.065227953800193639e-01 3.418845460784387669e-01 3.550027377580959320e-01 4.326968471102683456e-01 4.410016056548979879e-01 4.655470595422008251e-01 5.120392293929109107e-01 5.424105781737414977e-01 5.788812843367030503e-01 6.671196097267337866e-01
1.026187974354353730e-03 -3.853099933270617491e-03 -1.615100134664449599e-02 -3.476333449299934958e-02 -3.228104975585911751e-02 -3.775044822510408710e-02 -5.556411862486894393e-02 -4.266897465111777615e-02 -4.757187889473554754e-02 -4.734869832329637734e-02 -2.578152889681714632e-02 -2.665424600128372609e-02 -1.950026791895554876e-03 1.163253155666247457e-02 2.333526759547482204e-02 5.025066903343726465e-02 5.776055323777459782e-02 5.635219270836427236e-02 9.446667192678018243e-02 1.029660663973670787e-01 1.198806422087758533e-01 1.249322441065199990e-01 1.272398314783229345e-01 1.389414249643284027e-01 1.539654299570512308e-01 1.382479767940402726e-01 1.456159146246450153e-01 1.414700240781150975e-01 1.252959575678236348e-01 8.396183983525654093e-02
4.723278265978918949e-02 7.748088544284723045e-02 1.201617626904710467e-01 1.287501664143649860e-01 1.618852796951026074e-01 1.949053185602457328e-01 2.178535463234761438e-01 2.387474880770770191e-01 2.845195676571344867e-01 2.723153498030608244e-01 3.011610951177430828e-01 3.252193829599497321e-01 3.476273926984492779e-01 3.484954286445502980e-01 3.597041617713644945e-01 3.678136089778916151e-01 3.825255529921671727e-01 3.723776134394722881e-01 3.945054706851846005e-01 4.022021783244208448e-01 3.914954463376078553e-01 3.890756374348913749e-01 3.845963941345518222e-01 3.712048080771134795e-01 3.743212637252921193e-01 3.579971705461778564e-01 3.521338152676314337e-01 3.500173594451668202e-01 3.382030901240175580e-01 3.080390878018141598e-01
-4.312565321030858989e-03 -3.773399467321624304e-03 -1.337433433004207688e-02 -2.624962828445660118e-02 -2.872286373678640398e-02 -3.789571922151183797e-02 -5.361114902404313931e-02 -5.554435592271489419e-02 -7.225017038592301821e-02 -6.883036176897622260e-02 -8.208220129812351940e-02 -9.966949084121132230e-02 -1.125762082775631501e-01 -1.219778841592425445e-01 -1.307077239978321759e-01 -1.319012255714142323e-01 -1.509222254452543543e-01 -1.506149638170027893e-01 -1.585464743958411860e-01 -1.639953775872737829e-01 -1.683257586192495325e-01 -1.711632406514964622e-01 -1.780040139364874041e-01 -1.815400423098608718e-01 -1.836801977388331786e-01 -1.891531906605311564e-01 -1.899791143145118100e-01 -1.859378160235397592e-01 -1.965314964941208276e-01 -2.014155355837528583e-01
-8.414411343027172752e-02 -1.263955252167803800e-01 -2.181413096436496390e-01 -2.463399284709570924e-01 -3.124829520232134117e-01 -3.834174244227344097e-01 -4.550530558270947656e-01 -5.053886925212968118e-01 -6.271130873258194960e-01 -5.931858452823516314e-01 -6.954981355105211982e-01 -7.824127944868499718e-01 -8.757936202719931451e-01 -9.251347850893962832e-01 -9.876306866295126996e-01 -1.045738319860517018e+00 -1.167307749843232489e+00 -1.160004200257159557e+00 -1.292273979010936102e+00 -1.358518176669526012e+00 -1.362429729618534147e+00 -1.424204881987020777e+00 -1.469190188773549455e+00 -1.590096885097926016e+00 -1.627163770132097564e+00 -1.665614655937358357e+00 -1.744052041366354722e+00 -1.769562927958572285e+00 -1.846783360996992585e+00 -1.943520432358072592e+00
-3.841340494055862226e-02 -2.588965907150491547e-02 -4.945382808614959963e-02 -4.544637260783194327e-02 -8.068928742743887439e-02 -1.100134335228786231e-01 -1.308674827368218885e-01 -1.843691073018205728e-01 -2.503216322099283131e-01 -2.343839175209068981e-01 -3.468092901611345980e-01 -4.118842288680495400e-01 -5.295065507164939955e-01 -5.999411987289572368e-01 -6.708201230648329627e-01 -7.583654416868788051e-01 -8.702181893121603284e-01 -8.712311540437639445e-01 -1.025231226169420973e+00 -1.079815850259895571e+00 -1.119143081233006765e+00 -1.181452720827486758e+00 -1.226562771456219059e+00 -1.351871621744487939e+00 -1.389140289202327461e+00 -1.418143870039562326e+00 -1.488190233306752486e+00 -1.506471957405474349e+00 -1.566008604034957674e+00 -1.641565403898596953e+00
1.172391100355243965e-01 1.818743618964184794e-01 2.929024139828086959e-01 3.190835100035469551e-01 4.038594178949344027e-01 4.884244769870842440e-01 5.606409844595461323e-01 6.154154629495101059e-01 7.446959310693619383e-01 7.105701520191594067e-01 8.016407747604344936e-01 8.759890120810486236e-01 9.494865721519134549e-01 9.734727220738677023e-01 1.019354793448677299e+00 1.057714824297069756e+00 1.139333748992216400e+00 1.122532357398982050e+00 1.217593800591286302e+00 1.262117812517533633e+00 1.243106463374769710e+00 1.275794237271287823e+00 1.292794575548764424e+00 1.344780493547714340e+00 1.364709532215263144e+00 1.367503294796410973e+00 1.403429398765795311e+00 1.419838913699712712e+00 1.451525092319667642e+00 1.477791134909828052e+00
-5.517469987496928518e-04 -2.331151473263185642e-03 -1.376312801112428846e-02 -2.320506954043301956e-02 -2.510552749617414592e-02 -2.961085732020003747e-02 -4.535971760401288910e-02 -4.065051168084768407e-02 -5.136400967673664109e-02 -4.806101327334758727e-02 -4.487103841403521781e-02 -5.091210030155434579e-02 -4.502840685520285297e-02 -4.731600266753163003e-02 -4.980820507723018181e-02 -4.691478810523357079e-02 -6.602045803625261611e-02 -7.073227495178860402e-02 -7.545943201831631364e-02 -8.685947717937300694e-02 -8.005802057023719831e-02 -1.006074908809763135e-01 -1.142307376455330287e-01 -1.603327685631149024e-01 -1.611271269309444421e-01 -1.931913371511278510e-01 -2.220549092668235580e-01 -2.391431760624527503e-01 -2.809684128491851673e-01 -3.606316528662227294e-01
