3.556986177064105220e-02 8.074348091747733658e-02 1.172905503265304628e-01 1.532678484343619751e-01 1.891081065744814049e-01 2.316466467915769267e-01 2.860878055933635533e-01 3.202039207333407522e-01 3.687923059857358687e-01 4.048324276794108556e-01 4.544546288585300520e-01 4.989386304328123911e-01 5.306084839993130409e-01 5.641103283246754474e-01 5.986435822488379577e-01 6.198969006582215613e-01 6.367301327130929778e-01 6.563402936790707631e-01 6.665861117979494654e-01 6.649842247931351258e-01 6.643289649423655963e-01 6.631765929284001437e-01 6.526454727279982215e-01 6.421068942783251243e-01 6.159680544957570891e-01 5.983562625841496452e-01 5.771740019799995736e-01 5.550251338766674092e-01 5.401485941184915873e-01 4.914886220007789741e-01
2.594433956300880306e-02 7.007379633078902881e-02 1.056745342518664310e-01 1.397063407264280965e-01 1.697609936369876005e-01 2.001441729200164610e-01 2.430425504687321880e-01 2.653995556875891060e-01 2.897582854020440135e-01 3.133638103205385050e-01 3.352204212141048911e-01 3.554660634280309428e-01 3.704966247434919868e-01 3.793367459020402510e-01 3.894091000924759793e-01 3.954988147771728579e-01 3.955974670514003089e-01 3.971258618311810373e-01 3.928102203015844673e-01 3.863891397750200407e-01 3.775897964750717373e-01 3.715194832586701246e-01 3.608436717046649145e-01 3.510203088115073644e-01 3.326681123122914308e-01 3.205460814172708117e-01 3.068326535643178254e-01 2.921696234377992862e-01 2.832880068103474924e-01 2.496405445696453507e-01
-3.114118019444264696e-03 -2.268322853312211215e-02 -3.690170312549305442e-02 -5.237321055929704261e-02 -6.239506502287212736e-02 -7.135214606385718861e-02 -7.861718151773722241e-02 -8.379624173231320361e-02 -7.948466886427549283e-02 -8.414238280668012715e-02 -8.236123287266379489e-02 -7.646523397481873319e-02 -7.578279060571871395e-02 -6.735796260915552502e-02 -5.703675980704747683e-02 -5.001496997470717548e-02 -4.190432906405439084e-02 -2.894644448381773066e-02 -1.212960612608455536e-02 -3.414977831349983242e-03 1.109622667888654143e-02 2.453583699040208163e-02 3.811880042995866719e-02 5.375983252634312926e-02 7.413315060812872281e-02 9.086645501715120976e-02 1.053924418405789432e-01 1.255621923455941535e-01 1.431133428684422115e-01 2.064363188316716002e-01
7.786990935827763083e-03 1.257103352537676175e-02 1.546866966729880562e-02 1.681238859672656502e-02 1.818790711468646140e-02 1.858633592347090982e-02 2.257485532917310675e-02 2.195698785428648603e-02 2.483692042140939540e-02 2.459359595943231766e-02 2.358158016029984413e-02 2.550201462200549912e-02 2.576020616678019806e-02 2.681007033340956566e-02 3.054649374569413586e-02 3.272211223819168624e-02 3.456767657309714470e-02 4.005427025037559818e-02 4.754265260373191637e-02 5.357899536117007033e-02 6.146812436843837602e-02 6.919941345633420782e-02 7.837374616874015487e-02 8.925605365256436552e-02 1.043763398647543361e-01 1.162238087767292205e-01 1.256120481239065834e-01 1.397994150744435449e-01 1.519938167876175861e-01 1.814327117861631311e-01
2.588476815073533985e-03 2.170019392437014596e-02 3.264380743227571907e-02 4.310436290596542097e-02 5.327547932925554702e-02 6.182717180012874125e-02 7.440860165066046084e-02 7.987508673332179010e-02 8.805814853096120831e-02 9.206273249590719854e-02 9.702110207217846949e-02 1.006591463151547683e-01 1.034453327293707592e-01 1.041026939372204502e-01 1.047302709851740121e-01 1.048269117922503990e-01 1.003722524727393567e-01 1.006354281341097778e-01 9.464726749258461913e-02 9.043186052705889932e-02 8.349693023593425523e-02 7.753805556079686190e-02 6.861237477198302293e-02 6.111435687644516807e-02 4.783978534990457332e-02 3.479572603410067272e-02 2.154255661819877432e-02 3.751820280094698631e-03 -9.414277318124192329e-03 -6.840733313042914043e-02
3.117268283990179065e-02 7.492690346552206837e-02 1.099641662668688347e-01 1.445535855218708088e-01 1.778272317351067555e-01 2.235718087128984455e-01 2.805404210269946130e-01 3.191255328967924632e-01 3.817485332090236327e-01 4.288028911475537108e-01 4.958065615229681478e-01 5.682408439132147215e-01 6.182435784445203808e-01 6.841587213931530354e-01 7.725624558090677940e-01 8.254741581422379015e-01 8.924345018563895060e-01 9.689840127107101075e-01 1.044784920856044685e+00 1.107611759952923158e+00 1.181334564544524568e+00 1.237044349337905302e+00 1.292945171917667224e+00 1.357554541940526605e+00 1.424006218310772010e+00 1.465678851594349075e+00 1.504915810694861023e+00 1.561678248083358422e+00 1.601556471372664880e+00 1.684235432177271230e+00
2.382411797016096774e-02 8.073491717409744806e-02 1.254331490409410499e-01 1.697741323853333983e-01 2.079414192482563206e-01 2.501796366070141442e-01 3.055417909898900386e-01 3.375582814887125860e-01 3.765341592608681953e-01 4.115451971168799239e-01 4.490823879182574974e-01 4.861589803287794109e-01 5.137800672496064536e-01 5.389576604540078364e-01 5.723850384393920354e-01 5.924908387248339903e-01 6.117200607726352990e-01 6.350555235599752990e-01 6.522240746127619948e-01 6.662722363215551891e-01 6.797098781813284418e-01 6.908204224864982201e-01 6.986392805990434551e-01 7.103254422806839496e-01 7.147845715823293311e-01 7.154559712626453738e-01 7.155135539353922880e-01 7.190991756555726866e-01 7.222486053009209428e-01 7.117347354824292704e-01
3.256570652099066016e-03 4.774439710621535687e-03 8.846557506249306049e-03 1.081239096803626905e-02 1.307872988419677383e-02 1.469224415523861897e-02 2.097871799866413839e-02 2.139282883371614388e-02 2.416434820444200021e-02 2.592025593033303599e-02 2.416623815282386775e-02 2.735232481200244523e-02 2.656369439446161496e-02 2.754800706621109846e-02 3.131089063282960216e-02 3.366479359204687521e-02 3.702215077281502398e-02 4.189180734716826254e-02 5.433506940883028880e-02 6.116661649687976654e-02 7.331198174282525792e-02 8.694427859978225148e-02 1.035494584130525197e-01 1.208439085506389371e-01 1.478816365695726220e-01 1.760087530683367429e-01 1.971138983274360601e-01 2.301287564739462610e-01 2.604464034594913824e-01 3.590533063267837832e-01
1.616594691654565236e-02 1.049701308212069167e-02 5.285424015080796359e-03 -2.198527466007862974e-03 -5.660586299072940461e-03 -8.214252962031050320e-03 -9.455712366789546450e-03 -1.144505659987740502e-02 -3.543783650976014415e-03 -4.250813997467373442e-03 1.498687005630853705e-03 1.244078647034743690e-02 1.617282493662638293e-02 2.908483332421121781e-02 4.755372924671237567e-02 5.787706982903632197e-02 7.282961249651372093e-02 9.364578784331578643e-02 1.185208440522254186e-01 1.377218780102998918e-01 1.630990761181560500e-01 1.841428690535551749e-01 2.068907054374184429e-01 2.327392587782235456e-01 2.658846973489455423e-01 2.903659841281267529e-01 3.110234009891634233e-01 3.402463625043817830e-01 3.634841427993937835e-01 4.222920330084681817e-01
1.249689364856266215e-02 2.573655916019025602e-02 3.346281820591479050e-02 3.964072749544655938e-02 4.635178506260968084e-02 5.268980755410157535e-02 6.372869526243578331e-02 6.882572919776372422e-02 7.904564518485168723e-02 8.410155415613843055e-02 9.164617095517191281e-02 1.001634111346657446e-01 1.054156972459865949e-01 1.114333663309687028e-01 1.193775314860253123e-01 1.239080235402116037e-01 1.262379195658704656e-01 1.327457187594680288e-01 1.364372718813633978e-01 1.377224370250998420e-01 1.402147396022623282e-01 1.416228991448533203e-01 1.409438552608358042e-01 1.410556632583375991e-01 1.394474730025819509e-01 1.369273734105330709e-01 1.323144702308140241e-01 1.271514579726205907e-01 1.241727327318248864e-01 1.000366779334188327e-01
2.004676796119694154e-02 6.731523114187457080e-02 1.066779553126530056e-01 1.429123579041818859e-01 1.704450265880909643e-01 1.944408835020558501e-01 2.307835205001864121e-01 2.449118991269775281e-01 2.520928370475465918e-01 2.694470708616167332e-01 2.715425912470966763e-01 2.796150770838685129e-01 2.849666533460323281e-01 2.832579589477525195e-01 2.901378194300161528e-01 2.940628410914495339e-01 2.998423447995791635e-01 3.068791233735932433e-01 3.200780823263065789e-01 3.377414988000004836e-01 3.550337080135169132e-01 3.740473198045138892e-01 3.978475399376090182e-01 4.268828065964284657e-01 4.679095852841803627e-01 5.001609593833238332e-01 5.290710772943196805e-01 5.715378943803746115e-01 6.070914911921949653e-01 6.952466316807331959e-01
-1.313240514135384507e-02 -5.434107457663318874e-02 -9.520252627129663359e-02 -1.366215386707482216e-01 -1.682161142209912530e-01 -1.991020476784127469e-01 -2.391644656307661820e-01 -2.609521680877451288e-01 -2.683416053888960651e-01 -2.914733477479911627e-01 -3.002958470892043708e-01 -3.048516757277031086e-01 -3.116112933870295310e-01 -3.020439972214633007e-01 -2.882296262983525259e-01 -2.807896752037969401e-01 -2.659681359587323102e-01 -2.413577687909530256e-01 -2.139114395826400283e-01 -1.905977017975350740e-01 -1.601870364476910558e-01 -1.388555231128422163e-01 -1.139713284248201203e-01 -8.620415981786286319e-02 -5.162995086692814817e-02 -3.290110066636434127e-02 -1.542536712999062823e-02 3.625006688785840925e-03 1.717676441120203484e-02 2.939794553613671660e-02
1.509174080113229177e-02 3.754701708226754198e-02 5.371300338947598146e-02 6.992267788934028450e-02 8.645862972891672771e-02 1.070362932943481477e-01 1.356731563654718919e-01 1.534427002759050085e-01 1.832677556654958018e-01 2.032956672159761391e-01 2.330977252428667601e-01 2.625141817164664548e-01 2.836241547571939359e-01 3.074071305947899679e-01 3.373559916058613273e-01 3.542121311030134168e-01 3.691724754850734258e-01 3.902439791220977949e-01 4.047204977821289296e-01 4.119427276237224711e-01 4.220786956481168417e-01 4.274805966277749336e-01 4.279139326131924381e-01 4.302542698141578748e-01 4.240435391393728715e-01 4.162809229668598121e-01 4.087444540642197754e-01 4.001595166289897976e-01 3.920355366780416961e-01 3.568728115148101510e-01
2.165631494402402157e-03 -1.418712317914629269e-02 -2.956799652917696530e-02 -4.565968172351268090e-02 -5.472866640776538616e-02 -6.050198772803030284e-02 -6.476267289344106448e-02 -6.500814912232200093e-02 -5.001804923404948311e-02 -4.884079210022739675e-02 -3.339486500963966681e-02 -1.397647286713648782e-02 -3.287094279736973990e-03 2.033290201273909442e-02 4.982664018876288570e-02 6.841883975255133588e-02 9.133856585844528364e-02 1.218445052849115584e-01 1.534313801159626900e-01 1.745698916438649384e-01 2.043815762451641482e-01 2.265035624366473488e-01 2.473033593521308526e-01 2.709343701564738693e-01 2.974802087922184812e-01 3.144556538764331499e-01 3.286425238801432558e-01 3.478333444972335764e-01 3.627983307495904475e-01 3.998189379366036134e-01
5.113963777631121838e-03 -1.794794438728804231e-02 -3.591290099671858721e-02 -5.545686651561966551e-02 -6.904128823008984228e-02 -8.327789048522935000e-02 -9.718150400903621811e-02 -1.066650872446338882e-01 -1.088925784060908314e-01 -1.181748817492835057e-01 -1.226949984681132977e-01 -1.242527662755445739e-01 -1.279616222312038865e-01 -1.253007941093775279e-01 -1.226813388583604530e-01 -1.201172769669792140e-01 -1.179481278439648700e-01 -1.114814994499520318e-01 -9.975872552081568867e-02 -9.674624726050394530e-02 -8.663508256732668777e-02 -7.661034514855716293e-02 -6.690666794112017091e-02 -5.664191461700875813e-02 -3.948311241393111237e-02 -2.208229896312971161e-02 -9.889725525335797685e-03 8.973715540144481390e-03 2.601751533432300825e-02 8.701721342450177699e-02
2.327842189749546042e-02 5.747384133435328585e-02 8.137595301109581958e-02 1.042147259794768410e-01 1.257261812346043284e-01 1.499702795860681781e-01 1.818872105068531919e-01 2.008830643013249373e-01 2.287920045564381943e-01 2.502592743239413497e-01 2.780515457265745338e-01 3.075095696231073816e-01 3.278312373191415441e-01 3.528758401921201493e-01 3.864287989493930819e-01 4.066965948359927419e-01 4.309861399904122425e-01 4.607749619959308762e-01 4.893412517496327774e-01 5.138119154524085630e-01 5.413048869080701042e-01 5.633318413302361716e-01 5.845987222421007434e-01 6.093368202268067968e-01 6.355919643195173663e-01 6.523361520454273865e-01 6.651786025838547500e-01 6.856013217453256203e-01 7.014618742154625775e-01 7.203576851137321047e-01
7.701657563730889000e-04 -2.851615056133915624e-02 -5.121419708236352869e-02 -7.597436265943513511e-02 -9.593329887683790802e-02 -1.194526626332731434e-01 -1.447121898645345461e-01 -1.638271394374448131e-01 -1.815894326555889671e-01 -2.038215219629449515e-01 -2.281385418317012914e-01 -2.509313380537648297e-01 -2.710238097176060901e-01 -2.906016632741242889e-01 -3.191277375037238073e-01 -3.363818939426824195e-01 -3.607344039344294595e-01 -3.844257645403590939e-01 -4.040954075940133561e-01 -4.290159375308769674e-01 -4.514903064900107066e-01 -4.668885657938818268e-01 -4.831933516302253651e-01 -5.025971619476887753e-01 -5.195934871253988785e-01 -5.245327479662743597e-01 -5.332205500401165921e-01 -5.435111818940263628e-01 -5.467636561167132925e-01 -5.333346717566425088e-01
6.793256087761928921e-03 2.675884321361109847e-02 4.165135451954844747e-02 5.501111879340905841e-02 6.713015819966572373e-02 7.755237416586210908e-02 9.370278063403118807e-02 9.989823052143714799e-02 1.067561987355576253e-01 1.125688074375710834e-01 1.154063329181075903e-01 1.179753086053543232e-01 1.195875389234702380e-01 1.171946912736987478e-01 1.147081404447500563e-01 1.126054915098316095e-01 1.059786291407620318e-01 1.015456121838022308e-01 9.458079425100293647e-02 8.795168251238930091e-02 7.973844794187728846e-02 7.431964239540320150e-02 6.736346128730391625e-02 6.083292218835364973e-02 5.125262338318285066e-02 4.594505754804915909e-02 3.848709598296709555e-02 3.066680884630695186e-02 2.661475871587448000e-02 5.669760268457328667e-03
-6.649068259960614832e-03 -2.861556557223579253e-02 -4.729153224092193936e-02 -6.812499840342814417e-02 -8.421372421136132103e-02 -1.053689293385312309e-01 -1.283126583493502948e-01 -1.457369265426806393e-01 -1.648396190075274159e-01 -1.864049469480053567e-01 -2.115744926515598923e-01 -2.385653777380956075e-01 -2.595149136559755654e-01 -2.843274069106078161e-01 -3.200788986243195411e-01 -3.421541587810701390e-01 -3.747433479116991650e-01 -4.068991119559303704e-01 -4.407314720308500022e-01 -4.757139604684266776e-01 -5.127466641508928724e-01 -5.416918769036578318e-01 -5.734780983806000432e-01 -6.093076000075392518e-01 -6.495751302839485319e-01 -6.751969565954099028e-01 -7.019951098179550986e-01 -7.393844330906151896e-01 -7.635340561329184705e-01 -8.272951497160259127e-01
3.043154638338651033e-02 8.179906929894543988e-02 1.209438337448619227e-01 1.601864542079745601e-01 1.978575526917224214e-01 2.393855847163236517e-01 2.928661494613065686e-01 3.260919547006341235e-01 3.681521021712541031e-01 4.014627261817938497e-01 4.440816984991141081e-01 4.771157852347317485e-01 5.048372106631098255e-01 5.258981317329985972e-01 5.442227293605895744e-01 5.558088236138142291e-01 5.567908002554151636e-01 5.594769179771811318e-01 5.464464496495498036e-01 5.275611013071798139e-01 5.034290402365542150e-01 4.818736406382374549e-01 4.489742290774352829e-01 4.133416204749075784e-01 3.557098230683083395e-01 3.123334059511067573e-01 2.673524933252736657e-01 2.115012448952404145e-01 1.699209144463155741e-01 3.108493399138910485e-02
3.682119973301423849e-02 9.147127534160084950e-02 1.385513385341683446e-01 1.843569633539345887e-01 2.274953602063158886e-01 2.825504331449686379e-01 3.540118599724287884e-01 3.994832834540111288e-01 4.661079001521772902e-01 5.209117307826451881e-01 5.919530731911105681e-01 6.672289135311858521e-01 7.197597937488754427e-01 7.835054309205589096e-01 8.675802900013473984e-01 9.181073741563922086e-01 9.793937177296817564e-01 1.047390317897533230e+00 1.114511057339788724e+00 1.167400841400391132e+00 1.229808002127565025e+00 1.277986056944794724e+00 1.324545572917513292e+00 1.378390341776624339e+00 1.432209126330059590e+00 1.468579480284661676e+00 1.501395494685394905e+00 1.551869852990928722e+00 1.589048125875925477e+00 1.676267854754238007e+00
1.246866761119129474e-02 1.968605666418377781e-02 2.655036553350810513e-02 2.978433607411837269e-02 3.232377447088351230e-02 3.141265275275989532e-02 3.438069077403269752e-02 3.045556190848214967e-02 2.412675398557882767e-02 1.778322483949089719e-02 3.844395145265432079e-03 -8.048283700354846859e-03 -2.023042839851825481e-02 -3.695773853036943973e-02 -5.992615318759941800e-02 -7.368983894578336191e-02 -9.429934991036416359e-02 -1.163490180063358609e-01 -1.374476463154929440e-01 -1.578785096898334683e-01 -1.800263041749819160e-01 -1.948667571340166327e-01 -2.101720215794446178e-01 -2.276130567072424671e-01 -2.453584583127377816e-01 -2.517335388267668006e-01 -2.620833256406994161e-01 -2.725053371655187795e-01 -2.761351386998631696e-01 -2.782046287230323656e-01
4.154586796397968795e-02 1.450066589111168869e-01 2.341291541814463084e-01 3.240606454807539727e-01 4.023435378385220584e-01 4.991600650267358219e-01 6.197920404330800048e-01 6.960669372973571356e-01 7.957845708693713771e-01 8.859624888242652041e-01 9.914327277136041339e-01 1.101639420702182015e+00 1.180098989272265753e+00 1.269253816418070668e+00 1.389845753025177766e+00 1.461744288981343676e+00 1.549189911023074018e+00 1.644541785885962115e+00 1.737486184572620829e+00 1.815394116116691325e+00 1.902735623424114175e+00 1.970814978293151665e+00 2.037885525691708555e+00 2.117517216522319501e+00 2.196380588032114112e+00 2.246238049156950023e+00 2.295669157324391918e+00 2.369318682404210286e+00 2.422014768449652244e+00 2.538263004421766666e+00
3.543075058538970590e-02 9.718694228746363462e-02 1.487161446214408933e-01 1.992878616172107376e-01 2.446897532974120215e-01 2.975265764245111355e-01 3.667102600188247852e-01 4.084467568049321429e-01 4.626072832851220173e-01 5.117062142349407816e-01 5.681475941472794444e-01 6.281509591825792382e-01 6.707448138651636027e-01 7.193496261700020877e-01 7.846592341698239714e-01 8.251968191578864520e-01 8.752291011662751696e-01 9.299881706374271140e-01 9.861715827958521530e-01 1.033616842935965785e+00 1.086749744485431046e+00 1.130850757189463707e+00 1.175264655055561436e+00 1.227327457511880660e+00 1.283914006028214150e+00 1.323657914869513341e+00 1.358322812541685076e+00 1.411456631201825074e+00 1.453744851343558686e+00 1.551492907339336647e+00
3.462821958901893260e-03 -1.211496517560140332e-02 -2.679328198211551951e-02 -4.268470239228464025e-02 -5.435540612781211700e-02 -7.055286453855362516e-02 -8.497514004390122055e-02 -9.665987289970179308e-02 -1.075913456705336890e-01 -1.209947128716753334e-01 -1.358663598919767068e-01 -1.489656379122389351e-01 -1.598221010653764484e-01 -1.713751039511469676e-01 -1.859781479099392176e-01 -1.946258592088611350e-01 -2.085585931808766058e-01 -2.193548789650137110e-01 -2.298941972634620245e-01 -2.417696437045603330e-01 -2.526446526944269300e-01 -2.607830816241853977e-01 -2.697611099554750314e-01 -2.802250497145023500e-01 -2.885259826412936990e-01 -2.922186323671948638e-01 -2.987562966422590560e-01 -3.070282011597547656e-01 -3.112258424725201644e-01 -3.205024043207426732e-01
2.290989178545831464e-02 6.879503413404972068e-02 1.024391917350454262e-01 1.356724208581140956e-01 1.661665964434874132e-01 2.008309682051928613e-01 2.451019668174537758e-01 2.721612822667646703e-01 3.092826024159326392e-01 3.385118981557804774e-01 3.755249064842303142e-01 4.114090634000240332e-01 4.377825078843747275e-01 4.654618568990189775e-01 5.008936856983873254e-01 5.216452090997281132e-01 5.425920797438729126e-01 5.691612270272161656e-01 5.875995708427137476e-01 6.028486744551386778e-01 6.181644833010397910e-01 6.281596537261984192e-01 6.340762208650516651e-01 6.432069605923318445e-01 6.438551636076030871e-01 6.388975653978280489e-01 6.331537609443761427e-01 6.275372979171106591e-01 6.223666446889055681e-01 5.751545612946453723e-01
-2.281988598294116058e-03 -2.927294433143717844e-02 -5.109656676155985289e-02 -7.568100647823197691e-02 -9.428658438155640420e-02 -1.177664769533567635e-01 -1.437647326505356593e-01 -1.631432609254364896e-01 -1.826322128849744431e-01 -2.061072464102695900e-01 -2.313324358168996897e-01 -2.561256459224599547e-01 -2.776098419096589831e-01 -2.985029432570858732e-01 -3.297276851048267510e-01 -3.474470251951333744e-01 -3.726912090182077364e-01 -3.967864911773125169e-01 -4.193125212428748805e-01 -4.438584729990854294e-01 -4.680505468944935465e-01 -4.849746144559800021e-01 -5.042050309958909793e-01 -5.255011904209534457e-01 -5.455361330307630929e-01 -5.558635374477385316e-01 -5.691326865486383557e-01 -5.864718522727387917e-01 -5.962117469106702483e-01 -6.131387304885649314e-01
2.641092854840123433e-03 -1.832223842906779282e-02 -3.796953471791036233e-02 -5.942202865021235791e-02 -7.450031484455887920e-02 -9.125710537913672704e-02 -1.091213987953622150e-01 -1.212453448614542184e-01 -1.270317709110320992e-01 -1.430954519908868572e-01 -1.524509637046747024e-01 -1.661178815338450743e-01 -1.764521056341794569e-01 -1.875608417200566036e-01 -2.093891670018693529e-01 -2.222866390530679748e-01 -2.472184218458715610e-01 -2.688509540978888390e-01 -2.985141164205074582e-01 -3.327322699546766960e-01 -3.677934875706904694e-01 -3.982041162715985738e-01 -4.362310139494521843e-01 -4.783293235677449351e-01 -5.328274487434303541e-01 -5.726659509682220373e-01 -6.127577635236839404e-01 -6.675425920869175744e-01 -7.073641920340626443e-01 -8.202867882557075552e-01
2.464466786685057600e-02 5.549182999864954446e-02 7.399243115199399812e-02 9.004507425115176877e-02 1.025202266473775603e-01 1.095620955412854036e-01 1.207326700225767740e-01 1.223638447954378539e-01 1.191831656123383404e-01 1.184605828490003787e-01 1.098934377657890399e-01 9.966108460571010408e-02 9.395853806284557019e-02 7.941029643532554472e-02 6.312690294037051619e-02 5.246321065831849317e-02 3.521320850627146504e-02 2.088836759220942182e-02 -1.024528356891538268e-03 -1.300347012636095777e-02 -3.294103362768709131e-02 -4.925314064257670099e-02 -6.643414254231336247e-02 -8.311871841790288706e-02 -1.058907327223669731e-01 -1.275562157106301109e-01 -1.484334087551696102e-01 -1.780320246099103276e-01 -2.000745662591491003e-01 -3.038454444238017360e-01
1.992472730341117090e-02 5.526201448266640504e-02 8.126347953745066688e-02 1.068271826123650542e-01 1.295686280764551668e-01 1.547068994025298516e-01 1.886780357564106225e-01 2.082448613430154527e-01 2.350608136532917614e-01 2.575983521014328370e-01 2.834046332784347921e-01 3.110033086961138116e-01 3.306870733268058027e-01 3.523404256313117933e-01 3.836066929336971465e-01 4.021262693294260226e-01 4.224251851408878933e-01 4.491779839221463067e-01 4.734256865765681388e-01 4.941510174537570022e-01 5.179039883591254334e-01 5.371203788036440496e-01 5.551420249572622811e-01 5.771869379049398008e-01 5.995180885563569095e-01 6.138719311542920609e-01 6.252226202328922122e-01 6.434579631043273462e-01 6.581048984721338257e-01 6.777028488185019572e-01
-1.317039033097750986e-03 -2.836527659570606957e-02 -5.142338395131838824e-02 -7.631910081742843133e-02 -9.603841096480983386e-02 -1.201887872294130355e-01 -1.481095646344910977e-01 -1.683833115736664277e-01 -1.881993336950722184e-01 -2.129935636778405028e-01 -2.395339827564666735e-01 -2.667698492651501274e-01 -2.892320859139598799e-01 -3.128172643238926742e-01 -3.471019851016615143e-01 -3.678635747042823256e-01 -3.983774881651783173e-01 -4.271716455997300321e-01 -4.565333591090919851e-01 -4.876099138045626447e-01 -5.188045283507948247e-01 -5.425060345660301930e-01 -5.686592788073253635e-01 -5.991687538304746319e-01 -6.307765304017689534e-01 -6.481822285171799924e-01 -6.695252202732377977e-01 -6.969573741179979631e-01 -7.144483605440494767e-01 -7.541763955342791759e-01
-1.591176027090111106e-02 -6.434068154259475758e-02 -1.047153401206595835e-01 -1.470382539540625588e-01 -1.818068556107848843e-01 -2.231415336576453579e-01 -2.717264270573678253e-01 -3.047103626248175434e-01 -3.389936708511729346e-01 -3.770075906151817424e-01 -4.190586982751033363e-01 -4.568468378513970141e-01 -4.895564243316899988e-01 -5.188338622395380906e-01 -5.571531286696258523e-01 -5.800204754711256738e-01 -6.079644397779235820e-01 -6.330362050690342413e-01 -6.528263587849171268e-01 -6.727517735299511914e-01 -6.907268800453907343e-01 -7.024919808000017474e-01 -7.120668529721934092e-01 -7.240434018938141092e-01 -7.284710250501024165e-01 -7.261559842175251411e-01 -7.278767041482795408e-01 -7.318863063098579591e-01 -7.300986999107524911e-01 -7.125849098898631162e-01
1.651076394515334916e-02 6.189430254991761665e-02 9.946575835467857951e-02 1.355624938742235053e-01 1.655546947422637527e-01 1.913950412438561732e-01 2.292780728861084361e-01 2.456517322925196589e-01 2.543490520384713016e-01 2.701704858838062107e-01 2.734907778329748740e-01 2.738874197012141631e-01 2.759224783419279570e-01 2.638274370670607993e-01 2.478596688482233301e-01 2.383232581187137988e-01 2.185420689108548142e-01 1.968109717288599181e-01 1.713293294455296989e-01 1.488591388831822238e-01 1.194608023327848184e-01 1.001328281881642274e-01 7.783399868493449947e-02 5.377219258607594116e-02 2.528997867902013641e-02 1.042240472682959447e-02 -8.198333352102665089e-03 -2.823989794864263311e-02 -3.833350142604507321e-02 -6.930315502830169949e-02
2.834181222356325913e-02 6.504381364370617757e-02 9.595811212304046489e-02 1.245940382657381440e-01 1.499881599938421850e-01 1.809027159068996859e-01 2.217834241472534940e-01 2.451059998445356547e-01 2.801430481522263483e-01 3.092120717075453884e-01 3.445267798978946527e-01 3.850121181166608064e-01 4.129394634534252484e-01 4.474619617679448380e-01 4.967661039616180219e-01 5.258856994565040965e-01 5.634949897747514314e-01 6.071245632173584150e-01 6.536770306169815692e-01 6.939499452546185054e-01 7.403548593550948187e-01 7.777656842757501021e-01 8.173216592595731189e-01 8.642214303256825492e-01 9.166089482582433501e-01 9.513780594467682317e-01 9.846525380350732437e-01 1.031936785610334750e+00 1.067455128538250531e+00 1.148436868342914252e+00
1.443827386135603311e-02 4.037968951943591428e-02 5.977284662678442051e-02 7.772778588236575747e-02 9.445130298870023366e-02 1.130774242925901563e-01 1.383074060567571206e-01 1.515650450996939569e-01 1.718952436015605545e-01 1.863440153471372929e-01 2.043901558817962649e-01 2.235911840158625319e-01 2.354980492969071526e-01 2.500260143248464462e-01 2.685995621970764802e-01 2.796124271315005294e-01 2.907097609923763870e-01 3.062304263444526886e-01 3.203265400309174282e-01 3.302289835453794953e-01 3.426647380825323941e-01 3.533427084978273403e-01 3.620701516643519691e-01 3.741575473962647225e-01 3.843512859498929291e-01 3.916395050008903977e-01 3.964740697370560674e-01 4.057912211649320477e-01 4.146401972857600149e-01 4.284305033467551427e-01
-2.424792145024477069e-02 -6.153838709444418159e-02 -9.586564822640294969e-02 -1.314730514094679115e-01 -1.617915239002822303e-01 -1.987008027347041961e-01 -2.442655892853354271e-01 -2.755784262669511708e-01 -3.098514150346336482e-01 -3.480716308823831318e-01 -3.909178526473210402e-01 -4.357096457148050273e-01 -4.700377144514705785e-01 -5.078084259218935692e-01 -5.593024748189776574e-01 -5.921595512621843360e-01 -6.368111007550472102e-01 -6.793483024222984890e-01 -7.243731425700778992e-01 -7.664045626303020997e-01 -8.118785275515036925e-01 -8.484269721106512119e-01 -8.863499162680895660e-01 -9.296620078130610754e-01 -9.770906371187261241e-01 -1.009143139867318517e+00 -1.041807357089722608e+00 -1.089402911602536106e+00 -1.122036532554175681e+00 -1.216724663906475934e+00
9.804321197025664403e-03 -7.196329024480137976e-03 -2.150190601257117445e-02 -3.818731000479448634e-02 -5.001214228419240820e-02 -6.372863544012488668e-02 -7.853780625264707160e-02 -8.998902012353543478e-02 -9.677596892800419126e-02 -1.088684924683159805e-01 -1.191767586069545359e-01 -1.265932524841962836e-01 -1.353929022817016437e-01 -1.388313106140429132e-01 -1.434635367122088501e-01 -1.460152198093861708e-01 -1.489348184654825658e-01 -1.480508542038620756e-01 -1.416620841262103414e-01 -1.404022583304987415e-01 -1.343790716292762033e-01 -1.268558759603150010e-01 -1.186075181825322622e-01 -1.093437094311615621e-01 -9.341326735391972114e-02 -7.721400923447749309e-02 -6.546558427544194037e-02 -4.783172308481022095e-02 -3.181216845287973549e-02 1.966991952395771848e-02
-1.583812265574024991e-03 -4.755073578180219612e-02 -8.336437308998312368e-02 -1.239577275587117333e-01 -1.598246069959055604e-01 -2.081449744041293792e-01 -2.615287190238219650e-01 -3.028887006003462279e-01 -3.587384639425724719e-01 -4.075331671349594620e-01 -4.752420360616750328e-01 -5.413826355286075476e-01 -5.939348477034991358e-01 -6.564475470968729187e-01 -7.392245256201888104e-01 -7.885715270740882854e-01 -8.554816119766077698e-01 -9.254687474056645380e-01 -9.923970843426614952e-01 -1.053609513332072645e+00 -1.119597026817468866e+00 -1.167818751633677987e+00 -1.216872658976790422e+00 -1.273079012177491087e+00 -1.327134325987867847e+00 -1.356384427534792270e+00 -1.387663413950207536e+00 -1.431060843908033009e+00 -1.457982364135859132e+00 -1.506315100728036871e+00
6.754644583285396298e-03 -7.913363776395832688e-03 -1.941717007450002863e-02 -3.352363750460374270e-02 -4.236925519918346289e-02 -5.163153919493002064e-02 -5.881445067737462590e-02 -6.445495706793355484e-02 -6.311737803108675993e-02 -6.867612425644378793e-02 -6.995946053611440396e-02 -6.749531727303301198e-02 -6.968423065049433873e-02 -6.539164788618063995e-02 -6.104286865731213541e-02 -5.747026304792914042e-02 -5.427107371775601041e-02 -4.737053253262454855e-02 -3.741083503873730842e-02 -3.477256681922521325e-02 -2.622294982444298497e-02 -1.844512467770423672e-02 -1.196183104248248544e-02 -4.042993276184221260e-03 7.496729890109184863e-03 1.815433109660803332e-02 2.548017955483767097e-02 3.645987631722621969e-02 4.747538633831525912e-02 8.409968278116738971e-02
-3.551742383593042840e-05 -1.626153082711169484e-03 -4.493352104624717680e-03 -9.864681751144743771e-03 -1.476329980458100134e-02 -2.425905914602021624e-02 -3.327024464352215660e-02 -4.263194441330218215e-02 -5.516137502731494752e-02 -6.805822696939303751e-02 -8.767422603304905748e-02 -1.057837247003527020e-01 -1.211178932170094008e-01 -1.402735369834539891e-01 -1.647487668585468079e-01 -1.785565038432976315e-01 -1.998151234919489094e-01 -2.190430775974641642e-01 -2.404153897298453857e-01 -2.578606013750436299e-01 -2.780799270839451887e-01 -2.924120713670735339e-01 -3.079144718156483496e-01 -3.250071826977258271e-01 -3.415667991694392169e-01 -3.529811946451321680e-01 -3.660501590304701125e-01 -3.835318822249507709e-01 -3.954563780839581155e-01 -4.363317971678360996e-01
4.063633874699761755e-02 1.277685055041637152e-01 2.015954092069402737e-01 2.750075251736318616e-01 3.379188894410075084e-01 4.130991917695724935e-01 5.094770193331102925e-01 5.682073515710202027e-01 6.421729229182862042e-01 7.119014472034497221e-01 7.880633893562216663e-01 8.706881812108775431e-01 9.282749370014997670e-01 9.931489934190358415e-01 1.083112539737918434e+00 1.136893862223157914e+00 1.204614286837904169e+00 1.276839894436743617e+00 1.351852609724117915e+00 1.415412233829227873e+00 1.487191605280054896e+00 1.545418722015154067e+00 1.605823930097042940e+00 1.676637374498334054e+00 1.751286639131542477e+00 1.803761833985793706e+00 1.853130405285279947e+00 1.926630293486481404e+00 1.983225652124852134e+00 2.121387930829598645e+00
3.517638714508376091e-03 -1.018800468396340725e-02 -2.128918304738079692e-02 -3.408894594407633344e-02 -4.260864065582176119e-02 -5.220916929722414779e-02 -5.877584475637035594e-02 -6.467708892639778551e-02 -6.486212225238857654e-02 -6.980061026919717748e-02 -7.210949286013879078e-02 -7.092114938621592313e-02 -7.221437929367208186e-02 -6.846912000683530453e-02 -6.296809931142099970e-02 -5.933728360969164201e-02 -5.482053787817862261e-02 -4.646793362780003711e-02 -3.333165227440035988e-02 -2.722763142566042224e-02 -1.573200944700078527e-02 -5.238356823410740201e-03 5.507040110244942888e-03 1.933494230412557621e-02 3.786908589230351951e-02 5.201535718976052491e-02 6.522248609105724126e-02 8.228384465141362625e-02 9.780837793819885384e-02 1.469788288157339862e-01
4.836217662235568759e-04 1.067791365265680949e-02 1.942281216986318018e-02 2.737010725780603115e-02 3.559022548211585729e-02 4.667857892890675542e-02 6.167643068663415662e-02 7.020019529444626594e-02 8.689811519611152779e-02 9.723987377417422917e-02 1.113801325100775841e-01 1.295144112809631376e-01 1.394616690443548357e-01 1.567873436514251317e-01 1.799545959984342747e-01 1.942017252627330492e-01 2.142252236286446010e-01 2.374329635714979014e-01 2.673403140475600348e-01 2.890016552038421893e-01 3.171352700178068362e-01 3.425532837827028332e-01 3.702203437239889317e-01 4.020945962674242202e-01 4.411331184162405883e-01 4.726797087878347181e-01 4.998181228265884402e-01 5.392313878787061698e-01 5.727079805189703166e-01 6.679653292271862108e-01
-7.128511226593380046e-04 -6.688810661398752501e-03 -1.836391664276179614e-02 -3.076701022184551854e-02 -3.763921629428966520e-02 -4.146648423186550386e-02 -4.785025821107436600e-02 -4.923335928495223973e-02 -3.574410782204690690e-02 -3.798308728939211315e-02 -2.481619901641745479e-02 -1.185295908386856806e-02 -3.806966050174772492e-03 1.455548576156680610e-02 3.618353329985721234e-02 4.816179275342742649e-02 6.264723242764280720e-02 8.530559954698063718e-02 1.028313572829325229e-01 1.158995604921164574e-01 1.320875736138097944e-01 1.407657175058973087e-01 1.472474070538398738e-01 1.556830945414416911e-01 1.592444336097190161e-01 1.532437315812910095e-01 1.480045228299158300e-01 1.379728744884918812e-01 1.280619594605908462e-01 6.584772350871209712e-02
1.401449867552152784e-02 5.311045698535695608e-02 8.292273931610882887e-02 1.121113310589715306e-01 1.375773912865136672e-01 1.646998940957081214e-01 2.005963628480262606e-01 2.205279976337689296e-01 2.446287796403900650e-01 2.654820989966120148e-01 2.870402037772265547e-01 3.068918890154214707e-01 3.216173012725352942e-01 3.329768216029571071e-01 3.468460378010336242e-01 3.547725650904219319e-01 3.583170877194239434e-01 3.647912198527074601e-01 3.663977564784633989e-01 3.645024298212604652e-01 3.623418527932232847e-01 3.611856619302668547e-01 3.559584341259096618e-01 3.513054689651666229e-01 3.402994965801721672e-01 3.334438163300835201e-01 3.240751822283510220e-01 3.151367691976331153e-01 3.096351989349385159e-01 2.813646057456069549e-01
4.969558784823475961e-03 3.435832468737937129e-04 -6.698378730460112160e-03 -1.540428556313840416e-02 -2.188650333070934692e-02 -3.232786694894735496e-02 -4.184156563177011956e-02 -5.090340760168091117e-02 -5.920069908074611365e-02 -7.023473062115395682e-02 -8.310854738528658525e-02 -9.445701721587006217e-02 -1.042922475546017858e-01 -1.141558871050585289e-01 -1.263825470990579403e-01 -1.340343035546451012e-01 -1.450258663994452024e-01 -1.527711637620031149e-01 -1.601351075178266137e-01 -1.673502413493334340e-01 -1.743838967363677273e-01 -1.791380985593670205e-01 -1.843325777958145228e-01 -1.885508766346304654e-01 -1.912734900158414575e-01 -1.937454429041721160e-01 -1.971866576536997762e-01 -2.023432682071748534e-01 -2.048608959938550411e-01 -2.199959961444681866e-01
-2.668376943959877359e-02 -9.868046252861542578e-02 -1.601640473655864816e-01 -2.242240563058162939e-01 -2.801343694340770463e-01 -3.485989344536175594e-01 -4.311412692641645172e-01 -4.876681332013398928e-01 -5.547265155580446416e-01 -6.215813216545664766e-01 -7.014267564179708092e-01 -7.802792371271036753e-01 -8.415716228125713627e-01 -9.093240301504762479e-01 -9.982946378703856372e-01 -1.053993252236517630e+00 -1.126568837307794446e+00 -1.198627190236936091e+00 -1.271712604062140706e+00 -1.335625504704370581e+00 -1.406656844036866527e+00 -1.463252864801038999e+00 -1.518880079030647146e+00 -1.582695979261478314e+00 -1.647808163438959639e+00 -1.692574693010569620e+00 -1.735081833961017228e+00 -1.800541927326166469e+00 -1.846220311952442739e+00 -1.967426509266936296e+00
-3.926708053614828831e-03 -4.923569622647200328e-03 -7.065440786438236670e-03 -1.402706916776837176e-02 -2.620256575213197187e-02 -5.481561943176382901e-02 -8.909615860776534668e-02 -1.234365289609001409e-01 -1.859005425999661343e-01 -2.299251298021305345e-01 -3.081433730832324192e-01 -3.890702723461784696e-01 -4.495224778607505023e-01 -5.320664964746401049e-01 -6.383009000244541653e-01 -7.041053037543110182e-01 -7.901839179449872130e-01 -8.829083199300844509e-01 -9.724434290622964161e-01 -1.045065967086638237e+00 -1.131617454231820918e+00 -1.192803130646262755e+00 -1.252267631574786266e+00 -1.319864991635752993e+00 -1.382962777373167640e+00 -1.418025344945836874e+00 -1.456214046388434769e+00 -1.508270825621798483e+00 -1.539836661504093707e+00 -1.630670161389815576e+00
4.762449386827584397e-02 1.440361212905865718e-01 2.243285235809484579e-01 3.029629214898956757e-01 3.707892496114192915e-01 4.477857641367858910e-01 5.455238705194482840e-01 6.032831443574303565e-01 6.711174689881254096e-01 7.363661681119776370e-01 8.056262642612876945e-01 8.732969366528318123e-01 9.237556758350873309e-01 9.716656595539741037e-01 1.033196536685519140e+00 1.070626468052085389e+00 1.111099753784053235e+00 1.153012505868408200e+00 1.191331040204361980e+00 1.220958046115563134e+00 1.252076234151215717e+00 1.279181229351552762e+00 1.302509121355662991e+00 1.330198451369810186e+00 1.353194535551672573e+00 1.371663274957457546e+00 1.384847012861557314e+00 1.412582709808893222e+00 1.435113148460017918e+00 1.477735033532225462e+00
3.425715497442586438e-03 -4.141432638486213999e-03 -1.524377844152144564e-02 -2.732261451207999153e-02 -3.366601010673793415e-02 -4.057753118535546710e-02 -4.800106360141623979e-02 -5.202344819914071772e-02 -4.828654426641265651e-02 -5.482070023182545465e-02 -5.298637075794860457e-02 -5.388189075765649483e-02 -5.527924478246026840e-02 -5.347486982054039384e-02 -5.582797119226054483e-02 -5.672198908210124291e-02 -6.265567384455902888e-02 -6.380664988015530281e-02 -7.241668149750105088e-02 -8.296389450273305988e-02 -9.451962532231004965e-02 -1.065860808062622650e-01 -1.232116562538051047e-01 -1.408261632150509812e-01 -1.673679678791755721e-01 -1.911729114209973490e-01 -2.151739349428861137e-01 -2.488915188053699712e-01 -2.745143503766287463e-01 -3.696470617327325403e-01
