8.663901835427612053e-02 1.096971747354182763e-01 1.340917090707945125e-01 1.591737581685191694e-01 1.850615078367319477e-01 2.110899571812657194e-01 2.376727205718206781e-01 2.641246146204884182e-01 2.902815949302256504e-01 3.161623908911245229e-01 3.412621935300713671e-01 3.651530738839493528e-01 3.876937635468045151e-01 4.077576734905680178e-01 4.259054340649822135e-01 4.410959750242471333e-01 4.535474851379418526e-01 4.630338599859716298e-01 4.688366273837074605e-01 4.721533779474222370e-01 4.722919501315686053e-01 4.699631954471774065e-01 4.647985669436967004e-01 4.574975971240783368e-01 4.484099887753420499e-01 4.374398736901988771e-01 4.258537560081822049e-01 4.127606929468972119e-01 3.992335485427767061e-01 3.661162066547828942e-01
6.383027293462195662e-02 8.697256348951609706e-02 1.078557175714977556e-01 1.278703197573976824e-01 1.471516257211820111e-01 1.651914977411113872e-01 1.823440702992102369e-01 1.978244939456929585e-01 2.119555511157090733e-01 2.246212721421128600e-01 2.356982010918863280e-01 2.451411317545280077e-01 2.529188562923996297e-01 2.588208070439428354e-01 2.631464463931331155e-01 2.656583690062782055e-01 2.664830147741977795e-01 2.657720537363207902e-01 2.632874580516479379e-01 2.597939982885582033e-01 2.549678771135558408e-01 2.493419543733635946e-01 2.425908042060481162e-01 2.351858187711666215e-01 2.273176164328752358e-01 2.187365591705107692e-01 2.102123248710592307e-01 2.010595026001976982e-01 1.916471422699332072e-01 1.652381984158477479e-01
2.215336703114221401e-04 -1.683344109303301986e-02 -2.910056738405050400e-02 -3.981158310261433131e-02 -4.907771469555773092e-02 -5.692990117625893604e-02 -6.353314818077779313e-02 -6.834434231218292077e-02 -7.179435713512644091e-02 -7.381778895328670875e-02 -7.455301638532932373e-02 -7.387774787528798848e-02 -7.209550088083330199e-02 -6.920731904532237411e-02 -6.536939758165860592e-02 -6.063352904354880890e-02 -5.499622657509971313e-02 -4.854462561873089388e-02 -4.114794462251028517e-02 -3.341036018125755069e-02 -2.485187829439320858e-02 -1.582454624475485017e-02 -6.040315899988291451e-03 4.044143906945619343e-03 1.466890713144183671e-02 2.590372377550739097e-02 3.739703318051487702e-02 4.950771953566336647e-02 6.242057138327375410e-02 9.799647744178643927e-02
1.891330397732134821e-02 1.843905695252107471e-02 1.818397998566709250e-02 1.787505281261419013e-02 1.753788931556258396e-02 1.705778719150138900e-02 1.645313891776048129e-02 1.574203857078316018e-02 1.496677582901332140e-02 1.410645965304189835e-02 1.318387519060048099e-02 1.242268015067163681e-02 1.168677945560748881e-02 1.125025665412429828e-02 1.106330681024522700e-02 1.128628349190886372e-02 1.195984734485883334e-02 1.322925008061919330e-02 1.522035862534591201e-02 1.769092724414910583e-02 2.091570768572513853e-02 2.478832032144035608e-02 2.935915642018560590e-02 3.439883087495890918e-02 4.001824720912380839e-02 4.613201180838083504e-02 5.252465088523935316e-02 5.925612295419272618e-02 6.627441187107292742e-02 8.109766646587322769e-02
2.836013251587781933e-02 3.697553935376272916e-02 4.239665160787091380e-02 4.698811810579264781e-02 5.106164798185009596e-02 5.446184238993662108e-02 5.736874237068358140e-02 5.952177796453375636e-02 6.111428333984425532e-02 6.204527682161715962e-02 6.235115761072065887e-02 6.203328978580900654e-02 6.105099144320219606e-02 5.948580945571504269e-02 5.731083416347163700e-02 5.465163535354403135e-02 5.139519924974497028e-02 4.763722872497053867e-02 4.327200278231194824e-02 3.842423020953208979e-02 3.299719558764257349e-02 2.708314544800288076e-02 2.036696705134890054e-02 1.298435970465447800e-02 5.062322980077949529e-03 -3.938672078869231291e-03 -1.338077096151816907e-02 -2.408787640685601528e-02 -3.583185436027459814e-02 -7.568475255177153915e-02
9.105755772735563136e-02 1.120761076433685610e-01 1.375503376947725120e-01 1.648266904628138685e-01 1.937159835740705216e-01 2.239614369475201594e-01 2.556986749406449100e-01 2.891217328689146271e-01 3.235597641530217339e-01 3.597633945210739204e-01 3.971742668557118883e-01 4.359946404270034215e-01 4.761314696604028174e-01 5.167881283446114082e-01 5.588163785588252663e-01 6.007220702974116477e-01 6.434118512433558701e-01 6.866000931275526575e-01 7.291103210832958759e-01 7.716160998615404498e-01 8.133811064642046951e-01 8.544276096171146140e-01 8.946674500142655084e-01 9.336477419131162803e-01 9.708594289825590584e-01 1.007424507186397422e+00 1.041687852226013788e+00 1.074289306982696202e+00 1.105466856982390222e+00 1.160410418925935438e+00
8.129687688361800224e-02 1.105423937235374132e-01 1.382337793454497255e-01 1.654078005541675389e-01 1.921317764922494398e-01 2.179185643086422597e-01 2.431295865077165719e-01 2.670732864877638502e-01 2.899115512969726027e-01 3.117804480001228895e-01 3.324476497050948276e-01 3.519661475563429232e-01 3.703385800869502531e-01 3.872140587714270055e-01 4.031391272203067588e-01 4.174966299894536381e-01 4.306896864203327846e-01 4.428102906935503791e-01 4.532929758877202175e-01 4.630540791479916263e-01 4.715372420679995180e-01 4.792376826566149828e-01 4.858166015240321656e-01 4.915604361496248575e-01 4.963984133784704600e-01 5.004954356489010880e-01 5.039224677446690892e-01 5.063150825260339660e-01 5.079635082873068530e-01 5.017068224765207640e-01
1.232522327293610748e-02 1.087269786688499495e-02 1.089914313801179126e-02 1.091685848786416897e-02 1.074314843768741853e-02 1.024225746890221160e-02 9.375651730637665424e-03 8.155376306504312153e-03 6.708124309076198000e-03 5.030042017555058295e-03 3.192458689016264631e-03 1.632697650613225415e-03 1.975982515111905646e-04 -5.599147221988587733e-04 -6.915410336432396138e-04 7.468013540397853978e-05 1.917097610380637945e-03 5.112810980821373523e-03 9.968638508568966605e-03 1.608755270744554114e-02 2.396330059937733237e-02 3.341910907088701393e-02 4.470862926329255416e-02 5.739913087823041854e-02 7.152907829639436332e-02 8.730362493359955511e-02 1.038847564084788011e-01 1.218828272991994977e-01 1.409264281845028222e-01 1.889765495349423063e-01
1.748594236659294782e-02 1.058050032565970543e-02 6.729610258674778231e-03 3.829422061695328394e-03 1.782524006407845349e-03 5.552877502956743427e-04 6.102717130376106303e-05 6.782838433224865071e-04 2.134323237524618500e-03 4.595100769619652262e-03 7.969950847973885505e-03 1.253730215186561053e-02 1.809426477050201515e-02 2.477352230760635279e-02 3.259161694575564427e-02 4.144013363993792609e-02 5.150811984253621245e-02 6.280904722224878167e-02 7.533642443168500624e-02 8.866786120462279153e-02 1.031168553202277960e-01 1.183804729899901598e-01 1.346667527414362742e-01 1.514516193601067595e-01 1.687508217261281251e-01 1.868289124460188466e-01 2.048563443856339372e-01 2.233505458481728490e-01 2.422514879244315744e-01 2.858454769818316032e-01
2.546608534595079174e-02 2.970146023269751995e-02 3.245402296043696511e-02 3.486625783211297347e-02 3.713964810091228974e-02 3.914925353899609273e-02 4.100026892607083057e-02 4.260854306663308666e-02 4.403274568790768034e-02 4.524320747226268785e-02 4.623838296560874722e-02 4.709147481014221842e-02 4.771280307327430137e-02 4.819444274269550632e-02 4.851882844037995468e-02 4.875311046236716073e-02 4.885733493129718052e-02 4.891044763687151659e-02 4.884319380038151803e-02 4.862844105882674350e-02 4.829233324368080449e-02 4.782300252870544388e-02 4.705648609449665509e-02 4.595382986680027204e-02 4.462554187103664333e-02 4.274855756125313377e-02 4.058126835839626079e-02 3.767239647767245403e-02 3.417011869478177311e-02 1.737740255274463838e-02
4.535970185061815457e-02 6.958693171296664870e-02 9.045807072215472644e-02 1.094631210333800037e-01 1.264397775819907366e-01 1.411373963922570030e-01 1.537362107514156917e-01 1.636205740592975855e-01 1.714691442767134477e-01 1.773564952975383302e-01 1.815182418030504008e-01 1.847051399431673679e-01 1.870029765564511226e-01 1.893880250602840709e-01 1.921110903796794389e-01 1.955207184379427199e-01 2.001064694884608641e-01 2.064785291010902135e-01 2.147816020796416148e-01 2.251241530171914917e-01 2.376567825065130923e-01 2.524623234360344748e-01 2.695450261015118754e-01 2.885448723916287372e-01 3.090884717569598594e-01 3.315937141692310020e-01 3.546061182717115123e-01 3.787914472226182050e-01 4.032482361843426344e-01 4.520804262050701072e-01
-3.153537821344655490e-02 -6.220448411007062361e-02 -8.997488618231934410e-02 -1.161762034384222902e-01 -1.406257786488580575e-01 -1.628404552516149739e-01 -1.831798252686663298e-01 -2.003503067695169837e-01 -2.150290881500471762e-01 -2.269639801683516478e-01 -2.361274487210951734e-01 -2.422878555247920396e-01 -2.457167104473707564e-01 -2.461155879822770620e-01 -2.439222193439951336e-01 -2.389379421363712064e-01 -2.313358839502083208e-01 -2.213212070104199902e-01 -2.088724325906653190e-01 -1.953009447954135447e-01 -1.800588633195786548e-01 -1.641065626835584712e-01 -1.472417405977773930e-01 -1.304607683864072443e-01 -1.137937803557958760e-01 -9.740779580254105285e-02 -8.216866505480435734e-02 -6.787122128742739680e-02 -5.458880152884645898e-02 -3.697079962403888864e-02
4.930745828948204790e-02 5.839566142714152502e-02 6.853047226810470016e-02 7.943278579124608829e-02 9.126668174009260059e-02 1.037180748944944442e-01 1.169704423885435801e-01 1.309065598017113696e-01 1.452225379012942186e-01 1.600275107904116090e-01 1.749831997536747952e-01 1.898510585992850830e-01 2.044822562523017639e-01 2.181931264230148604e-01 2.312389986082242777e-01 2.429856695322306914e-01 2.535093003078542351e-01 2.626065422711351127e-01 2.697421709975770243e-01 2.754038637746474283e-01 2.792054884206675025e-01 2.813706333334979326e-01 2.816330263062277184e-01 2.802271009400374990e-01 2.773421509800201856e-01 2.728030091765863974e-01 2.673135270975253164e-01 2.601556370360836312e-01 2.520954872911260747e-01 2.255782534319090427e-01
1.297964559707223686e-02 -1.906399464104036046e-03 -1.223562889014001911e-02 -2.063876692863841553e-02 -2.708306384533210390e-02 -3.151872985501286833e-02 -3.408233858794539051e-02 -3.405637299190410194e-02 -3.210738687622675253e-02 -2.799575029343948779e-02 -2.198215937700427614e-02 -1.406273690297022566e-02 -4.523373343524116075e-03 6.290275278417790245e-03 1.835323544716360722e-02 3.125312996696453377e-02 4.504613708921301196e-02 5.945674245831475413e-02 7.422433341437630061e-02 8.889730643626972406e-02 1.036393943541146084e-01 1.180551636328992515e-01 1.322815765045284586e-01 1.458382322673600073e-01 1.588491474151745575e-01 1.714131262429114400e-01 1.831798969716336156e-01 1.942815341478809077e-01 2.051343599412898677e-01 2.271454281817105181e-01
-1.222222168689758581e-03 -1.706386665270468242e-02 -2.931934150157993260e-02 -4.056959914187825006e-02 -5.090768306428281043e-02 -6.037156928149779722e-02 -6.910205963547701169e-02 -7.669378030682871827e-02 -8.337661059154410914e-02 -8.918644213208345994e-02 -9.415333189763026855e-02 -9.808691949777893770e-02 -1.012623606282854055e-01 -1.034628599770980178e-01 -1.049041424602950023e-01 -1.054087514231719647e-01 -1.050160463061966531e-01 -1.037037358383564867e-01 -1.011661554527772122e-01 -9.804592088215437207e-02 -9.376175879944870228e-02 -8.863404372929443997e-02 -8.237033326332569849e-02 -7.538965727944021977e-02 -6.742460788679463524e-02 -5.850474604897663855e-02 -4.892296592111575887e-02 -3.832421284054644828e-02 -2.667084444037449639e-02 7.462107152817192002e-03
5.411795777121011786e-02 6.758132354144207044e-02 8.117457438891854948e-02 9.495182833269855127e-02 1.089572900782836695e-01 1.229875944481140515e-01 1.371883960260898150e-01 1.514699217427882549e-01 1.657186706937285592e-01 1.801786724862650679e-01 1.946711202690046827e-01 2.093715889362402494e-01 2.242082529004957858e-01 2.390270525070775365e-01 2.541653605200691057e-01 2.691617756610512058e-01 2.843553974433297160e-01 2.997693080429317813e-01 3.149611520187065583e-01 3.302177151192123850e-01 3.452980988359614645e-01 3.602536601176972719e-01 3.749576555477266426e-01 3.892288189236527973e-01 4.029401182769876133e-01 4.163432643126788735e-01 4.289145530275921825e-01 4.406916534270374219e-01 4.517810336354697864e-01 4.670639266536152356e-01
-1.187110113822510693e-02 -3.169153352924271305e-02 -4.936420942294623970e-02 -6.676641301339097945e-02 -8.389238307753515977e-02 -1.008860915548986104e-01 -1.178262299538762881e-01 -1.346131696936943845e-01 -1.511455277113630813e-01 -1.678451366307297798e-01 -1.845805867361718089e-01 -2.012992726127806054e-01 -2.182862539684510828e-01 -2.351547820599977912e-01 -2.523756445858360009e-01 -2.692901443212469825e-01 -2.862537100484074948e-01 -3.031469694030655138e-01 -3.192189429154819735e-01 -3.351598859102262185e-01 -3.501472204874981342e-01 -3.643261171856794212e-01 -3.774388194118914464e-01 -3.895400280426106754e-01 -4.000152785621779450e-01 -4.094373747899979765e-01 -4.170737584666131537e-01 -4.230496711676556831e-01 -4.271948144498649014e-01 -4.214200897318610695e-01
2.890529467191746762e-02 3.642665256894225129e-02 4.204158807024253180e-02 4.691057566445921284e-02 5.118335808131675019e-02 5.460780669592960046e-02 5.735013066224433492e-02 5.904497056902151264e-02 5.996545734871598643e-02 5.993897733968524266e-02 5.901262921480536494e-02 5.726791721718488271e-02 5.462429079668811027e-02 5.126885173339004037e-02 4.718045344133019181e-02 4.255989926147265429e-02 3.735397925264046654e-02 3.174241243877688745e-02 2.583474270459614613e-02 1.972241932390864788e-02 1.350681429787677253e-02 7.339598846688357575e-03 1.077256570040296610e-03 -5.148480821522483271e-03 -1.112377146224515986e-02 -1.723007973516076791e-02 -2.297796588823524527e-02 -2.883204757405744348e-02 -3.467908060443287283e-02 -5.152050918715304906e-02
-2.047818289940215447e-02 -3.545061330833704227e-02 -5.101010113376051869e-02 -6.692424292364639038e-02 -8.297416872422681833e-02 -9.929856176485467312e-02 -1.159083629877942778e-01 -1.328467801752403754e-01 -1.499191307465096434e-01 -1.676133902638718698e-01 -1.857691709054229146e-01 -2.045045678112240584e-01 -2.240437370777008941e-01 -2.440512648029260212e-01 -2.650988154922404583e-01 -2.864319401657484665e-01 -3.086075816500261637e-01 -3.315215988968813199e-01 -3.545574462517637748e-01 -3.782352419756392914e-01 -4.019628383205464117e-01 -4.258031034068993081e-01 -4.497816612438676476e-01 -4.736915766606577538e-01 -4.969121978520134597e-01 -5.204775069994860281e-01 -5.429199616581864563e-01 -5.651815343672987879e-01 -5.869235207491620976e-01 -6.333364494602462536e-01
8.474218223005296202e-02 1.139594338015213759e-01 1.411322272940651046e-01 1.678763864594162158e-01 1.945138939649040943e-01 2.202879475016487065e-01 2.457364326827211898e-01 2.697946012515234915e-01 2.926188714964360615e-01 3.139994794175693382e-01 3.335424905944817664e-01 3.506715247779600420e-01 3.653151802195654385e-01 3.764380700595453266e-01 3.844583038733758729e-01 3.886478348821266748e-01 3.889701428831027208e-01 3.852938791046648381e-01 3.769943663759297015e-01 3.654951503177322203e-01 3.499851044548596968e-01 3.314020846677245280e-01 3.091023871837631498e-01 2.842108743220171929e-01 2.572016300275722367e-01 2.274099251586350623e-01 1.971043899932221621e-01 1.645513408094553820e-01 1.309794053763994048e-01 4.682541694387373776e-02
1.061963623413049312e-01 1.314986556557560804e-01 1.623118681332955116e-01 1.950525661342648043e-01 2.294286671465056437e-01 2.649442420641725526e-01 3.018230082016376548e-01 3.399520662849900843e-01 3.787187287977912264e-01 4.187647680367094782e-01 4.594399606544232739e-01 5.008219864644827268e-01 5.427926372865692350e-01 5.843375968600941217e-01 6.264109162462825342e-01 6.673927274196147508e-01 7.082129400897410054e-01 7.486064809004617793e-01 7.874489011325411791e-01 8.257223328122034189e-01 8.626705585738074777e-01 8.985973172555952182e-01 9.334504412001882745e-01 9.670635375615814766e-01 9.991188503058996417e-01 1.030776221808206161e+00 1.060799271004878364e+00 1.089810193249358683e+00 1.118262235410518057e+00 1.176364907248207192e+00
1.799858476032348970e-02 2.221596406441592522e-02 2.480471548950590951e-02 2.621150533840523045e-02 2.644294883661499340e-02 2.515809086932788499e-02 2.250026131060128137e-02 1.791281210449207489e-02 1.194667334067315255e-02 4.210235028664384774e-03 -5.101849184115143584e-03 -1.578376230683223996e-02 -2.793567028233329141e-02 -4.099213974980153719e-02 -5.513186839087005214e-02 -6.973083650986394710e-02 -8.491008515846938665e-02 -1.002906129843451344e-01 -1.152983051408403431e-01 -1.300186864491533201e-01 -1.439799998867284936e-01 -1.569799134731560131e-01 -1.689846667663718327e-01 -1.798228618680470514e-01 -1.891278685329319253e-01 -1.973332577817585309e-01 -2.039011017732662301e-01 -2.090553981515629878e-01 -2.128903719642882275e-01 -2.138442333355916880e-01
1.640585797640076726e-01 2.153758788059565998e-01 2.725473709272284162e-01 3.313351721801897076e-01 3.912585347373966349e-01 4.514720520852265051e-01 5.124897972625110931e-01 5.735882855548515291e-01 6.343641914610171906e-01 6.956528484453124994e-01 7.566467364918635363e-01 8.175402164147884676e-01 8.783439449643632990e-01 9.377885779261601051e-01 9.974197443031591614e-01 1.054910137357615740e+00 1.111787823905498573e+00 1.167816532588508593e+00 1.221322744356322154e+00 1.274183305807297995e+00 1.325032235581282025e+00 1.374594365189256928e+00 1.422632168097386129e+00 1.469135972622190200e+00 1.513433539247905468e+00 1.557282041171780929e+00 1.598766049376911580e+00 1.638755928814604967e+00 1.677518767954394807e+00 1.750512961631457198e+00
1.025962196014013061e-01 1.343757625086513252e-01 1.682226527103926061e-01 2.026001933774661534e-01 2.372762220519254728e-01 2.717854123138745970e-01 3.064175821215381346e-01 3.407575458236040689e-01 3.746644230344534088e-01 4.086487994833596926e-01 4.423154500912065967e-01 4.759781302356129729e-01 5.096215046866271470e-01 5.427964270736980179e-01 5.763821548643668358e-01 6.092217862235436154e-01 6.422255070910366515e-01 6.754124501247349421e-01 7.079124106676799588e-01 7.406441329255226691e-01 7.729726926289912647e-01 8.052258100156224341e-01 8.372996449177505518e-01 8.690026075744742284e-01 8.999157432964757231e-01 9.310724912257095642e-01 9.610421796227084368e-01 9.904843846335407154e-01 1.019390207654661928e+00 1.075872953938577181e+00
-4.402638231678041719e-03 -1.588230104894104364e-02 -2.694362819491202821e-02 -3.796980549107308034e-02 -4.884931526429463211e-02 -5.964694245464365746e-02 -7.040014493824128805e-02 -8.097974984594293046e-02 -9.134217115590957670e-02 -1.017088679622111802e-01 -1.119870899904712724e-01 -1.220974056688487047e-01 -1.322387340692385282e-01 -1.420983548286664233e-01 -1.520042454098625706e-01 -1.615076534740244596e-01 -1.708584598070701510e-01 -1.799641431899838551e-01 -1.884398171646577413e-01 -1.967989644646732095e-01 -2.045436263095524732e-01 -2.118576216884688335e-01 -2.186657273078063679e-01 -2.250988578732752987e-01 -2.308041570767657980e-01 -2.362764913045947712e-01 -2.410700683330057048e-01 -2.454762651687495967e-01 -2.493728864195092210e-01 -2.561924008149186194e-01
7.017171073719617735e-02 9.260786299767465035e-02 1.135180894562437398e-01 1.342967565558060294e-01 1.551507553495038438e-01 1.757303070918569965e-01 1.963343293128836931e-01 2.165603988715862904e-01 2.363518005399132538e-01 2.558828283476877186e-01 2.748879353552259874e-01 2.932767118310630750e-01 3.110282300436641445e-01 3.276230581833354805e-01 3.434994443952712473e-01 3.580035586252983126e-01 3.713866788317632950e-01 3.835835111861664037e-01 3.939223670724861792e-01 4.031606341505974411e-01 4.106975728803899939e-01 4.168773832936295554e-01 4.212917365658991331e-01 4.241914093416055409e-01 4.255417042427199759e-01 4.252961722582045412e-01 4.238091759462437325e-01 4.203984648317760087e-01 4.155779839179326585e-01 3.894945233215813540e-01
-2.146734184518924934e-02 -4.037299459934311913e-02 -5.862917192780894154e-02 -7.688159015560658283e-02 -9.500859343883476249e-02 -1.130574031486913933e-01 -1.311195839509863292e-01 -1.490220764866481140e-01 -1.666704197336387194e-01 -1.844434235397977018e-01 -2.021717257833847425e-01 -2.198165372341206736e-01 -2.376230032622050625e-01 -2.551398779920518445e-01 -2.729062171972256867e-01 -2.901972120828019142e-01 -3.074445383423483613e-01 -3.245322794284515311e-01 -3.408102341675705582e-01 -3.570224229176731656e-01 -3.724395443135392059e-01 -3.872957681430264643e-01 -4.014548843945805467e-01 -4.150045259419847810e-01 -4.274254946211685224e-01 -4.394534788047826379e-01 -4.502921706379421907e-01 -4.603582855359122927e-01 -4.695210843623556229e-01 -4.843620814562414334e-01
3.382846403092512610e-04 -1.615512019786886910e-02 -3.158715264666171751e-02 -4.633947206719850331e-02 -6.004167521996756074e-02 -7.289570350550357569e-02 -8.484850866890218668e-02 -9.582355919774324104e-02 -1.060172092548100076e-01 -1.158539383644663079e-01 -1.254555744940108464e-01 -1.353405578569969459e-01 -1.458163578919061676e-01 -1.573448481192218362e-01 -1.703605331965686309e-01 -1.846828596257551469e-01 -2.009350071643839220e-01 -2.193713391396308610e-01 -2.397921271386097286e-01 -2.623592718680138880e-01 -2.868534047441940737e-01 -3.131845443959131448e-01 -3.415422140934025741e-01 -3.714244478669326277e-01 -4.020237294356008295e-01 -4.345154834427102930e-01 -4.665969689796917730e-01 -4.997496704521942612e-01 -5.328648519698826469e-01 -6.050680672571027152e-01
2.886929195370285459e-02 4.535909177415514693e-02 5.429623005768183935e-02 6.087762296257727412e-02 6.558077104789432343e-02 6.828687733012173133e-02 6.926470798939382556e-02 6.795824549643104950e-02 6.498761339352744637e-02 6.012786489832139258e-02 5.365976500283951844e-02 4.571551432886910432e-02 3.639336409195777916e-02 2.623218906807940273e-02 1.511809542001530532e-02 3.616848653409935298e-03 -8.474416261288808538e-03 -2.083447408655366567e-02 -3.341867091037409310e-02 -4.607974628595892103e-02 -5.893435522881004807e-02 -7.183311048985641101e-02 -8.528612385868417078e-02 -9.906219819292313988e-02 -1.131429786123271941e-01 -1.283702736344609907e-01 -1.439728181542319629e-01 -1.611100429568554648e-01 -1.798582154427672830e-01 -2.438364585718085509e-01
5.538498286610436805e-02 7.120314425907491029e-02 8.645497536514958059e-02 1.016532118727281608e-01 1.168712919861496641e-01 1.318759169131614450e-01 1.468463004685266193e-01 1.615838402578767541e-01 1.760570899772351539e-01 1.904703775353407957e-01 2.046648054260975791e-01 2.187976173686809467e-01 2.328200153653215143e-01 2.465944236164861747e-01 2.604581061096375993e-01 2.739883844337586138e-01 2.875027613030188278e-01 3.010486035994984766e-01 3.141943549204415098e-01 3.272963601408281908e-01 3.400740355155553729e-01 3.526383232739052076e-01 3.648104730116071281e-01 3.764914259976938626e-01 3.875573004836291857e-01 3.981931927691719220e-01 4.080168765442103163e-01 4.169386045817112252e-01 4.250752772133535862e-01 4.327519796114160933e-01
-2.084018274897640743e-02 -3.741205799070834725e-02 -5.441233436624141884e-02 -7.174591432603683039e-02 -8.922301868478615949e-02 -1.069162325786410239e-01 -1.248759039374635615e-01 -1.430457814822334861e-01 -1.612399114818805212e-01 -1.799001476204943328e-01 -1.988288013465810966e-01 -2.180380837108070735e-01 -2.377479177023457679e-01 -2.575016123441484783e-01 -2.778673995762827587e-01 -2.980476428674804779e-01 -3.185425713383779889e-01 -3.392177682423314633e-01 -3.594174959372981037e-01 -3.797932889324293071e-01 -3.996759925494839938e-01 -4.192214106856252398e-01 -4.383902066832260358e-01 -4.571343938581750033e-01 -4.749023112003949443e-01 -4.925997035209389585e-01 -5.091253371264656824e-01 -5.251614486918019242e-01 -5.405131045678448487e-01 -5.715526347027248821e-01
-4.843041624171248727e-02 -8.014489493449783453e-02 -1.097328209625724332e-01 -1.390270445061731197e-01 -1.680200285491826317e-01 -1.965875188658627870e-01 -2.249978891084790100e-01 -2.527229538759964145e-01 -2.797171599858984115e-01 -3.063663032586056989e-01 -3.323724494153318387e-01 -3.574966451710643311e-01 -3.820360639169889660e-01 -4.051480652362568491e-01 -4.275902274984710871e-01 -4.483145594837155135e-01 -4.677908058095761046e-01 -4.858367714757830802e-01 -5.014910423060350286e-01 -5.160761779717827347e-01 -5.284498139761578672e-01 -5.391698698560237757e-01 -5.478552649537821173e-01 -5.549774551421746693e-01 -5.600421983564513040e-01 -5.636838040744918121e-01 -5.657016426457278646e-01 -5.660098346249292645e-01 -5.648195857983155932e-01 -5.518239899917272151e-01
5.178186224410416538e-02 7.608973250945480493e-02 9.670058322064639666e-02 1.154647661507572226e-01 1.324476643076414883e-01 1.470368482788440290e-01 1.596164686233942642e-01 1.690432227640181195e-01 1.760695886424318291e-01 1.803029592393541325e-01 1.818248248293795333e-01 1.807064215219239545e-01 1.769410690709908029e-01 1.707842340455477670e-01 1.623623936926093525e-01 1.519642482133303774e-01 1.396009490815286747e-01 1.256885452607857667e-01 1.104668767398747364e-01 9.461429928937536982e-02 7.812086366995328601e-02 6.164055867932735633e-02 4.492751934081412601e-02 2.859899948625266308e-02 1.298996684350486701e-02 -2.352079234966657217e-03 -1.641136168360714243e-02 -2.985412312402432183e-02 -4.258867102289075335e-02 -6.930233884901257357e-02
6.700879591653173539e-02 8.373185166254730472e-02 1.024179142883458182e-01 1.216907920038739210e-01 1.413940664115141133e-01 1.612752906529405783e-01 1.814617223672136959e-01 2.018909117759258021e-01 2.223724223048927084e-01 2.433079927228405381e-01 2.644471088344675369e-01 2.861249652495236884e-01 3.082695477966945763e-01 3.307226819331128276e-01 3.540134583782371114e-01 3.774412414389315407e-01 4.016302062282578467e-01 4.266165934846350982e-01 4.518662674526487955e-01 4.777219668927281671e-01 5.039250664008121383e-01 5.305107837661348080e-01 5.574880559431747429e-01 5.844829171662334621e-01 6.112004434293183408e-01 6.383740224083757075e-01 6.647121159693927250e-01 6.908303359206037220e-01 7.166501086332275339e-01 7.683491038037202348e-01
4.502085348323521530e-02 5.602381908712030650e-02 6.658243955579561113e-02 7.699534286783621395e-02 8.732046069186261139e-02 9.732628310595498045e-02 1.071595136003901105e-01 1.166214437815538130e-01 1.257487039624658187e-01 1.346251612278779319e-01 1.431610128705579910e-01 1.515129383881691494e-01 1.596055109221200807e-01 1.674319979544485748e-01 1.751993699912889890e-01 1.827098209700760423e-01 1.901676456598042353e-01 1.976699210594735634e-01 2.050145323587085899e-01 2.124005232854934144e-01 2.197465302261887854e-01 2.271454141209455213e-01 2.344915872003836832e-01 2.417104725433560364e-01 2.488065306425281675e-01 2.558326699304955265e-01 2.625964385136501100e-01 2.690177271828336769e-01 2.751934108784035993e-01 2.834100173138510703e-01
-4.719535036611482992e-02 -7.291915858834319142e-02 -1.000959984467734987e-01 -1.279083183348824759e-01 -1.560338581349959286e-01 -1.844386682566988012e-01 -2.132363003542895596e-01 -2.422498253815412173e-01 -2.712220820389946718e-01 -3.007727552254904069e-01 -3.305605900822740639e-01 -3.606698986515731731e-01 -3.913356057682108036e-01 -4.218850070552210285e-01 -4.532049326642910159e-01 -4.840891200369951131e-01 -5.153335009867465732e-01 -5.467932715663481602e-01 -5.775604755277912172e-01 -6.086165293375922491e-01 -6.390880108166878681e-01 -6.692638171076323861e-01 -6.991446470741977670e-01 -7.286440344427100868e-01 -7.570738715159428533e-01 -7.858053924045245164e-01 -8.132105350471264815e-01 -8.403959515710215378e-01 -8.671659876835526859e-01 -9.269885689756280911e-01
4.424609643478407198e-03 -9.640246395925856221e-03 -2.134257403390737301e-02 -3.252831792180846393e-02 -4.324304594001523311e-02 -5.351551938862689900e-02 -6.344347099629979447e-02 -7.273239013441570866e-02 -8.144039695235200105e-02 -8.966854957219258515e-02 -9.734722497025478927e-02 -1.042168063223437580e-01 -1.105066975754491754e-01 -1.158378326218303805e-01 -1.204245368120996362e-01 -1.239414132893073978e-01 -1.264235765835121095e-01 -1.277685896975648272e-01 -1.275614382235105981e-01 -1.264637094259367656e-01 -1.238441244783163309e-01 -1.199989419420310899e-01 -1.146477772243284371e-01 -1.082087758807834532e-01 -1.004286119202675298e-01 -9.135990455615111694e-02 -8.135788193979109906e-02 -7.000854480756765752e-02 -5.739999383798473354e-02 -2.028511128322783158e-02
-5.849750294222706704e-02 -8.557815893522904838e-02 -1.147892587330352765e-01 -1.454947033627157493e-01 -1.775197708929791007e-01 -2.108973913594306970e-01 -2.457616718380820631e-01 -2.821904725571241501e-01 -3.195227471921326945e-01 -3.586239172485822801e-01 -3.989168402486326648e-01 -4.402622648650136306e-01 -4.828792829962382238e-01 -5.255179438290558114e-01 -5.692281221572146332e-01 -6.122508978579659367e-01 -6.554130493771924693e-01 -6.982899584456523367e-01 -7.394111241553932290e-01 -7.799813631399961089e-01 -8.186957349278822793e-01 -8.558031155495893216e-01 -8.911151437377088369e-01 -9.245485632438491530e-01 -9.553086207481689129e-01 -9.848142211976467220e-01 -1.011549349190175251e+00 -1.036288671303788655e+00 -1.059247550130780535e+00 -1.100370993084934579e+00
6.555185605956838357e-03 -4.421273635237027780e-03 -1.314674494974451928e-02 -2.114558822481897582e-02 -2.841146204131327763e-02 -3.497815845639615229e-02 -4.092749497928119262e-02 -4.593255345860778466e-02 -5.018921591939222437e-02 -5.370510996719711494e-02 -5.651343993091458712e-02 -5.846819945257131224e-02 -5.979193029935615800e-02 -6.033997011462981230e-02 -6.026812448969223746e-02 -5.946674310140583064e-02 -5.797150227170286968e-02 -5.577895956914617065e-02 -5.272952706437253334e-02 -4.931294058725107371e-02 -4.512756301815266935e-02 -4.043901828827038691e-02 -3.509338944972523189e-02 -2.943095859616813928e-02 -2.324791620150238464e-02 -1.664726922919263982e-02 -9.798131840971396542e-03 -2.582098178164743060e-03 5.103708589096263293e-03 2.460439262159042073e-02
-1.947609438329767767e-03 -5.973111692322579172e-03 -1.281370259621118259e-02 -2.071181639876509828e-02 -2.942920984296364811e-02 -3.902861860795998894e-02 -4.946292421792029131e-02 -6.086514069701751128e-02 -7.288502478873923329e-02 -8.583331242041598863e-02 -9.946358940833391338e-02 -1.136361917782138242e-01 -1.284443241367480004e-01 -1.433100714978309542e-01 -1.585915787242864750e-01 -1.735812545884221625e-01 -1.885843853954554394e-01 -2.033559774408278120e-01 -2.174484309551952266e-01 -2.312826165776215026e-01 -2.444240458272643468e-01 -2.569730811261610182e-01 -2.690160897782808425e-01 -2.805730013772643749e-01 -2.913579685917509488e-01 -3.020857986957308228e-01 -3.121528568206868304e-01 -3.221319993787339908e-01 -3.320930609258532229e-01 -3.592672317194676168e-01
1.314633789007892128e-01 1.740187419301903182e-01 2.199256244609169297e-01 2.665264508692438694e-01 3.134109874381293404e-01 3.599512350289590934e-01 4.065261057991443883e-01 4.525308405298029135e-01 4.978317338205681120e-01 5.430981147019772193e-01 5.878317406533735134e-01 6.324668822686477787e-01 6.770319379246571012e-01 7.209599711382601583e-01 7.654531148817739217e-01 8.089586398394829070e-01 8.527551947560925161e-01 8.968695117354965607e-01 9.401856834649725547e-01 9.839737096878214961e-01 1.027370934622092502e+00 1.070857205364672993e+00 1.114333865432751036e+00 1.157568438832758506e+00 1.199937053020089683e+00 1.242956997439694566e+00 1.284548934095213424e+00 1.325787990103540093e+00 1.366506303953294310e+00 1.448808168400243179e+00
4.215370107145528095e-03 -6.712466335207218152e-03 -1.560706308375991828e-02 -2.390995992515138752e-02 -3.162849419209202984e-02 -3.878928538404806392e-02 -4.547607743344052322e-02 -5.138359811425872309e-02 -5.664823677666064317e-02 -6.129208443745924606e-02 -6.530725863805866838e-02 -6.849445257199904269e-02 -7.106557370653242278e-02 -7.276772043110818489e-02 -7.377191627810464336e-02 -7.389375751138456405e-02 -7.315988362810023349e-02 -7.151366710005879757e-02 -6.873724123078153725e-02 -6.537337283430565138e-02 -6.096483793569033860e-02 -5.579684154849072486e-02 -4.968970615214358955e-02 -4.302890421921944791e-02 -3.563289123267176367e-02 -2.757652322821311716e-02 -1.915099877391909788e-02 -1.015018065889273895e-02 -5.734895422095168116e-04 2.358348413699175999e-02
3.061749841067335637e-02 2.888970486835001558e-02 3.075620457100694885e-02 3.354245236603152491e-02 3.703652381014227446e-02 4.109506734234177894e-02 4.567588450856717441e-02 5.098890496034062803e-02 5.682900433807910878e-02 6.338160298030209860e-02 7.052240266769810306e-02 7.859669678009251204e-02 8.741051022855769737e-02 9.709072918266023478e-02 1.077860839399452098e-01 1.192858422932468049e-01 1.319265944016421721e-01 1.457825025147807541e-01 1.608428374851413323e-01 1.768521615714626072e-01 1.941041970057626187e-01 2.124123862914589489e-01 2.320437823373492636e-01 2.524989266935481202e-01 2.737644893651213218e-01 2.963301014392011323e-01 3.191331586528181052e-01 3.429554272185270647e-01 3.676535341128058798e-01 4.284621161373552978e-01
8.387009954508174714e-03 -2.200855020175808766e-03 -1.177117481068703890e-02 -2.021078184500466057e-02 -2.720076993161781032e-02 -3.261469092147552262e-02 -3.651718446952105512e-02 -3.827579805364035581e-02 -3.844803222571989421e-02 -3.684348421568921922e-02 -3.364367751763304437e-02 -2.898111035484551498e-02 -2.305278509716487956e-02 -1.620528874304548450e-02 -8.553810044866782397e-03 -3.702005521818412664e-04 8.192128299860771540e-03 1.684356988884115613e-02 2.518317820421640818e-02 3.286871314041880238e-02 3.982595936555761301e-02 4.569224018095191520e-02 5.028803544454847618e-02 5.333170540543979987e-02 5.491813065954135459e-02 5.466114840065661173e-02 5.285458995779876434e-02 4.884234814329326685e-02 4.316025875553002739e-02 1.398098169596536863e-02
5.809377615048273019e-02 7.817536198215262189e-02 9.637563900271425843e-02 1.139180903337272677e-01 1.309352823857915238e-01 1.469968395488533697e-01 1.624006597805370822e-01 1.765288087959724361e-01 1.896036526641055042e-01 2.015720418696392291e-01 2.123062972997509790e-01 2.217888108241689027e-01 2.299779029654659690e-01 2.366816595863613093e-01 2.421730636909335266e-01 2.462080018195103304e-01 2.489146927098797868e-01 2.504153069066482606e-01 2.504461469586298228e-01 2.496409012173023689e-01 2.477041326626878703e-01 2.450579746530997249e-01 2.414021382387472325e-01 2.370874498258810081e-01 2.322540783509364770e-01 2.266975896388391531e-01 2.210055585522492372e-01 2.145696173815024310e-01 2.077367023003519608e-01 1.858573482403977351e-01
1.027101914398387619e-03 -5.550854723556278292e-03 -1.318850813698258656e-02 -2.121300834645889477e-02 -2.946350652648696902e-02 -3.795654875775712062e-02 -4.670764469692299803e-02 -5.562584081539109770e-02 -6.459146254162431711e-02 -7.376348667561427597e-02 -8.299882362440183514e-02 -9.213107519164873138e-02 -1.012953494154890111e-01 -1.100562142588563525e-01 -1.186939616152611482e-01 -1.267294070154580954e-01 -1.343540699754634249e-01 -1.414108543175072730e-01 -1.475890374247542658e-01 -1.533670107814048555e-01 -1.583276087987973701e-01 -1.626766265940445544e-01 -1.664048982783972175e-01 -1.697094661709272478e-01 -1.723761814297962158e-01 -1.748563955679883208e-01 -1.769511443247274718e-01 -1.789344654242060462e-01 -1.808457243886606447e-01 -1.885387891640751268e-01
-9.092734769824259433e-02 -1.339845852495435141e-01 -1.791152346027263254e-01 -2.252818390282771144e-01 -2.720758997128256418e-01 -3.192757211623776792e-01 -3.671539871700772451e-01 -4.152920510624118489e-01 -4.632845534253397513e-01 -5.120384684442209622e-01 -5.609403295345863905e-01 -6.100439519841547309e-01 -6.596369186071331381e-01 -7.085120848240080704e-01 -7.580796161126023280e-01 -8.064046401665354580e-01 -8.546551939779933882e-01 -9.026286286366789202e-01 -9.488573885650506412e-01 -9.950023915128879404e-01 -1.039703524349032238e+00 -1.083521464824480640e+00 -1.126398014530642477e+00 -1.168313419922765162e+00 -1.208405848419935591e+00 -1.248612640577035471e+00 -1.286846906951603753e+00 -1.324545577506518690e+00 -1.361675488992828420e+00 -1.444948251457544686e+00
-4.154021695502689571e-02 -4.201598967287833997e-02 -5.264689756636208029e-02 -6.799498839326520438e-02 -8.777443299382770014e-02 -1.121578810645461471e-01 -1.410101484848362563e-01 -1.753705691127639965e-01 -2.135571446058122103e-01 -2.566744255225031912e-01 -3.037040604740294247e-01 -3.541498308225933256e-01 -4.079170417380199587e-01 -4.628323750534332204e-01 -5.198978296912409869e-01 -5.766392431834128640e-01 -6.338062330821054857e-01 -6.903939554662217315e-01 -7.446421132318283842e-01 -7.973722331836313737e-01 -8.473621794201593449e-01 -8.945270277089627520e-01 -9.389638710418131140e-01 -9.803270492607700781e-01 -1.018090314830003340e+00 -1.053928039272107542e+00 -1.086412506425453284e+00 -1.116600180598377179e+00 -1.145497218009496887e+00 -1.211972247008562320e+00
1.351694314821860476e-01 1.864929063336042137e-01 2.374705470475131919e-01 2.879050202307705808e-01 3.376006759486103181e-01 3.856941622196837782e-01 4.327592187205359098e-01 4.775554026454204015e-01 5.203609039446372986e-01 5.614775861399492474e-01 6.004793237750075674e-01 6.375196635415398827e-01 6.726734617208663947e-01 7.053158369772843939e-01 7.365326785622248185e-01 7.650925719978204365e-01 7.919187643765557283e-01 8.171785518694698602e-01 8.399430738840707455e-01 8.619127582181754788e-01 8.821266737042559036e-01 9.015142393714973279e-01 9.197072974699822545e-01 9.371626436300060092e-01 9.536135741526099441e-01 9.698813059001316628e-01 9.854622953662908191e-01 1.000447141322292177e+00 1.015052800961588231e+00 1.040974142866107455e+00
6.189505622615863040e-03 -1.083291544742839493e-03 -8.956594030485303531e-03 -1.648462420956980923e-02 -2.328976822415427736e-02 -2.944222282275078817e-02 -3.489167726987317530e-02 -3.946828970327264513e-02 -4.338899879442472546e-02 -4.678657938834389352e-02 -4.975614935888932056e-02 -5.258317026714626197e-02 -5.545245647393698407e-02 -5.865086105546327144e-02 -6.242038085071849318e-02 -6.672681936510785339e-02 -7.194658070161473462e-02 -7.825689027777486817e-02 -8.577194925786327251e-02 -9.463066765363527255e-02 -1.048377897843898038e-01 -1.164568894829949020e-01 -1.297654205526812266e-01 -1.445880210587689174e-01 -1.605453570663655793e-01 -1.784676841563037075e-01 -1.970467109225753077e-01 -2.174721957234730663e-01 -2.390399321662201870e-01 -2.988608611787367808e-01
