-1.571097182568603062e-03 1.862939367496152521e-02 4.076973436881576457e-02 6.323641673281722719e-02 8.583421291617913951e-02 1.084674617535379137e-01 1.310613159121572502e-01 1.535248654653886269e-01 1.757259201768538170e-01 1.974785193147817752e-01 2.185435779813982293e-01 2.386405810926304494e-01 2.574668558798717810e-01 2.747184662879806338e-01 2.901099658016754734e-01 3.033907838591236583e-01 3.143580989749378274e-01 3.228661952441863048e-01 3.288318846572835796e-01 3.322356788836679509e-01 3.331179199099899013e-01 3.315702629639468157e-01 3.277228389255036900e-01 3.217284403269974336e-01 3.137463675230879323e-01 3.039264429099760578e-01 2.923941876377200155e-01 2.792358879612246714e-01 2.644740499104014653e-01 2.201215585842267730e-01
2.312158468041701845e-02 3.947590822283406076e-02 5.482714788481023865e-02 6.957556666648179178e-02 8.351952608223604801e-02 9.653393429664265668e-02 1.085376477575383108e-01 1.194681472299423952e-01 1.292663606909320584e-01 1.378701845707983875e-01 1.452142360842621494e-01 1.512344666516615144e-01 1.558761293012446147e-01 1.591026036532944832e-01 1.609034276624326798e-01 1.612996418840676460e-01 1.603455722141273743e-01 1.581267852898309567e-01 1.547544640232044466e-01 1.503564862781083811e-01 1.450660448443519546e-01 1.390089705469128023e-01 1.322914130563799806e-01 1.249901591696585823e-01 1.171477833378465894e-01 1.087718886753715475e-01 9.983608438898969317e-02 9.027559281088409771e-02 7.996015019256194623e-02 4.757549234477505967e-02
9.030240347367206322e-03 -8.514777312711205304e-03 -2.260421621325629446e-02 -3.549646245293145569e-02 -4.729219052779010113e-02 -5.794475366466948080e-02 -6.735733409781066716e-02 -7.542650696678990241e-02 -8.207266081726405371e-02 -8.725688679276183413e-02 -9.098232333967791463e-02 -9.328123000446242319e-02 -9.419638629937060470e-02 -9.376493429760904275e-02 -9.201061444740417372e-02 -8.894564093058954235e-02 -8.457943355877679814e-02 -7.892911432968925667e-02 -7.202843260342908782e-02 -6.393189552880960969e-02 -5.471493245788991433e-02 -4.447064082339560742e-02 -3.330481940046828293e-02 -2.133147562538290076e-02 -8.669306979954568768e-03 4.559714374947813550e-03 1.823047340393063598e-02 3.221472437585720661e-02 4.638859725390903632e-02 8.087849306637702462e-02
1.556236177669407389e-02 1.760567501302019028e-02 1.988981456493682173e-02 2.220190664291742111e-02 2.442565685650720242e-02 2.648784414676121773e-02 2.834172826846561438e-02 2.995965421824079572e-02 3.133177442168045418e-02 3.246944828934495569e-02 3.341098405705270058e-02 3.422674065262277382e-02 3.501861461594766439e-02 3.591076504962109617e-02 3.703243977887260563e-02 3.849805419527284334e-02 4.039150130997390398e-02 4.275991084323249591e-02 4.561640799253355305e-02 4.894892080259410222e-02 5.272969945315893886e-02 5.692273172647820123e-02 6.148791961671661033e-02 6.638249089598130537e-02 7.156123957621733644e-02 7.697561107663118685e-02 8.257128003979834208e-02 8.828119999162782616e-02 9.400747823902927403e-02 1.039661325326482061e-01
2.614059072733212682e-02 3.698213017941306968e-02 4.225964246031353733e-02 4.587341066123527128e-02 4.799404781494811395e-02 4.871571796973213353e-02 4.814937341473747578e-02 4.642104753428574759e-02 4.365966086158944159e-02 3.998829100597153102e-02 3.552138306423996417e-02 3.036782537906330265e-02 2.463671630294916870e-02 1.844225965304388190e-02 1.190500300115329528e-02 5.148015064125975940e-03 -1.711219033700046160e-03 -8.570821150364454563e-03 -1.535403107440383441e-02 -2.201683786287442907e-02 -2.855339661419939792e-02 -3.500002807489061701e-02 -4.143807950494719089e-02 -4.799533483518260424e-02 -5.484587042681333957e-02 -6.221073602781974909e-02 -7.036503390180348649e-02 -7.966671310925527161e-02 -9.064743854136356194e-02 -1.384249184659779586e-01
-5.013964413055543856e-03 1.570457107906501198e-02 3.969643777961689990e-02 6.472900182703701655e-02 9.069968970847372414e-02 1.176103372221146137e-01 1.455120551891707081e-01 1.744919444446939583e-01 2.046616903807794707e-01 2.361489548227218016e-01 2.690898714356340093e-01 3.036196911770440154e-01 3.398580172022087620e-01 3.778860228077717265e-01 4.177196291572494724e-01 4.592857678275699684e-01 5.024101346644507249e-01 5.468222960640102270e-01 5.921763109135843584e-01 6.380821320025876764e-01 6.841385575988757628e-01 7.299597417428700385e-01 7.751916476886915319e-01 8.195129971502279620e-01 8.626218414225148567e-01 9.042066055249147194e-01 9.438988001954948803e-01 9.811964462643789631e-01 1.015316612630229987e+00 1.060184467407452757e+00
9.915053599426876252e-03 3.868599702507633659e-02 6.616808718193366301e-02 9.326257418725290849e-02 1.198450489500307581e-01 1.457232256362306910e-01 1.706938996300222944e-01 1.945729975750879470e-01 2.172183735863388587e-01 2.385447399799531243e-01 2.585257493273474538e-01 2.771837084737158730e-01 2.945729519030697574e-01 3.107626807609065178e-01 3.258242929814635369e-01 3.398238700028138326e-01 3.528190875269071047e-01 3.648593760415883014e-01 3.759878924086730856e-01 3.862447393979274168e-01 3.956700684366348808e-01 4.043064514435290580e-01 4.121999295398674490e-01 4.193989579934327416e-01 4.259519227468592795e-01 4.319017667948149564e-01 4.372764643788994432e-01 4.420711680009238309e-01 4.462077740611378185e-01 4.474649489309339701e-01
1.290536790593138639e-02 1.062304351093309659e-02 1.060114532851362534e-02 1.069097536988899630e-02 1.047615674932447435e-02 9.770272847589122137e-03 8.493835939008551397e-03 6.636647706418042844e-03 4.245088809365141908e-03 1.418037901079699167e-03 -1.696630158313693071e-03 -4.906814111885739182e-03 -7.983853461132693619e-03 -1.067249822435772932e-02 -1.270255858197774645e-02 -1.380152045205811431e-02 -1.370750887959174859e-02 -1.218163150391532966e-02 -9.020010037474275599e-03 -4.064695986595678531e-03 2.786553204088920016e-03 1.157295852482846318e-02 2.226746571487687662e-02 3.477840024099309452e-02 4.895757924495918595e-02 6.461359923515455628e-02 8.152917878398778517e-02 9.948020455507464166e-02 1.182629179336334435e-01 1.675073802352579078e-01
1.267409273080019952e-02 -8.513576408119734318e-04 -9.982654523278325712e-03 -1.811451214096333404e-02 -2.541089518750721393e-02 -3.176140495888542248e-02 -3.695542035486566734e-02 -4.075842057598409729e-02 -4.296097512255080131e-02 -4.340506638330392242e-02 -4.198773275179071285e-02 -3.864683344397030346e-02 -3.334188894233695161e-02 -2.604158303407960381e-02 -1.672342517610363871e-02 -5.383328972892072184e-03 7.951803246323323193e-03 2.321593702935085754e-02 4.030219622198204232e-02 5.906744251623066017e-02 7.933845225997165906e-02 1.009170707121213595e-01 1.235834112465598322e-01 1.470963361161267691e-01 1.711931652821881977e-01 1.955889354944267966e-01 2.199743519515492962e-01 2.440094693930416059e-01 2.673082754356332913e-01 3.134892538854545108e-01
1.512833640990728090e-02 2.411428849474878469e-02 3.134649810383297042e-02 3.769537277640569450e-02 4.298203198966871891e-02 4.709187597757882870e-02 4.996819404103153284e-02 5.160335897136331812e-02 5.203946852651199911e-02 5.137378751819923067e-02 4.976201048534667493e-02 4.741479477623326833e-02 4.458421245483386308e-02 4.154051137323104548e-02 3.854341370061654948e-02 3.581493133087235159e-02 3.352081804036900758e-02 3.176419220903974050e-02 3.058921094943797131e-02 2.998977226174110930e-02 2.991762033608167878e-02 3.028727790423216271e-02 3.097792133604169995e-02 3.183417666587275846e-02 3.266822780433609880e-02 3.326301243650434114e-02 3.337420730448342060e-02 3.272397198165723220e-02 3.097007172159092075e-02 1.523501598180640459e-02
2.240775239282361692e-03 2.725858604301624119e-02 5.034048781748784451e-02 7.148580293231532323e-02 9.012576591481585853e-02 1.059135441646324727e-01 1.186473243567756491e-01 1.282638847047457009e-01 1.348619335965461075e-01 1.387230311386589421e-01 1.403082106199247669e-01 1.402258233723561454e-01 1.391778264858833380e-01 1.378976069769529966e-01 1.370927998037923534e-01 1.374020810752358546e-01 1.393696556912693285e-01 1.434366367269978293e-01 1.499428771534460914e-01 1.591313507441787789e-01 1.711486581051478439e-01 1.860396076954537736e-01 2.037397100146638995e-01 2.240714549571569958e-01 2.467510288889644410e-01 2.714065513710524624e-01 2.976019464988829411e-01 3.248512663692906255e-01 3.525965087056387448e-01 4.097557331881065967e-01
7.803967948197963050e-03 -2.792769695873065922e-02 -5.843176599288102402e-02 -8.685829455099396135e-02 -1.131252342726834087e-01 -1.369976456121614894e-01 -1.581994724250734563e-01 -1.764699008396458380e-01 -1.916090332229148929e-01 -2.035032175882943439e-01 -2.121225953302925127e-01 -2.174964439342161326e-01 -2.196865744793311259e-01 -2.187755295851634973e-01 -2.148758338021641290e-01 -2.081515356004596806e-01 -1.988370421186586023e-01 -1.872411785110718596e-01 -1.737350969328175787e-01 -1.587278173832011308e-01 -1.426382297069753446e-01 -1.258696767064022837e-01 -1.087910012074781302e-01 -9.172773667347682014e-02 -7.496389100157649366e-02 -5.875406845447257720e-02 -4.334331221410420154e-02 -2.899128992292390739e-02 -1.599426010991978134e-02 5.755387606958289881e-03
2.933327960818174138e-02 3.670219094105653390e-02 4.490155372754903174e-02 5.377009089922728940e-02 6.334672394376500426e-02 7.362560267373366441e-02 8.456724297474452201e-02 9.609156456133689794e-02 1.080651601120187488e-01 1.202944186072665428e-01 1.325312158774185067e-01 1.444922626936576138e-01 1.558878681021295676e-01 1.664519309786933743e-01 1.759658155398538537e-01 1.842708480567478435e-01 1.912690514228343186e-01 1.969157660661506326e-01 2.012090733523915209e-01 2.041814493152816212e-01 2.058951504542768096e-01 2.064415767891658038e-01 2.059422391477142289e-01 2.045487436928206115e-01 2.024402117480944008e-01 1.998163763420731653e-01 1.968868215860474780e-01 1.938566926413115010e-01 1.909053097383651143e-01 1.829145281670009060e-01
2.303248013534851465e-02 5.643901275601340140e-05 -1.828902202321902593e-02 -3.428986354499809208e-02 -4.765346562628252486e-02 -5.807397833688632272e-02 -6.527536203620867838e-02 -6.905087518603927887e-02 -6.931263484212085713e-02 -6.612661343303216643e-02 -5.971489844774751504e-02 -5.042327482721317700e-02 -3.866969656395476129e-02 -2.489327247993580391e-02 -9.518537921654938658e-03 7.060509691846085165e-03 2.448086991278760477e-02 4.240476960895284836e-02 6.051519152387403733e-02 7.851943424133762950e-02 9.616022950867704477e-02 1.132315196191977652e-01 1.295933011030538373e-01 1.451777828642881185e-01 1.599826483578782321e-01 1.740487716771276783e-01 1.874235012716611581e-01 2.001097427961704145e-01 2.119931433236955376e-01 2.299501956549624415e-01
2.203983485317447671e-02 5.174727731506942319e-04 -1.645936623776237534e-02 -3.236512685882570600e-02 -4.737837651441538511e-02 -6.138245173839378815e-02 -7.416476977191746589e-02 -8.551128953396024135e-02 -9.526851047839415831e-02 -1.033764784767508133e-01 -1.098697463046413442e-01 -1.148499959101599160e-01 -1.184456044868935631e-01 -1.207740038533514915e-01 -1.219181891004885998e-01 -1.219200125299040594e-01 -1.207865248349607179e-01 -1.185022477166878807e-01 -1.150426312062548528e-01 -1.103850854272077631e-01 -1.045181949897238394e-01 -9.744860702946248066e-02 -8.920567940416609942e-02 -7.984325745158826759e-02 -6.943687752739177710e-02 -5.807607841300105322e-02 -4.585096321057866020e-02 -3.283144062864013640e-02 -1.902746126902655002e-02 1.963929235440790844e-02
6.894230349037048719e-03 1.755983595460838820e-02 3.128222598488944461e-02 4.574098325473962418e-02 6.067706829265830104e-02 7.598412469652868206e-02 9.160968848074564630e-02 1.075210369933201071e-01 1.236866828432492682e-01 1.400688732278218551e-01 1.566247107659815563e-01 1.733125395800163837e-01 1.900979407329729254e-01 2.069540159052817851e-01 2.238556297014017149e-01 2.407708109805996588e-01 2.576543376800878860e-01 2.744472224942517968e-01 2.910810320643572036e-01 3.074849996752750947e-01 3.235920196817412275e-01 3.393417758238396198e-01 3.546809215413164740e-01 3.695599489067553645e-01 3.839285204347129832e-01 3.977289758362566041e-01 4.108879592893202592e-01 4.233044364735923937e-01 4.348291154707247808e-01 4.544322975267979792e-01
3.369234290957517225e-03 -1.293916257499726566e-02 -2.896759290150081184e-02 -4.532600011360445047e-02 -6.220250151787359155e-02 -7.968113013252592358e-02 -9.778809934023076356e-02 -1.165066973370056658e-01 -1.357794510520254350e-01 -1.555059688810118135e-01 -1.755410677782689166e-01 -1.956956396131274145e-01 -2.157446982207691100e-01 -2.354429768744763507e-01 -2.545463249763652014e-01 -2.728333215731590933e-01 -2.901213877033935740e-01 -3.062738459163926730e-01 -3.211992774507980708e-01 -3.348467787848067312e-01 -3.472013050202453210e-01 -3.582808693716611481e-01 -3.681357453135808422e-01 -3.768473551677826716e-01 -3.845251221646943662e-01 -3.913008614684793107e-01 -3.973215169496500110e-01 -4.027450869342600326e-01 -4.077447654119783493e-01 -4.193019005476933403e-01
8.741202781356819523e-03 1.158298185273841374e-02 1.539462764089665966e-02 1.933623082366405649e-02 2.315156991050711446e-02 2.667174607869420705e-02 2.976703844240907379e-02 3.232931856128717918e-02 3.426586531908682592e-02 3.549923492452489865e-02 3.596989680472519046e-02 3.564022180341872015e-02 3.449793105981446839e-02 3.255767965753044585e-02 2.985994919549136289e-02 2.646729396163248829e-02 2.245891697563844047e-02 1.792492747537964212e-02 1.296072438443712262e-02 7.662132026391570670e-03 2.120920261085650158e-03 -3.578601061181587405e-03 -9.361954253502478146e-03 -1.516516480754407856e-02 -2.093301383836603316e-02 -2.661576160571005670e-02 -3.216388070275501970e-02 -3.752080268839211308e-02 -4.260952963247509329e-02 -5.117125800557912468e-02
-2.260115340209648688e-03 -1.722132402114617822e-02 -3.265426509525330701e-02 -4.878902336329837830e-02 -6.583072883278601184e-02 -8.383839624605637919e-02 -1.027990454860217839e-01 -1.226697644201936582e-01 -1.434000494858086450e-01 -1.649414106389577306e-01 -1.872475181504805186e-01 -2.102664240763294778e-01 -2.339295959959596105e-01 -2.581406269863850134e-01 -2.827675590185382282e-01 -3.076412938416759890e-01 -3.325611291025766247e-01 -3.573066127812001280e-01 -3.816538741507100596e-01 -4.053940487733120879e-01 -4.283514342020764976e-01 -4.503984546777624609e-01 -4.714657042878976356e-01 -4.915436233038268932e-01 -5.106749278426001570e-01 -5.289382801094054676e-01 -5.464245614295720754e-01 -5.632092498700194128e-01 -5.793193977694228725e-01 -6.119977180991755805e-01
-1.947591303156040454e-03 2.171904962046563095e-02 4.865811912820303120e-02 7.589629789197102627e-02 1.029787825484161090e-01 1.296735636965072602e-01 1.557952477956602855e-01 1.811283775217414349e-01 2.053817295615177618e-01 2.281666619664288742e-01 2.489995516913910689e-01 2.673265064020635684e-01 2.825665034284592370e-01 2.941633690924247979e-01 3.016383253950544741e-01 3.046336769987048054e-01 3.029415837935008904e-01 2.965147295446057818e-01 2.854600418747049173e-01 2.700187559559865114e-01 2.505376483720367919e-01 2.274367080534415164e-01 2.011764203466314682e-01 1.722299700746038886e-01 1.410639913787975208e-01 1.081292455735300140e-01 7.386298637077215457e-02 3.870423508449011979e-02 3.122402278871170764e-03 -7.740346199180482556e-02
8.484965991366388849e-03 2.750694666254305254e-02 5.382806142174599573e-02 8.223213501008908022e-02 1.124409912521984328e-01 1.444121530407788123e-01 1.781496335972247436e-01 2.136395376386041600e-01 2.508080966401838308e-01 2.894989863396859597e-01 3.294717473042619860e-01 3.704184982866793874e-01 4.119916195459993324e-01 4.538312017105477492e-01 4.955869313747289784e-01 5.369321385806262725e-01 5.775721985091994970e-01 6.172511322347973284e-01 6.557577561356445761e-01 6.929327424475112407e-01 7.286737941010118513e-01 7.629372633592497177e-01 7.957351796557894374e-01 8.271250140709101029e-01 8.571947213237131047e-01 8.860430824453493504e-01 9.137576206597579631e-01 9.403923891677344882e-01 9.659437687283761731e-01 1.017124987067922870e+00
2.290613289467632874e-02 2.778387610230255433e-02 3.045877421451064632e-02 3.157958422512674446e-02 3.074473713621261872e-02 2.773327906805021434e-02 2.243448391400686831e-02 1.481364743057486319e-02 4.900905701180874319e-03 -7.213760109761021937e-03 -2.138816312172782397e-02 -3.743580574189627613e-02 -5.512885883223297978e-02 -7.419155188012974134e-02 -9.428709327528389528e-02 -1.150074629714798180e-01 -1.358765813560275371e-01 -1.563714484532498505e-01 -1.759581329085502799e-01 -1.941345068493125492e-01 -2.104706453118213028e-01 -2.246396115330222543e-01 -2.364347919250419372e-01 -2.457703559449790354e-01 -2.526647591948790739e-01 -2.572101138476675097e-01 -2.595323878395954242e-01 -2.597505209191910414e-01 -2.579366156648243424e-01 -2.420393496130090194e-01
1.400916518139028177e-02 5.878313248559875748e-02 1.106754152631505561e-01 1.640403204838785378e-01 2.182826268297898553e-01 2.730328250824377578e-01 3.279893038362587387e-01 3.829090063820996259e-01 4.376177797922916612e-01 4.920178308370812270e-01 5.460805681168157122e-01 5.998231924696244555e-01 6.532777504756009934e-01 7.064602417009022695e-01 7.593494844003717548e-01 8.118784965696519418e-01 8.639380239488845259e-01 9.153895642563171231e-01 9.660826174584844495e-01 1.015872873015614797e+00 1.064636874893087892e+00 1.112280368768569616e+00 1.158740443805333253e+00 1.203978137047495123e+00 1.247963981319383908e+00 1.290655284552745918e+00 1.331963837681803486e+00 1.371708899230061007e+00 1.409532266122618838e+00 1.477378272823483885e+00
1.694051232277589414e-02 4.190654034845256448e-02 7.290358850169960381e-02 1.052281261899856296e-01 1.384281240035516169e-01 1.723186605223567536e-01 2.067846384773839863e-01 2.417168024188499631e-01 2.769764468345649044e-01 3.123779186664374374e-01 3.476871503135107733e-01 3.826349298766185680e-01 4.169418070050783243e-01 4.503466276226685272e-01 4.826327728594754785e-01 5.136460310129120632e-01 5.433018562248366212e-01 5.715836911089908767e-01 5.985349809808114818e-01 6.242495673117153254e-01 6.488614001847025081e-01 6.725348433389768399e-01 6.954554709374185517e-01 7.178202348467481730e-01 7.398290346787322891e-01 7.616774172526267206e-01 7.835520475721724498e-01 8.056320011159139316e-01 8.281029574001241844e-01 8.845128899539750345e-01
2.982892126162381072e-02 1.544545551758782706e-02 1.592848348023860605e-03 -1.265669432295428790e-02 -2.750491540033909998e-02 -4.295120472487889279e-02 -5.890473688296296584e-02 -7.524298369451445923e-02 -9.184496957888607649e-02 -1.086065020628676769e-01 -1.254396816851479357e-01 -1.422595196189499478e-01 -1.589659466942062449e-01 -1.754283864351609545e-01 -1.914787557414732444e-01 -2.069146134513456803e-01 -2.215108271978095400e-01 -2.350359752032646077e-01 -2.472705869652509492e-01 -2.580246690753785210e-01 -2.671538984176040632e-01 -2.745726031133686185e-01 -2.802621152684557915e-01 -2.842715913395294502e-01 -2.867095794015365184e-01 -2.877265173933213904e-01 -2.874898443769036138e-01 -2.861550312000487595e-01 -2.838291959122295482e-01 -2.723105809735059668e-01
6.737141763244539061e-03 2.227120113352915043e-02 3.959296736066544170e-02 5.721305831646157636e-02 7.484018346772419727e-02 9.232032502491002712e-02 1.095490177877105481e-01 1.264355143350843202e-01 1.428841303353815817e-01 1.587873666977886455e-01 1.740280855699630203e-01 1.884875923894482330e-01 2.020553995659015167e-01 2.146357835949701809e-01 2.261501645875048372e-01 2.365367114827576778e-01 2.457502128170319933e-01 2.537641411708125849e-01 2.605738703569701054e-01 2.661991081650987856e-01 2.706831252364144680e-01 2.740883208172374963e-01 2.764890726925208209e-01 2.779634636812511328e-01 2.785862863090390329e-01 2.784231374442005524e-01 2.775245722675573901e-01 2.759160761958833197e-01 2.735712112201246216e-01 2.605437451283011407e-01
1.552544053891747634e-02 -3.817073842931725108e-03 -2.192316117957599994e-02 -4.000188056634712552e-02 -5.819187601708890323e-02 -7.653544159253189427e-02 -9.503719202346266881e-02 -1.136846063737529111e-01 -1.324563816139620043e-01 -1.513243762200224274e-01 -1.702509521330236586e-01 -1.891830481924101637e-01 -2.080480123716214602e-01 -2.267534899664148951e-01 -2.451923181621489534e-01 -2.632503996714431471e-01 -2.808145194275320500e-01 -2.977779331280085984e-01 -3.140441122517231287e-01 -3.295297270146293478e-01 -3.441682845562182291e-01 -3.579139315575581293e-01 -3.707448199595345106e-01 -3.826637245970967438e-01 -3.936950142714673584e-01 -4.038779026211124501e-01 -4.132562062107894008e-01 -4.218669335245778251e-01 -4.297266740178486422e-01 -4.442950270689043357e-01
-6.887206115638319984e-03 -3.168705800814248380e-02 -5.010118689559028837e-02 -6.668930476421319753e-02 -8.168941298986555355e-02 -9.512091306364903187e-02 -1.069741388898098888e-01 -1.172917683783249732e-01 -1.262252778424752253e-01 -1.340658363695192701e-01 -1.412417471616617959e-01 -1.482833565080097504e-01 -1.557680439955354268e-01 -1.642608591564168052e-01 -1.742640830077555880e-01 -1.861826331874141816e-01 -2.003063358273363959e-01 -2.168067291909747674e-01 -2.357443747985072946e-01 -2.570815735943599023e-01 -2.806970219503710506e-01 -3.063988965040310708e-01 -3.339371374002243487e-01 -3.630140414961051665e-01 -3.932938422268985046e-01 -4.244106018299019789e-01 -4.559692077537741417e-01 -4.875294068040469941e-01 -5.185460029441016916e-01 -5.767439566673312479e-01
4.887425687089278631e-03 2.062025472044252614e-02 3.212596458098780638e-02 4.196670950659620036e-02 4.998968048332502745e-02 5.600009982872913850e-02 5.983263573779688815e-02 6.137672078299157702e-02 6.059955027413681250e-02 5.756215816135231561e-02 5.242077936611687361e-02 4.541170283068254876e-02 3.682288510316352598e-02 2.695902342643590605e-02 1.610816871176080911e-02 4.516833357356538070e-03 -7.622021613643814239e-03 -2.016797500739302834e-02 -3.302338855930064820e-02 -4.612204519855483964e-02 -5.942132543252159893e-02 -7.290106968346909966e-02 -8.656815330239277240e-02 -1.004630687033824243e-01 -1.146654699178182718e-01 -1.292987534891913703e-01 -1.445387984932997860e-01 -1.606437094978089564e-01 -1.780492607465899435e-01 -2.396441475865854487e-01
2.272472399042588243e-02 3.255321720577138839e-02 4.333697907901258584e-02 5.436106588621948676e-02 6.548468143586690104e-02 7.662886386394437976e-02 8.774245974687397420e-02 9.878640043821937389e-02 1.097225922464550724e-01 1.205082146218576927e-01 1.310959024637182724e-01 1.414405787066938536e-01 1.515108135784835608e-01 1.613006200016375846e-01 1.708373844391227470e-01 1.801822110935386301e-01 1.894221324854812871e-01 1.986571787087948737e-01 2.079862722669763020e-01 2.174967824462332722e-01 2.272589148285881211e-01 2.373252166090816240e-01 2.477335111992386985e-01 2.585107590288399093e-01 2.696767201021609273e-01 2.812448705026828755e-01 2.932193412867762361e-01 3.055848108603296809e-01 3.182822754547523503e-01 3.460616689547652558e-01
7.136729323603886385e-03 -8.187290823889754876e-03 -2.212668166671497363e-02 -3.633058853021893519e-02 -5.114407243025544808e-02 -6.668749387862485389e-02 -8.298981231422103422e-02 -1.000454057026286259e-01 -1.178415410479606573e-01 -1.363696840574805946e-01 -1.556250998274881225e-01 -1.755976837248310329e-01 -1.962603195740399431e-01 -2.175591756484932526e-01 -2.394090158659984147e-01 -2.616932805425864483e-01 -2.842674477022565371e-01 -3.069642598440128212e-01 -3.296010266709072933e-01 -3.519899581808844102e-01 -3.739517804264756995e-01 -3.953308628287003357e-01 -4.160095926556228729e-01 -4.359169585569625527e-01 -4.550285220299135069e-01 -4.733569603648059565e-01 -4.909343183867641569e-01 -5.077907260027887393e-01 -5.239322812578987021e-01 -5.574218581140212292e-01
2.820247151800663737e-03 -2.933673753443005738e-02 -5.850537901342035135e-02 -8.698958936779287165e-02 -1.150254847494308619e-01 -1.427149109404708405e-01 -1.701155598295150395e-01 -1.972624427998616869e-01 -2.241728085775181456e-01 -2.508464768225625585e-01 -2.772635780743590295e-01 -3.033785361732377339e-01 -3.291134004258731149e-01 -3.543517065632095786e-01 -3.789363501631553555e-01 -4.026730661904699415e-01 -4.253399415170230347e-01 -4.467007882592302082e-01 -4.665204244745941309e-01 -4.845786003895110605e-01 -5.006813270045915587e-01 -5.146675385206183062e-01 -5.264111106447637578e-01 -5.358168991393956748e-01 -5.428109660868654096e-01 -5.473251689173617152e-01 -5.492749900622939663e-01 -5.485284611472027727e-01 -5.448461941330376979e-01 -5.150105472330069878e-01
-4.862833731613253052e-03 2.223164420969134594e-02 4.815777717286610915e-02 7.253115380705815740e-02 9.464358267122627288e-02 1.139595999953376126e-01 1.300390003255854909e-01 1.425314629313888526e-01 1.511989830459432582e-01 1.559354807460813230e-01 1.567668240302468319e-01 1.538321463709991510e-01 1.473585616837975176e-01 1.376415843955955121e-01 1.250371514362438041e-01 1.099615326531384052e-01 9.289084835970315424e-02 7.435338956436617075e-02 5.491208796041571749e-02 3.513805651701609745e-02 1.557968825855628528e-02 -3.267431434162307996e-03 -2.098459780247807771e-02 -3.724134453458848026e-02 -5.179017449615856000e-02 -6.444517570445183752e-02 -7.504765989610676091e-02 -8.342710278343165586e-02 -8.936419778277575332e-02 -9.024639802754613749e-02
8.780568525123717827e-03 2.008140574937700845e-02 3.699870945295914010e-02 5.517703867752971753e-02 7.420831147719648968e-02 9.392860102731601102e-02 1.142494847794828100e-01 1.351124395507706522e-01 1.564693437060889480e-01 1.782753496084485412e-01 2.004885890290207529e-01 2.230736603195493661e-01 2.460052223896163071e-01 2.692681773543337265e-01 2.928544859618543716e-01 3.167581088021098612e-01 3.409707380173878644e-01 3.654805009830551787e-01 3.902725742026721401e-01 4.153314450411844660e-01 4.406422274219662372e-01 4.661910446608685810e-01 4.919649018007470898e-01 5.179502921044187858e-01 5.441326552454183174e-01 5.704965491095962404e-01 5.970284923482752637e-01 6.237272880740600822e-01 6.506378969193780115e-01 7.185320543814456284e-01
-1.188388231485968533e-02 1.844175913278286311e-03 1.669125594514279248e-02 3.140036944880639225e-02 4.558908480360748111e-02 5.905635761280673968e-02 7.169019343423060908e-02 8.343645493846796324e-02 9.428934356624729674e-02 1.042904989058983101e-01 1.135287131816127282e-01 1.221363819832170239e-01 1.302801986153011571e-01 1.381453503337782829e-01 1.459158066673332255e-01 1.537552574035687680e-01 1.617937631036900359e-01 1.701235868019464192e-01 1.788025376156915647e-01 1.878612971958661393e-01 1.973094092252746234e-01 2.071372470998305848e-01 2.173140719956577205e-01 2.277837954267510068e-01 2.384615990272042629e-01 2.492315157532075665e-01 2.599423838837004452e-01 2.703934557546862072e-01 2.802884064825957311e-01 2.926529118500071358e-01
2.916452281760807674e-02 1.883450203919905322e-03 -2.681642856519463741e-02 -5.586844243116620423e-02 -8.528747974680701838e-02 -1.150327683623721675e-01 -1.450287039628225805e-01 -1.752034993559836440e-01 -2.055188187499654151e-01 -2.359832375462168341e-01 -2.666447004297284318e-01 -2.975646892880738914e-01 -3.287875619856219789e-01 -3.603170980452145011e-01 -3.921085734350131524e-01 -4.240750686385538759e-01 -4.561017759784681269e-01 -4.880614542725962290e-01 -5.198275118304673814e-01 -5.512844960178810982e-01 -5.823366772869715824e-01 -6.129147135690325987e-01 -6.429805012645830598e-01 -6.725275360993385743e-01 -7.015766194959177637e-01 -7.301678418151130723e-01 -7.583500517987408207e-01 -7.861733963271803072e-01 -8.136920315573191731e-01 -8.778080100021310450e-01
1.788032541993542571e-02 4.355460593172676143e-03 -9.537108674636030070e-03 -2.318459340957992887e-02 -3.648471006389368554e-02 -4.942964604206110529e-02 -6.203791148432716979e-02 -7.431973305371561422e-02 -8.625451809666975778e-02 -9.777694580315739181e-02 -1.087712315462266710e-01 -1.190729179089386469e-01 -1.284800253601132425e-01 -1.367726834828146276e-01 -1.437385951963500164e-01 -1.491983418857721067e-01 -1.530242472452019165e-01 -1.551477078315432467e-01 -1.555555643499958729e-01 -1.542781182797607342e-01 -1.513741547876138738e-01 -1.469166222572349523e-01 -1.409811808043388293e-01 -1.336387349569747029e-01 -1.249514391531716812e-01 -1.149724829056221337e-01 -1.037496064164837584e-01 -9.133552358024571438e-02 -7.780909175183296778e-02 -4.410528605130287216e-02
2.029041030455501493e-02 -1.463646839964331467e-03 -2.698008835097755187e-02 -5.426455630386983059e-02 -8.354869729036044912e-02 -1.149878832134502149e-01 -1.486654215261119516e-01 -1.846058359992203968e-01 -2.227742135648956567e-01 -2.630720818965675556e-01 -3.053349509659792349e-01 -3.493307332477610938e-01 -3.947599768621913308e-01 -4.412564843633914879e-01 -4.883913460966616271e-01 -5.356829906539839481e-01 -5.826152397668418192e-01 -6.286623357467751028e-01 -6.733178358245419659e-01 -7.161242276681780705e-01 -7.566994437868148626e-01 -7.947571373543652617e-01 -8.301186840497506436e-01 -8.627119074059804715e-01 -8.925562069867514214e-01 -9.197354287865380229e-01 -9.443631224179707129e-01 -9.665517226764980263e-01 -9.863979148522225016e-01 -1.023367374158776322e+00
2.783311402542924806e-02 9.428721153458607951e-03 -4.092193899098234278e-03 -1.662270846080129635e-02 -2.847045801706109269e-02 -3.960515713418574085e-02 -4.988389829304593764e-02 -5.915290956322909882e-02 -6.731161703688652576e-02 -7.434610870666777394e-02 -8.033021972438281200e-02 -8.539823781246609624e-02 -8.970408910031950345e-02 -9.338256484789575484e-02 -9.652371948321813999e-02 -9.916335339873252885e-02 -1.012866595579708096e-01 -1.028394793257023793e-01 -1.037433358898255525e-01 -1.039108801964916950e-01 -1.032610648693498279e-01 -1.017321079294367381e-01 -9.929107283160390485e-02 -9.593852389324385166e-02 -9.170646273510033031e-02 -8.664943799471570840e-02 -8.082796724160383472e-02 -7.428195509043564182e-02 -6.697855038233486991e-02 -4.106720309489258341e-02
6.257285745065309379e-03 6.692709639551826240e-03 3.856396939659612055e-03 -3.368084008840109556e-05 -5.081081035832067661e-03 -1.147095451422128730e-02 -1.938284675196900661e-02 -2.894955862918263331e-02 -4.022202816051722446e-02 -5.314564563734328062e-02 -6.755500085449604730e-02 -8.318661867329117665e-02 -9.970515658544436277e-02 -1.167351725893567560e-01 -1.338926300152007420e-01 -1.508120020475202383e-01 -1.671665428916954688e-01 -1.826803708797423154e-01 -1.971332949901692111e-01 -2.103603183553813261e-01 -2.222485973017077066e-01 -2.327333755777639679e-01 -2.417936059370972834e-01 -2.494458503810814687e-01 -2.557358105051952268e-01 -2.607281263421598050e-01 -2.644969085779752538e-01 -2.671239913874894900e-01 -2.687162630994824886e-01 -2.709799225662554156e-01
1.963091251846856011e-02 5.623278290542785968e-02 9.813614603183080931e-02 1.408270056000950898e-01 1.837540901597339571e-01 2.266496850827299792e-01 2.693477447432063299e-01 3.117435977932180302e-01 3.537829087634016823e-01 3.954588766561415447e-01 4.368076332093860925e-01 4.778990800919198367e-01 5.188252022266391927e-01 5.596864485720702831e-01 6.005797013700380216e-01 6.415889404993625478e-01 6.827798018034247907e-01 7.241990737990205984e-01 7.658773801801717074e-01 8.078340817456595158e-01 8.500809002124634084e-01 8.926225018763546126e-01 9.354547757255018414e-01 9.785595602200294341e-01 1.021899122507885949e+00 1.065409929937887856e+00 1.108994131174853903e+00 1.152504403864921478e+00 1.195709352256141278e+00 1.288091096144801107e+00
9.384302143783364303e-03 -7.184863401591932985e-03 -1.951109220266814687e-02 -3.121441277636178777e-02 -4.264134170572658061e-02 -5.380979271020004673e-02 -6.461789127630485075e-02 -7.493046734850539181e-02 -8.462973636645729214e-02 -9.364313408104354974e-02 -1.019502222972282768e-01 -1.095704177936342866e-01 -1.165397171486729638e-01 -1.228848051986632800e-01 -1.286021771706506445e-01 -1.336469407999870962e-01 -1.379327954854209226e-01 -1.413412383046025456e-01 -1.437372772659099573e-01 -1.449874795127807092e-01 -1.449781304505713964e-01 -1.436307274267565881e-01 -1.409131831488892317e-01 -1.368449715583853754e-01 -1.314945470646502468e-01 -1.249694067235164602e-01 -1.173997727586497397e-01 -1.089184945675135130e-01 -9.963295604733699018e-02 -7.276418694537369058e-02
-4.950617785145163333e-03 -6.360073067570698110e-03 -2.940700339418790901e-03 1.508461040595376890e-03 6.589964686693240703e-03 1.216294987850633294e-02 1.818205837699328475e-02 2.465126387569164731e-02 3.160264126162728310e-02 3.908388123342364934e-02 4.715020857306136820e-02 5.586154021468606179e-02 6.528447723957699067e-02 7.549767922747091520e-02 8.659730479811672543e-02 9.869835230973798834e-02 1.119292751381760487e-01 1.264217571028008191e-01 1.422984362000473402e-01 1.596634038875354988e-01 1.785962152029190730e-01 1.991494364491492031e-01 2.213489508727231603e-01 2.451950892675252569e-01 2.706650639514071033e-01 2.977156068188574478e-01 3.262841927821879540e-01 3.562847338695388499e-01 3.875929885152532006e-01 4.637046705120909662e-01
3.791458608725245538e-02 1.700784761824151309e-02 -1.918931486082967736e-03 -1.933337012446313674e-02 -3.477202480714465527e-02 -4.787123184520301888e-02 -5.833548404806849358e-02 -6.595317220149940485e-02 -7.062806761753620544e-02 -7.239619274260314374e-02 -7.141350033299960487e-02 -6.792023101864613777e-02 -6.220374557168353163e-02 -5.457967450832539730e-02 -4.539684495602636094e-02 -3.505515269384405080e-02 -2.401758357488998491e-02 -1.280325028449875654e-02 -1.960997784664826951e-03 7.969198683282722323e-03 1.649488476670343817e-02 2.320173738303780986e-02 2.777083881391882031e-02 2.997965371636187107e-02 2.968709228449650794e-02 2.680398704684141403e-02 2.125260721730491340e-02 1.291804032834764117e-02 1.583957077038551306e-03 -4.546558907260309090e-02
1.356506282866684447e-02 3.464539869820212892e-02 5.610760266632654897e-02 7.730912067123293929e-02 9.783157415351476094e-02 1.173587112253058201e-01 1.356258675461601282e-01 1.524086877421569897e-01 1.675253524394269000e-01 1.808402998481513091e-01 1.922625248642213236e-01 2.017393695501139284e-01 2.092514071541441423e-01 2.148124302489800574e-01 2.184754999211734050e-01 2.203405341474316548e-01 2.205577923367964821e-01 2.193238616978511746e-01 2.168699882349124364e-01 2.134456003508741762e-01 2.093005247891595033e-01 2.046691611374696351e-01 1.997584524299945707e-01 1.947412050689811269e-01 1.897557138639209273e-01 1.849095267585657010e-01 1.802850478149465585e-01 1.759406672122886539e-01 1.718956627404074899e-01 1.614332587526280949e-01
9.225746466195190038e-03 -2.049045122448731049e-03 -1.340281825793249171e-02 -2.437461620751704694e-02 -3.490573585864081146e-02 -4.496644840132398013e-02 -5.453214953036224222e-02 -6.358579684706819335e-02 -7.212741493352062272e-02 -8.018205321435697974e-02 -8.780072814778455692e-02 -9.505165172546864438e-02 -1.020053796187879308e-01 -1.087188117757192374e-01 -1.152237306947723333e-01 -1.215232856738381884e-01 -1.275966991183398180e-01 -1.334087824445132631e-01 -1.389203091368444998e-01 -1.440951157855232534e-01 -1.489028040152843291e-01 -1.533177246854740272e-01 -1.573164322440605001e-01 -1.608757154509193044e-01 -1.639729643645161383e-01 -1.665909746561030080e-01 -1.687292538895424632e-01 -1.704292989816886816e-01 -1.718324381396397760e-01 -1.807756041902486288e-01
1.854260729824954920e-02 -2.626881158295573532e-02 -7.424713215591843829e-02 -1.227820049291430959e-01 -1.716750961320301916e-01 -2.208545544206846900e-01 -2.702755545478467969e-01 -3.199015951696870252e-01 -3.696980673152835406e-01 -4.196259328219118512e-01 -4.696299276997169536e-01 -5.196224140057452701e-01 -5.694734936123686531e-01 -6.190132513690702609e-01 -6.680490120528256304e-01 -7.163909589057746441e-01 -7.638761507539174600e-01 -8.103831235850393888e-01 -8.558353683140922374e-01 -9.001970036753483839e-01 -9.434650219136914151e-01 -9.856612904671482323e-01 -1.026826696184433230e+00 -1.067015576955107736e+00 -1.106291402815571701e+00 -1.144724006171224051e+00 -1.182388934454751350e+00 -1.219375559187108715e+00 -1.255815347418832051e+00 -1.341995856411319243e+00
1.311864794706778421e-02 1.748670420593145466e-02 1.324558006922186074e-02 4.843646479866653420e-03 -8.247647093447380354e-03 -2.645049110071517537e-02 -5.005213936308253869e-02 -7.919767716327635876e-02 -1.138595660840376056e-01 -1.538125785963158909e-01 -1.986342107871004736e-01 -2.477313382494408245e-01 -3.003831075372323522e-01 -3.557843487260497484e-01 -4.130813978521539753e-01 -4.713992672817301499e-01 -5.298647543440893060e-01 -5.876307244653583561e-01 -6.439041067877818714e-01 -6.979796148245924758e-01 -7.492754583941541036e-01 -7.973664517755587600e-01 -8.420081717824968726e-01 -8.831416938109324377e-01 -9.208750090365215302e-01 -9.554421230302674317e-01 -9.871484483667190002e-01 -1.016323332703745308e+00 -1.043309824677970621e+00 -1.101918998523820470e+00
2.420153738296340618e-02 6.722422122843785264e-02 1.141416865843026263e-01 1.608736360606495275e-01 2.066142099360055162e-01 2.509606115523188574e-01 2.936655992728880449e-01 3.345575632050185044e-01 3.735067966029026465e-01 4.104078462954047213e-01 4.451661394219295076e-01 4.776895633418318798e-01 5.078925818792325853e-01 5.357150171972722141e-01 5.611529212090977659e-01 5.842898534861067361e-01 6.053154281174009110e-01 6.245238090902719419e-01 6.422925343703576040e-01 6.590481203368807606e-01 6.752265855914889592e-01 6.912354472938522232e-01 7.074231769307997020e-01 7.240595667649203371e-01 7.413308640702047647e-01 7.593483604013600008e-01 7.781654095713300689e-01 7.977931557547592867e-01 8.181976558446524272e-01 8.659840859298646443e-01
2.516220151590401952e-02 9.299385612890575387e-03 -5.640098817686730465e-03 -1.989056775623720269e-02 -3.328322742493103337e-02 -4.559591490657449731e-02 -5.659621825095902808e-02 -6.610150891832480835e-02 -7.403737570295250425e-02 -8.047255762741370444e-02 -8.561764934961951790e-02 -8.979056039629244867e-02 -9.336654043073677745e-02 -9.673197023467444700e-02 -1.002540634207637060e-01 -1.042674863863459617e-01 -1.090716392865320322e-01 -1.149318184067649740e-01 -1.220801752519054262e-01 -1.307151362315958354e-01 -1.410000754679588963e-01 -1.530622071993553990e-01 -1.669936610092262463e-01 -1.828562128257097963e-01 -2.006907952377273707e-01 -2.205330692869070797e-01 -2.424342783288037650e-01 -2.664885098802673991e-01 -2.928750453723296121e-01 -3.688512009666436997e-01
