6.365396556376626269e-02 9.231802474628775235e-02 1.244863362952099428e-01 1.574705095362400609e-01 1.914145703101698959e-01 2.258511754286737783e-01 2.609950244153858567e-01 2.963526870953925307e-01 3.316210805600857681e-01 3.664963886914817670e-01 4.004425056500631741e-01 4.329991493087193000e-01 4.633448456708986196e-01 4.910701968958349761e-01 5.156048283263746645e-01 5.363916180332669592e-01 5.531778989769499111e-01 5.657924016959550162e-01 5.742010251211417948e-01 5.783681014475878790e-01 5.786376591453561424e-01 5.752388577821343496e-01 5.685350808722778870e-01 5.589174133503912456e-01 5.468707092998107422e-01 5.327722862622248368e-01 5.171893133153974143e-01 5.004598782529602330e-01 4.832761677532090294e-01 4.444935501948785728e-01
4.750186091974192143e-02 7.813691727134908227e-02 1.069493706187358006e-01 1.346860917573652061e-01 1.613602429660105086e-01 1.865371744499093876e-01 2.103593739377783989e-01 2.323451770802091865e-01 2.524630181141352403e-01 2.705947752227457759e-01 2.866900784505233557e-01 3.005383653182102099e-01 3.120774210527264558e-01 3.212485595951826700e-01 3.280088577057830856e-01 3.322940107792250464e-01 3.342752137606277429e-01 3.339562491730541649e-01 3.316539413254586677e-01 3.273944351361993688e-01 3.215412807887276792e-01 3.143188370583244184e-01 3.059506069783688442e-01 2.966437013946491286e-01 2.865981876834589048e-01 2.759316589110182294e-01 2.648525415576201691e-01 2.533910314327642022e-01 2.417513712723248220e-01 2.111870125115390961e-01
-8.610800325882447814e-04 -2.069231611350071456e-02 -3.525695628502330259e-02 -4.791591170931563948e-02 -5.873138785471382350e-02 -6.762409414247579076e-02 -7.473539821671415506e-02 -7.975180915592010311e-02 -8.285099785554907170e-02 -8.401247044731990909e-02 -8.345590580561099148e-02 -8.108647404733174135e-02 -7.724065526345308408e-02 -7.194380014638153409e-02 -6.542176489007466011e-02 -5.765696983927302843e-02 -4.891201601521961290e-02 -3.924778506377625542e-02 -2.876895232261498375e-02 -1.748461966071088169e-02 -5.547464905199074765e-03 6.944728943489173779e-03 1.991463341256163172e-02 3.341618899110584268e-02 4.738818168983659901e-02 6.183339345268160786e-02 7.679426918683149306e-02 9.230022125310080594e-02 1.084539512750835599e-01 1.538644639849610085e-01
1.440426005819123167e-02 1.618308046049407936e-02 1.783458197160453507e-02 1.939944757539988074e-02 2.085806948914887410e-02 2.213285932548805096e-02 2.319072124452165040e-02 2.406016022406424690e-02 2.474501723775915374e-02 2.530710139289593652e-02 2.580027219463066485e-02 2.633327593134235367e-02 2.698081380432526544e-02 2.787425030245399560e-02 2.907723550251475192e-02 3.076963306997249764e-02 3.301840971606898045e-02 3.584144164189904946e-02 3.940391687994751480e-02 4.370120422107898195e-02 4.873850851536322415e-02 5.450516575411933073e-02 6.094370951233255007e-02 6.805195994700143081e-02 7.572479306548954292e-02 8.387471912604843594e-02 9.242354499468088957e-02 1.012389282801272883e-01 1.102043873402448748e-01 1.298144952617796555e-01
2.141417263311700889e-02 3.421749536329696251e-02 4.312945002284702956e-02 5.106859047165686338e-02 5.827155093151259457e-02 6.467001392409960081e-02 7.034098437844499285e-02 7.517769813239971732e-02 7.919332925097662124e-02 8.237889740249677850e-02 8.475737520373805012e-02 8.628028402573784117e-02 8.699657868120080906e-02 8.692789221196114968e-02 8.605387517796217467e-02 8.438911799242955480e-02 8.199141755495695238e-02 7.876635888442912181e-02 7.479315751224122066e-02 6.993479138708105780e-02 6.419325531142454355e-02 5.756707244137360818e-02 4.999828098242372482e-02 4.139631345071585755e-02 3.173186510830625084e-02 2.093133715545038298e-02 8.972461132450018986e-03 -4.362838563548621790e-03 -1.921299775041103094e-02 -6.929903580361129745e-02
6.701098268469093955e-02 9.360658407033652095e-02 1.267491821355599679e-01 1.617520096726556555e-01 1.988846953931423522e-01 2.378423078026538628e-01 2.789499191186105564e-01 3.221448480550610505e-01 3.672769727693298014e-01 4.144624094018588556e-01 4.633407360403105080e-01 5.142737645601266339e-01 5.663807381418226594e-01 6.199336337310550338e-01 6.745545316855808826e-01 7.299015700690427710e-01 7.855946362852840315e-01 8.413976078520599700e-01 8.968639233049571224e-01 9.517072424205780257e-01 1.005492543977760445e+00 1.057927325618891468e+00 1.108728363300534703e+00 1.157759772097742168e+00 1.204943411050964475e+00 1.250092608804909800e+00 1.293014307054644263e+00 1.333502348044302899e+00 1.371228510545013712e+00 1.437226929759042537e+00
6.041517850310676452e-02 9.840210935164245276e-02 1.356366669658564117e-01 1.721000136961672866e-01 2.078874768543839124e-01 2.425229863024194465e-01 2.762506918298203717e-01 3.085935072422581471e-01 3.395359610026549846e-01 3.690352574395564522e-01 3.970202606875141704e-01 4.234498761835235880e-01 4.481158883772389245e-01 4.711066952671179586e-01 4.923566673249928360e-01 5.117534989908439913e-01 5.294011532953649679e-01 5.452560563345647537e-01 5.594937093950671514e-01 5.720494407704335149e-01 5.831096918079763380e-01 5.927781463460526368e-01 6.011465518982785916e-01 6.083172127394308459e-01 6.144095914355334198e-01 6.194340976573216029e-01 6.234520340330806931e-01 6.263962200794569446e-01 6.282681366858009486e-01 6.216284371440310430e-01
7.490371493989643470e-03 8.467523568363954228e-03 1.074633324638898935e-02 1.297968826487316818e-02 1.490647351237199374e-02 1.635495210442969305e-02 1.723278581395321779e-02 1.755709944482377466e-02 1.738358695730280248e-02 1.684177345776924697e-02 1.609792069699327727e-02 1.539563242143704436e-02 1.496211068976656747e-02 1.507951762483291519e-02 1.597564678793514381e-02 1.801700680578582903e-02 2.140031079319857504e-02 2.626210887087118001e-02 3.293595502304990513e-02 4.152815835199849537e-02 5.210782355613570449e-02 6.469661621643543747e-02 7.924486984262736622e-02 9.579466887323793978e-02 1.141693021978823497e-01 1.342263517726259570e-01 1.557978271938587622e-01 1.787379319074779427e-01 2.028531344946044590e-01 2.648974966023722177e-01
1.264802464263757240e-02 5.858994679772449449e-03 2.346311990432997999e-03 -6.218823941695275637e-05 -1.378696227903139504e-03 -1.605512482673749838e-03 -7.877189177396288350e-04 1.283418554136482939e-03 4.543423567808679842e-03 9.097673122715622951e-03 1.487912929737942973e-02 2.212101023084503751e-02 3.064922648889709805e-02 4.062960836335919451e-02 5.200169483110236857e-02 6.488037705614858874e-02 7.914354447547805593e-02 9.476045925096762690e-02 1.116967890379670231e-01 1.299072100825906517e-01 1.492054625247974942e-01 1.694581244326212877e-01 1.905071237437640230e-01 2.123131384661594012e-01 2.347167430225248763e-01 2.575968096942424235e-01 2.808240845114085005e-01 3.042816428055004074e-01 3.278207236607408315e-01 3.828612322371624521e-01
1.954952675739782611e-02 2.696983625599671391e-02 3.242330092252914547e-02 3.746519430874367673e-02 4.226600222471080248e-02 4.677559382913466096e-02 5.103702723049962503e-02 5.502560056207406181e-02 5.873091460690436916e-02 6.216939324157487456e-02 6.533652142154877662e-02 6.824872240177383420e-02 7.089378935441723040e-02 7.332194134110439632e-02 7.549896549505685783e-02 7.746412624564584515e-02 7.922632278202486333e-02 8.071095665145927578e-02 8.197241166802494983e-02 8.290389546176141211e-02 8.346821758491181076e-02 8.363501124791246355e-02 8.333007082920276809e-02 8.248810100368263176e-02 8.105246618087136312e-02 7.894781204677175923e-02 7.613572906697801956e-02 7.243959699392217566e-02 6.773875989900773886e-02 4.627839411392432878e-02
3.314198132584311035e-02 6.763299266078111327e-02 9.771981624356312901e-02 1.253172663179733248e-01 1.501463004538994006e-01 1.717466651750000350e-01 1.902125789560550340e-01 2.051834591179328982e-01 2.170021930273287047e-01 2.259497900376115642e-01 2.326097785376309290e-01 2.374460243373804347e-01 2.412210818056464978e-01 2.446193814032676939e-01 2.483290498029454008e-01 2.529990095246967829e-01 2.592865497449607926e-01 2.674529809507485978e-01 2.781664535958090489e-01 2.915195924086710910e-01 3.076782364041042994e-01 3.267008587828659771e-01 3.484539939041831902e-01 3.728272745326322024e-01 3.994778195552860511e-01 4.280192423201255592e-01 4.579453664797379364e-01 4.887915739685467775e-01 5.198503157323890456e-01 5.826824783211206338e-01
-2.241634778733165093e-02 -5.916117991302153462e-02 -9.401187517540306182e-02 -1.269139830682241565e-01 -1.574671402901736406e-01 -1.850850052674871127e-01 -2.098882008126224386e-01 -2.310567794472338787e-01 -2.486769540459681793e-01 -2.625291116049525142e-01 -2.727338300087261413e-01 -2.788884899328041289e-01 -2.812555004741018605e-01 -2.796732602101797971e-01 -2.743579608155120031e-01 -2.652520537994340621e-01 -2.528168030788203180e-01 -2.373167950657323333e-01 -2.193041818285010602e-01 -1.991213167996699063e-01 -1.775555099916513724e-01 -1.551089959323953826e-01 -1.323540231110303667e-01 -1.097553998725006585e-01 -8.774756377149953157e-02 -6.667110378559140682e-02 -4.691270831964942933e-02 -2.889566161364266403e-02 -1.316930942017503769e-02 4.695428531687747403e-03
3.493061048755319309e-02 4.677262957586028613e-02 6.073184300938495872e-02 7.561285339230776337e-02 9.166477718912784123e-02 1.087251237627911149e-01 1.269245207475289683e-01 1.461369219282061538e-01 1.661423937620728486e-01 1.867981506261378599e-01 2.077135068179097876e-01 2.287006623952972384e-01 2.491285441166971593e-01 2.687880861762594886e-01 2.872279481882368257e-01 3.040783868587149108e-01 3.190395747607627785e-01 3.319033703822884540e-01 3.424645437330057218e-01 3.505696511507609969e-01 3.561987234811581082e-01 3.593493577617673518e-01 3.600758679796809969e-01 3.584657387812628659e-01 3.547146256508384998e-01 3.489509089490896443e-01 3.414262878332697260e-01 3.321991763721671154e-01 3.215320864888532304e-01 2.881608604964851494e-01
9.181733896365061251e-03 -8.645560121390958100e-03 -2.120315767825183342e-02 -3.141846965539896869e-02 -3.906648410993247139e-02 -4.396311449370271518e-02 -4.614039686302323640e-02 -4.520274907474843701e-02 -4.138017853174716376e-02 -3.465463949104446995e-02 -2.539236913434901599e-02 -1.348298175264574066e-02 4.458370825831756840e-04 1.632685541849661706e-02 3.373288609919926351e-02 5.246346218497187353e-02 7.203894612268335607e-02 9.224176204372985799e-02 1.126578550975888410e-01 1.331022166748014601e-01 1.531890474183200679e-01 1.726757992010659049e-01 1.913572581335027667e-01 2.091559222424708431e-01 2.260031194324645387e-01 2.418680247272728678e-01 2.567673555509719652e-01 2.706683185570801231e-01 2.836001063626616969e-01 3.098660318566637262e-01
-9.232015939822091344e-04 -1.886372095514421074e-02 -3.314546913115417465e-02 -4.615721458282527612e-02 -5.801596079562817282e-02 -6.866640566809226187e-02 -7.827403498221283118e-02 -8.657735023616480730e-02 -9.369105735835231430e-02 -9.957927002655840576e-02 -1.043374542578944797e-01 -1.078723704090950308e-01 -1.102999878097480624e-01 -1.116027956964966844e-01 -1.118647091338273170e-01 -1.109434584132431012e-01 -1.089580274267246546e-01 -1.059029112691871055e-01 -1.017251843867548466e-01 -9.637949049753735675e-02 -8.992209116348524878e-02 -8.239395561043433291e-02 -7.383781427307156697e-02 -6.418168575718474766e-02 -5.350736195734229206e-02 -4.182521727619711860e-02 -2.911645438795020316e-02 -1.536948266913553893e-02 -5.093578090210014453e-04 4.401088789487943992e-02
4.071270980491215052e-02 5.911140350450012904e-02 7.808916859458500670e-02 9.717134394492696337e-02 1.165197028953474795e-01 1.359336016524496649e-01 1.555678601120742133e-01 1.753151743947898300e-01 1.951529006565190794e-01 2.151436776181364641e-01 2.352185788247982967e-01 2.555304110214856594e-01 2.758468871339571082e-01 2.963415913386957534e-01 3.169337015374684707e-01 3.375881962881447373e-01 3.582558842635705787e-01 3.788510617601198449e-01 3.993456883012939662e-01 4.196070717682602869e-01 4.395229075283152431e-01 4.590045787337672101e-01 4.779332741805895068e-01 4.962503130308369981e-01 5.138871150630774931e-01 5.307282430966504538e-01 5.466659664766029270e-01 5.615278404492856090e-01 5.751202481818394885e-01 5.946695890585225186e-01
-6.609728867400559843e-03 -2.903837391720406197e-02 -4.973833765744415519e-02 -6.991004102171916035e-02 -8.979654284897869987e-02 -1.093605865352545448e-01 -1.288837675961996276e-01 -1.482048074834245166e-01 -1.674466513331500095e-01 -1.866879168013279300e-01 -2.059664138429320723e-01 -2.254459330421510477e-01 -2.449924471905003398e-01 -2.647835491915071504e-01 -2.848286511804759558e-01 -3.049086755055092635e-01 -3.249842204717726113e-01 -3.449617473695324454e-01 -3.645206317319564793e-01 -3.834669556452922068e-01 -4.015396252893435047e-01 -4.185667183215674436e-01 -4.343617325814939645e-01 -4.486724020655520340e-01 -4.614318298419868292e-01 -4.724841770605758828e-01 -4.815861666944011299e-01 -4.885656293552876339e-01 -4.930420587549074751e-01 -4.824625170094106741e-01
2.187019985112944459e-02 3.356542479658373990e-02 4.296995012958289978e-02 5.150308569365685124e-02 5.917211863368480873e-02 6.579475282155436422e-02 7.138094255016935730e-02 7.575452409500535444e-02 7.892577566509301201e-02 8.087010409870125371e-02 8.164665748409394297e-02 8.118617041342465757e-02 7.962363766997329617e-02 7.698308506624768066e-02 7.332663461366531465e-02 6.877405006612671845e-02 6.348490923658302310e-02 5.748023895772215452e-02 5.103702461065025286e-02 4.417044476164122546e-02 3.706935848519344462e-02 2.984646473630523517e-02 2.257413151350552011e-02 1.532425992309955146e-02 8.117037381642417879e-03 9.524831031782095281e-04 -6.116625077772847724e-03 -1.317605935917940188e-02 -2.020767393013637656e-02 -3.931371651983282811e-02
-1.626760485259519384e-02 -3.283203835941897464e-02 -5.079934739397519439e-02 -6.893682036567372329e-02 -8.732032295984104575e-02 -1.058801703279531464e-01 -1.248431463288282306e-01 -1.441186486884983298e-01 -1.638191293888561217e-01 -1.840707259436152876e-01 -2.049281252496666650e-01 -2.266603452841607080e-01 -2.491333300320655308e-01 -2.725972709143829054e-01 -2.971251094607816889e-01 -3.226113962920775791e-01 -3.490238252078131653e-01 -3.763654126605289196e-01 -4.043995883109284262e-01 -4.330503778982985330e-01 -4.620926244604030009e-01 -4.913615077198604242e-01 -5.207067673106450245e-01 -5.499939210719096971e-01 -5.791285187554210401e-01 -6.079829865772281572e-01 -6.363064975062872053e-01 -6.640718849504811949e-01 -6.909956997844370896e-01 -7.473731357742784409e-01
6.244327935992173562e-02 9.932324534515163394e-02 1.357010464634935687e-01 1.716125298510559616e-01 2.072411304461800052e-01 2.420680021469052146e-01 2.763238819328943108e-01 3.093296388280383225e-01 3.408311678666390288e-01 3.704463946427655197e-01 3.977208369979035041e-01 4.220019691120444616e-01 4.426796121955235419e-01 4.592415846375591526e-01 4.711808567855779728e-01 4.779374052250193738e-01 4.794141885445156737e-01 4.754405904880191214e-01 4.661293796823083313e-01 4.514464140908963086e-01 4.319150131488280198e-01 4.078907513044743305e-01 3.798355304495947271e-01 3.481469396421703055e-01 3.133987657822178141e-01 2.760118911968542088e-01 2.366377120782267862e-01 1.955720338830539418e-01 1.535514674022576964e-01 5.125572875031114695e-02
7.777261284582558110e-02 1.094404012401348769e-01 1.494950460246676771e-01 1.915722885682883680e-01 2.357560606599361508e-01 2.815373778398168048e-01 3.292211296114481711e-01 3.785330137268322903e-01 4.292462200303094333e-01 4.813550361080847217e-01 5.344008564614411982e-01 5.885534699489511912e-01 6.428349446270502643e-01 6.973680128246984022e-01 7.517098803652593197e-01 8.054530764353152739e-01 8.582602145165267871e-01 9.099677066772151601e-01 9.603034508777728018e-01 1.009129506982408220e+00 1.056308215359604841e+00 1.101739939585626216e+00 1.145393567039577842e+00 1.187395591943994688e+00 1.227877139224633485e+00 1.266850056840442384e+00 1.304377356196789961e+00 1.340506162667537637e+00 1.375288256016866884e+00 1.448031726528066665e+00
1.396226916873587708e-02 2.249761153536148153e-02 2.873056217712319574e-02 3.359501606311469935e-02 3.678440352816622627e-02 3.800886235165030352e-02 3.714645159801146374e-02 3.393839285409299550e-02 2.844593139463377773e-02 2.063842392016383004e-02 1.073403893150607497e-02 -1.368671969802550889e-03 -1.520601348191902291e-02 -3.072603062978450372e-02 -4.764379939333604486e-02 -6.559437077509649994e-02 -8.417583205933429347e-02 -1.031838511864305447e-01 -1.219868329106687382e-01 -1.403561280996008520e-01 -1.578222189585820057e-01 -1.740975236770594403e-01 -1.889468622847911561e-01 -2.021276511279591070e-01 -2.135951173667496594e-01 -2.232912086651178685e-01 -2.311045887322335235e-01 -2.370209583498742167e-01 -2.408947568686574670e-01 -2.377713914966046449e-01
1.218783010613379014e-01 1.860846908621911489e-01 2.601286917526995368e-01 3.356273871158946820e-01 4.125640599284717824e-01 4.899987513159385633e-01 5.684758512652559048e-01 6.472991402137724393e-01 7.262982898509773300e-01 8.055119287832799291e-01 8.845106401771919424e-01 9.635358795017702205e-01 1.041534463629777418e+00 1.118792747072065108e+00 1.194951650945970556e+00 1.269509424211282322e+00 1.342295383377358320e+00 1.413157056803519662e+00 1.481938475439382064e+00 1.548481060948732724e+00 1.612760533705750454e+00 1.674743825739537284e+00 1.734442125698304471e+00 1.792020140910512538e+00 1.847659155432570977e+00 1.901318669101355940e+00 1.952959727404961043e+00 2.002536229470843754e+00 2.049886253308926598e+00 2.140562828845383514e+00
7.661038763510430449e-02 1.176395292716670843e-01 1.624843039672138334e-01 2.076516797209274623e-01 2.531577104998910532e-01 2.984406680391238353e-01 3.438110208470386286e-01 3.888753963359950494e-01 4.336138257249294581e-01 4.781233103846591614e-01 5.222959919105831794e-01 5.664080649038844006e-01 6.100315455463150016e-01 6.535042673885849140e-01 6.967640359997933075e-01 7.397131665890024355e-01 7.823640448314290730e-01 8.246776445958068358e-01 8.666934151650564910e-01 9.083197191038753227e-01 9.495241591039225160e-01 9.902568432824876421e-01 1.030450823821349005e+00 1.070148260735705348e+00 1.109333959868442632e+00 1.147879065309743707e+00 1.185636208073243436e+00 1.222469009047094435e+00 1.258138209801684670e+00 1.329291126592278660e+00
-2.910245850250308200e-03 -1.517507128410227994e-02 -2.764421307715704199e-02 -3.994687418036264176e-02 -5.210642009941378328e-02 -6.405861049647730565e-02 -7.594987036516900880e-02 -8.762827384166534117e-02 -9.915622412485033954e-02 -1.105428007720919703e-01 -1.217996924696635869e-01 -1.329635562249166791e-01 -1.439574097132814146e-01 -1.548276645204690327e-01 -1.655947569438484257e-01 -1.761067749870766919e-01 -1.863648309124312508e-01 -1.963730551937383773e-01 -2.059869675032241498e-01 -2.151852318862101376e-01 -2.239249911574440199e-01 -2.321773776522866317e-01 -2.399410600757811707e-01 -2.471758627192187641e-01 -2.539252652035483004e-01 -2.601880660251275068e-01 -2.659073404197299650e-01 -2.711359118335814333e-01 -2.758105491412654597e-01 -2.831726155152729518e-01
5.209021998646896912e-02 8.122023543712120208e-02 1.094836040339480510e-01 1.374802111337913857e-01 1.655092477267686157e-01 1.932858269576132049e-01 2.210546146547451574e-01 2.485149016719589987e-01 2.755880290506383390e-01 3.022119303958966663e-01 3.281930277434066401e-01 3.534603721315126568e-01 3.776211988566752220e-01 4.006659746538723255e-01 4.223540847708149304e-01 4.424305816414911829e-01 4.607994811558754344e-01 4.772910252720877211e-01 4.918270839590761501e-01 5.042185831338810154e-01 5.144574684731595404e-01 5.225344381807647265e-01 5.284402036461699481e-01 5.321664412792287413e-01 5.338196121593847820e-01 5.333995651659920734e-01 5.309795868467062085e-01 5.264532665992749383e-01 5.198105302159778951e-01 4.866233843322053665e-01
-1.586125032509674848e-02 -3.713788329367471996e-02 -5.855307358410910545e-02 -7.976191817046265897e-02 -1.008778098362066167e-01 -1.217826611353274580e-01 -1.427219766159923686e-01 -1.634861772027041693e-01 -1.841587885956467163e-01 -2.047815719912926824e-01 -2.253577145816356431e-01 -2.459976345719582236e-01 -2.665364749842310532e-01 -2.871001342290004921e-01 -3.076942603813401234e-01 -3.281146824540719376e-01 -3.483396578381273700e-01 -3.683413588639402603e-01 -3.879038438221213414e-01 -4.069424133166839597e-01 -4.253383001329310575e-01 -4.430056420734956868e-01 -4.598833700291098392e-01 -4.758791070295158021e-01 -4.910081896914579858e-01 -5.052193178349887459e-01 -5.183847660661216050e-01 -5.305056145566262593e-01 -5.414144614944083056e-01 -5.576419389819272654e-01
2.001956787693421821e-03 -1.785815307744130845e-02 -3.646658322667394730e-02 -5.396268795965181858e-02 -7.016032343386117975e-02 -8.491235056188298214e-02 -9.836247980077389430e-02 -1.103864572224875495e-01 -1.213106111566723683e-01 -1.314356728051148948e-01 -1.412175919826786363e-01 -1.511998160256898815e-01 -1.618539553554579624e-01 -1.737942179296486644e-01 -1.875701303926349262e-01 -2.035304750588381173e-01 -2.220330323694471031e-01 -2.432831784310175993e-01 -2.674076455917410167e-01 -2.944410647561728767e-01 -3.242235507368517178e-01 -3.566108066789391295e-01 -3.913678926164217975e-01 -4.282635736186708453e-01 -4.669594361979124142e-01 -5.071042995747012672e-01 -5.481353222630834798e-01 -5.897714380165759440e-01 -6.312929756393858005e-01 -7.205290602538703126e-01
2.469402703216088193e-02 4.855090738512649745e-02 6.289348228241320449e-02 7.440040417500082270e-02 8.335898381821454928e-02 8.968029060930075846e-02 9.347978675425719364e-02 9.452710408226797090e-02 9.302647280434626909e-02 8.904607449767890093e-02 8.291962159406141009e-02 7.466421959911462292e-02 6.482036471731958405e-02 5.358464069375558358e-02 4.125211078995259795e-02 2.806634157870658425e-02 1.438778312801358705e-02 1.861024285745591436e-04 -1.424158148091351182e-02 -2.905349513570455039e-02 -4.419738706325163774e-02 -5.964968672534733812e-02 -7.553383679103681247e-02 -9.208509821569038634e-02 -1.094569559114398904e-01 -1.278730987858450741e-01 -1.475503820277133948e-01 -1.689379027551342338e-01 -1.924904780643337809e-01 -2.733846253153204287e-01
4.122554271853180741e-02 6.260351289078820713e-02 8.375100521505549067e-02 1.047146522172814620e-01 1.256571187825308300e-01 1.463502294481374699e-01 1.669597646596331919e-01 1.873245536391109356e-01 2.074380191515204641e-01 2.273514781845951127e-01 2.470201606422613716e-01 2.665680045683906929e-01 2.858097868954745380e-01 3.049136512591779646e-01 3.238223607902230849e-01 3.425064260440303654e-01 3.609589598947867684e-01 3.791008019187632749e-01 3.969440606287568674e-01 4.143586958509286600e-01 4.312738454836864133e-01 4.476277640283354287e-01 4.633223850637661068e-01 4.783021666031591623e-01 4.925129186560871508e-01 5.058435685788551517e-01 5.181948025591780471e-01 5.293829438063062387e-01 5.392124588560931464e-01 5.487612978117715201e-01
-1.525772465725335272e-02 -3.337807431480215720e-02 -5.290306997288880125e-02 -7.260252729808150396e-02 -9.255769715369543960e-02 -1.126666686251820704e-01 -1.331623646618781964e-01 -1.538957653523075897e-01 -1.749410294446804848e-01 -1.963666454288597318e-01 -2.181618174665209686e-01 -2.404967735365594605e-01 -2.631625284987255120e-01 -2.863185365370028435e-01 -3.099628286767970309e-01 -3.339071689833328915e-01 -3.580921382343026371e-01 -3.824969432346362330e-01 -4.068740300065430970e-01 -4.311468109876657184e-01 -4.551479047850225390e-01 -4.787573031884708730e-01 -5.018844808893161424e-01 -5.244366674212894708e-01 -5.463970731244067736e-01 -5.676991569383912362e-01 -5.881830907479584925e-01 -6.078633245482640834e-01 -6.265582118914918563e-01 -6.633268482430779711e-01
-3.597756936224263263e-02 -7.273913405694187873e-02 -1.086529131161434736e-01 -1.440019592401164950e-01 -1.790250012565144933e-01 -2.134592855178335802e-01 -2.476804482716497557e-01 -2.812374316879545644e-01 -3.141718441132574924e-01 -3.464174039336576638e-01 -3.778601825884112531e-01 -4.084264928169462072e-01 -4.377661134144130162e-01 -4.658703661864406764e-01 -4.926025938102229218e-01 -5.175455929123048415e-01 -5.406467238943245546e-01 -5.618189179549861745e-01 -5.808148410761987401e-01 -5.975117871876634013e-01 -6.119106145322723567e-01 -6.240069877370295615e-01 -6.338565576195518414e-01 -6.414460760628699632e-01 -6.469616979062481343e-01 -6.504660386588646537e-01 -6.519971791805463379e-01 -6.516422654909507228e-01 -6.494169095398364400e-01 -6.309324835826004563e-01
3.774969078829287783e-02 7.094149803688509781e-02 1.003551556661281402e-01 1.275440768000766778e-01 1.522261109177566185e-01 1.738277682572884897e-01 1.923852586593842451e-01 2.072531913949678395e-01 2.185025964675783305e-01 2.260127875497920102e-01 2.299687991102093709e-01 2.301075629348292018e-01 2.268248516111707191e-01 2.201124295245416862e-01 2.102251041148728850e-01 1.973766007291447300e-01 1.820749507805236589e-01 1.645167696332063834e-01 1.454442470525962039e-01 1.250839001168198017e-01 1.041262771947132626e-01 8.299815172173541367e-02 6.209033369520215728e-02 4.174846497046644234e-02 2.218528233473811284e-02 3.550905014794436543e-03 -1.392034661566420722e-02 -3.017144303144696227e-02 -4.495118898785009642e-02 -7.275910791974807279e-02
4.959464604153859812e-02 7.216066242120447449e-02 9.764239048623109263e-02 1.236040106563366242e-01 1.500818936567227813e-01 1.767613342703874268e-01 2.038204032121540277e-01 2.311257876331257732e-01 2.586686100551174317e-01 2.865766545758649531e-01 3.147988757009692051e-01 3.436398442217847848e-01 3.728201094038323671e-01 4.026571678402027787e-01 4.331263620240546341e-01 4.642471556392352983e-01 4.959941645351948480e-01 5.283312657005536650e-01 5.612578577091650311e-01 5.946792551716403308e-01 6.284578571303544026e-01 6.624793349269156861e-01 6.965951741554220478e-01 7.307653520906959299e-01 7.648721711340640272e-01 7.987457469511554109e-01 8.321882509537399386e-01 8.650189046416160155e-01 8.969534706597691587e-01 9.618032875183919472e-01
3.387901477785634774e-02 4.963217117776679010e-02 6.505208711266893817e-02 8.021091643856262388e-02 9.518204518175578388e-02 1.097582042604927921e-01 1.240312868486956044e-01 1.378614998730119945e-01 1.512434180907122894e-01 1.642102834500145658e-01 1.767547116660326822e-01 1.889527363949661809e-01 2.007317312610720217e-01 2.122196612072876909e-01 2.234096538848402425e-01 2.343485270910354579e-01 2.450833838607688053e-01 2.555869079519124121e-01 2.659749854108286460e-01 2.761902285056399564e-01 2.862536041365510986e-01 2.961630597531715869e-01 3.058834629512243164e-01 3.154222347146785621e-01 3.247432214435639897e-01 3.337781782107624995e-01 3.424797982820509956e-01 3.507237158434877711e-01 3.584076298390089232e-01 3.695376743849231871e-01
-3.481089537099488207e-02 -6.410229669164410615e-02 -9.652882093073736347e-02 -1.293903464828865535e-01 -1.627358833555377915e-01 -1.963023168868447965e-01 -2.304171177714684493e-01 -2.647991965331357167e-01 -2.995188682323414175e-01 -3.346557449822005204e-01 -3.701586749172087742e-01 -4.062508777073475241e-01 -4.425806218794771096e-01 -4.793738635890409938e-01 -5.166074589747527979e-01 -5.540443641440653266e-01 -5.916182457120788829e-01 -6.293313114060186120e-01 -6.669447467072204816e-01 -7.044041625684304142e-01 -7.415761125721979097e-01 -7.783486041896187091e-01 -8.146638853255991908e-01 -8.505047630603710385e-01 -8.858864535813681940e-01 -9.207635226754490310e-01 -9.549810906911865294e-01 -9.886306784090014288e-01 -1.021577824951148905e+00 -1.094770786062764678e+00
6.726068343287715939e-03 -8.553482661102829870e-03 -2.177918995685860712e-02 -3.432262622669543517e-02 -4.629529907008644168e-02 -5.764386968751403217e-02 -6.852962702211953805e-02 -7.872327925335853571e-02 -8.827307179863455588e-02 -9.711342631870328868e-02 -1.052210195791934977e-01 -1.124813932049568976e-01 -1.188180325393257963e-01 -1.241575469830446254e-01 -1.284525927528025746e-01 -1.314542837578090706e-01 -1.331636238022079477e-01 -1.335266200987348939e-01 -1.323746093237894161e-01 -1.296346709385998164e-01 -1.253109923436644957e-01 -1.194199473684866286e-01 -1.119973066615922164e-01 -1.029739765499319559e-01 -9.246723925674618649e-02 -8.051183474087697522e-02 -6.713499243432768937e-02 -5.234479543258778456e-02 -3.611717636606816273e-02 1.261389749675594432e-02
-4.158349553843398994e-02 -7.151973083425051947e-02 -1.058173664209489939e-01 -1.415551393245362277e-01 -1.791248601346975555e-01 -2.183894063859973533e-01 -2.598130871442770884e-01 -3.032199071582826200e-01 -3.485657067167780565e-01 -3.958909482672827163e-01 -4.448696351936728965e-01 -4.956921689156195132e-01 -5.475004650918390281e-01 -6.003981562609260747e-01 -6.540026265853831067e-01 -7.077184957538802390e-01 -7.611216122920722027e-01 -8.139814425575278012e-01 -8.656082537373952501e-01 -9.157146434921659139e-01 -9.638668690300790098e-01 -1.009771273741985054e+00 -1.053227077811835111e+00 -1.094080140532502021e+00 -1.132378043968012005e+00 -1.168078004047319318e+00 -1.201045413136836437e+00 -1.231346697897438336e+00 -1.258843490323101388e+00 -1.306113063286265197e+00
5.189632060608063285e-03 -6.621838592980730173e-03 -1.630044463504637040e-02 -2.507478524988983326e-02 -3.293797752181191335e-02 -3.983178211980721584e-02 -4.585388317431866173e-02 -5.078911012556862337e-02 -5.472935200031964903e-02 -5.763860444701496971e-02 -5.960517504447799403e-02 -6.054519752563088109e-02 -6.058400885345673753e-02 -5.969648186848385690e-02 -5.798032900468745587e-02 -5.534570197140041559e-02 -5.191362983077327242e-02 -4.772400040654405790e-02 -4.277651259456048682e-02 -3.709514584565307138e-02 -3.077937419179687176e-02 -2.389755074269545379e-02 -1.653088834857891626e-02 -8.672558434053991017e-03 -4.099606615535315857e-04 8.217012601182882223e-03 1.719760384790228191e-02 2.647709080100514242e-02 3.605608317957229025e-02 6.102741476144801780e-02
-3.986586989559309790e-04 -2.457129214353266644e-03 -8.758401837821897656e-03 -1.624095281022275294e-02 -2.488031605333934637e-02 -3.465012470973700964e-02 -4.565123103268330790e-02 -5.785435036827599187e-02 -7.119387556769268821e-02 -8.563737408909771753e-02 -1.009963539453981318e-01 -1.172826839397539261e-01 -1.341040399527850535e-01 -1.513987812334320338e-01 -1.689838817225049750e-01 -1.865773948480305700e-01 -2.039700111108780634e-01 -2.211267858277333187e-01 -2.377507230227354773e-01 -2.538403260052047861e-01 -2.692973385447156032e-01 -2.840638217553088096e-01 -2.981662243957300396e-01 -3.116530651082485281e-01 -3.246346789741152428e-01 -3.372005692215331307e-01 -3.494092358962945788e-01 -3.614717582133342155e-01 -3.735321349420321346e-01 -4.064259777068409130e-01
9.825643809577554177e-02 1.526923593942987600e-01 2.130051676494454926e-01 2.737223053718192411e-01 3.347520700558990203e-01 3.953151034199629543e-01 4.558154164128095931e-01 5.156989048173727941e-01 5.749614259647100045e-01 6.337451372763052149e-01 6.919455904110111133e-01 7.499411276556773309e-01 8.072273818269950496e-01 8.642671981877596554e-01 9.210435848279735493e-01 9.774429200836516340e-01 1.033538294438710148e+00 1.089318463568096806e+00 1.144872897248628174e+00 1.200127088463315062e+00 1.255079023769647195e+00 1.309691954210904230e+00 1.363905754715783347e+00 1.417797630327903846e+00 1.471355371914168986e+00 1.524411681322217271e+00 1.576751424167625926e+00 1.628214696656854477e+00 1.678460871544725119e+00 1.781678411680147844e+00
3.357709759575798480e-03 -8.249171590515313318e-03 -1.802170200496306524e-02 -2.705309423546154932e-02 -3.537406178978051013e-02 -4.293406380283824181e-02 -4.984214117832345969e-02 -5.588326443203704696e-02 -6.111853232896598265e-02 -6.548593615298588244e-02 -6.901723195880615780e-02 -7.158864819074849117e-02 -7.324069893772186535e-02 -7.389776472599157708e-02 -7.359030826718700180e-02 -7.216321396923142117e-02 -6.968441642411635217e-02 -6.616450563410464225e-02 -6.155243802336590742e-02 -5.585495155360325342e-02 -4.916330152614262899e-02 -4.154386597478050558e-02 -3.308995322400812289e-02 -2.380654312594562144e-02 -1.381575975611882591e-02 -3.187965171674595616e-03 8.021882194687465079e-03 1.972907321613407566e-02 3.187816450384169803e-02 6.315476531899164025e-02
2.279642274943996863e-02 2.258394895762558946e-02 2.653813101829726254e-02 3.150855184351149252e-02 3.735820124383069235e-02 4.394021705783582310e-02 5.122433057473275292e-02 5.929611873535056699e-02 6.810464424240836312e-02 7.775472452603797435e-02 8.820791484753630340e-02 9.971031309191483172e-02 1.121150711343937706e-01 1.256341023409160429e-01 1.402695508889204024e-01 1.561805210210742978e-01 1.733303782693732531e-01 1.917579514657634099e-01 2.115559287994068227e-01 2.327574601935160081e-01 2.552963864812557437e-01 2.791087606027080059e-01 3.041139631855770409e-01 3.303676168075598274e-01 3.577468372984657918e-01 3.861591870379207925e-01 4.154983550973394002e-01 4.457119994467751423e-01 4.767078866996495856e-01 5.545433617911041946e-01
5.948380915840486421e-03 -6.462285485606939980e-03 -1.798294942455581219e-02 -2.809318294945715652e-02 -3.629708275680189333e-02 -4.230314926226670658e-02 -4.606699071409579155e-02 -4.721026593003280897e-02 -4.591348316330564477e-02 -4.216980744095939065e-02 -3.630539219835718368e-02 -2.827082094696719422e-02 -1.861861965632364765e-02 -7.446500729662835355e-03 4.800814226979494698e-03 1.784674289359242105e-02 3.121187611712661000e-02 4.456892904748846473e-02 5.739086652518623349e-02 6.933300246034659886e-02 7.990038475434690923e-02 8.879133282964679630e-02 9.570136035548484910e-02 1.003662639541013091e-01 1.026881013293074740e-01 1.025620006216343416e-01 9.994498966455933608e-02 9.461833704147072643e-02 8.643490316510385463e-02 4.652676887614319579e-02
4.318326109763218068e-02 6.977334461712131342e-02 9.488215446163560107e-02 1.191769496015023105e-01 1.427150962861110928e-01 1.651335599118331221e-01 1.865673377566592073e-01 2.066308556412662090e-01 2.252877630619806448e-01 2.424509876085241267e-01 2.580578907227222829e-01 2.719619191691202698e-01 2.840613397948062446e-01 2.943301086329087601e-01 3.027041267691639725e-01 3.091186199494404541e-01 3.136856779892199798e-01 3.163820687083028216e-01 3.174380313894998862e-01 3.168399116231299661e-01 3.148428728651776476e-01 3.116023438749636609e-01 3.072670456296654473e-01 3.019807965806637351e-01 2.958898614373239866e-01 2.890656462244078906e-01 2.816598860301487983e-01 2.736585377279222575e-01 2.651908984887703657e-01 2.399011910780275703e-01
1.605455517115696173e-03 -4.079305765329190731e-03 -1.178558360560093797e-02 -1.989374060651855070e-02 -2.835851064837754953e-02 -3.712112376954072868e-02 -4.627186165205343649e-02 -5.568782069801458956e-02 -6.535095670903343090e-02 -7.520741424537957798e-02 -8.516061587472849304e-02 -9.514992726490836827e-02 -1.049745444846846565e-01 -1.145555242399264317e-01 -1.238068182687897811e-01 -1.325104204925670603e-01 -1.405879997969551320e-01 -1.480422812821418077e-01 -1.547135295454069026e-01 -1.606312187737172492e-01 -1.658161722483948719e-01 -1.702877813487881642e-01 -1.741309947945305359e-01 -1.774093400642531571e-01 -1.802550193017429803e-01 -1.827703160545248451e-01 -1.850345324126548285e-01 -1.872344658130821460e-01 -1.895144546480569125e-01 -1.985848791886807574e-01
-6.510139097099773564e-02 -1.155117737431359259e-01 -1.708334559490431448e-01 -2.269056905231536247e-01 -2.838485044237732957e-01 -3.411597762128755207e-01 -3.993682129974828188e-01 -4.579429692278790820e-01 -5.169248365628603681e-01 -5.763655984964417556e-01 -6.360806731122337077e-01 -6.962907321348326128e-01 -7.563145289658388393e-01 -8.164006768341974807e-01 -8.763901942763161479e-01 -9.358493686705401382e-01 -9.946392463853239718e-01 -1.052732539222127173e+00 -1.109823006066962492e+00 -1.165829803871886616e+00 -1.220660930123487864e+00 -1.274215500124195044e+00 -1.326494349381335702e+00 -1.377584153051424565e+00 -1.427598304357988956e+00 -1.476560943989245978e+00 -1.524381219099008256e+00 -1.571270279726276531e+00 -1.617215213056809819e+00 -1.720889381009954144e+00
-2.718105977184552199e-02 -2.152602463471672140e-02 -3.014793696896009637e-02 -4.420625903914800897e-02 -6.423577246690495568e-02 -9.042106219593225302e-02 -1.231238466204298138e-01 -1.626611001276920265e-01 -2.085852947012275527e-01 -2.607885043409323145e-01 -3.182851800753674909e-01 -3.811090038948459213e-01 -4.473837288850549543e-01 -5.167694800614770489e-01 -5.881412951264923805e-01 -6.603758957718346423e-01 -7.322708783837325042e-01 -8.033286699076184201e-01 -8.721838134852379909e-01 -9.384455563710487613e-01 -1.001337456104109513e+00 -1.060375351448856085e+00 -1.115335496841023399e+00 -1.166180143760466636e+00 -1.213140443940118995e+00 -1.256429973133549982e+00 -1.296246488571534794e+00 -1.333062483441417090e+00 -1.367312549216227469e+00 -1.445058241973188773e+00
1.009229466890193966e-01 1.661341974367511742e-01 2.332536182813317038e-01 2.994324645571639354e-01 3.645487955924968104e-01 4.276690765123106752e-01 4.891936464834196752e-01 5.482226775856349210e-01 6.047497918320254850e-01 6.587154781869254405e-01 7.100303917026176137e-01 7.586676819675510774e-01 8.042975679210058182e-01 8.471109139030866819e-01 8.870927409723208257e-01 9.240756258398665768e-01 9.583141977014417723e-01 9.898529074919897308e-01 1.019074401974807476e+00 1.046017340936763240e+00 1.071118292480873979e+00 1.094628703879167997e+00 1.116811771784933294e+00 1.137969744386173598e+00 1.158359426529293357e+00 1.178054436672311134e+00 1.197170936761418059e+00 1.215752064369981289e+00 1.233881539140917694e+00 1.269254990740747768e+00
4.320614410893593854e-03 -3.667735660529082911e-03 -1.247212229341365837e-02 -2.071251444761311802e-02 -2.805091415240742320e-02 -3.433618571544481968e-02 -3.958252056703867594e-02 -4.364548130608113946e-02 -4.671221470341151150e-02 -4.890744172913458199e-02 -5.052179472468506377e-02 -5.177841268789230150e-02 -5.304340598680697128e-02 -5.459469691102173533e-02 -5.682053908370329753e-02 -5.997115314405106895e-02 -6.434397842069797258e-02 -7.017937097554177717e-02 -7.771307505278325645e-02 -8.714366254428525249e-02 -9.859759556233635425e-02 -1.121322048200927290e-01 -1.277907836730945434e-01 -1.456310355388906186e-01 -1.655628001606986033e-01 -1.875162739690148794e-01 -2.112978409181647532e-01 -2.369686780215713162e-01 -2.643691494386344876e-01 -3.400742594762842241e-01
