1.124888162837684308e-01 1.468979059786272301e-01 1.833415378137128737e-01 2.203994018990269310e-01 2.583077557056860374e-01 2.967965311718460120e-01 3.354351316315665743e-01 3.742416489907206545e-01 4.129759341244064741e-01 4.510651482338504104e-01 4.880720797518574572e-01 5.233872460500343937e-01 5.566135686873669997e-01 5.871894847816410135e-01 6.143737576939705125e-01 6.378111739359131338e-01 6.571566510947943751e-01 6.721696503555071311e-01 6.826671119250591335e-01 6.889613244541581416e-01 6.908905107766806220e-01 6.889348648551181231e-01 6.833532060628844107e-01 6.745303215177230749e-01 6.629303634989870408e-01 6.491013059830366139e-01 6.332580183777603011e-01 6.161922541457103275e-01 5.981314363299776726e-01 5.552216468693783602e-01
8.099693390930653991e-02 1.158767101107615882e-01 1.474375269155677737e-01 1.777097320100923528e-01 2.067795159216348766e-01 2.344329890559034291e-01 2.603294359885207632e-01 2.844393757833282299e-01 3.066749535530962634e-01 3.268688659294440302e-01 3.448989392885967176e-01 3.606387705582803083e-01 3.740965120819140788e-01 3.852414032383674192e-01 3.938878195173364238e-01 4.000635962704789383e-01 4.038278120158216300e-01 4.052530317046578179e-01 4.044051698192729360e-01 4.016193159391252543e-01 3.969392095658375030e-01 3.906506049797077162e-01 3.830105316453012443e-01 3.741555603413124764e-01 3.643144732882460657e-01 3.537091864826230614e-01 3.422996730133562315e-01 3.304086440348655840e-01 3.179345643918129460e-01 2.838621753163734218e-01
-3.685794555260451383e-03 -2.262856487182801982e-02 -3.621572838849575204e-02 -4.777519468905917083e-02 -5.742060049661331517e-02 -6.516103019234434357e-02 -7.097995719341160248e-02 -7.476779689227401604e-02 -7.652424983617231447e-02 -7.641829443587763726e-02 -7.445650434742287493e-02 -7.076939594785294774e-02 -6.543036351279177265e-02 -5.869699806192368169e-02 -5.063305025373342205e-02 -4.136128015544397046e-02 -3.104257196499442262e-02 -1.979361340070436709e-02 -7.622801141239480410e-03 5.212410670450187342e-03 1.867448409623700956e-02 3.277330377789729188e-02 4.727841367966849340e-02 6.231787374906828242e-02 7.778735039434180043e-02 9.362956681065923159e-02 1.099856699181201852e-01 1.268012661429644694e-01 1.444088597484265712e-01 1.942773299764440076e-01
2.048921488302787863e-02 2.399570534757326096e-02 2.682407981589809629e-02 2.954482660193589669e-02 3.213635312809992595e-02 3.456291013282468405e-02 3.675928674123505463e-02 3.878195031877137988e-02 4.067859609412152050e-02 4.246322107573303334e-02 4.422507162385938551e-02 4.604560216003344281e-02 4.806585433385789780e-02 5.035357770459854276e-02 5.301271288859885078e-02 5.614439876908665361e-02 5.982893647122378145e-02 6.412517785844260021e-02 6.912356691650911600e-02 7.479052412188076648e-02 8.114008940093819788e-02 8.819318718050270234e-02 9.583812102707385538e-02 1.041001739462655423e-01 1.128500666714718770e-01 1.219816344134356245e-01 1.314221650813695019e-01 1.410356035679813380e-01 1.508072484243151434e-01 1.725112995221830814e-01
3.258872297804922546e-02 4.824279965408994481e-02 5.877447155636252724e-02 6.815352272879285356e-02 7.667330440417738369e-02 8.437232970967617485e-02 9.117551443353835716e-02 9.711206094207665285e-02 1.022151290406977386e-01 1.064273573364823422e-01 1.097521598504676427e-01 1.122088985249109494e-01 1.138340060689816413e-01 1.146347807574693289e-01 1.145961668871222916e-01 1.137150236833036343e-01 1.120050651684592058e-01 1.094426370100462370e-01 1.059488037433754803e-01 1.015745100364953551e-01 9.621545941805359492e-02 8.980183116530518483e-02 8.235592500420958750e-02 7.375590892494675310e-02 6.393193038403677253e-02 5.294797457540737634e-02 4.051790399249478869e-02 2.667882699824945109e-02 1.109955285907732875e-02 -4.127557028587418991e-02
1.197987191350239622e-01 1.511395015517069118e-01 1.889108469840095339e-01 2.285993456475814145e-01 2.705765363057656692e-01 3.146452012780743823e-01 3.605803727409441217e-01 4.086419388050355761e-01 4.588752464170839929e-01 5.110609705926260071e-01 5.650742647677272634e-01 6.206408824292333204e-01 6.777800758033777351e-01 7.364210281649091749e-01 7.957971024822267925e-01 8.559305035431701292e-01 9.164296763951547131e-01 9.768147261860640196e-01 1.036771411473240256e+00 1.096157084550980265e+00 1.154160483846495611e+00 1.211068091545677516e+00 1.265903710337944688e+00 1.319186535379566649e+00 1.370357462040916907e+00 1.419298209207060957e+00 1.465877976499885715e+00 1.510000419930233928e+00 1.551613689736736523e+00 1.626603920102900780e+00
1.051346093576912416e-01 1.479291672683241687e-01 1.887000532960648180e-01 2.285292342777346941e-01 2.676140934118826364e-01 3.057184898284984742e-01 3.424873201010507628e-01 3.779628548640261432e-01 4.121054650926808671e-01 4.447726991476230185e-01 4.758591993672171006e-01 5.052413036875275099e-01 5.329929759016069912e-01 5.591642563322758441e-01 5.834169107434554746e-01 6.058434687287382880e-01 6.264357171213551512e-01 6.451469266906920685e-01 6.619596382977168680e-01 6.771496373319988438e-01 6.905085538982056459e-01 7.023555550692590632e-01 7.126066599218544573e-01 7.215111520673664902e-01 7.290616215038614456e-01 7.353717423725932845e-01 7.403247766802631968e-01 7.441174027686188186e-01 7.465807713118145506e-01 7.398758701769216906e-01
1.195211169242334052e-02 1.396735696826328400e-02 1.709454642303523397e-02 2.023559595070753211e-02 2.309595676622294702e-02 2.554215016719216594e-02 2.747361538344164633e-02 2.893231470644236705e-02 2.999054923800808722e-02 3.077973528563103175e-02 3.148008146912591870e-02 3.229966759450413755e-02 3.352897645554743511e-02 3.540609811033844367e-02 3.817843201665546693e-02 4.211143132468971734e-02 4.742631454955897885e-02 5.431077616530936847e-02 6.303324854550829137e-02 7.357168718550004261e-02 8.607075157628553408e-02 1.006179789526720769e-01 1.170521264666549988e-01 1.354745738571943026e-01 1.556982612531865318e-01 1.774632776971536985e-01 2.007773923936154448e-01 2.253297025481135751e-01 2.512079905655021372e-01 3.180348117669488106e-01
1.879651523556843604e-02 1.341326850475174810e-02 1.129909206516909945e-02 1.038287482412182314e-02 1.063180935443036775e-02 1.201899801720256698e-02 1.452971958029678282e-02 1.829484778959710595e-02 2.337962241689886880e-02 2.975258352553668967e-02 3.749414255046810973e-02 4.661497663128905122e-02 5.721873138132093500e-02 6.928691742685313959e-02 8.279856941058126585e-02 9.780792731319144784e-02 1.142604393701107113e-01 1.320801508130187429e-01 1.512865664640742902e-01 1.716827213880629532e-01 1.931294955464105123e-01 2.156548376904728892e-01 2.388667898695934488e-01 2.629066255835502686e-01 2.874961094632831893e-01 3.124505115618112505e-01 3.377709101702350836e-01 3.632378416165731316e-01 3.889924673857452775e-01 4.500597919225181043e-01
2.954311356787877457e-02 3.944664608504901138e-02 4.646101582684537823e-02 5.295462570276484454e-02 5.913430187473301541e-02 6.502181295501728575e-02 7.055638151531393176e-02 7.579402791780869009e-02 8.077245145788861103e-02 8.543568041167293181e-02 8.980439128270602256e-02 9.388898690978786377e-02 9.773914697741711843e-02 1.013454989328693157e-01 1.046922733252153154e-01 1.077859870564849415e-01 1.106221064244281016e-01 1.131668781163533699e-01 1.153710460199892374e-01 1.172254113063881942e-01 1.186249000722680719e-01 1.195346356917258157e-01 1.198794892447785643e-01 1.196124401655607045e-01 1.186236601976245753e-01 1.169187583627063903e-01 1.143022397619026520e-01 1.107559192358896216e-01 1.060921341513160754e-01 8.451896796854932448e-02
5.645369396014113250e-02 9.300332414152315264e-02 1.245173774199936356e-01 1.534970180425957453e-01 1.796983400310255830e-01 2.028844433713212769e-01 2.228215684360445037e-01 2.395231556408670415e-01 2.531779850870591875e-01 2.642473648087291238e-01 2.731023275484916191e-01 2.803112299882983827e-01 2.865767989590974896e-01 2.927280693607735573e-01 2.992015105109686601e-01 3.066953350131175760e-01 3.157743301897798505e-01 3.268331077457903300e-01 3.402940107227194755e-01 3.563863480578044474e-01 3.751968574972247561e-01 3.968633560429663532e-01 4.211002023292234608e-01 4.479731688505612652e-01 4.770413699941019603e-01 5.078156040988877074e-01 5.399717631594513900e-01 5.728960957484029448e-01 6.061816109060774727e-01 6.741685545727014173e-01
-4.697230119338269283e-02 -8.416932741960816977e-02 -1.189848698573547636e-01 -1.516834356709708120e-01 -1.819124270251773479e-01 -2.093011688482518673e-01 -2.334621636420007307e-01 -2.541491310501696188e-01 -2.711565187707538627e-01 -2.844820112061234307e-01 -2.939551473042588126e-01 -2.995095266904405085e-01 -3.011429135710906313e-01 -2.990136063396302557e-01 -2.930684973646986435e-01 -2.834528741521196715e-01 -2.704448004734114619e-01 -2.544000675057110361e-01 -2.356310276025236627e-01 -2.148050489667728824e-01 -1.923828504334841316e-01 -1.688495572268384481e-01 -1.449797391449053063e-01 -1.209630424628933693e-01 -9.748048098212977464e-02 -7.485804855848501860e-02 -5.340997786898540878e-02 -3.365575017401555014e-02 -1.573104587626947617e-02 9.713822110725956610e-03
6.221207146533442450e-02 7.825111671497578247e-02 9.535893264346134712e-02 1.132549641143648089e-01 1.322614667405344058e-01 1.523021024061161355e-01 1.731911608666634461e-01 1.950046152838082192e-01 2.176515506722227211e-01 2.407427366802241120e-01 2.640275720475483423e-01 2.871295572968448617e-01 3.097785856402260896e-01 3.315766709244950539e-01 3.520162006622015172e-01 3.708265223839278812e-01 3.876846730508144434e-01 4.023137543858391618e-01 4.144699783715745101e-01 4.241678161495453514e-01 4.311323042442272158e-01 4.355136251237317624e-01 4.372521027220613865e-01 4.365169212932158427e-01 4.333937512102531420e-01 4.281699652742437245e-01 4.208275257427749882e-01 4.117549278914592881e-01 4.009828304592620851e-01 3.665557798639660358e-01
1.291247951508305708e-02 -3.179726426078291479e-03 -1.396372582552840233e-02 -2.230843177339826219e-02 -2.800024502401342319e-02 -3.095148373867327024e-02 -3.109226998867194863e-02 -2.823619768401113353e-02 -2.236361356364734501e-02 -1.374373335040725980e-02 -2.457309637839086638e-03 1.124131165330745884e-02 2.716376685039836175e-02 4.492114699731697414e-02 6.419964808290953839e-02 8.474628242423767888e-02 1.061901815733893167e-01 1.281848907966808837e-01 1.504799140947582770e-01 1.727158952878609655e-01 1.945410938727633599e-01 2.159016169276765096e-01 2.363332885485016632e-01 2.559709070463807024e-01 2.745714910429603028e-01 2.921300980515133539e-01 3.086687705396490289e-01 3.241840533117419931e-01 3.388954151134022652e-01 3.703021980908363098e-01
-6.485478906856979517e-03 -2.388227060365189988e-02 -3.763292995655641293e-02 -5.001317659738047094e-02 -6.120367898287039365e-02 -7.121630587346390595e-02 -8.004207460695489385e-02 -8.760240685965313412e-02 -9.388531310720525658e-02 -9.897220687013201512e-02 -1.028068505507987868e-01 -1.054166288154922970e-01 -1.067839085026410367e-01 -1.070525204911660228e-01 -1.061281198218715915e-01 -1.040456300403987816e-01 -1.008364976951077879e-01 -9.649680462175433404e-02 -9.093596103395179542e-02 -8.434341307065118531e-02 -7.663540852393418978e-02 -6.780678441549405078e-02 -5.797767726341622463e-02 -4.707551559402093494e-02 -3.516725070337112236e-02 -2.234453647993233164e-02 -8.482347155972043765e-03 6.317727080547685253e-03 2.234791588149061953e-02 7.058346101253211435e-02
6.895932090529083291e-02 9.078905398301312379e-02 1.125478723645052942e-01 1.343614474313918894e-01 1.564530281407504053e-01 1.787341276736011397e-01 2.010482353910772735e-01 2.235161277741957997e-01 2.461843227032126658e-01 2.689791077581433210e-01 2.918979237101482216e-01 3.148950359723622361e-01 3.380729640799899904e-01 3.614749300890101047e-01 3.848650099224996124e-01 4.083223440254545311e-01 4.317728029837765158e-01 4.550855559823754337e-01 4.781810811511908454e-01 5.010582195063124633e-01 5.234041313339643509e-01 5.453492724457624785e-01 5.665161152889247598e-01 5.870868709043978173e-01 6.068018398020369464e-01 6.255942955563214003e-01 6.433116626238125635e-01 6.598905251560023277e-01 6.752128792156493198e-01 6.985258926823136871e-01
-2.242003654019514985e-02 -4.483633067528470378e-02 -6.597511505970256318e-02 -8.656601748317857559e-02 -1.069538717366646657e-01 -1.271565546934362301e-01 -1.471976096855339700e-01 -1.671097010788367143e-01 -1.869659123242431165e-01 -2.068696318608410634e-01 -2.267899905871517685e-01 -2.467542634274580982e-01 -2.668036658578826770e-01 -2.871550868428664471e-01 -3.075009465175108092e-01 -3.279286695218872061e-01 -3.483365580952927365e-01 -3.685191795661466596e-01 -3.882398291457526129e-01 -4.075266571194821608e-01 -4.259267225919968203e-01 -4.434251181774257478e-01 -4.596145487852362765e-01 -4.745578395656344650e-01 -4.879463202158826340e-01 -4.996948743096936707e-01 -5.095678920622563890e-01 -5.174481690780117216e-01 -5.229659286859680289e-01 -5.143238750586859309e-01
3.337687120987770095e-02 4.758527313896675215e-02 5.841109856483343854e-02 6.822921418556601725e-02 7.706961303534780316e-02 8.486214395761396134e-02 9.145670435452266100e-02 9.684638926982415408e-02 1.010249517255762258e-01 1.039556086257721473e-01 1.056580606574292064e-01 1.061689713491810738e-01 1.055748026765538083e-01 1.039148889484799443e-01 1.012675522375411641e-01 9.769858078546719837e-02 9.332464043409795240e-02 8.825970510335617858e-02 8.260080753644741258e-02 7.648190373251900764e-02 7.000577234858755549e-02 6.323974382223228330e-02 5.634233451469733422e-02 4.928891040806324814e-02 4.214673764584513094e-02 3.496714294251068722e-02 2.765044261225052882e-02 2.025726452901169261e-02 1.267345448150804417e-02 -8.323852551600357044e-03
-3.392153026018392831e-02 -4.982608718242495516e-02 -6.814920926225265241e-02 -8.675446627986463377e-02 -1.057680898630253691e-01 -1.251402421821970479e-01 -1.448726668880658819e-01 -1.650422743607231069e-01 -1.857203987604197082e-01 -2.070534431190306224e-01 -2.290719160626281392e-01 -2.518207972590762456e-01 -2.754357396704469330e-01 -3.001644248796885295e-01 -3.257667856463171696e-01 -3.524135114749707975e-01 -3.800542697366234846e-01 -4.085495363226646082e-01 -4.378007644693758804e-01 -4.678187725261240826e-01 -4.982147214114995282e-01 -5.291280788055006123e-01 -5.600352816888385377e-01 -5.911763264785276917e-01 -6.222330421801716138e-01 -6.530087732221031560e-01 -6.834939879686392494e-01 -7.134941227427521460e-01 -7.429792593343735874e-01 -8.053410658034830805e-01
1.093982718113187952e-01 1.523271776323116833e-01 1.925880489806978124e-01 2.320351657599875050e-01 2.709707422433957347e-01 3.091414075341675227e-01 3.460774682227583665e-01 3.817030814155777385e-01 4.157471613753436213e-01 4.476386197942416878e-01 4.769071258309764971e-01 5.029769335590055235e-01 5.254161728771592488e-01 5.436918371338611555e-01 5.571462551580387279e-01 5.654064275101747805e-01 5.682169820546119077e-01 5.654337451533112402e-01 5.568850709270656285e-01 5.430378000486577594e-01 5.238746288641740190e-01 4.998029397227660708e-01 4.714336183583214268e-01 4.389649265808205358e-01 4.030449756647050963e-01 3.643685677186617733e-01 3.230122992952604855e-01 2.799181121224615376e-01 2.350631136284708766e-01 1.234082824314539917e-01
1.394800574185878494e-01 1.764744177586539120e-01 2.215446276488189370e-01 2.686717712676403025e-01 3.180348684819542804e-01 3.692807496850465943e-01 4.220241152597496992e-01 4.764615852038536215e-01 5.325227187224423897e-01 5.898621318689264426e-01 6.482386352952131947e-01 7.072337864839995936e-01 7.667732872396766375e-01 8.266589934622602387e-01 8.860413300723963825e-01 9.448890648124850244e-01 1.002825176940951746e+00 1.059453231261319850e+00 1.114572729501084769e+00 1.168220977903296376e+00 1.219788533207259107e+00 1.269786230460730359e+00 1.317534234835585183e+00 1.363693715279441054e+00 1.408024925137334016e+00 1.450583855029079494e+00 1.491481809808397507e+00 1.530901916483441871e+00 1.569048147502459578e+00 1.648856916112861004e+00
1.802850165249493888e-02 2.806134124052839240e-02 3.474922478910990459e-02 3.995548453619530982e-02 4.334249652442165313e-02 4.473988571230572836e-02 4.393970810663239829e-02 4.085091966532525959e-02 3.543741412142448893e-02 2.777077077622596910e-02 1.795068080197222138e-02 6.145666778851251871e-03 -7.437542995995843204e-03 -2.262866339327979093e-02 -3.906001078961897355e-02 -5.652538106998857004e-02 -7.467444596443562066e-02 -9.312306160245226172e-02 -1.114944146267871361e-01 -1.295307149133075875e-01 -1.467544463375394237e-01 -1.630152709954818535e-01 -1.778594456384812450e-01 -1.913191401389603974e-01 -2.031358419583748354e-01 -2.132978215146474621e-01 -2.217453975544461109e-01 -2.284485413334839121e-01 -2.333605648739745797e-01 -2.331996964577000009e-01
2.161733948829738239e-01 2.865576777306730327e-01 3.661884658903248879e-01 4.472852248502332539e-01 5.299807316107789656e-01 6.136706789460983913e-01 6.977247068561740484e-01 7.823505797741391321e-01 8.674456701946375858e-01 9.527149353082730032e-01 1.037876566349039686e+00 1.122473490750520941e+00 1.206586473612436983e+00 1.290223325103864394e+00 1.372282938375600780e+00 1.452904218617371068e+00 1.531775722446763188e+00 1.608464846379369373e+00 1.682786210701421759e+00 1.755050057860112922e+00 1.824420941389318873e+00 1.891700480258736938e+00 1.956026660275770990e+00 2.018317513333228952e+00 2.078238950048883815e+00 2.135812982311336761e+00 2.191062272865632377e+00 2.244149673931650657e+00 2.295045634402343104e+00 2.392110559093486799e+00
1.347414665836384751e-01 1.804725852324104429e-01 2.295458120159358240e-01 2.789467846197636325e-01 3.287859131816688318e-01 3.787248545779080544e-01 4.283787795765415241e-01 4.779021065035502502e-01 5.273094601064867160e-01 5.765218355693623176e-01 6.254902627160715545e-01 6.741035841199560785e-01 7.225741076319031064e-01 7.710749260490568080e-01 8.191064523407920461e-01 8.669022560588831583e-01 9.143920157317049213e-01 9.614115325947325541e-01 1.007939629945498572e+00 1.054134180377979124e+00 1.099524907207246605e+00 1.144561111823042321e+00 1.188629643975572359e+00 1.232250965609824167e+00 1.275088768845371145e+00 1.317021621966381284e+00 1.357988268793602460e+00 1.397925848062939957e+00 1.436785349982526494e+00 1.514614240052023719e+00
-1.163084244796484465e-02 -2.306620866810960707e-02 -3.529591722369751494e-02 -4.738704537798875405e-02 -5.940245365435524449e-02 -7.129939907406704358e-02 -8.306618300942786304e-02 -9.468526155971246361e-02 -1.061510514878970246e-01 -1.175228635780791869e-01 -1.287503762875284452e-01 -1.398115972549292541e-01 -1.507010782299885443e-01 -1.615267991714438578e-01 -1.721039834882559516e-01 -1.824791228415044431e-01 -1.926116831451999412e-01 -2.024299017526328681e-01 -2.118564824154473003e-01 -2.209786176279519010e-01 -2.296306624017943609e-01 -2.378973094793639942e-01 -2.456552288933064043e-01 -2.530075256611109547e-01 -2.599139361557174510e-01 -2.663686906143363786e-01 -2.723886168216697046e-01 -2.779923501162023802e-01 -2.831207951651154020e-01 -2.910922019825097351e-01
9.018863511707247982e-02 1.240625274859279564e-01 1.558098320527442071e-01 1.871078870610518030e-01 2.183660386773714213e-01 2.494798457911479861e-01 2.802070429111410133e-01 3.106284100749926447e-01 3.407161485697571823e-01 3.702390698419470993e-01 3.990418560726264330e-01 4.269128640846878708e-01 4.537854758769748753e-01 4.795433810593669466e-01 5.037459410926117265e-01 5.263251636571989467e-01 5.471049404727681420e-01 5.658788891332794391e-01 5.824457965739426868e-01 5.969338931759323730e-01 6.089840566919602072e-01 6.187674529256452782e-01 6.261162148712889897e-01 6.311875710246463989e-01 6.339140000675261843e-01 6.344684450960366151e-01 6.326528046768326030e-01 6.287056075171630898e-01 6.223993885830843009e-01 5.888584939469039270e-01
-3.523180580085195912e-02 -5.643891531701780706e-02 -7.837228268039275747e-02 -1.001178981878358409e-01 -1.218606206626300370e-01 -1.435393371164168930e-01 -1.651094242248184463e-01 -1.865953394347829031e-01 -2.080179119628783879e-01 -2.294426431131771082e-01 -2.508151185204819944e-01 -2.721055836876458134e-01 -2.933473494169436258e-01 -3.147031952574138036e-01 -3.358689383255657468e-01 -3.569318538764010285e-01 -3.778151082379674341e-01 -3.983772483063751646e-01 -4.184803758237238824e-01 -4.382230513756015799e-01 -4.572690115112932330e-01 -4.757534605609449185e-01 -4.933672841738925285e-01 -5.102906880514012089e-01 -5.263623595296276214e-01 -5.415377848832020335e-01 -5.557755747915764655e-01 -5.690583759102114669e-01 -5.812630464178358825e-01 -5.999700758374141296e-01
-5.413901472164703646e-03 -2.335565374104515979e-02 -4.119282591421820350e-02 -5.806258971803204827e-02 -7.381066822623152945e-02 -8.833044727778191496e-02 -1.016438273629131916e-01 -1.137739174161583322e-01 -1.249058104288483517e-01 -1.355407068469898779e-01 -1.459780894294656073e-01 -1.566738067298444059e-01 -1.681519216580570908e-01 -1.811547289491615698e-01 -1.958968564533288825e-01 -2.129348807147601330e-01 -2.325945585389672665e-01 -2.550342400400565923e-01 -2.804466288176895583e-01 -3.088750629124565883e-01 -3.401516354324294888e-01 -3.743410725043162524e-01 -4.108706654867756991e-01 -4.498828537838316377e-01 -4.908434298373570703e-01 -5.332193001244265318e-01 -5.768735037934249466e-01 -6.211446873808657010e-01 -6.657885948720801972e-01 -7.626623070445460728e-01
3.299527501316400213e-02 5.948266711357812209e-02 7.481000923544590953e-02 8.702526630671414409e-02 9.649410832457240572e-02 1.033057821267699267e-01 1.074065839464825312e-01 1.087785304975884410e-01 1.075353383149302844e-01 1.038500608764683641e-01 9.787726687473112530e-02 8.991222630750547729e-02 8.021507472908993852e-02 6.912602784720717208e-02 5.691250179063919723e-02 4.378578451911772917e-02 3.000540174513639455e-02 1.572064050709812491e-02 9.373370373426011259e-04 -1.418231383733434443e-02 -2.967465611266989142e-02 -4.574053671671821086e-02 -6.226921996053601249e-02 -7.959754672022406607e-02 -9.789385907232060757e-02 -1.172017686495625544e-01 -1.380821741598721730e-01 -1.606851672657769181e-01 -1.857326726895106028e-01 -2.709340349179718554e-01
7.032061975874587256e-02 9.532683587102677714e-02 1.193072139386246872e-01 1.430209508543593133e-01 1.667010511957704444e-01 1.902510821224751014e-01 2.134964337232771736e-01 2.365394070414714167e-01 2.594222440308943667e-01 2.820779819656683562e-01 3.045006368797580354e-01 3.266572382402747055e-01 3.486565558106022866e-01 3.705639082892387970e-01 3.921574275388685638e-01 4.135268634951826394e-01 4.346248237234116019e-01 4.553445857487804505e-01 4.756158158070146746e-01 4.954787220925775948e-01 5.146443329383671994e-01 5.332426907509295599e-01 5.509550834987124723e-01 5.679392117992384525e-01 5.839643102536368202e-01 5.989848141870743881e-01 6.128206768667010529e-01 6.254306977004413515e-01 6.366447639445971252e-01 6.489852761728561736e-01
-3.440568581185691338e-02 -5.226983156430729111e-02 -7.234225493477483560e-02 -9.265913805565950678e-02 -1.133637738653857086e-01 -1.343882052783585690e-01 -1.557012405630654184e-01 -1.773528348331035731e-01 -1.993749644415793165e-01 -2.218399354172987392e-01 -2.447107527328674925e-01 -2.679571485459892877e-01 -2.916298055647841281e-01 -3.158907468502272775e-01 -3.404281568688284909e-01 -3.653413784671499798e-01 -3.905371130125510071e-01 -4.158554574093049627e-01 -4.411675391311030148e-01 -4.665229564315109823e-01 -4.915576937565833693e-01 -5.164250452946299585e-01 -5.407162392523132688e-01 -5.646631953629097644e-01 -5.880498543817940238e-01 -6.107795080187035097e-01 -6.328555501052324228e-01 -6.542074500872772091e-01 -6.747952526161319353e-01 -7.156961331566009665e-01
-7.149827628828173132e-02 -1.098896157534613865e-01 -1.474341019979565626e-01 -1.843101943685015454e-01 -2.208882373386487907e-01 -2.570509836877391541e-01 -2.926289684692811033e-01 -3.276252939304498679e-01 -3.619929146285464916e-01 -3.956512076002107192e-01 -4.283995871503388786e-01 -4.600453018881135447e-01 -4.904933423732898978e-01 -5.197895827966739768e-01 -5.473857524212041303e-01 -5.732718592179650852e-01 -5.972771090916768610e-01 -6.191907791600663735e-01 -6.387745780683760088e-01 -6.562856705478499197e-01 -6.713063774168591680e-01 -6.840922137828988614e-01 -6.944692792654730829e-01 -7.026752870009236318e-01 -7.087130281165919810e-01 -7.127486994298175560e-01 -7.147310421789028201e-01 -7.149303432061826502e-01 -7.131640316352532150e-01 -6.941485226791639374e-01
6.394733403204115596e-02 1.006003494887063726e-01 1.317702280920534930e-01 1.604720029435456885e-01 1.864618356195275051e-01 2.094304884191321436e-01 2.289663691296930925e-01 2.449278732795977243e-01 2.572095564474699003e-01 2.657984008326499947e-01 2.706709740239381379e-01 2.718912185132221770e-01 2.696295942552084379e-01 2.640648436356865525e-01 2.553538700692525865e-01 2.437051600109458316e-01 2.294779854188248869e-01 2.130589368148778084e-01 1.948048805714597265e-01 1.752385643083942957e-01 1.547994702629370833e-01 1.338270659995887124e-01 1.129418500204023151e-01 9.220730906558317896e-02 7.204500208877345768e-02 5.263772124080633164e-02 3.401214864911908387e-02 1.643884062610338065e-02 -1.807043402746871807e-04 -3.421840846699986116e-02
8.620183051412075304e-02 1.122524173265962988e-01 1.409280272347970819e-01 1.701183520615474898e-01 1.999166491911667232e-01 2.301317756856872121e-01 2.605486513619025279e-01 2.913212392848040233e-01 3.225127557224950481e-01 3.541009896137233826e-01 3.861193852792002001e-01 4.185527964334303519e-01 4.516070360477394408e-01 4.854325953089249635e-01 5.197487627637380481e-01 5.547520886860535239e-01 5.903948389399149566e-01 6.265500518110578287e-01 6.632055252540267620e-01 7.003564322774609163e-01 7.376345569324447293e-01 7.752860130325532895e-01 8.127300417849746550e-01 8.503103921778871754e-01 8.876478847663256122e-01 9.245531864991372029e-01 9.609385922019716419e-01 9.966164024048580483e-01 1.031558155208645244e+00 1.103338230000206366e+00
5.592647605472368666e-02 7.470776292603016622e-02 9.237144757046464316e-02 1.096990088232200899e-01 1.268058453464479818e-01 1.435976150332968493e-01 1.599123201210113643e-01 1.758204494719592392e-01 1.913480465475537740e-01 2.064455764465393806e-01 2.211282453467449116e-01 2.353922760926334679e-01 2.493503293063816240e-01 2.630586022603530472e-01 2.764198347434791980e-01 2.895255501990615654e-01 3.023930186056263403e-01 3.150052608854743696e-01 3.273765828968387415e-01 3.395655777847034207e-01 3.514412665781501133e-01 3.631283153732922653e-01 3.744583607128126324e-01 3.855495073389169081e-01 3.962736493809846383e-01 4.065969354230891675e-01 4.164100342337370142e-01 4.256887844594427484e-01 4.343482539013924226e-01 4.474260008512624953e-01
-7.036858647768209907e-02 -1.003778638823082936e-01 -1.343899885677403150e-01 -1.689217604580454113e-01 -2.041094389392399955e-01 -2.397737623782661698e-01 -2.757726486932234877e-01 -3.121948822606083196e-01 -3.490637888309956471e-01 -3.864251371190580153e-01 -4.242145809397970813e-01 -4.623468969831961983e-01 -5.009156040427512613e-01 -5.401164103708153696e-01 -5.794805998032102057e-01 -6.191679998088290837e-01 -6.590637558628820170e-01 -6.989802378576803754e-01 -7.388077449129826224e-01 -7.786701069615583615e-01 -8.180982168937810384e-01 -8.574449417113245708e-01 -8.961453441306329593e-01 -9.346412545230629032e-01 -9.726825269993226719e-01 -1.010148927333731184e+00 -1.047140349852139440e+00 -1.083616327207704400e+00 -1.119671441641143295e+00 -1.199540087657307019e+00
8.762745166844380929e-04 -1.400859597166321732e-02 -2.691951774813147735e-02 -3.905918327980313631e-02 -5.061102848052181219e-02 -6.156844310387704633e-02 -7.192001224558838834e-02 -8.159030960716640024e-02 -9.054658993660781585e-02 -9.878122979864806252e-02 -1.061709434225449195e-01 -1.126493915815103414e-01 -1.180989903106593325e-01 -1.225527942457690922e-01 -1.257871337414948054e-01 -1.277506357852715435e-01 -1.283675605046243895e-01 -1.275458105216756843e-01 -1.251275067612876990e-01 -1.212438927605871408e-01 -1.157591554309512216e-01 -1.086628825929467773e-01 -1.000359932325132761e-01 -8.984139061615573074e-02 -7.814732992862732930e-02 -6.509107487328873176e-02 -5.057212220304297540e-02 -3.474801978793459756e-02 -1.736414968146530319e-02 3.499981036241172488e-02
-8.561302861227654271e-02 -1.174763211549191971e-01 -1.545283262101596611e-01 -1.930753761784266831e-01 -2.336496745723096180e-01 -2.761737404402100360e-01 -3.205578623741139888e-01 -3.669855593176524766e-01 -4.154824062780840821e-01 -4.658859888668908100e-01 -5.179842645524471711e-01 -5.714508271044520527e-01 -6.261534516249577242e-01 -6.820195962928045086e-01 -7.381772572555853618e-01 -7.945402366599891852e-01 -8.506611868613813687e-01 -9.060071685086524829e-01 -9.601266290114092161e-01 -1.012992687154008919e+00 -1.063720740354550998e+00 -1.112603026187906963e+00 -1.158782004083517281e+00 -1.202745000110735596e+00 -1.244101740170282522e+00 -1.282842754835233023e+00 -1.318964060654192805e+00 -1.352564223837833257e+00 -1.383668882874966588e+00 -1.438809789597143229e+00
3.663328863338779356e-03 -7.002405585438109190e-03 -1.577695708356467025e-02 -2.360005395421744742e-02 -3.049582549505434892e-02 -3.644359058316094802e-02 -4.143396897491072317e-02 -4.537982908783721320e-02 -4.825397146362529061e-02 -5.014053723570904147e-02 -5.099707650520911989e-02 -5.085227344674769778e-02 -4.969403768854034620e-02 -4.764716931651786364e-02 -4.467508150411551859e-02 -4.081970953750256592e-02 -3.613754297930515946e-02 -3.067055247427370387e-02 -2.440354436886292902e-02 -1.750674345781278590e-02 -9.996323931274376726e-03 -1.899168850062011790e-03 6.629447281223976515e-03 1.562455359037278300e-02 2.497435478291839400e-02 3.461147111140321087e-02 4.455352227492205552e-02 5.471486226097098393e-02 6.524253680478836470e-02 9.310999449476678458e-02
-9.110123603451073318e-03 -1.016136275170305588e-02 -1.644089994502710012e-02 -2.401942499003450332e-02 -3.288516264378188447e-02 -4.296929968098518737e-02 -5.426351363168797903e-02 -6.678747218677751063e-02 -8.048758043481027413e-02 -9.528000921857540662e-02 -1.110302235640947960e-01 -1.275445305264811813e-01 -1.446763971951736671e-01 -1.623140765748905812e-01 -1.801111099895023604e-01 -1.979762623218399575e-01 -2.157065545702227527e-01 -2.331189542366537693e-01 -2.500883695480840552e-01 -2.665997584508380536e-01 -2.824511488529393710e-01 -2.977980285504562286e-01 -3.124412385485754728e-01 -3.266195732487816583e-01 -3.403439486441295347e-01 -3.536616212482762145e-01 -3.667808412683583597e-01 -3.798246573191420006e-01 -3.930243091136751965e-01 -4.285571035121357175e-01
1.728249977824180550e-01 2.322579220821769097e-01 2.972242324833077598e-01 3.626454112310738553e-01 4.285368911221983934e-01 4.944097200148384053e-01 5.597547114663674606e-01 6.247488848832436492e-01 6.893963163856129395e-01 7.536505703390665722e-01 8.174571351179804601e-01 8.806920630425413288e-01 9.436654950285604526e-01 1.006663298005337381e+00 1.069057559063290697e+00 1.131195091673931508e+00 1.193031467129576306e+00 1.254385435227295176e+00 1.315275716425952979e+00 1.375954823103778812e+00 1.435844102219200558e+00 1.495567843426565346e+00 1.554344974143529567e+00 1.612884833146674302e+00 1.670767472402290732e+00 1.727804804206200640e+00 1.783955774043215925e+00 1.839101030256770741e+00 1.893178647342165455e+00 2.004310388476364224e+00
5.128287496868264017e-04 -1.015341699234743184e-02 -1.919534698801522027e-02 -2.744257978711445514e-02 -3.496215136102770460e-02 -4.173900926151488666e-02 -4.775957968676210891e-02 -5.294115726782255837e-02 -5.723978629023303982e-02 -6.068791516963369104e-02 -6.320350224879811574e-02 -6.475729368169272360e-02 -6.528084645376035222e-02 -6.483041778469283978e-02 -6.330299736370577357e-02 -6.068613976740989263e-02 -5.698238165403358979e-02 -5.219132653670914557e-02 -4.625472965321617697e-02 -3.933786288321829833e-02 -3.142644690427672666e-02 -2.255428284745814374e-02 -1.288670227381069275e-02 -2.399044045026462076e-03 8.766819582686772444e-03 2.049387182289092932e-02 3.278716191409888903e-02 4.549525560067224639e-02 5.874652979996240754e-02 9.337495460730524388e-02
3.691761680263173917e-02 3.840065627243857693e-02 4.410162951217223848e-02 5.093361115820444623e-02 5.873608690687080053e-02 6.737652396978670299e-02 7.674585977564873929e-02 8.696208843238045771e-02 9.806776087880916815e-02 1.100488679865475744e-01 1.229867360115813602e-01 1.368983327653076620e-01 1.519472807553428062e-01 1.681793897341991306e-01 1.855674254336488194e-01 2.042451999141031982e-01 2.242235956354647897e-01 2.454958668989521142e-01 2.681799815453702052e-01 2.921758631323567168e-01 3.174064237658558718e-01 3.440382139055171429e-01 3.717055869134016644e-01 4.006609494671343752e-01 4.306779541188243132e-01 4.615582107971540893e-01 4.933935748817684375e-01 5.259824995801868353e-01 5.595596099132771339e-01 6.440649418360450129e-01
6.757517465780984306e-03 -3.414290700935969369e-03 -1.318483494502504551e-02 -2.157947178526312473e-02 -2.806318475152582911e-02 -3.241293389208983744e-02 -3.448653354412199029e-02 -3.411094766777327675e-02 -3.122802750599450866e-02 -2.609899370256362969e-02 -1.881696269898585488e-02 -9.599824233174000798e-03 1.320585021459930175e-03 1.357138915565640758e-02 2.682877663910281096e-02 4.078182688918020882e-02 5.502569925590566902e-02 6.914231124843392418e-02 8.271406760552596493e-02 9.537390010870569479e-02 1.066387333911089225e-01 1.162550487838269753e-01 1.237980500465548500e-01 1.291792212812989116e-01 1.320898336055001399e-01 1.325939554191759295e-01 1.304253553470563487e-01 1.256007274697959752e-01 1.179557231016134522e-01 8.004176432547782660e-02
7.381789981223674246e-02 1.044705356758557913e-01 1.323032064577922273e-01 1.591332908144522940e-01 1.850872007392562191e-01 2.099915737211802691e-01 2.335577530549632075e-01 2.557838219063644503e-01 2.766096250213773700e-01 2.958794226961973806e-01 3.134920357686575842e-01 3.293344888582682151e-01 3.434176782106914683e-01 3.557095342016921569e-01 3.660194342548777624e-01 3.743684943429168577e-01 3.807788879751037858e-01 3.852757698414085996e-01 3.878835971597943688e-01 3.888539917355792741e-01 3.881623869527414117e-01 3.860383971834316363e-01 3.826237313767596460e-01 3.780411256294594624e-01 3.724245893900390847e-01 3.659470486396573241e-01 3.585362093838512787e-01 3.504429271730927775e-01 3.415544684358355898e-01 3.139987955945052756e-01
-4.652556872257561718e-03 -9.340886316072924411e-03 -1.669158987723983953e-02 -2.449030141953151968e-02 -3.270996164929328154e-02 -4.128402423787838615e-02 -5.018688658534463387e-02 -5.938522903373546352e-02 -6.881730195269805672e-02 -7.844420199507076696e-02 -8.814910658412880573e-02 -9.780235649742488602e-02 -1.072890033423520850e-01 -1.165624168788053916e-01 -1.253903592515490384e-01 -1.337174198675619707e-01 -1.414411621203144898e-01 -1.484777564542825723e-01 -1.547582160896913139e-01 -1.603615225387013121e-01 -1.652060825681097855e-01 -1.694196159072635099e-01 -1.729961585382985001e-01 -1.760772977113718718e-01 -1.787660819315622374e-01 -1.811481569045320927e-01 -1.833764203587170405e-01 -1.856024143835124096e-01 -1.879418758866245043e-01 -1.967457521823078315e-01
-1.280717495343451084e-01 -1.810962666529319920e-01 -2.396630251702267511e-01 -2.990157617044763017e-01 -3.594323919480382212e-01 -4.205922369387368742e-01 -4.821766661065065573e-01 -5.443328224010570704e-01 -6.070571125835867443e-01 -6.702784625346056568e-01 -7.338259079066984381e-01 -7.974537832868019427e-01 -8.612328788198543306e-01 -9.253237580005115870e-01 -9.889073964007137896e-01 -1.052147110571454380e+00 -1.114819377436733649e+00 -1.176623090713662112e+00 -1.237380114309721613e+00 -1.297348810843035327e+00 -1.355821835311309842e+00 -1.413445033833285347e+00 -1.469447860495777469e+00 -1.524568920816711692e+00 -1.578543003217466545e+00 -1.631305294842309461e+00 -1.683054441398228684e+00 -1.733903728178693759e+00 -1.784081720768801782e+00 -1.896102149776638823e+00
-6.393261451292202302e-02 -6.018693707271476762e-02 -7.229519187744180841e-02 -9.005090666342571715e-02 -1.140769729556433687e-01 -1.444015321257972606e-01 -1.810625315333499463e-01 -2.243841852310192175e-01 -2.742730236418030598e-01 -3.300733348305895931e-01 -3.912927527212638479e-01 -4.570319249226539315e-01 -5.266217824922644342e-01 -5.991968000454046539e-01 -6.733471683765281934e-01 -7.484090572347901205e-01 -8.233235557465337084e-01 -8.970780585694049236e-01 -9.688730170723816038e-01 -1.038274730815961000e+00 -1.104126116474751340e+00 -1.166741326283904812e+00 -1.225008796313396431e+00 -1.279656236975972750e+00 -1.330393391887933374e+00 -1.377445459710142206e+00 -1.421214530546600185e+00 -1.462170306724147384e+00 -1.501031210027413687e+00 -1.589996294352601591e+00
1.777479898023107685e-01 2.488573741777039272e-01 3.205928286195182664e-01 3.912504559854343977e-01 4.608386734875885571e-01 5.288208357719876851e-01 5.945451969047654828e-01 6.580421190459490033e-01 7.191963618310841522e-01 7.778428077915389149e-01 8.338016551789904085e-01 8.868644610199127865e-01 9.372072571795173612e-01 9.849988524005016677e-01 1.029669876947708618e+00 1.071464485234759234e+00 1.110441458914262158e+00 1.146598056495821361e+00 1.180043723930257249e+00 1.211333299681539355e+00 1.240224289193906371e+00 1.267426534423680362e+00 1.292816331348298986e+00 1.316987450429137008e+00 1.340011236252870663e+00 1.362021929753718608e+00 1.383048854422141538e+00 1.403399662202454934e+00 1.423001088657553481e+00 1.459571262387417079e+00
3.624531686546529977e-03 -1.945675434771221637e-03 -9.407727711353610842e-03 -1.645081638599026758e-02 -2.270575989271228848e-02 -2.803076585925354941e-02 -3.239592377143675483e-02 -3.575304239096590425e-02 -3.814384899365433346e-02 -3.987991282132800908e-02 -4.112138499876404757e-02 -4.211891298212511181e-02 -4.316767993550983673e-02 -4.469169100293516467e-02 -4.690288408139728360e-02 -5.014609439179203154e-02 -5.469770682387898458e-02 -6.078783071553323092e-02 -6.868912559411342877e-02 -7.853915803998184897e-02 -9.048452144212250359e-02 -1.046959854343765400e-01 -1.210769177716138900e-01 -1.397854768446563090e-01 -1.607464960199683490e-01 -1.836953870745841599e-01 -2.087965631174551195e-01 -2.357703946470486311e-01 -2.647421741989438582e-01 -3.442215746269611243e-01
