8.100217451319260964e-02 8.908705500670907607e-02 9.911436257295272445e-02 1.168961816598895614e-01 1.175515262582403214e-01 1.468529772986016946e-01 1.442444626456002021e-01 1.694645104945933234e-01 1.712807138469558677e-01 1.855329576662868574e-01 1.769204390285687711e-01 1.896220044594363885e-01 2.021273527378311119e-01 1.981096120776955627e-01 2.177480687636492440e-01 2.112360880870777224e-01 2.090346997380385929e-01 2.074894196721934203e-01 2.032515603810216842e-01 2.099959421913291935e-01 2.003877162718999405e-01 1.751606337934752122e-01 1.798376999254326369e-01 1.758747618144837488e-01 1.717715617031291830e-01 1.372357231147021961e-01 1.374837635308271688e-01 1.288412683168063122e-01 1.073919705960769966e-01 7.446683554611742417e-02
7.533427781564326631e-02 8.475705451584916728e-02 9.850642145342625167e-02 1.118043942889338921e-01 1.318521645529709962e-01 1.542071115736148301e-01 1.598442214510832626e-01 1.717318627776491802e-01 1.794907372003543278e-01 2.089504493562395204e-01 2.190420387050013018e-01 2.117787649921619719e-01 2.122652926038303411e-01 2.290800549532557850e-01 2.384613081920543831e-01 2.336417217679010172e-01 2.230654540587731494e-01 2.208244840179658386e-01 2.090161557587210395e-01 2.249764683892249151e-01 2.060851256783178820e-01 1.806955778748381425e-01 1.762916091661446139e-01 1.656947865143162113e-01 1.726553435951573290e-01 1.216257202942676585e-01 1.107978441355290805e-01 1.399780330778528370e-01 1.042719387222177524e-01 1.099190586551174603e-01
5.712093296503847895e-02 5.545115056609148385e-02 5.054359511205925443e-02 3.678005015757247059e-02 3.376126434126257292e-02 2.174123193271908228e-02 1.365199873764905494e-02 1.975843281879455238e-03 -2.898454141542295553e-02 -9.057515882612478253e-03 -2.144953016989963740e-02 -5.532925566219700636e-03 -2.710801395117231477e-02 -1.444657465430587706e-02 -2.531441641736850712e-02 -2.326037898105384402e-02 -2.517842389267543196e-02 -1.249097495739035293e-02 -2.250144227305356584e-02 -9.640291820834437364e-03 -7.336800674552831220e-03 1.172573063480109035e-02 1.646887819175830991e-02 6.608457803031354827e-03 2.205051642588089916e-02 4.092250601196869425e-02 1.810890700723176427e-02 5.181588737348845342e-02 6.391010645828323899e-02 1.008682624306465464e-01
4.259356150569493238e-03 1.114587852585929156e-03 -3.989830305080235145e-03 -4.422939177146867351e-03 -6.528138070871089549e-03 -1.413892161444257195e-02 -3.723344575645357035e-02 -1.248096692881611736e-02 -4.191843453650456047e-02 -2.254447964057734732e-02 -2.847589960031190678e-02 -3.657906455297621484e-02 -6.349357799121239931e-02 -3.949591466160226605e-02 -5.257265767356884834e-02 -3.816979497530699483e-02 -5.064185547144928190e-02 -3.391057453763805796e-02 -5.100706081261194985e-02 -2.749826851164877822e-02 -2.420000868922154991e-02 -2.557563991169888029e-03 5.918545545051438761e-03 -2.341181803554925889e-02 1.089503469125133184e-02 3.791617307263070447e-02 1.187497857253426436e-02 5.354985808923702628e-02 6.590590877226323863e-02 1.059792721457345488e-01
6.697041673853332266e-02 8.688131690886115310e-02 8.978900592474095554e-02 9.597677127133531771e-02 1.136402130571207009e-01 1.147432801318979956e-01 1.194785257834127812e-01 1.263889221352664793e-01 1.209073709331830726e-01 1.206384399706360022e-01 1.286745202397093224e-01 1.137068007538510617e-01 1.113826626909958789e-01 1.143670210600177539e-01 1.180632596669120432e-01 1.131331707931697711e-01 1.056422848288948307e-01 8.794354883475459517e-02 9.542061932851446382e-02 9.882288269814094861e-02 7.967596588618039433e-02 4.923853352335756661e-02 6.027957132981663635e-02 3.982502661446606085e-02 4.494633246314096164e-02 2.904986853127913826e-02 1.263722694315917716e-02 -5.312695766388125795e-03 -2.340105589592549051e-02 -8.298792574311956993e-02
1.028306446844058503e-01 1.171181975934499631e-01 1.321544819156204031e-01 1.367399104135671728e-01 1.608385402457172264e-01 2.019164213277711561e-01 2.060444581138427544e-01 1.905140909782583325e-01 2.252163256388559354e-01 2.771306415604236628e-01 3.049977497987952924e-01 3.271106158210331238e-01 3.430132626188046041e-01 3.887122356187460159e-01 4.296047800144513484e-01 4.608039887419284053e-01 4.398986290467536420e-01 4.993345033878200945e-01 5.332395189333654084e-01 5.434418575920433314e-01 5.807860209234518845e-01 6.138331707105865176e-01 6.567667688697882422e-01 6.733494875604782992e-01 6.722496652990332944e-01 7.496471792960277547e-01 7.449654982732677455e-01 7.541363605280564375e-01 8.104121837227882263e-01 8.145955372932562888e-01
9.276060630780512406e-02 1.288893156466494050e-01 1.576955132184504338e-01 1.466786298599165872e-01 1.878598846719256033e-01 2.379235407469879604e-01 2.479243910440101506e-01 2.383497699667717629e-01 2.731940454195681545e-01 2.756231861334555999e-01 2.948445254222419876e-01 3.284681202002515676e-01 3.295121621015172919e-01 3.243690271009678217e-01 3.592334226543899556e-01 3.529708380371466281e-01 3.543260583369434169e-01 3.582061769776787030e-01 3.740997796408105369e-01 3.761919875149952186e-01 3.755180323995676028e-01 3.697809727624338794e-01 3.730642782398522761e-01 3.924844814182503194e-01 3.760292589612780345e-01 3.914841467209578818e-01 4.114174257007827129e-01 3.544972566996247298e-01 3.919147763915017402e-01 3.222426536149193832e-01
-2.325179972652065274e-02 -3.245936319273200893e-02 -4.686818731802303017e-02 -4.966176506264411566e-02 -4.948760648533570561e-02 -7.758152141616272979e-02 -9.441452314080497898e-02 -7.124813374229091445e-02 -1.006083062635862863e-01 -7.752397898934096365e-02 -1.004119686420242158e-01 -9.104225167863805313e-02 -1.040451983131769897e-01 -9.268204297049148499e-02 -9.824763487750813595e-02 -8.762160116155884304e-02 -9.960122446629698922e-02 -6.927717446500812615e-02 -7.498445871816800112e-02 -5.562045813944255929e-02 -5.235374001174425418e-02 -4.166542798931865965e-02 -3.650005264454551923e-02 -4.274659601557224964e-02 -1.675752195455651461e-02 6.971000374428899110e-03 -1.914994940220334299e-02 1.058525094505824091e-02 2.285692374817010347e-02 4.064564902801186957e-02
-1.711242736994102870e-03 -4.486419421984366024e-03 -6.062085074144050317e-03 -1.281978265849289395e-02 -3.159945315750971317e-03 -6.265700049017868672e-03 -7.452273191173652139e-03 -1.145432431196927170e-04 -5.112670835623819854e-04 1.598606831699922112e-02 1.584478863068211965e-02 2.438538665925201257e-02 3.520682328347875256e-02 5.507950802174660376e-02 7.422678756797382316e-02 8.523800510248993878e-02 7.671228237554382490e-02 1.100690312920412084e-01 1.287088739666927828e-01 1.404482086155352250e-01 1.506564738671450909e-01 1.824761833617699613e-01 1.996145944483251333e-01 2.021996676497253842e-01 2.126128228200056813e-01 2.552180816980097466e-01 2.350257622673815328e-01 2.354072858035443916e-01 2.671718801669819565e-01 2.394184391718931493e-01
6.277584729514503609e-03 2.437998164019733460e-02 7.428386610626946940e-03 1.387576812198421800e-02 2.283848901734268633e-03 -1.868472947185602015e-02 -3.310812141772107725e-02 -1.875401338922071115e-02 -5.476339801610501101e-02 -7.132690809117621378e-02 -1.018156805244278540e-01 -8.766598439935430198e-02 -1.006756636280151107e-01 -1.271960127796903650e-01 -1.402203025994740171e-01 -1.416440359144851835e-01 -1.390710211057684109e-01 -1.461470085197338897e-01 -1.444661680597053022e-01 -1.542582171735037422e-01 -1.418089914420054831e-01 -1.575535840377152996e-01 -1.499336339710133359e-01 -1.547093826377319292e-01 -1.376680360835562389e-01 -1.228424521575964268e-01 -1.215380990881891332e-01 -1.353137806044370506e-01 -1.253581732842856400e-01 -1.268426843770944779e-01
6.745378864222310866e-02 8.672415390410843916e-02 1.022591843187309057e-01 1.318944401994001092e-01 1.432507197601458615e-01 1.646360423729566202e-01 1.636697648109250447e-01 1.831471936174342563e-01 1.843599347080246420e-01 2.121762432968961609e-01 2.102983890399126032e-01 1.976601984513184918e-01 1.912303107501366894e-01 2.139379677165548499e-01 2.003165618402062143e-01 2.185030789159994602e-01 2.094006502515200208e-01 2.068394660841708088e-01 2.088623294015579668e-01 2.121374746502399655e-01 2.245520694179031773e-01 2.156282121185054135e-01 2.348587295252713703e-01 2.316434552514135548e-01 2.367972036192863561e-01 2.508328605061326266e-01 2.430694104459300009e-01 2.760797851185395335e-01 2.764119831966725949e-01 3.169298704043139181e-01
-4.729667489879527814e-02 -6.607490055937301210e-02 -8.100509093623509127e-02 -1.036480180484120606e-01 -1.144954041602811723e-01 -1.441064875460180694e-01 -1.635759337041264028e-01 -1.803959891281424754e-01 -2.143389325739849249e-01 -2.014418840905099484e-01 -2.055848448783214044e-01 -1.902047850187269518e-01 -2.136502107814828577e-01 -2.063670745021854436e-01 -2.147580738777519760e-01 -2.118804484862006898e-01 -2.195088373786548142e-01 -1.872582934137582145e-01 -2.023951175874072750e-01 -1.963738120122268394e-01 -1.894696047512770543e-01 -1.601449630906489341e-01 -1.630990015361474810e-01 -1.719274137431149874e-01 -1.625049230342237028e-01 -1.277368616188990780e-01 -1.477451952913003685e-01 -1.432064576348354434e-01 -1.268824381079530494e-01 -1.142114378102259964e-01
3.976918380242803336e-02 6.800573955743702270e-02 7.776871465997239885e-02 9.311305714427386970e-02 1.226135372446929966e-01 1.473844721041007444e-01 1.531391464267786162e-01 1.627984191145519233e-01 1.921932023474042239e-01 2.093838356462674188e-01 2.275884442830114207e-01 2.226071673368202053e-01 2.278308890205064108e-01 2.456564734598127853e-01 2.604204745785840824e-01 2.599484684032339898e-01 2.611861117515822950e-01 2.554450725389021404e-01 2.579910909281387110e-01 2.662015922177695670e-01 2.551179720188666011e-01 2.268287945494721902e-01 2.379517469860474854e-01 2.306656485938252954e-01 2.172314874375018690e-01 2.052126053419269236e-01 1.976172214790461457e-01 1.694770548566318369e-01 1.552113749740571813e-01 8.332689582757078772e-02
-1.467680704119785767e-02 -1.115825103496548634e-02 -5.685308088743824817e-03 -8.697996526882858029e-03 -6.933876129295057575e-03 1.161218995823092709e-03 -1.359595422613742513e-02 -1.538225015234891482e-02 -1.832482176111541877e-02 -6.149687002390345769e-03 3.121744530695027935e-03 1.641605802196060421e-03 6.823689525408925538e-04 9.400181104992169981e-03 9.051454783648224880e-03 2.254010014191009520e-02 1.809683404090373093e-02 4.181673754154158207e-02 5.291562909663495573e-02 6.535545068444967298e-02 6.976181970636538554e-02 1.074739207393809182e-01 1.216206463382671354e-01 1.230918584189492904e-01 1.422744652812973354e-01 1.841530681008079207e-01 1.661114988898952927e-01 1.795286121083249364e-01 2.016580000992533872e-01 1.967178022164879081e-01
-2.764339213797306280e-02 -4.035121398948686433e-02 -5.469816546186893891e-02 -7.971694258692571533e-02 -9.225646261665401693e-02 -1.154358064682498297e-01 -1.228612550208896953e-01 -1.321918508357877442e-01 -1.738053343751398694e-01 -1.661792164139358485e-01 -2.097147356215939562e-01 -1.520832574742843613e-01 -1.718131412116515599e-01 -1.915305371490573783e-01 -1.914400033619408081e-01 -2.062733660087852361e-01 -1.986387183634897857e-01 -1.725440424201337697e-01 -1.873721641751665001e-01 -1.884742816293495382e-01 -1.682873499595350375e-01 -1.547029349649824970e-01 -1.679745041158611230e-01 -1.495858231157109475e-01 -1.378494276642275029e-01 -1.324208530273112139e-01 -1.228378638379788168e-01 -1.022339726242954688e-01 -7.906877330178418983e-02 -9.097298664460878870e-03
1.446277180137225948e-02 1.833935007506135376e-02 2.713053255824877247e-02 2.666730649938328646e-02 4.256840097996565653e-02 5.499449820680772649e-02 5.464493683320789663e-02 5.386044957504868697e-02 6.290433781071641528e-02 9.563964816710832095e-02 9.814248048392615331e-02 1.181020185431504582e-01 1.151278048062351900e-01 1.422740643999490240e-01 1.536792886446829987e-01 1.687923965410219607e-01 1.620580739003214532e-01 1.958146267186701983e-01 2.048772847783287832e-01 2.094584842946791703e-01 2.330444577601795131e-01 2.555907726306392291e-01 2.713291979059814785e-01 2.845059608732217749e-01 2.818342948715639729e-01 3.306993804591716324e-01 3.238092605424459647e-01 3.412336722440006964e-01 3.717174977442571637e-01 3.990801462456881610e-01
-2.313214080957481586e-02 -4.977901544890428465e-02 -6.318186304877701498e-02 -8.715431167447312832e-02 -1.164944156033098088e-01 -1.355276647946216662e-01 -1.608715679957559708e-01 -1.466490342782241496e-01 -2.130054645412122749e-01 -2.148381799055013031e-01 -2.649347930514988070e-01 -2.099119091088711975e-01 -2.303666852478715721e-01 -2.704967915578926352e-01 -2.656534243252809402e-01 -2.846601596391649114e-01 -2.952717788782266428e-01 -2.709232718590348643e-01 -3.027207269015012026e-01 -2.970867041008032894e-01 -3.000400809613845698e-01 -3.015105931408924578e-01 -3.280620700259324618e-01 -3.370416760904463294e-01 -3.034926955524628323e-01 -3.331991358660296165e-01 -3.288640376300587809e-01 -3.235666507502630296e-01 -3.197367518098855887e-01 -2.772966720285161002e-01
1.804459634611978863e-02 2.423159671945300520e-02 1.609722591028311597e-02 3.567472380046598363e-02 3.549825322020993407e-02 3.695762192883340902e-02 3.487620528505377959e-02 6.053827693059181392e-02 3.806695720982943704e-02 3.209388692996098524e-02 2.256110026384148398e-02 2.118665193642655514e-02 4.217363775070273602e-03 2.868928637768178302e-03 4.834889486013682625e-03 -8.865228881058118127e-05 -1.522342888390065124e-02 -1.621456904333924004e-02 -4.091331360852004662e-02 -3.932969379450563380e-02 -3.666004799186931007e-02 -5.320753553235802596e-02 -6.109427920461485417e-02 -7.653909784911211434e-02 -6.130835813495241760e-02 -8.334208359912270714e-02 -7.524384110899827449e-02 -6.806172861824710818e-02 -7.642860685983902946e-02 -4.252306207680191241e-02
-3.756589755841489853e-02 -4.986609487786845124e-02 -7.590166839497056173e-02 -8.393097822444411937e-02 -1.067013274548462010e-01 -1.422724237770301714e-01 -1.537337155160350133e-01 -1.556718764699878965e-01 -2.116308736676612012e-01 -2.230339717179216918e-01 -2.570036149868912823e-01 -2.334724884099107500e-01 -2.608088519661501126e-01 -2.940599889032162739e-01 -3.074410176894742941e-01 -3.346359079545735415e-01 -3.381955553821177629e-01 -3.458892175178316375e-01 -3.895208359895668826e-01 -3.886070608316870012e-01 -4.070004407792343626e-01 -4.498888159921884400e-01 -4.771522604086557706e-01 -5.029127608892056678e-01 -4.798242367536381670e-01 -5.482865667285168332e-01 -5.477752551496128941e-01 -5.590232597760986799e-01 -5.954138655462581919e-01 -5.886591143901895862e-01
6.769233262453805411e-02 7.688155476580472991e-02 8.846851615310384609e-02 1.068933597395914092e-01 1.233807201801713077e-01 1.614712805855577915e-01 1.649560998324341998e-01 1.865823584678239777e-01 2.079907602234003505e-01 2.323224750602521371e-01 2.373628257926439777e-01 2.514761968148420679e-01 2.676913016630449449e-01 2.628274938717323206e-01 2.911194442993489950e-01 2.830720347086823629e-01 2.734192369922956445e-01 2.768762267133044186e-01 2.677102959968908902e-01 2.660764162953509482e-01 2.562853835481172515e-01 2.021415304110588673e-01 1.919575485889275512e-01 1.956867571197836997e-01 1.793103925124799880e-01 1.211536224725952848e-01 1.376478137414410274e-01 1.059335225641494516e-01 7.522858333142630471e-02 3.556806772389094207e-02
9.366824810613513796e-02 1.225336733674535772e-01 1.477723437761388203e-01 1.751614997879606395e-01 2.094160608165902548e-01 2.639371860421187432e-01 2.762490320193087268e-01 2.754779087235000867e-01 3.374889568856924704e-01 3.826912605991657501e-01 4.143010385475658364e-01 4.102198304373440574e-01 4.396284174661242994e-01 4.929799946487315454e-01 5.130865179445207591e-01 5.525128895982730493e-01 5.457321657797939984e-01 5.788539956291183231e-01 6.128566627598701633e-01 6.327728542822673719e-01 6.508929215106618038e-01 7.052918572181994250e-01 7.357933017166375933e-01 7.527032307263354927e-01 7.609315856727182359e-01 8.239634659184483789e-01 7.978443756676386611e-01 8.488090703454078678e-01 8.823429544164520522e-01 9.003823040294690605e-01
4.333691123058558414e-02 4.786435470452368723e-02 3.493029371911920977e-02 4.747801863165715397e-02 3.230471875522314407e-02 2.364367963688272789e-02 1.787751417512373903e-02 1.554155954746802570e-02 -2.271139343239284708e-02 -4.572198081237029837e-02 -4.281609189538787552e-02 -5.954787404047921784e-02 -7.711870041866117353e-02 -1.026303543729377155e-01 -1.091321387551417860e-01 -1.276429096552462450e-01 -1.452770856631949714e-01 -1.616843621015855714e-01 -1.921946963199628877e-01 -1.888882847840857582e-01 -2.147120955911899776e-01 -2.500441337281554266e-01 -2.651491721520584099e-01 -2.877695047438462161e-01 -2.743073513671567820e-01 -3.279408169341469503e-01 -3.267080152462706888e-01 -3.565725073516467503e-01 -3.812062076449617143e-01 -4.178135406286876963e-01
1.464398835855393044e-01 1.809736816381587454e-01 2.112407921868809102e-01 2.394670178608479527e-01 2.908794932779087405e-01 3.597721073473909570e-01 3.833038620791010542e-01 3.635646438772953681e-01 4.546379510088429665e-01 5.257177101557070076e-01 5.755826585425593001e-01 5.778381900912934466e-01 6.197972855887821098e-01 6.913090683562244099e-01 7.247125048767124600e-01 7.786490311269946840e-01 7.661267807374164684e-01 8.191824638474686227e-01 8.768637761124448149e-01 8.873925235776937148e-01 9.242999383051641038e-01 9.871324514363077895e-01 1.026948121480569132e+00 1.067034906024028951e+00 1.058272785969441632e+00 1.145463806750027125e+00 1.128182977711065238e+00 1.188461596934847320e+00 1.229099574112565652e+00 1.270999167433569443e+00
7.268918173729954635e-02 7.615256431331754450e-02 1.165718341866070346e-01 1.409555330477821333e-01 1.680823664445781629e-01 2.432433221048960204e-01 2.380795174178328422e-01 2.622834345622645502e-01 3.078094435399553186e-01 3.640442258860235314e-01 4.020170107631435563e-01 3.905068021317672500e-01 4.045284885603299685e-01 4.604035701014649318e-01 4.838422833675133372e-01 5.259510875836536092e-01 5.011713548450225097e-01 5.496998424625924029e-01 5.727360241767404103e-01 5.916551736779355197e-01 6.175326592924240687e-01 6.803513588769940501e-01 7.078071753269343791e-01 7.294737122037266985e-01 7.270218371723905504e-01 7.974227807065172868e-01 7.952163895869768240e-01 8.478310299842068964e-01 8.866016650206853811e-01 9.440909000311065169e-01
6.321014440732686257e-03 1.553679753858228270e-02 -3.312556867645435887e-03 -1.426922697509250618e-02 -6.748046999575343236e-03 -2.697794472057921805e-02 -2.628224068543241754e-02 -3.638448039739906881e-02 -5.353046374530988361e-02 -6.967401577213652719e-02 -7.127126727440874498e-02 -6.369460501701292021e-02 -7.895589533980973407e-02 -1.004112533456073264e-01 -1.004274944276061232e-01 -1.228972393206309577e-01 -1.204406213745862902e-01 -1.294859462823584884e-01 -1.465367446031873855e-01 -1.454568616045382456e-01 -1.684785856083865774e-01 -1.824475908540869884e-01 -2.127850592532751772e-01 -2.118183919260842041e-01 -2.165695884539970972e-01 -2.548889789730157118e-01 -2.504329963938173864e-01 -2.846743230617636011e-01 -3.017327432822805022e-01 -3.464987114122574097e-01
1.165258545190441253e-01 1.276468510583796401e-01 1.404445118589127683e-01 1.300116138200191340e-01 1.525921328989236214e-01 1.827219771280083616e-01 1.930877546455586069e-01 1.758252534680083135e-01 2.015927319288922104e-01 2.371029291178390341e-01 2.475361585288901600e-01 2.830419937913867257e-01 3.016971552008483881e-01 3.122249067565195935e-01 3.477765667070926159e-01 3.437540412070848594e-01 3.493713437365754126e-01 3.671647016668653229e-01 3.954804094257889924e-01 3.945613126402401916e-01 3.922214697435487119e-01 3.862169525752912613e-01 4.051615467136577275e-01 4.258893395363970158e-01 3.950330508043497502e-01 3.988118300788046078e-01 3.979643013160220066e-01 3.846779699612756787e-01 3.740028762309300925e-01 3.304648218132066884e-01
-1.210680595234266133e-02 -1.230736260876148791e-02 -1.637129166009141171e-02 -3.239373180930859436e-02 -3.535158051600534312e-02 -4.999278079600318059e-02 -6.226138817468617609e-02 -5.830348393066452084e-02 -1.071553894533255474e-01 -1.219589773163588242e-01 -1.375085536262295738e-01 -1.248558704332561053e-01 -1.618200630550080399e-01 -1.969156516646349830e-01 -2.058956797862474541e-01 -2.338224220524924846e-01 -2.397237095750989755e-01 -2.530181312112164127e-01 -2.818474721852304299e-01 -2.964805030523487428e-01 -2.975102110110562359e-01 -3.462902938314140755e-01 -3.690322084528906976e-01 -3.699080904572010775e-01 -3.758683566503033258e-01 -4.086333307852071384e-01 -3.799140780063762768e-01 -4.268947643936423231e-01 -4.251773783484710245e-01 -4.275977974912558155e-01
-2.635037320813386763e-02 -2.360546978234631318e-02 -3.598761237938186142e-02 -5.553332346909643086e-02 -5.155482882760147045e-02 -7.441934170562461426e-02 -7.642667394752218624e-02 -8.677851726691104828e-02 -1.169321304517617899e-01 -1.205157428040670720e-01 -1.388669541382563100e-01 -1.102411076174213550e-01 -1.335657009616275648e-01 -1.604193741388087735e-01 -1.592411765949563462e-01 -1.912502876393552542e-01 -1.883800535909005980e-01 -1.986121950988940510e-01 -2.242083232175101082e-01 -2.237032988589840177e-01 -2.445664352254539042e-01 -3.043064459209690042e-01 -3.205661146934428718e-01 -3.347508369702733022e-01 -3.286738266668470798e-01 -3.931434171052025084e-01 -3.865764811417209401e-01 -4.233288909721499294e-01 -4.549768173081759626e-01 -4.948050806211097274e-01
-4.029165381228036469e-03 1.928376916823855772e-02 1.419727882882690709e-02 3.342560595011925817e-02 4.646718853613454603e-02 3.476366077773708485e-02 3.685148809420665805e-02 4.067177711458815070e-02 3.924020694197682957e-02 3.208685988690339330e-02 3.879830642828842324e-02 1.357686547816329414e-02 6.703962149667057335e-03 1.015834198182174325e-02 -8.275810570212711881e-03 -3.462063370517486083e-03 -9.837471839054340306e-03 -2.592719666402328732e-02 -3.686442172309679216e-02 -3.805303333712585501e-02 -4.118743505019241413e-02 -6.251114152699703552e-02 -6.928357527033637830e-02 -8.652877626536584210e-02 -7.086178899039835555e-02 -8.246614719963840656e-02 -9.715745481326833188e-02 -1.066249614380577193e-01 -1.116777487382009937e-01 -1.337576120765288923e-01
4.716327349741550323e-02 7.019934062744037639e-02 7.818685529049854144e-02 8.492793465903795969e-02 9.977557710180415262e-02 1.166318908707432156e-01 1.154736395001403210e-01 1.063947197713720760e-01 1.240257634842362872e-01 1.455812273489017206e-01 1.619580383247260225e-01 1.577796811440595470e-01 1.592389045522215052e-01 1.907446329886690328e-01 1.896427138577533866e-01 2.057604624665845816e-01 2.076867793476778190e-01 2.194394795942923027e-01 2.197284246367299798e-01 2.449067587393110035e-01 2.386338194579074590e-01 2.779689748212895717e-01 2.856329490181974129e-01 2.733068754839602654e-01 2.899996872573501472e-01 3.205271601450065955e-01 2.840210545284795884e-01 3.010084425902840310e-01 3.248145170434028617e-01 2.972143985570061542e-01
-8.231964404086028475e-02 -8.343178047512812834e-02 -8.943478538304637515e-02 -1.027973227896898101e-01 -1.174531150104549809e-01 -1.437930693725371356e-01 -1.610685426913467388e-01 -1.670300615050944737e-01 -2.164709481125731139e-01 -2.254980252222079651e-01 -2.513202540201037172e-01 -2.346972761230865512e-01 -2.649877351692691563e-01 -2.984106521957483049e-01 -3.170737493535807916e-01 -3.401174353914153681e-01 -3.357875880477478869e-01 -3.458833528929549650e-01 -3.693247621593672148e-01 -3.798906598858632355e-01 -3.755939483994606976e-01 -4.355750450582475675e-01 -4.307634738949723818e-01 -4.450186098999596163e-01 -4.351690044349246222e-01 -4.569052177163041573e-01 -4.462672324461740003e-01 -4.957737495609384482e-01 -4.937056837938245124e-01 -5.228493687519468747e-01
-7.148867371553346839e-02 -7.515729785580260724e-02 -9.075532367784736043e-02 -1.158063713480795009e-01 -1.215944999245158337e-01 -1.657041045842810312e-01 -1.808861118896166742e-01 -1.961605852645517678e-01 -2.502819430572248427e-01 -2.666068443310764535e-01 -2.764217646618467583e-01 -2.781183393597582154e-01 -3.216233582864621576e-01 -3.326294035076117206e-01 -3.607217383124410315e-01 -3.782146905267786408e-01 -3.783204910544869515e-01 -3.869887595823556792e-01 -4.180519801252727818e-01 -4.195426467683407434e-01 -4.273188360556376963e-01 -4.307046410992071972e-01 -4.476018916703568551e-01 -4.750459112541404183e-01 -4.547356024632406846e-01 -4.546184966650908543e-01 -4.702794515244749229e-01 -4.827536699181779190e-01 -4.776348709478075438e-01 -4.752877756846088930e-01
7.313516941267664273e-02 9.421337957393635665e-02 9.096525971756633244e-02 1.062424112805967213e-01 1.315274381733320674e-01 1.305700270646029670e-01 1.474828895971213583e-01 1.620290255987448802e-01 1.598107466387638231e-01 1.392913403498536595e-01 1.430155317754543964e-01 1.302725619029247439e-01 1.186500323706393412e-01 1.156801081542428583e-01 1.164608451784459736e-01 1.095086503234226349e-01 9.620305125910516564e-02 7.263834075682538971e-02 5.984963583655264485e-02 6.830917868063457465e-02 4.297658234684366418e-02 2.344322072880319213e-02 5.818861398389933715e-03 -1.242805282086944380e-02 7.932205484265472673e-03 -3.361121721557581987e-02 -3.852003977189807221e-02 -3.586584348498788460e-02 -5.584007910408046726e-02 -6.554222835990876350e-02
6.667860005399842138e-02 7.952980413543278559e-02 1.077301822812581911e-01 1.260197373090456152e-01 1.511144468234500993e-01 1.899328090165019745e-01 1.945065297824427053e-01 2.176222264955615660e-01 2.520324497657116525e-01 3.036163207398240860e-01 3.040986651431781818e-01 3.121962109913567485e-01 3.280319085968327331e-01 3.805596265064870032e-01 3.911427940069398534e-01 4.229406989588959664e-01 4.208278534213745203e-01 4.489740607471381928e-01 4.653402419224795805e-01 4.844298020542534555e-01 5.124383792519668912e-01 5.419058093959288058e-01 5.735373202418991845e-01 5.789764103085422997e-01 5.842505000135702620e-01 6.372637174478346100e-01 6.137116026090122523e-01 6.573569766880773546e-01 6.963153222777133111e-01 7.247456843545126981e-01
6.647764458687585587e-02 6.190951855510415380e-02 7.557068471268926779e-02 7.796607547639014535e-02 7.738762627609618860e-02 1.000462561589877675e-01 8.755816260916648996e-02 1.045637343616141746e-01 9.374560143343151075e-02 1.078751458148633768e-01 1.148286706772944088e-01 1.124138630655288074e-01 1.164164332654184231e-01 1.196011125700693623e-01 1.289809428036073069e-01 1.373337005040900505e-01 1.231658269834108449e-01 1.427921708045245541e-01 1.446754221680421337e-01 1.516797789146095421e-01 1.513830349000557796e-01 1.808482288694843731e-01 1.780353112736126897e-01 1.841981572001469558e-01 1.875904381646460450e-01 2.084685739389352532e-01 1.986904449204812406e-01 2.158650993309884358e-01 2.323093282466817122e-01 2.466837427363787194e-01
-5.500047833745197456e-02 -5.919969252540060317e-02 -9.172187054317727795e-02 -1.056726293996419902e-01 -1.217974521077973132e-01 -1.768189583690489564e-01 -1.800394887973852109e-01 -1.915794135987761160e-01 -2.478681708547194606e-01 -2.763652034691641002e-01 -3.031501194595005444e-01 -2.971480737421766105e-01 -3.239011665192220168e-01 -3.617068136304560921e-01 -3.841509917775352001e-01 -4.224698212734097069e-01 -4.170270200898314461e-01 -4.528519751817955408e-01 -4.949038590780420743e-01 -5.072099788646889929e-01 -5.360375599782936096e-01 -6.073351619088386277e-01 -6.401637405149451787e-01 -6.756464763480474200e-01 -6.717554976317118287e-01 -7.497635688377551899e-01 -7.578772707261732799e-01 -8.161223661098693238e-01 -8.600120382547858933e-01 -9.286610543130823237e-01
2.903026515453359380e-02 3.512326319038455713e-02 2.308935009586597642e-02 2.435708800400015681e-02 2.421635216304761015e-02 4.993835801936392579e-03 1.157683475991842792e-03 4.435761160280875248e-03 -2.084901613023597972e-02 -3.111938357706110769e-02 -3.999465023051172741e-02 -4.035221068832992031e-02 -5.971731049746770159e-02 -5.630179372407102117e-02 -7.309158875148366596e-02 -6.504304438506068597e-02 -7.282896988261056137e-02 -7.247749932929359318e-02 -8.277059919377938169e-02 -7.605135551986963449e-02 -7.790553154095215815e-02 -4.760749580918826468e-02 -5.608023993050226252e-02 -7.190465473533433349e-02 -4.634367797163650715e-02 -3.098897706883819991e-02 -5.074414837246526283e-02 -1.674302786631035392e-02 -1.240350721651102550e-02 2.985204540350711727e-02
-6.349516912040835404e-02 -7.452867166395094056e-02 -9.689450584611117301e-02 -1.288594311950760907e-01 -1.356040533551242933e-01 -1.882449147164080572e-01 -2.011603665665876173e-01 -2.100104146548650297e-01 -2.876769697753583377e-01 -3.250810378514733534e-01 -3.549835899705870434e-01 -3.409036579069197881e-01 -3.998320571029657655e-01 -4.541938470571373898e-01 -4.819850560854981314e-01 -5.246436359092740975e-01 -5.307685887940296610e-01 -5.584668791020516165e-01 -6.047655016569259967e-01 -6.229383960485332938e-01 -6.378556862021945717e-01 -7.018648134857399246e-01 -7.438858102572281084e-01 -7.572456415376171979e-01 -7.539897148640926083e-01 -8.095000231297421189e-01 -7.819855249008633713e-01 -8.432096470410481714e-01 -8.541855078652270672e-01 -8.639971965405923715e-01
1.547336596530955732e-02 1.629039520423486084e-02 4.388809642510396042e-03 2.753290355055899863e-03 -1.500880508330103280e-02 -3.086277455069752138e-02 -4.562105967419858438e-02 -2.833959698835853552e-02 -6.665540425556128190e-02 -6.770062472094980077e-02 -1.014058274068414534e-01 -8.080693164998607736e-02 -8.489946632175075780e-02 -9.955632578107814767e-02 -1.066231996215841887e-01 -1.115729890402468866e-01 -1.068564184406649992e-01 -1.047606833738431026e-01 -1.171587824619785001e-01 -1.209364453649392213e-01 -1.112445605409994043e-01 -1.116366567913502639e-01 -1.184698346082405929e-01 -1.261066704573431674e-01 -1.165408959442704034e-01 -1.121138689920421344e-01 -1.247574313941163249e-01 -1.241560141440841702e-01 -1.122554563380707693e-01 -1.052889198687969735e-01
-5.672928504384774223e-03 -3.200638343188528384e-03 -4.089158572106225964e-03 -7.600612658762898044e-03 7.806172308018478889e-03 1.411384683581397986e-02 2.001164153632292719e-02 1.350790314406953574e-02 2.429502747279524422e-02 1.813000720869194227e-02 2.850012248499380133e-02 4.076645426273860923e-02 4.109186681802953073e-02 3.847017779919033320e-02 5.136226546047890917e-02 4.208192896260926075e-02 3.621136756779246707e-02 3.914562317455948237e-02 1.613682883791930922e-02 2.632555982603764985e-02 2.038256799056208796e-03 1.476008317688300153e-03 -2.709376241348407377e-02 -4.327430147133691507e-02 -3.297451081338464984e-02 -7.040506007988597825e-02 -8.226878331232520547e-02 -1.019266291417385145e-01 -1.157424673581501362e-01 -1.582385927339260978e-01
1.331321209208576606e-01 1.801705017330431091e-01 2.183346480904153897e-01 2.613332853840208969e-01 2.947252655416996436e-01 3.587655318016215178e-01 3.658886150244875513e-01 3.838962717092361809e-01 4.451594730065524530e-01 4.993701577875059860e-01 5.221348425250326164e-01 5.059852113678904306e-01 5.352703420346749397e-01 5.992055720610764968e-01 6.053515109050537912e-01 6.548977780622565747e-01 6.584684283719637321e-01 6.741547236726804782e-01 7.197983845039220840e-01 7.352526414721367587e-01 7.668133521596666169e-01 8.153424213305210388e-01 8.689010196072992631e-01 8.853253982644786468e-01 8.794859921606352771e-01 9.743831676787655383e-01 9.418714762994192524e-01 9.880895506743690992e-01 1.036729517455564853e+00 1.038002896537856934e+00
-1.517389317446203069e-02 -2.481042483904013357e-02 -4.357907385500674191e-02 -5.205517116882193290e-02 -6.841348047981479774e-02 -9.243709051727451442e-02 -1.030923616368804169e-01 -1.047379970028503304e-01 -1.386679284618460295e-01 -1.359585506079525885e-01 -1.646897849525799096e-01 -1.349533918522255460e-01 -1.437228862989871625e-01 -1.487918583464273581e-01 -1.553087351459221110e-01 -1.532154331752054177e-01 -1.528940539372282692e-01 -1.338806337248925615e-01 -1.419773749700655174e-01 -1.369098539573516682e-01 -1.309331709385392895e-01 -1.030879767894180010e-01 -1.049344960582507258e-01 -1.155648589246529301e-01 -8.775774216974716047e-02 -7.447448211305089660e-02 -9.515945619066502881e-02 -5.849518551214765577e-02 -5.844376730661175745e-02 -1.315348052697245737e-02
2.255396391488108387e-02 2.534539888764306831e-02 3.511306506829141305e-02 1.464904368323916711e-02 2.414608363597088581e-02 3.078551408356780539e-02 1.875140032860968253e-02 -7.343913908755349274e-03 -1.740681032286950022e-02 2.230407113911937050e-02 3.024239841639958515e-02 5.443566471392929235e-02 3.421997331245825447e-02 6.131877246238266049e-02 6.753944738529860103e-02 7.842807546171237654e-02 7.027331386777929678e-02 1.141235321179986661e-01 1.163758523194443617e-01 1.380453076623377739e-01 1.532261887496762787e-01 1.895605710022626456e-01 2.124171037242858495e-01 2.134890259563144710e-01 2.335816817669943701e-01 2.859382322001053911e-01 2.679242687329601025e-01 2.983026187277501573e-01 3.403319991028397884e-01 3.724062393658624792e-01
-5.074734621806824969e-02 -5.826955888690844854e-02 -6.737068432303533472e-02 -8.439180153464838352e-02 -8.471400246301546977e-02 -1.066189766443551290e-01 -1.299528488551435768e-01 -1.391009115972809407e-01 -1.573042207509625368e-01 -1.397450091652165105e-01 -1.456662633226309400e-01 -1.329754874852057955e-01 -1.414423513844847435e-01 -1.380469540571905018e-01 -1.481920322487557118e-01 -1.299855450594294137e-01 -1.333370624504168767e-01 -9.904483588283871653e-02 -7.545677041531537177e-02 -7.429249664648045204e-02 -6.016489818935315259e-02 -1.889895316513787865e-02 1.635832882095511476e-03 1.016880933902453155e-02 2.222998549195241702e-02 9.186480515102450617e-02 7.109736668182432828e-02 8.476399849425098054e-02 1.039652598759072955e-01 1.095058640987809501e-01
5.880907929635753595e-02 6.416794191105334999e-02 7.475283979077416985e-02 8.310207442665540345e-02 8.158864120662628894e-02 1.078271730429843367e-01 9.704538812938016956e-02 1.187288910085848720e-01 1.131167112916333789e-01 1.353904536884399934e-01 1.215694018702704604e-01 1.455865642459842069e-01 1.523330165557831850e-01 1.467112142086808568e-01 1.628152569176746778e-01 1.590857392980675467e-01 1.570837662489139031e-01 1.638652238430791663e-01 1.567305056240491656e-01 1.565130207497099357e-01 1.603137495657038503e-01 1.325801125032762817e-01 1.351128331963351581e-01 1.322223786587395089e-01 1.259572730944257535e-01 1.105056112708856925e-01 1.127264834946694050e-01 9.301091117907096806e-02 9.113515259735716079e-02 6.522675729066997052e-02
-1.906736220502988285e-02 -2.590683924677857075e-02 -2.093738368187224308e-02 -2.566915047237468273e-02 -2.130492247932661010e-02 -2.617763696778168531e-02 -3.519639308173765080e-02 -8.692331006931140747e-03 -3.188698802563329215e-02 -3.364035846782743866e-02 -5.491159376367855255e-02 -4.429263251794213208e-02 -4.754480768846722216e-02 -5.817383909414756971e-02 -5.932652554124479699e-02 -5.558681783709758240e-02 -6.775219896299286559e-02 -6.109886822563452557e-02 -5.760016945023527235e-02 -6.565725138547537365e-02 -5.166521675227345872e-02 -6.219531720523185231e-02 -5.822220187871702396e-02 -6.621414063074573808e-02 -4.708135202816450537e-02 -4.034460325054541052e-02 -4.073945873825841890e-02 -4.190419564677205083e-02 -3.521816338546712721e-02 -2.079836980251072165e-02
-1.113085315012077303e-01 -1.285314889904306812e-01 -1.835158439474519620e-01 -2.088311646156127688e-01 -2.443577391364031848e-01 -3.357683808496656486e-01 -3.579811636811571218e-01 -3.566913163245516993e-01 -4.621802361916619306e-01 -5.119530278994224304e-01 -5.818099439050521404e-01 -5.475844293366478599e-01 -5.916538387192106230e-01 -6.717260704993466280e-01 -7.037396276042571230e-01 -7.470989550727075157e-01 -7.458581413048985809e-01 -7.708213876367822071e-01 -8.064504307684624562e-01 -8.350722027420738325e-01 -8.455551446856502951e-01 -9.184166193113716403e-01 -9.515343937110942729e-01 -9.693365690364221798e-01 -9.518918450450342128e-01 -1.006390298816275841e+00 -9.915259277637944457e-01 -1.049095436905059575e+00 -1.076229030214963522e+00 -1.091517123642897102e+00
-9.104518013987970837e-02 -8.706557968884337528e-02 -1.122166165569301460e-01 -1.261371538097961764e-01 -1.496802002622236172e-01 -2.183082365210272102e-01 -2.472577730406936847e-01 -2.310846850891814519e-01 -3.307416941488976470e-01 -3.845134738210992387e-01 -4.310751301200949070e-01 -4.502872986641738295e-01 -5.185004586132881954e-01 -5.794095471694880040e-01 -6.429821025403971158e-01 -6.821386821567817504e-01 -6.755321493477801642e-01 -7.370146058947539824e-01 -7.910243661993315856e-01 -7.907485433727921009e-01 -8.211889869209040294e-01 -8.901930353652870442e-01 -9.182202209030374540e-01 -9.628918018540919554e-01 -9.204476888396944112e-01 -9.896099486115713662e-01 -9.896939299916228672e-01 -1.014837587582605449e+00 -1.042660795359307890e+00 -1.054268334284355957e+00
9.434996648587865020e-02 1.218154094840431245e-01 1.574851895507127786e-01 1.828653513839356426e-01 2.206032957158179375e-01 2.804621997625311725e-01 2.943243800303523283e-01 3.208290326095962763e-01 3.784076128211441015e-01 4.127366522806756866e-01 4.325801345486197658e-01 4.358819626851493934e-01 4.663766977662655577e-01 5.117536757513339030e-01 5.392951600113495836e-01 5.703134790024394496e-01 5.656719037246455972e-01 5.855074260766806038e-01 6.130929245599829880e-01 6.176961507608572655e-01 6.417104196656443493e-01 6.825609007353672375e-01 6.999502939719169925e-01 7.141516930231179838e-01 6.997839104598604365e-01 7.503518211544862870e-01 7.409586027609647019e-01 7.537294529599611881e-01 7.882962739959920029e-01 7.835457673044171623e-01
3.394856464018575215e-03 3.615970237171032414e-03 -5.144747032063985009e-03 7.620328506363922144e-03 3.042969428083928951e-04 -1.105229000132896405e-02 -1.247678439259271299e-02 -9.899908723449798997e-03 -2.973837720855382685e-02 -2.562344845183578065e-02 -3.052426806977786775e-02 -4.147566224839237259e-02 -4.605503355593863063e-02 -4.093143474372203799e-02 -4.823800325192034721e-02 -5.172651691956407088e-02 -5.621755254745382235e-02 -5.863130748766659517e-02 -6.836762897519135795e-02 -6.220341314990100734e-02 -7.099004699095537441e-02 -8.299646054795528638e-02 -7.543566524282235841e-02 -8.725911232835853459e-02 -8.538002449546915062e-02 -9.218034747468924206e-02 -1.107068061164475647e-01 -1.169370563621545261e-01 -1.263439525293561516e-01 -1.593510923820934122e-01
