2.478502377274486440e-03 3.663671083230794767e-02 7.643584791160329406e-02 1.181733947176962091e-01 1.614381613244513791e-01 2.059851259021522329e-01 2.515735284930378235e-01 2.978934376029283015e-01 3.445130223402484981e-01 3.908485324776304060e-01 4.361625575022054502e-01 4.795931290569199756e-01 5.202129730602873536e-01 5.571080513716559768e-01 5.894622348869218431e-01 6.166296869691445526e-01 6.381809047726738626e-01 6.539160283759564152e-01 6.638496699261930978e-01 6.681787131658377676e-01 6.672443819671904919e-01 6.614977405509191444e-01 6.514709371611142608e-01 6.377545378785817176e-01 6.209808181974831864e-01 6.018112743136762033e-01 5.809316257185264121e-01 5.590629756537244255e-01 5.370061882657899410e-01 4.947786746356255261e-01
-1.085900251344879691e-03 4.093397064733071689e-02 8.081699263260028188e-02 1.196198262883918784e-01 1.568853359752476195e-01 1.922445124228897573e-01 2.253851507431729184e-01 2.560334080477336682e-01 2.839520574182018975e-01 3.089432352534941528e-01 3.308456959990392909e-01 3.495273354075104089e-01 3.648817488539282117e-01 3.768349804181509999e-01 3.853640609203154432e-01 3.905195303330647461e-01 3.924417998233955540e-01 3.913635910671097173e-01 3.875969669324844658e-01 3.815081169531843175e-01 3.734859829671369202e-01 3.639111710548114664e-01 3.531299910390257590e-01 3.414387446690588246e-01 3.290812428810496182e-01 3.162582009000826089e-01 3.031448306543417237e-01 2.899091461617884780e-01 2.767164270245134894e-01 2.450212545653354113e-01
-4.727654710553835793e-03 -2.897393534030108173e-02 -4.708715989741502767e-02 -6.265484036572971371e-02 -7.572649861739172428e-02 -8.621930986717046830e-02 -9.403084655608445752e-02 -9.908441266614664844e-02 -1.013635302462450039e-01 -1.009323058058823053e-01 -9.793638531841158956e-02 -9.258471467249752840e-02 -8.512207478971124675e-02 -7.580240771799484634e-02 -6.487035025345500028e-02 -5.255284627415152815e-02 -3.905840725780483635e-02 -2.457911511954667672e-02 -9.292569931280272172e-03 6.640022608122055081e-03 2.307846700399136808e-02 3.991090800910028491e-02 5.706159094056761916e-02 7.449579269701468720e-02 9.222097632616864382e-02 1.102836659420825538e-01 1.287653542259715178e-01 1.477855521233443770e-01 1.675361197022318671e-01 2.234441865218133316e-01
1.235113409706601467e-03 5.332887787828902507e-03 8.818986876619753362e-03 1.226509045718598978e-02 1.555795580556110572e-02 1.862289585624796184e-02 2.142261854410489746e-02 2.395064972190672631e-02 2.623004709421333444e-02 2.831457987175019231e-02 3.028772479017355010e-02 3.225873777158827505e-02 3.435532424538326191e-02 3.671441306279157879e-02 3.947269575265086733e-02 4.275797849284733443e-02 4.668218538727881423e-02 5.133678115955013499e-02 5.678974582212847899e-02 6.308392805982539209e-02 7.023523014955351806e-02 7.823104184060436506e-02 8.702956008154208445e-02 9.656100281821806963e-02 1.067322462621784207e-01 1.174341265350026531e-01 1.285495893532439260e-01 1.399586927556344951e-01 1.515361199598104502e-01 1.774048123059484561e-01
3.728421332283918255e-04 1.792629833054871363e-02 3.088132303810909099e-02 4.293416126504061986e-02 5.420696505295671819e-02 6.467995308712684577e-02 7.431067677711197805e-02 8.305209797683860140e-02 9.085711130102357147e-02 9.768302303293759092e-02 1.034959119281342876e-01 1.082730075578142576e-01 1.120008411654002112e-01 1.146683328311172145e-01 1.162573434671738543e-01 1.167344158235965601e-01 1.160479373180895446e-01 1.141321354626415041e-01 1.109157675064065263e-01 1.063314661537387018e-01 1.003219055786291891e-01 9.284123032487584526e-02 8.385182973815692720e-02 7.331850578552895348e-02 6.120192646117194463e-02 4.745072013880542033e-02 3.198945846740089416e-02 1.469311953722690287e-02 -4.680832723755006669e-03 -6.922528776560583907e-02
3.976547404809255976e-03 3.540172153372755925e-02 7.453290755254397826e-02 1.167248647655590998e-01 1.618981653295352152e-01 2.101020923762987325e-01 2.613997335639489106e-01 3.158299226847989249e-01 3.733727094309224337e-01 4.339272420200247504e-01 4.973064157817665976e-01 5.632450733463782999e-01 6.314139131420757334e-01 7.014283400723070327e-01 7.728509638283563854e-01 8.451909580210686945e-01 9.179078432542191468e-01 9.904260659206195472e-01 1.062159802968288380e+00 1.132546625521127615e+00 1.201081790533818694e+00 1.267346927382980937e+00 1.331028523475627612e+00 1.391917821781448517e+00 1.449892084058349351e+00 1.504875704363001443e+00 1.556782233730263254e+00 1.605438252681913314e+00 1.650471409712078286e+00 1.726575191362352601e+00
1.940773193917815637e-03 5.138995160702363590e-02 9.965454576308076240e-02 1.474018673401718549e-01 1.942875273309889184e-01 2.400212909679262652e-01 2.843534879087911138e-01 3.270656488520866101e-01 3.679698111459883680e-01 4.069103317345411086e-01 4.437602006044423231e-01 4.784117732864703321e-01 5.107691372046170297e-01 5.407467654406876711e-01 5.682776564430387367e-01 5.933265406630502392e-01 6.159020567056262552e-01 6.360627564036942516e-01 6.539148322076626663e-01 6.696028237146327555e-01 6.832955080180593832e-01 6.951699954124084258e-01 7.053967870853172784e-01 7.141276944201431220e-01 7.214891377931018646e-01 7.275791669257362093e-01 7.324646640590305458e-01 7.361709168907606404e-01 7.386409286323115664e-01 7.322174135672210316e-01
-3.280560405621553779e-03 9.030479326673293561e-04 5.843622435452751687e-03 1.059490449444061913e-02 1.474298957384698010e-02 1.807938985635051954e-02 2.050870812117493169e-02 2.202184822819698573e-02 2.269414900639265403e-02 2.268782634019923805e-02 2.224623030735030371e-02 2.167883046040305559e-02 2.133970195927205327e-02 2.160548590880899400e-02 2.285649849647289691e-02 2.546158052226000015e-02 2.976514643317238959e-02 3.607565410604442191e-02 4.465401014291799781e-02 5.570258747482799422e-02 6.935450396853548582e-02 8.566507384025626171e-02 1.046079231079786731e-01 1.260779783316599012e-01 1.499039862530658906e-01 1.758697672789671929e-01 2.037410387100715981e-01 2.332927895604550717e-01 2.643392193465610718e-01 3.441571879447270499e-01
1.853505488313127864e-04 -6.132476678467547321e-03 -9.676573901145697071e-03 -1.194740980314072318e-02 -1.299089428211161294e-02 -1.276865761904471402e-02 -1.120672806762654933e-02 -8.215368628281467453e-03 -3.702861942608843410e-03 2.417302953113794131e-03 1.022498329852239256e-02 1.979588048945250117e-02 3.120185539309922734e-02 4.450523292824599964e-02 5.974695783291250617e-02 7.693238786153439035e-02 9.602027196610703197e-02 1.169197039417772810e-01 1.394946779302716211e-01 1.635753178125011198e-01 1.889708721285355830e-01 2.154821584998108663e-01 2.429119237709514989e-01 2.710709227709210412e-01 2.997805735690236006e-01 3.288716930478493561e-01 3.581796021902868832e-01 3.875362584081073480e-01 4.167639604445303458e-01 4.831348113321065063e-01
3.423792474404318067e-03 1.470444830688560564e-02 2.304019682885345005e-02 3.096326693586683512e-02 3.857349264583569831e-02 4.588602337334252157e-02 5.290889877395690138e-02 5.964868635713250350e-02 6.610740726131647538e-02 7.228199491143046107e-02 7.816651099892495125e-02 8.375542662502059865e-02 8.904448530774883297e-02 9.402708890136575459e-02 9.868737798179859355e-02 1.029929912758149185e-01 1.068914481712289338e-01 1.103121521049428844e-01 1.131726113374539877e-01 1.153862111962044856e-01 1.168680820967796241e-01 1.175378107243158221e-01 1.173188195612619167e-01 1.161354468180120780e-01 1.139092256905512301e-01 1.105536462758064248e-01 1.059653562157153867e-01 1.000051277536422034e-01 9.244915435548464733e-02 6.031226265343817006e-02
1.873762355766920434e-03 5.087836006818074325e-02 9.313547806274355412e-02 1.321690883862990107e-01 1.673678016875786989e-01 1.982512705459347768e-01 2.244994585219179384e-01 2.459809512930333231e-01 2.628030756262853540e-01 2.753484763842037886e-01 2.842681746527488951e-01 2.904277389327498682e-01 2.948232088586145716e-01 2.984907781127608128e-01 3.024303271283165784e-01 3.075517288970863183e-01 3.146435388386870091e-01 3.243590615114955167e-01 3.372114565333269032e-01 3.535704186181479747e-01 3.736558065948267782e-01 3.975281108855144852e-01 4.250815132713877120e-01 4.560460126079557419e-01 4.900052088659492822e-01 5.264287226777817352e-01 5.647090701316453965e-01 6.041817164831937426e-01 6.440904094777725186e-01 7.260719517259005551e-01
4.561042896130875629e-03 -4.131985416784765552e-02 -8.673499690405916951e-02 -1.299436284908370431e-01 -1.700471461587740873e-01 -2.064261330099058656e-01 -2.385683917117196740e-01 -2.660370694942882919e-01 -2.884824872305709054e-01 -3.056534784170913399e-01 -3.173899057955101854e-01 -3.236004971254805018e-01 -3.242492704920037494e-01 -3.193672981307732472e-01 -3.090915365590180541e-01 -2.937126508305747397e-01 -2.737067552329554010e-01 -2.497328531232502757e-01 -2.225958789008467553e-01 -1.931846461450583141e-01 -1.624027441558005269e-01 -1.311062398049168409e-01 -1.000577548110917481e-01 -6.990553930988638309e-02 -4.118994180159553375e-02 -1.437733140417099542e-02 1.008051805179226504e-02 3.166034651639398206e-02 4.963612902749690164e-02 5.995004836000439319e-02
-3.262469390968480293e-03 1.097385507693238518e-02 2.821830172525676209e-02 4.713282681324271889e-02 6.769734820565281863e-02 8.990330189810591399e-02 1.137144159474657718e-01 1.390325059884617298e-01 1.656633939751486206e-01 1.932972695788637840e-01 2.215108372773285095e-01 2.497905900919778210e-01 2.775701496644576993e-01 3.042707399568773119e-01 3.293378532495061517e-01 3.522695259010678037e-01 3.726359929699440965e-01 3.900918167611241438e-01 4.043818448483607608e-01 4.153435221992088922e-01 4.229060280922590787e-01 4.270874453206586208e-01 4.279888920994553425e-01 4.257841380368858619e-01 4.207046803680917213e-01 4.130193995848852051e-01 4.030111050029558939e-01 3.909536686440669428e-01 3.770896282951672895e-01 3.366136581778060854e-01
2.739010665425917548e-03 -2.047132186156364053e-02 -3.780809854559313843e-02 -5.203354078957416612e-02 -6.284647409756008440e-02 -6.994824731249811578e-02 -7.308464038422593512e-02 -7.207995346031259576e-02 -6.687958061578952451e-02 -5.757740967474310467e-02 -4.441378238248180899e-02 -2.774546980123106243e-02 -8.004418520960204786e-03 1.433735858061201650e-02 3.878765312840747742e-02 6.484052337853860037e-02 9.197817943019273579e-02 1.196773109583733063e-01 1.474226681244210357e-01 1.747290044445423685e-01 2.011658813053413541e-01 2.263815589756250635e-01 2.501208476125182933e-01 2.722306125532913401e-01 2.926509553195558166e-01 3.113914784102019828e-01 3.284971556410845039e-01 3.440125943955428256e-01 3.579584461072403689e-01 3.840173293729810533e-01
-2.502482159248628490e-04 -2.136889426489940388e-02 -3.868070028686967227e-02 -5.441033814766053217e-02 -6.865019868138769188e-02 -8.137784844169651532e-02 -9.253692606471762561e-02 -1.020699790501084503e-01 -1.099406050048679084e-01 -1.161460212831471883e-01 -1.207186905419256051e-01 -1.237166503954947733e-01 -1.252086972101174034e-01 -1.252595810575625745e-01 -1.239201016534426381e-01 -1.212240665315494070e-01 -1.171916163256860322e-01 -1.118359570780187301e-01 -1.051713862314287429e-01 -9.721884233343217052e-02 -8.800880660736937200e-02 -7.758027920457163940e-02 -6.597675088946772237e-02 -5.324075366618997301e-02 -3.940748140935303179e-02 -2.449835981725315831e-02 -8.512984320780018349e-03 8.585296164812575986e-03 2.691063058522780854e-02 8.136867535996178402e-02
1.717480821596954060e-03 2.644777819884866488e-02 5.162546958510959988e-02 7.713928152242927050e-02 1.028583767356069240e-01 1.287073225484280936e-01 1.546468815805362440e-01 1.806598132707287196e-01 2.067416333814664220e-01 2.328968633503205599e-01 2.591369382633454954e-01 2.854772989632285984e-01 3.119319888341942071e-01 3.385045841820802370e-01 3.651780910311536177e-01 3.919067147093464598e-01 4.186129494695797759e-01 4.451917519596235162e-01 4.715197261296764086e-01 4.974668036508737012e-01 5.229059391503549925e-01 5.477188107312976895e-01 5.717973702091390109e-01 5.950407169016557196e-01 6.173495910048806268e-01 6.386178404092854866e-01 6.587188948135352939e-01 6.774817500205292387e-01 6.946383474426317539e-01 7.192895314184551969e-01
5.795659901526275387e-03 -1.980970547112835545e-02 -4.373013856671087440e-02 -6.708877631079253334e-02 -9.010561708556832916e-02 -1.128834205560463877e-01 -1.354849886395828595e-01 -1.579675611358759835e-01 -1.804000029547773998e-01 -2.028703614939841859e-01 -2.254848906920611240e-01 -2.483562843846265356e-01 -2.715833862227303164e-01 -2.952244798102424683e-01 -3.192710635349341741e-01 -3.436298648562062796e-01 -3.681193649466902862e-01 -3.924821588077905821e-01 -4.164097901798624601e-01 -4.395729126237633011e-01 -4.616503888330367178e-01 -4.823509370719409883e-01 -5.014253657195566483e-01 -5.186665705511712687e-01 -5.338972735317064622e-01 -5.469460642210265400e-01 -5.576101493517171548e-01 -5.655991520909549042e-01 -5.704275361346050621e-01 -5.530885872573262363e-01
-1.248760667042478345e-03 1.538762687994695705e-02 2.974469117614757241e-02 4.321336096064441745e-02 5.552881229202687174e-02 6.649114743949105510e-02 7.595503273040739300e-02 8.381347119409693347e-02 8.999362475706211562e-02 9.445761183462086930e-02 9.720105314187407752e-02 9.824894763905052397e-02 9.765157414233011091e-02 9.548364137223985804e-02 9.184781809253149409e-02 8.687985511816181949e-02 8.075129709043418758e-02 7.366660705126154562e-02 6.585353068379563857e-02 5.754765564209142481e-02 4.897350936542592403e-02 4.032585954523373872e-02 3.175444930914160524e-02 2.335635649429090160e-02 1.517852921394553106e-02 7.229644305360738779e-03 -5.018005192541493895e-04 -8.029984787499982318e-03 -1.536472514107563650e-02 -3.278190911713990685e-02
-4.135888018850727293e-03 -2.280979288386384557e-02 -4.324614820891747868e-02 -6.394377988844573979e-02 -8.495061560082599328e-02 -1.063239680911531038e-01 -1.281152373410997525e-01 -1.503878434389454566e-01 -1.732313154091724428e-01 -1.967673663099668846e-01 -2.211463239856312490e-01 -2.465329606523350425e-01 -2.730855199964314362e-01 -3.009310843815048431e-01 -3.301429053929447743e-01 -3.607247710366852100e-01 -3.926058635806235486e-01 -4.256471643175990804e-01 -4.596573638468062772e-01 -4.944145378518436940e-01 -5.296889570023282090e-01 -5.652622028029531398e-01 -6.009408852039822557e-01 -6.365612314137822914e-01 -6.719847019718715453e-01 -7.070856183294859099e-01 -7.417312624276172217e-01 -7.757559411307235475e-01 -8.089235220794106507e-01 -8.774455531605468428e-01
-3.049371678615478420e-03 4.278656935917339588e-02 9.006972563793640141e-02 1.377360067811790600e-01 1.853465743671964816e-01 2.325539215346792699e-01 2.790069041702374353e-01 3.242926387799214827e-01 3.678956539064097697e-01 4.091766375276307821e-01 4.473734398588648520e-01 4.816263949122734922e-01 5.110307236168065703e-01 5.347091198396181078e-01 5.518942213069133462e-01 5.620028286366681725e-01 5.646862358556415940e-01 5.598469742891917234e-01 5.476242257444726702e-01 5.283568434178029793e-01 5.025364661148334910e-01 4.707612782616092395e-01 4.336948951813789366e-01 3.920348529037708252e-01 3.464919162829916410e-01 2.977787223938996863e-01 2.466089538924436941e-01 1.937092122868337984e-01 1.398428894920206444e-01 1.608284350981999469e-02
1.129214547347535263e-03 4.081750438480007820e-02 9.029910021454384816e-02 1.429054678073851392e-01 1.981766746437949589e-01 2.559439335015953332e-01 3.161006670606700264e-01 3.785322996275924945e-01 4.430716413629458561e-01 5.094724132198910072e-01 5.774005318701972422e-01 6.464419912712677796e-01 7.161251389299716497e-01 7.859490181919202012e-01 8.554133918933609637e-01 9.240445198571685115e-01 9.914141523433941394e-01 1.057152390770420558e+00 1.120955295506697036e+00 1.182591673153004841e+00 1.241908298763497953e+00 1.298833312289057851e+00 1.353376358463638907e+00 1.405619798862574932e+00 1.455701796210162158e+00 1.503789821947824512e+00 1.550046026956118705e+00 1.594588500334226389e+00 1.637446648141339445e+00 1.726182211486615437e+00
3.729007066986537305e-03 1.813486992392618347e-02 2.962326652945811156e-02 3.945370303382526866e-02 4.708164206602993146e-02 5.209827730783531813e-02 5.418941144238718921e-02 5.312448957268089966e-02 4.877021938934403972e-02 4.110374031259778072e-02 3.020994979627298141e-02 1.626509287475684518e-02 -4.821603186484987869e-04 -1.972005237568179650e-02 -4.107057820734974496e-02 -6.408141153794785772e-02 -8.822469069358862548e-02 -1.129106876962108347e-01 -1.375170302796937527e-01 -1.614285911820429742e-01 -1.840800691882455431e-01 -2.049928710334078530e-01 -2.238003076513351008e-01 -2.402540323716648718e-01 -2.542088322622847452e-01 -2.655869462034149420e-01 -2.743259051703110241e-01 -2.803161325547434135e-01 -2.833229450231131707e-01 -2.700487944457638512e-01
7.727915320977989111e-03 8.748558155771765654e-02 1.789757608299613056e-01 2.732952878174953470e-01 3.695739671254167358e-01 4.673941933144203920e-01 5.664615669972362655e-01 6.665176095913727394e-01 7.672947300781786106e-01 8.684895978107172176e-01 9.697468436714109519e-01 1.070652082717779230e+00 1.170740716032135698e+00 1.269519417080994472e+00 1.366499155643187580e+00 1.461229812964814689e+00 1.553327781036308197e+00 1.642492567475924536e+00 1.728512181040479323e+00 1.811263247542994836e+00 1.890707483374065356e+00 1.966885361833200951e+00 2.039907216023325809e+00 2.109935610546182616e+00 2.177160802423845798e+00 2.241766659815796814e+00 2.303885315972570957e+00 2.363537674549666345e+00 2.420534458344041795e+00 2.529440429680563707e+00
2.958375932678655729e-03 5.543245468201700443e-02 1.128104010665243739e-01 1.711920798541921029e-01 2.299860464488383549e-01 2.888824295661617247e-01 3.476801764763369218e-01 4.062410726980328346e-01 4.644725650751900248e-01 5.223196966547006825e-01 5.797546216516186179e-01 6.367616655975972817e-01 6.933233446185054216e-01 7.494102372579996008e-01 8.049789335288004555e-01 8.599761369173859471e-01 9.143457288545662198e-01 9.680362649928498930e-01 1.021006123038755931e+00 1.073226745719809028e+00 1.124682349285781813e+00 1.175366219348700447e+00 1.225275127322944080e+00 1.274400423267277649e+00 1.322719132745829640e+00 1.370183827729137160e+00 1.416708428126249864e+00 1.462144520162127037e+00 1.506229874836233718e+00 1.594672983557960055e+00
6.330794600123736127e-04 -1.278696249759042267e-02 -2.667310200931698877e-02 -4.044516009168062920e-02 -5.414494944791841541e-02 -6.777557398822400825e-02 -8.131262233488194269e-02 -9.472526814176945864e-02 -1.079909859918399689e-01 -1.211020401219731479e-01 -1.340639444581636086e-01 -1.468867069841124640e-01 -1.595742680825517623e-01 -1.721156883744346389e-01 -1.844809332383984535e-01 -1.966214345007373798e-01 -2.084740866277582372e-01 -2.199667791449609611e-01 -2.310248807842219809e-01 -2.415779835593254710e-01 -2.515671858481774992e-01 -2.609514853189718875e-01 -2.697125293478537245e-01 -2.778555872294857787e-01 -2.854055793426694687e-01 -2.923984786393046265e-01 -2.988686828958687092e-01 -3.048342288137211864e-01 -3.102766829214139710e-01 -3.187573426072707883e-01
8.063560229334791607e-04 3.854753870433870466e-02 7.558503001227048768e-02 1.127739093062581771e-01 1.500365347970586405e-01 1.872733625433618265e-01 2.243813800241253320e-01 2.612426989575026837e-01 2.977109443178121428e-01 3.336047170848308596e-01 3.687080176217285565e-01 4.027754864476640329e-01 4.355409534346917910e-01 4.667258274101842019e-01 4.960481110867090426e-01 5.232321412397802352e-01 5.480202375244263013e-01 5.701857306023210281e-01 5.895451428805404959e-01 6.059673585904832294e-01 6.193774643799829782e-01 6.297548419339102921e-01 6.371259254453370824e-01 6.415520035497825901e-01 6.431141782926570460e-01 6.418945347091505882e-01 6.379520667938647360e-01 6.312877825191811620e-01 6.217739350043246516e-01 5.777441926267988803e-01
-6.816865057714463494e-05 -2.479834494845123416e-02 -4.988389766059197344e-02 -7.478856198678091038e-02 -9.955252915274331871e-02 -1.241960489514699617e-01 -1.487236346826820155e-01 -1.731389537726986672e-01 -1.974545269975682971e-01 -2.216957745851225459e-01 -2.458990547804507931e-01 -2.701026653180275128e-01 -2.943345201747171735e-01 -3.185984217528701201e-01 -3.428629260946787216e-01 -3.670556701034817793e-01 -3.910648338510885891e-01 -4.147473062628721507e-01 -4.379419470097482003e-01 -4.604849599926061909e-01 -4.822249342482594625e-01 -5.030343092776354830e-01 -5.228162615358935561e-01 -5.415044579118335477e-01 -5.590555132714031261e-01 -5.754346977480699898e-01 -5.905951105987199412e-01 -6.044508539880045772e-01 -6.168340235682381323e-01 -6.338235549950448355e-01
5.984148762647509279e-03 -2.059830111050683227e-02 -4.434799896692190324e-02 -6.629356805977715261e-02 -8.627993640895356697e-02 -1.041745204874075237e-01 -1.199087752011015195e-01 -1.335337145961338345e-01 -1.452763800759834245e-01 -1.555733539158084822e-01 -1.650641092508694230e-01 -1.745422232864957124e-01 -1.848783174757021863e-01 -1.969337766285523261e-01 -2.114833252548415643e-01 -2.291586662459146606e-01 -2.504177791176588341e-01 -2.755390603491769119e-01 -3.046340022230407674e-01 -3.376697073864319831e-01 -3.744935378323188679e-01 -4.148535591609868178e-01 -4.584153287647624309e-01 -5.047742789888918225e-01 -5.534659944459219272e-01 -6.039749779335271684e-01 -6.557363472439871055e-01 -7.081190470341273135e-01 -7.603621944252969556e-01 -8.681327544859389622e-01
1.017870736393397188e-02 4.329987910169551951e-02 6.476136039665289501e-02 8.282896497946291847e-02 9.768317926790913430e-02 1.092257173109220936e-01 1.173398876872232821e-01 1.219564029910946840e-01 1.230945193507865937e-01 1.208903069795569940e-01 1.156037806793040607e-01 1.076011375328868314e-01 9.731553974052113698e-02 8.519559169125297260e-02 7.165422899486928454e-02 5.702974372418341542e-02 4.156699793828241840e-02 2.541905832230551693e-02 8.662479872891964278e-03 -8.685120337595938350e-03 -2.665303222952365367e-02 -4.531464402661854879e-02 -6.479191948298584913e-02 -8.526117321529276538e-02 -1.069558694215844291e-01 -1.301668417489103280e-01 -1.552472209772562395e-01 -1.826434146881561471e-01 -2.130099577430774049e-01 -3.168665352949283642e-01
2.388429676351208619e-04 2.862518123221771682e-02 5.674487050730279286e-02 8.493780783058763051e-02 1.130558771340805513e-01 1.409889038623953206e-01 1.686595304362689396e-01 1.960144705120655528e-01 2.230199627875493196e-01 2.496612307497289573e-01 2.759410469700860902e-01 3.018748849573537063e-01 3.274823907375788434e-01 3.527755069838527380e-01 3.777470626994323677e-01 4.023628816710138056e-01 4.265602939905884239e-01 4.502538074847001748e-01 4.733450939144436820e-01 4.957341042511781981e-01 5.173269920261942545e-01 5.380392030573150075e-01 5.577941793064933318e-01 5.765180707035306718e-01 5.941331824789064520e-01 6.105495818150653564e-01 6.256524370326029816e-01 6.392782526463191006e-01 6.511582997915008608e-01 6.621164777065839946e-01
5.715166656433002396e-04 -2.112832362113641060e-02 -4.461132595574645449e-02 -6.829825188530457003e-02 -9.217705883680449297e-02 -1.162559271686043616e-01 -1.405378563451510632e-01 -1.650336270858203946e-01 -1.897735114936112411e-01 -2.148126998351789774e-01 -2.402285122462251565e-01 -2.661082049354386303e-01 -2.925315002521732266e-01 -3.195508298753806375e-01 -3.471745527872343029e-01 -3.753571852701681477e-01 -4.039989446440669374e-01 -4.329544123387714660e-01 -4.620479812634975536e-01 -4.910924656294932689e-01 -5.199073907668334549e-01 -5.483332328727089644e-01 -5.762406061931680812e-01 -6.035315462559289745e-01 -6.301331035048814977e-01 -6.559841662252253736e-01 -6.810161352250975186e-01 -7.051292200005023769e-01 -7.281588369270988181e-01 -7.727844215088151003e-01
-2.197481028714184936e-03 -4.638075416796533929e-02 -9.008352982846765111e-02 -1.333309802743539718e-01 -1.761461966029543025e-01 -2.184936934653774199e-01 -2.602977179382172102e-01 -3.014554067030862927e-01 -3.418421571690158367e-01 -3.813128118713161041e-01 -4.197000154337980904e-01 -4.568097908512127603e-01 -4.924207093649892730e-01 -5.262878357190519107e-01 -5.581536749780393603e-01 -5.877639416238633618e-01 -6.148850491026042198e-01 -6.393194686348919742e-01 -6.609177236940062539e-01 -6.795859664021438595e-01 -6.952901426066562252e-01 -7.080558634512537086e-01 -7.179641459436532092e-01 -7.251415605391728914e-01 -7.297448656400020717e-01 -7.319404340859101410e-01 -7.318784732586256503e-01 -7.296616252525196522e-01 -7.252901307671376641e-01 -6.991134160649727924e-01
-1.214150928540214114e-03 4.372054870892196771e-02 8.471057665601715303e-02 1.232735889799558004e-01 1.586069202145502788e-01 1.900991643952657517e-01 2.172600831574945379e-01 2.396976611593862605e-01 2.571288898200264628e-01 2.693922960604730465e-01 2.764423817104678660e-01 2.783284307166806748e-01 2.751749602625652158e-01 2.671790647293364462e-01 2.546284049113237691e-01 2.379273304897388808e-01 2.176127836173908092e-01 1.943463889938141786e-01 1.688810271805410157e-01 1.420081212205957233e-01 1.144979049531522630e-01 8.704446363642474871e-02 6.022439346253271458e-02 3.447860156486556166e-02 1.012135015500911089e-02 -1.262527730037801312e-02 -3.357746934383996212e-02 -5.252687055214173839e-02 -6.917680622098605625e-02 -9.307008359052112989e-02
2.913932120804044873e-03 3.369988221231787207e-02 6.744123449068123444e-02 1.020217041636313354e-01 1.371063635602215169e-01 1.725272064616658885e-01 2.081927366770621179e-01 2.440639727466698550e-01 2.801460502877724523e-01 3.164849450169125444e-01 3.531611335149902886e-01 3.902778235287728270e-01 4.279449872404380018e-01 4.662608709436978915e-01 5.052954831651976786e-01 5.450788088189330027e-01 5.855958095423942078e-01 6.267891685783231193e-01 6.685670999861256236e-01 7.108144669995741793e-01 7.534027469837591973e-01 7.961969213828716807e-01 8.390593755035075096e-01 8.818489766884768377e-01 9.244177902154440130e-01 9.666043696559750709e-01 1.008221366156935694e+00 1.049032755777435044e+00 1.088706753744034916e+00 1.168612450292286109e+00
1.570992052487594354e-03 2.349937558576124103e-02 4.475740334721348829e-02 6.591254645752450680e-02 8.679391841466252422e-02 1.072718509133970405e-01 1.272528132609963558e-01 1.466703079689436195e-01 1.654813376065791264e-01 1.836662424499684032e-01 2.012268177258068613e-01 2.181816717953901641e-01 2.345599692100898137e-01 2.503950202215557974e-01 2.657199455999303961e-01 2.805654906171207164e-01 2.949596803299463499e-01 3.089287248907500172e-01 3.224976069087134301e-01 3.356898784658557400e-01 3.485253811110065603e-01 3.610164239499767946e-01 3.731634570686638841e-01 3.849512008209203806e-01 3.963472082145843567e-01 4.073018960273737665e-01 4.177476135404419866e-01 4.275911104152532727e-01 4.366857581209586670e-01 4.495870117195884252e-01
-8.382045316923762701e-04 -3.604429990241313220e-02 -7.481827180351738327e-02 -1.141489775324578820e-01 -1.538831426611230735e-01 -1.939864191210762812e-01 -2.344503921636331978e-01 -2.752841869935460095e-01 -3.165150717753154042e-01 -3.581873194052404008e-01 -4.003554406515136277e-01 -4.430707255661687771e-01 -4.863666626919973535e-01 -5.302457314794826182e-01 -5.746716866824159720e-01 -6.195681820560179354e-01 -6.648231536452179347e-01 -7.102976968141698766e-01 -7.558378552431357367e-01 -8.012881078182092498e-01 -8.465045419716634711e-01 -8.913650906362700077e-01 -9.357763653812717353e-01 -9.796734892023727381e-01 -1.023013673627891862e+00 -1.065764315917191674e+00 -1.107886264492524919e+00 -1.149315691846129805e+00 -1.189943579088131642e+00 -1.278229451124145211e+00
1.205827551832100789e-02 -4.994911705276865871e-03 -2.060270654321166850e-02 -3.550224311341526606e-02 -4.974470424005289493e-02 -6.331535811384333967e-02 -7.616704496460055540e-02 -8.823472731848673589e-02 -9.944299166476425200e-02 -1.097090966439906445e-01 -1.189431466821560535e-01 -1.270451670699396240e-01 -1.339028386513404223e-01 -1.393913978560391842e-01 -1.433774310418051423e-01 -1.457264363234241356e-01 -1.463128252168834076e-01 -1.450295987351798987e-01 -1.417966074126832121e-01 -1.365653495775071558e-01 -1.293212721281714050e-01 -1.200827983637739876e-01 -1.088973834960465792e-01 -9.583470295485094215e-02 -8.097637918436426108e-02 -6.440257674546245870e-02 -4.617488882453374410e-02 -2.631304975163652193e-02 -4.747866741593966683e-03 5.870366119096156327e-02
3.030274691480094873e-04 -3.300210390640630209e-02 -7.199719211337474167e-02 -1.131436308944726299e-01 -1.566558189475900364e-01 -2.027445994362761239e-01 -2.515666582233148096e-01 -3.032172488532479115e-01 -3.577121963322953957e-01 -4.149726271877212103e-01 -4.748210560407876146e-01 -5.369863379359344213e-01 -6.011136326835782029e-01 -6.667709100311217663e-01 -7.334524935891238995e-01 -8.005839430139589652e-01 -8.675349525180187094e-01 -9.336438138840931211e-01 -9.982519358959456302e-01 -1.060744395291371323e+00 -1.120589489305120701e+00 -1.177370149848347092e+00 -1.230802933358494222e+00 -1.280736512023085139e+00 -1.327128903297894347e+00 -1.370004361592037867e+00 -1.409393571999068673e+00 -1.445264558944365785e+00 -1.477436435661827696e+00 -1.527674916420267426e+00
9.349966414291185912e-04 -1.222073108210733165e-02 -2.372859744462611081e-02 -3.410067082249472470e-02 -4.329064675172188126e-02 -5.124214440597334858e-02 -5.789553528164061158e-02 -6.319898410631848151e-02 -6.712017305610283591e-02 -6.965251690059884315e-02 -7.081364013035756910e-02 -7.063680705917713132e-02 -6.916188128428274462e-02 -6.643063961033107701e-02 -6.248860181901800398e-02 -5.739137800660594479e-02 -5.121130079295609094e-02 -4.404016800453765951e-02 -3.598754481141427930e-02 -2.717448945889864437e-02 -1.772573418417812408e-02 -7.761429008620951420e-03 2.610034799334330288e-03 1.329672018022783411e-02 2.422545673919952389e-02 3.534120200342805163e-02 4.660437204982206816e-02 5.798773106408960237e-02 6.947994079908942355e-02 9.775434619210487952e-02
5.696462648011501456e-03 5.962066171728196140e-03 8.389789277497023551e-04 -5.809640657141871764e-03 -1.396722301510641522e-02 -2.370163597790376359e-02 -3.506510281203003426e-02 -4.807709220178968401e-02 -6.271205897908448124e-02 -7.888947950160105083e-02 -9.647083273257903158e-02 -1.152643191072127704e-01 -1.350371354808131141e-01 -1.555315939910751344e-01 -1.764819314688003404e-01 -1.976290925925135999e-01 -2.187318263404507690e-01 -2.395738959913518706e-01 -2.599689385908430239e-01 -2.797653369937495582e-01 -2.988524904066898191e-01 -3.171678605720938959e-01 -3.347031492987100343e-01 -3.515054531319323772e-01 -3.676713717746853405e-01 -3.833346795538443152e-01 -3.986513396029173761e-01 -4.137920075067929027e-01 -4.289604233728477878e-01 -4.695758649156078768e-01
8.402147715357480284e-03 7.804561055734332564e-02 1.543946721452149895e-01 2.318058195840672353e-01 3.094383121332375808e-01 3.868491273614705350e-01 4.637493697192502928e-01 5.399484786138857295e-01 6.153390193038251743e-01 6.898900890987855750e-01 7.636321728967707667e-01 8.366313485163699992e-01 9.089629332233937209e-01 9.806912147210032904e-01 1.051862129527206147e+00 1.122505924053654347e+00 1.192644164731250234e+00 1.262296738632787463e+00 1.331485298990325861e+00 1.400234201948844071e+00 1.468567825088836987e+00 1.536504563885591867e+00 1.604049879392758449e+00 1.671186258290178639e+00 1.737864084585971192e+00 1.803991639317234386e+00 1.869419946001513733e+00 1.933914551270782933e+00 1.997089158557145305e+00 2.127062744771693659e+00
2.303317751912153238e-03 -1.057742049661167423e-02 -2.166305137418200744e-02 -3.179859620651633717e-02 -4.102063357691308754e-02 -4.929538149351756632e-02 -5.655921278431741417e-02 -6.274255874703474345e-02 -6.778731169376109311e-02 -7.165619413173458796e-02 -7.433342461388930955e-02 -7.581709246006197722e-02 -7.610913210738140533e-02 -7.520745988508766022e-02 -7.310351320131254493e-02 -6.978531389340250635e-02 -6.524393506907902318e-02 -5.947994742412279073e-02 -5.250849965850051121e-02 -4.436114962113069798e-02 -3.508578832413630777e-02 -2.474446078444761041e-02 -1.340982636348558854e-02 -1.161049840659974727e-03 1.192115841929016276e-02 2.575965308157232223e-02 4.028622648746247453e-02 5.544799860886783643e-02 7.122314986307673457e-02 1.126928402290250097e-01
3.218072371724695069e-04 3.032100779145662298e-03 9.999414044501369475e-03 1.827244467770120992e-02 2.753595225437500266e-02 3.767724703867810637e-02 4.866249241156602595e-02 6.050056836924280063e-02 7.322754125222738497e-02 8.689904365137493536e-02 1.015846242471329514e-01 1.173635347038494148e-01 1.343210170358468125e-01 1.525449424854500302e-01 1.721225637954029719e-01 1.931364263732881226e-01 2.156588758375532766e-01 2.397465163289939638e-01 2.654347907101700099e-01 2.927351020416479321e-01 3.216334009190563448e-01 3.520908448462770624e-01 3.840466725269917614e-01 4.174219073839157135e-01 4.521251759916543045e-01 4.880598021315882273e-01 5.251317485641990856e-01 5.632593206098728267e-01 6.023945747791450422e-01 7.001209735832220060e-01
2.274454899360914273e-05 -1.616621135387116132e-02 -3.197255894604772442e-02 -4.593844189863355298e-02 -5.741593264110507466e-02 -6.597977507234925598e-02 -7.130644949960668333e-02 -7.316923653429102670e-02 -7.146581459775086520e-02 -6.623717188601088712e-02 -5.766035917135441807e-02 -4.601877817545729082e-02 -3.166941483360510151e-02 -1.502489377719081788e-02 3.444731534475456436e-03 2.320006025643673100e-02 4.362690919516996890e-02 6.404924197124581275e-02 8.376072082469315783e-02 1.020687478807357634e-01 1.183393750585163551e-01 1.320344804172448594e-01 1.427347248852449124e-01 1.501429517556165383e-01 1.540667580579470064e-01 1.543801013492584751e-01 1.509659776513861962e-01 1.436392332247614090e-01 1.320274792412889364e-01 7.283007382297367049e-02
4.608755180019633718e-03 3.993200325434335951e-02 7.325300874344520263e-02 1.058930775418479714e-01 1.375581083679829064e-01 1.679905509142865516e-01 1.969672375390444929e-01 2.242857102725706597e-01 2.497588597174492664e-01 2.732141857935973528e-01 2.944918729805925395e-01 3.134421601956479120e-01 3.299271839729874811e-01 3.438301285129040652e-01 3.550719963938766544e-01 3.636299878257589491e-01 3.695504582415342076e-01 3.729513499132599552e-01 3.740132907928673256e-01 3.729619997791117081e-01 3.700462531364679397e-01 3.655160071214447193e-01 3.596038899415540113e-01 3.525132035443620526e-01 3.444144625891901734e-01 3.354487725400697729e-01 3.257349337097871222e-01 3.153734761167901746e-01 3.044318533087418954e-01 2.733839486161156462e-01
3.655839134559957931e-03 -8.410192312991067454e-04 -8.356965061667007491e-03 -1.646275466113087879e-02 -2.510825718012926061e-02 -3.429210960649851925e-02 -4.399724851317480395e-02 -5.418496196801859954e-02 -6.479238662401826110e-02 -7.572860349669746638e-02 -8.687175124954585326e-02 -9.806905275704176639e-02 -1.091435352657508517e-01 -1.199074833515764993e-01 -1.301805074514320315e-01 -1.398075027168265150e-01 -1.486715762158779541e-01 -1.566991766528491037e-01 -1.638589155407248754e-01 -1.701571478528591808e-01 -1.756340662625057725e-01 -1.803613546737695139e-01 -1.844411024038560276e-01 -1.880039206535777385e-01 -1.912046214250699983e-01 -1.942159319800121631e-01 -1.972224459380274297e-01 -2.004212012807480014e-01 -2.040401372972883154e-01 -2.186443516772264006e-01
1.379199166321662395e-04 -6.037714040819655570e-02 -1.267807871665880826e-01 -1.944929920071635232e-01 -2.632068548871293601e-01 -3.327927519006086410e-01 -4.031518495080344544e-01 -4.741942899962119373e-01 -5.458324193592213325e-01 -6.179751530756889544e-01 -6.905184430285330466e-01 -7.633314531009848247e-01 -8.362473801692618114e-01 -9.090613800531184285e-01 -9.815391624415854555e-01 -1.053432813206128138e+00 -1.124498774091520881e+00 -1.194513830329202442e+00 -1.263287305543062899e+00 -1.330670767720374403e+00 -1.396565504017865944e+00 -1.460927151107018762e+00 -1.523767960972981061e+00 -1.585152005372282957e+00 -1.645184678872558592e+00 -1.703996913158864146e+00 -1.761725933342605854e+00 -1.818500469875774295e+00 -1.874438324709863934e+00 -2.001631168071843714e+00
7.663831179956417244e-03 2.350211095635576161e-02 2.145157557389314879e-02 1.204055929296652186e-02 -5.309393363267533167e-03 -3.124368681270759535e-02 -6.626484019883013832e-02 -1.106564015006388513e-01 -1.643934889026205937e-01 -2.270803121685663617e-01 -2.979489474383206771e-01 -3.759180793156229883e-01 -4.596863573932851166e-01 -5.478248442074005187e-01 -6.388489490151165739e-01 -7.312675947774668339e-01 -8.236200319053758045e-01 -9.145121824028284996e-01 -1.002658441094911979e+00 -1.086932767752766926e+00 -1.166422869489371017e+00 -1.240479793142331033e+00 -1.308752392111889984e+00 -1.371189596435946179e+00 -1.428004676218945335e+00 -1.479602957155249143e+00 -1.526488306309078169e+00 -1.569182802753709582e+00 -1.608210896517759947e+00 -1.692367345959497005e+00
8.267054821204787574e-03 9.199913297581309435e-02 1.781760588610802887e-01 2.639563335626894380e-01 3.483825639379817263e-01 4.308155006351006566e-01 5.107479320440855286e-01 5.877563406361637766e-01 6.614927958176374245e-01 7.316844798792191407e-01 7.981222432980118464e-01 8.606389436690149441e-01 9.190945894501485469e-01 9.733787601139423096e-01 1.023434609912490245e+00 1.069292186319291238e+00 1.111094610699286722e+00 1.149105107916785107e+00 1.183692301353495013e+00 1.215299463624802900e+00 1.244405891309580792e+00 1.271488280785957770e+00 1.296988557959944721e+00 1.321291559055417286e+00 1.344717028656669866e+00 1.367523703486755338e+00 1.389920683506455479e+00 1.412078080552349846e+00 1.434117996749993296e+00 1.481644472263013323e+00
-5.641203330575411679e-04 -1.102772243327851398e-02 -2.204904284392619762e-02 -3.210453390499672099e-02 -4.085383911725291861e-02 -4.809797562465313592e-02 -5.370811699468689554e-02 -5.763885000785814311e-02 -5.995843916692405323e-02 -6.086707129520713827e-02 -6.068986026487941526e-02 -5.984612872205333223e-02 -5.880844972007681637e-02 -5.806580458333309575e-02 -5.809856904599111638e-02 -5.936462995102236712e-02 -6.229039276501493333e-02 -6.726151121135237609e-02 -7.461189005147599029e-02 -8.461195518621868195e-02 -9.745904502883462328e-02 -1.132713837871971579e-01 -1.320880437447707334e-01 -1.538755489156259648e-01 -1.785417757211076872e-01 -2.059576040266323238e-01 -2.359847301962291199e-01 -2.685099630798056802e-01 -3.034968638528490192e-01 -4.003394536417630434e-01
