1.164481575288003543e-02 2.879164552963392118e-02 5.012039157299899572e-02 7.262119146050391438e-02 9.598264423227800823e-02 1.200430388739387733e-01 1.446607900364218768e-01 1.696599773029784097e-01 1.947929154887808045e-01 2.197196030775117048e-01 2.440078494262848119e-01 2.671548458850516727e-01 2.886269771487588454e-01 3.079085801708104642e-01 3.245503913827585407e-01 3.382075734515679333e-01 3.486612251258160988e-01 3.558220619717784028e-01 3.597197413522578713e-01 3.604844353224137543e-01 3.583261130709708420e-01 3.535156790901679003e-01 3.463685912377448828e-01 3.372308855524918103e-01 3.264677496057457051e-01 3.144534690018147560e-01 3.015644141934822331e-01 2.881777733517009166e-01 2.746797363443326256e-01 2.459074188060982602e-01
1.226273456798276061e-02 3.270454328716619619e-02 5.295443780794140132e-02 7.268207735410012194e-02 9.154689669156292064e-02 1.093164823135023556e-01 1.258093736501472160e-01 1.408706254901846699e-01 1.543627146367601011e-01 1.661637451342272143e-01 1.761679529513426878e-01 1.842878236481753917e-01 1.904592052001072566e-01 1.946492371979951508e-01 1.968661050265180790e-01 1.971670935273071024e-01 1.956618090632388507e-01 1.925089511611639548e-01 1.879068539960631612e-01 1.820794552404993438e-01 1.752598773819239453e-01 1.676741694197424193e-01 1.595271879589844066e-01 1.509932787065418336e-01 1.422136996436260403e-01 1.332998667436885443e-01 1.243406355231354843e-01 1.154083439160155100e-01 1.065530772681617250e-01 8.440718919122414121e-02
7.863898631890516716e-03 -1.166539916329087032e-02 -2.663338504142067839e-02 -4.008595193557214220e-02 -5.213296561839025900e-02 -6.273525420409718778e-02 -7.181539795882233013e-02 -7.930033434389269220e-02 -8.515075397092300435e-02 -8.937755761780263875e-02 -9.204188665509116518e-02 -9.323960879174583716e-02 -9.307941249983334164e-02 -9.166367711926168282e-02 -8.907856706112945999e-02 -8.539405559010009028e-02 -8.067042969218013448e-02 -7.496572635448292554e-02 -6.834107808983168331e-02 -6.086130209677920178e-02 -5.259222063777479333e-02 -4.359567444173871598e-02 -3.392421725793427073e-02 -2.361773879073439386e-02 -1.270249822516030143e-02 -1.193189956910247970e-03 1.090349170237110352e-02 2.358617717859149907e-02 3.686643971731892733e-02 7.216068340105827317e-02
1.212550013656631814e-02 1.074246603500184430e-02 9.617220980523141088e-03 8.427878308353250678e-03 7.034471638441359281e-03 5.371704174793792003e-03 3.417335546284289149e-03 1.177876629132859967e-03 -1.317543126879349921e-03 -4.018449776536234946e-03 -6.852000871622443076e-03 -9.721042881284515033e-03 -1.250461178308377719e-02 -1.506285208838764079e-02 -1.724673959069650264e-02 -1.891068101478948771e-02 -1.992473769204878425e-02 -2.018312898924533999e-02 -1.960851491759626683e-02 -1.815247885322397725e-02 -1.579456732124406848e-02 -1.254103739494838443e-02 -8.423695735628598108e-03 -3.498494488597811078e-03 2.157209786256620784e-03 8.448041503927897558e-03 1.526323160129986790e-02 2.247369495296512934e-02 2.991549451905832838e-02 4.475045702382859925e-02
1.271872722194979100e-02 1.931856360475897247e-02 2.386353380164698418e-02 2.779810051883845751e-02 3.111223170033150520e-02 3.377354827343904964e-02 3.576106714199492331e-02 3.706309876513085022e-02 3.767335905891086578e-02 3.759100219872605481e-02 3.682435112607540528e-02 3.539613182057105290e-02 3.334584522152402725e-02 3.072609846913341991e-02 2.759316243848477027e-02 2.399523321341925225e-02 1.996343770512340465e-02 1.550895104514931483e-02 1.062576749037193874e-02 5.296332481661902153e-03 -5.035120268909350216e-04 -6.802324949028677042e-03 -1.363408581515010258e-02 -2.104127234863904100e-02 -2.907862870477778000e-02 -3.781822123230803995e-02 -4.735781673213333709e-02 -5.784049847198952099e-02 -6.950771984655990110e-02 -1.102133721378030229e-01
1.092145254328352050e-02 2.703801907716521860e-02 4.869633093073261199e-02 7.208295268077639928e-02 9.703292473729738243e-02 1.235461702952745239e-01 1.516664433028738490e-01 1.814420864285595514e-01 2.128980745172907030e-01 2.460199602179455880e-01 2.807510500611691828e-01 3.169993725447592947e-01 3.546468486337744919e-01 3.935519240090320503e-01 4.335444175049188997e-01 4.744164608788877802e-01 5.159169820688365160e-01 5.577560757625772414e-01 5.996191398937744665e-01 6.411887389571667706e-01 6.821673161107049133e-01 7.222954876225482490e-01 7.613629670776008718e-01 7.992074686411254625e-01 8.357024670715195169e-01 8.707330408531097632e-01 9.041596497241239927e-01 9.357667965883196270e-01 9.651777342263246906e-01 1.012801788923184176e+00
1.231529290264957166e-02 3.859374757082956880e-02 6.528261587654302089e-02 9.168600724351927411e-02 1.174784226215084965e-01 1.424494626380020390e-01 1.664433866885412505e-01 1.893363028894428646e-01 2.110274556348032959e-01 2.314372336751374104e-01 2.505065218783007475e-01 2.681957632711304829e-01 2.844845430551886101e-01 2.993713128115494393e-01 3.128740127056979792e-01 3.250306595261471254e-01 3.358993356913598793e-01 3.455572802659412357e-01 3.540983677297051546e-01 3.616288206428126539e-01 3.682607166626529205e-01 3.741037625485096330e-01 3.792565526605388704e-01 3.837986339334245600e-01 3.877855572197262957e-01 3.912459631294585294e-01 3.941785174003571424e-01 3.965421082354165794e-01 3.982217576332228726e-01 3.932515055890194455e-01
7.473602762526536034e-03 6.154090956811028926e-03 6.024808218215726291e-03 5.779613316078560312e-03 5.093193899860945506e-03 3.813409295180614569e-03 1.875410746621801808e-03 -7.231355271310486305e-04 -3.927069829243012844e-03 -7.623504986872546921e-03 -1.164388432062881187e-02 -1.576969258223403364e-02 -1.974257228590653446e-02 -2.327750485802186631e-02 -2.607802610972943802e-02 -2.785219557362985862e-02 -2.832802202342861106e-02 -2.726623754782775064e-02 -2.447023350453326682e-02 -1.979273012834038836e-02 -1.314054400522180616e-02 -4.477554379338701852e-03 6.174827228344068400e-03 1.874058738728453383e-02 3.309705892455442472e-02 4.908708550206788285e-02 6.653322682205742300e-02 8.524879802290749597e-02 1.050420841211665152e-01 1.541686214833366819e-01
1.087802628220617060e-02 2.358003752398417016e-03 -3.422280060640509741e-03 -8.371935589395997773e-03 -1.260649049659996399e-02 -1.612192095411608961e-02 -1.886811831325192410e-02 -2.077528687536053104e-02 -2.176997727372754696e-02 -2.178306633027851658e-02 -2.075001002947421749e-02 -1.860515344925718975e-02 -1.527661229244218696e-02 -1.068690440385459788e-02 -4.761254026206383771e-03 2.559113431500541908e-03 1.130388219578270549e-02 2.146615933500665985e-02 3.300165190669046567e-02 4.583433575201409371e-02 5.986483170183844182e-02 7.497907720428720335e-02 9.105565734926925059e-02 1.079700807954005748e-01 1.255965267779179106e-01 1.438064712339356122e-01 1.624640266410854461e-01 1.814162284659948388e-01 2.004763371016944629e-01 2.425292917993864261e-01
1.180067039383830146e-02 1.440548163349378991e-02 1.621269654146543365e-02 1.781125550366719629e-02 1.916690264400843294e-02 2.025436832531497811e-02 2.106599086613987482e-02 2.160469261983255160e-02 2.187771385873207852e-02 2.189494850280391744e-02 2.167178583757565016e-02 2.123456800299083902e-02 2.062393682503772113e-02 1.989246331149254615e-02 1.909616439226709261e-02 1.828294769632327760e-02 1.748284516909843350e-02 1.670386025474396990e-02 1.593346968610901554e-02 1.514388613880380402e-02 1.429764149183729294e-02 1.335142965679324972e-02 1.225736778393188287e-02 1.096200830319234154e-02 9.404163117890166484e-03 7.510926376906142815e-03 5.190505964645059783e-03 2.315930368342301870e-03 -1.316192747799503626e-03 -1.953675813675812001e-02
1.092842868440277622e-02 3.716844654966369038e-02 6.014261577803153846e-02 8.109288269338806032e-02 9.954625587311437263e-02 1.151819525866894511e-01 1.278054917206528918e-01 1.373518402586813014e-01 1.439091240727990439e-01 1.477380453523162718e-01 1.492683712436219112e-01 1.490694635261262668e-01 1.478022121878245776e-01 1.461643986125028549e-01 1.448404076043413036e-01 1.444617263386756001e-01 1.455803125048254210e-01 1.486543885731580195e-01 1.540425684542952034e-01 1.620015614449301644e-01 1.726834004095331720e-01 1.861308382162232544e-01 2.022738379229607197e-01 2.209309740157501811e-01 2.418200623309424702e-01 2.645771816001557530e-01 2.887773264064088519e-01 3.139407207547815770e-01 3.394948505752501955e-01 3.899368295734264023e-01
1.100189300001070195e-02 -2.134469952243243235e-02 -5.231241928041157480e-02 -8.196093011349404878e-02 -1.098556616791756951e-01 -1.356430827298955588e-01 -1.590011241300006151e-01 -1.796384177981422969e-01 -1.973109175403909010e-01 -2.118329240927385171e-01 -2.230718775941045173e-01 -2.309307928355689432e-01 -2.353359542963440187e-01 -2.362431711912569843e-01 -2.336650940303477419e-01 -2.277072926665759112e-01 -2.185951264197597554e-01 -2.066775463749418729e-01 -1.924069239390844843e-01 -1.763010152398644392e-01 -1.588995225199469896e-01 -1.407249667835855922e-01 -1.222541990088836933e-01 -1.039057573378528165e-01 -8.604406188393390331e-02 -6.900048938683872590e-02 -5.311045498122043962e-02 -3.876960277499849616e-02 -2.652522867012050908e-02 -1.899455109973325825e-02
8.542180482028673832e-03 1.295217118891155844e-02 2.009839168801742099e-02 2.830524574058142576e-02 3.749411882527656226e-02 4.765088263003991464e-02 5.876485127673133912e-02 7.079478743053986556e-02 8.364025140953104676e-02 9.712579185703011653e-02 1.110032222200266483e-01 1.249707274833938425e-01 1.387012177036152649e-01 1.518699435706110379e-01 1.641753195740719984e-01 1.753510174976533886e-01 1.851715938596013300e-01 1.934550573270203133e-01 2.000643271772903631e-01 2.049090595830903583e-01 2.079469293254284645e-01 2.091837950576532212e-01 2.086713002515390714e-01 2.065005913599586851e-01 2.027921933012088174e-01 1.976812484643650780e-01 1.912991698315712752e-01 1.837514765819012186e-01 1.750853629388903210e-01 1.470370199601689631e-01
1.006119794344884771e-02 -8.552065871147261286e-03 -2.261605355846425108e-02 -3.475998967240664927e-02 -4.488492356350370222e-02 -5.282814111708210303e-02 -5.842985285758785924e-02 -6.156661231100019060e-02 -6.218358476715976635e-02 -6.031397235881438834e-02 -5.607687816088304661e-02 -4.965534852416081391e-02 -4.126769148591048070e-02 -3.114541349178545290e-02 -1.952471034696761504e-02 -6.649318683131080765e-03 7.223161947074546035e-03 2.181978770953773086e-02 3.685839705017255469e-02 5.206179585754180245e-02 6.717519753318121345e-02 8.198309643541994152e-02 9.632163654296205246e-02 1.100823287824617830e-01 1.232061545544038267e-01 1.356676130572017636e-01 1.474511051428300801e-01 1.585223647980819606e-01 1.687970333591997663e-01 1.867169584471329302e-01
1.070166373645204533e-02 -6.721731148127463307e-03 -2.093208787612855365e-02 -3.416553631193042229e-02 -4.655868085426466407e-02 -5.811588149921856350e-02 -6.879846672592764001e-02 -7.855785459292302653e-02 -8.735583892552639673e-02 -9.517507848764805711e-02 -1.020187572162206124e-01 -1.078999881866743449e-01 -1.128276850894443517e-01 -1.167950182501885370e-01 -1.197752200129332673e-01 -1.217253060781841589e-01 -1.225952155696392043e-01 -1.223378543296346072e-01 -1.209174546285564922e-01 -1.183137703066944046e-01 -1.145230421639112650e-01 -1.095560970104346582e-01 -1.034348542534962168e-01 -9.618843028914388082e-02 -8.784896160877990468e-02 -7.844780308258410273e-02 -6.801131185042683103e-02 -5.655520828485954832e-02 -4.406879761246634136e-02 -8.303880267131327070e-03
1.242037754478463735e-02 2.327556813253548601e-02 3.516616719637065402e-02 4.730359869529823097e-02 5.955806620397448292e-02 7.187348299519732975e-02 8.422978879488206283e-02 9.662667164049854041e-02 1.090736973384186376e-01 1.215864151855638453e-01 1.341867330601238806e-01 1.469052427032727648e-01 1.597815544038061475e-01 1.728592170383372317e-01 1.861756725855150674e-01 1.997503978578315798e-01 2.135760330883010316e-01 2.276162825442601401e-01 2.418101410001594620e-01 2.560805298593291646e-01 2.703431373244515878e-01 2.845128390024309617e-01 2.985067469598904344e-01 3.122430770990149984e-01 3.256372533355152976e-01 3.385945857940831361e-01 3.509982073338510644e-01 3.626869731327406754e-01 3.734074487231584527e-01 3.867332361496190196e-01
1.498467735939287837e-02 -5.741003766890077215e-03 -2.439744319847591408e-02 -4.265411598125956605e-02 -6.072875659858237296e-02 -7.870290809733335169e-02 -9.661187699430723308e-02 -1.144798910058217184e-01 -1.323384220904557096e-01 -1.502346001227957972e-01 -1.682298051736463851e-01 -1.863874272955573230e-01 -2.047538661401236970e-01 -2.233370764409687292e-01 -2.420892760703192703e-01 -2.608988995612453454e-01 -2.795943493117574175e-01 -2.979579802634065855e-01 -3.157465538607649447e-01 -3.327127465937894102e-01 -3.486240544991401902e-01 -3.632758525082472878e-01 -3.764981591413500972e-01 -3.881548454406120729e-01 -3.981354520478749826e-01 -4.063403282344116296e-01 -4.126582574359518030e-01 -4.169346507469829932e-01 -4.189131633197326066e-01 -4.056666624300000468e-01
1.256755277025905886e-02 1.880912250868864433e-02 2.411964151053969801e-02 2.886728245210899713e-02 3.285846285855645310e-02 3.596257360110523271e-02 3.809088275460666140e-02 3.918274299471717625e-02 3.920083259770679868e-02 3.813128723090676575e-02 3.598517259018821357e-02 3.280029676829765428e-02 2.864216536336081781e-02 2.360338212834937541e-02 1.780104670223966318e-02 1.137194045957005788e-02 4.466056113945824496e-03 -2.760455385456390964e-03 -1.015256358268454805e-02 -1.756366870548056042e-02 -2.486319098405335298e-02 -3.194388927769394038e-02 -3.872812243559216328e-02 -4.517112289804235681e-02 -5.125982401509721065e-02 -5.700801289087578660e-02 -6.244973150481909763e-02 -6.763697409317888376e-02 -7.265291673918330972e-02 -8.679103996051454328e-02
8.463508304699617762e-03 -7.880821358250193059e-03 -2.422581874015890258e-02 -4.063139858008766453e-02 -5.720520619291070280e-02 -7.400442624130264269e-02 -9.106544936328911377e-02 -1.084269715588130067e-01 -1.261453320387276866e-01 -1.443012892798817282e-01 -1.629963695972044269e-01 -1.823386045483686713e-01 -2.024228444177668118e-01 -2.233107850006466055e-01 -2.450164280804745243e-01 -2.674999879350267173e-01 -2.906706001822529362e-01 -3.143958886138061293e-01 -3.385155969598591108e-01 -3.628563536624550556e-01 -3.872454022490801617e-01 -4.115212819923401155e-01 -4.355413272358352184e-01 -4.591841508399236993e-01 -4.823472763494928151e-01 -5.049407247350654604e-01 -5.268767126385739408e-01 -5.480575883352982736e-01 -5.683609399695588316e-01 -6.097401698410076509e-01
1.095490408633284854e-02 3.473615299096721731e-02 6.006292710424198517e-02 8.561354150135236374e-02 1.110653895831305582e-01 1.362000598584576505e-01 1.608149646135474953e-01 1.846766277721762772e-01 2.074888991286487627e-01 2.288767259533927567e-01 2.483879000877301790e-01 2.655133122075170604e-01 2.797243110621024376e-01 2.905198035316230998e-01 2.974749878333567965e-01 3.002813831166359915e-01 2.987709106858560393e-01 2.929208261596978891e-01 2.828421278225597968e-01 2.687569608315206748e-01 2.509715137125361206e-01 2.298495885065929001e-01 2.057887346252403604e-01 1.792013078669814352e-01 1.505012366065786311e-01 1.200953390103377538e-01 8.837950537745209445e-02 5.573857608446584899e-02 2.254330005555437583e-02 -5.618559390557444078e-02
1.117454400911611911e-02 3.125842008394469351e-02 5.837271381597979036e-02 8.740679813515084273e-02 1.179878209714257664e-01 1.499928948720560817e-01 1.833634451651382780e-01 2.180478838845001932e-01 2.539671254395635680e-01 2.909953491422276883e-01 3.289555164634038742e-01 3.676278383544372419e-01 4.067668710650568786e-01 4.461194841907550335e-01 4.854398426645735731e-01 5.244989373124322452e-01 5.630895154870378949e-01 6.010292135437439454e-01 6.381631451652262088e-01 6.743682675362818735e-01 7.095578310896204499e-01 7.436846329531788813e-01 7.767417694695062380e-01 8.087573253204649593e-01 8.397838102676917771e-01 8.698813196866763686e-01 8.990950409822233702e-01 9.274274427965438772e-01 9.547995244097816636e-01 1.009853561104084640e+00
1.280193571486171536e-02 1.740948055139552100e-02 2.110287799417685448e-02 2.377796123259719174e-02 2.501491184476669141e-02 2.454435812268495817e-02 2.217977009665565366e-02 1.779548734278321720e-02 1.132661387919600346e-02 2.773344135179826170e-03 -7.799443478493643667e-03 -2.026702405430849674e-02 -3.445057064539540359e-02 -5.011971820906518937e-02 -6.699210022140812681e-02 -8.473379294806127060e-02 -1.029655344778993287e-01 -1.212768991054801737e-01 -1.392475588236160577e-01 -1.564725353262617913e-01 -1.725875688929796870e-01 -1.872905533670015110e-01 -2.003560605542146211e-01 -2.116388551737187484e-01 -2.210644753076663749e-01 -2.286077969051789616e-01 -2.342621231468635656e-01 -2.380043210392945308e-01 -2.397561844588416702e-01 -2.323186336362489945e-01
1.308805231665777918e-02 5.887097144972860963e-02 1.129126382080494068e-01 1.685495567827408614e-01 2.250930796574951986e-01 2.822399451570556939e-01 3.398062443144772571e-01 3.976542185931208895e-01 4.556570708552757365e-01 5.136802996402753951e-01 5.715721950667745910e-01 6.291609500233139585e-01 6.862595086944125455e-01 7.426744098278081907e-01 7.982179365631707491e-01 8.527197524120637695e-01 9.060357390878395201e-01 9.580538247550550723e-01 1.008696502481950752e+00 1.057922066051980359e+00 1.105723646238971680e+00 1.152125282313260834e+00 1.197175468838030499e+00 1.240935289548705356e+00 1.283463439412752649e+00 1.324796810225763677e+00 1.364924860237236137e+00 1.403752766400483853e+00 1.441031581691621710e+00 1.510827850137151707e+00
1.375291824845288613e-02 4.244429835013770191e-02 7.455352562066973332e-02 1.071615459199347364e-01 1.398490594185870517e-01 1.724126511539096906e-01 2.047346210218132789e-01 2.367473128681660821e-01 2.684192553980577212e-01 2.997495362465095736e-01 3.307632337982854276e-01 3.615055282337948928e-01 3.920349173934772335e-01 4.224149191578902007e-01 4.527061500281922557e-01 4.829594646281366588e-01 5.132113160070659319e-01 5.434826580373569582e-01 5.737803834615797793e-01 6.041007937377737003e-01 6.344323527431717791e-01 6.647562312902008941e-01 6.950449384900034833e-01 7.252579659246349841e-01 7.553367638079777624e-01 7.851980731936994973e-01 8.147234271418934970e-01 8.437387884320319831e-01 8.719668311044057596e-01 9.262156800596805795e-01
1.118815809103742426e-02 -1.774111568881134998e-03 -1.415386483728139563e-02 -2.637296388574852241e-02 -3.851015764648266226e-02 -5.058342986251713330e-02 -6.258261036422056722e-02 -7.448921163861385586e-02 -8.628937123121874220e-02 -9.797950534332298955e-02 -1.095638683250406975e-01 -1.210447491884892729e-01 -1.324110268159344739e-01 -1.436298465610454100e-01 -1.546449786088217038e-01 -1.653817429941783212e-01 -1.757559043862896297e-01 -1.856828587281648402e-01 -1.950852284297210915e-01 -2.038977509899928542e-01 -2.120703193284949328e-01 -2.195693662283050296e-01 -2.263782561756483291e-01 -2.324962155860099966e-01 -2.379355047502919596e-01 -2.427174407544113732e-01 -2.468675320869659351e-01 -2.504120486664835887e-01 -2.533768140609445330e-01 -2.580272942342811682e-01
1.269664836602638416e-02 3.140967525654899534e-02 5.044898149979582663e-02 6.959226944997730369e-02 8.872969028589253182e-02 1.077874870939923013e-01 1.267078244387595531e-01 1.454315665461595186e-01 1.638844233406122897e-01 1.819707654050028989e-01 1.995755034109248649e-01 2.165718111630703380e-01 2.328306852946185335e-01 2.482272643644766741e-01 2.626429572172119808e-01 2.759646514403375495e-01 2.880844204589549928e-01 2.989022573510258796e-01 3.083314934464100876e-01 3.163052914787117809e-01 3.227813464119181353e-01 3.277431177311903587e-01 3.311970292793622317e-01 3.331655661901856136e-01 3.336776937636736218e-01 3.327558690564039745e-01 3.303984875066364180e-01 3.265521269377753555e-01 3.210529220382083437e-01 2.928511745135787825e-01
1.094133529254003728e-02 -8.922463115092035130e-03 -2.810043193213176971e-02 -4.713881122249440753e-02 -6.614018668453433558e-02 -8.513299109252017716e-02 -1.041142328065545464e-01 -1.230731953309094906e-01 -1.420059282828648739e-01 -1.609217222377497813e-01 -1.798405682761971547e-01 -1.987816506074415457e-01 -2.177484819947645978e-01 -2.367154123083733408e-01 -2.556204547845131181e-01 -2.743660482210762974e-01 -2.928268079894335019e-01 -3.108612158872871567e-01 -3.283245409016724015e-01 -3.450803806127006879e-01 -3.610099200188022772e-01 -3.760177945055824256e-01 -3.900348726520270759e-01 -4.030169487961579589e-01 -4.149394711691719584e-01 -4.257889989947444831e-01 -4.355514383475699303e-01 -4.441984074889849254e-01 -4.516671178870127479e-01 -4.614688504502881816e-01
1.404232326296946110e-02 -6.679206667294454100e-03 -2.490361305983926007e-02 -4.197477215387500349e-02 -5.784377775533509902e-02 -7.244246446415429641e-02 -8.573204063022878130e-02 -9.774295017049429435e-02 -1.086125194729519461e-01 -1.186064206348863559e-01 -1.281126383490853726e-01 -1.376072698847422004e-01 -1.476032379404437489e-01 -1.585961323716319760e-01 -1.710195964612609976e-01 -1.852167726271185533e-01 -2.014282444045112919e-01 -2.197933193495914539e-01 -2.403596835987281133e-01 -2.630961396840826305e-01 -2.879050039214365864e-01 -3.146316423583175870e-01 -3.430725294258641367e-01 -3.729819208385122264e-01 -4.040786312012900061e-01 -4.360534736490067620e-01 -4.685739141834466825e-01 -5.012805022908117802e-01 -5.337617407792014657e-01 -6.021896529872725612e-01
1.731407265886565280e-02 3.376232682019147946e-02 4.374379835269678884e-02 5.159105288078298657e-02 5.733717835751531156e-02 6.090180604641581841e-02 6.221596026011873282e-02 6.125074570174198624e-02 5.803664503316528778e-02 5.267852235155510987e-02 4.536120757047690244e-02 3.634238446578255677e-02 2.593201313225797916e-02 1.446127353444603449e-02 2.247522609350552716e-03 -1.043640237647057260e-02 -2.338113165143339625e-02 -3.644520361166671274e-02 -4.954815938923111396e-02 -6.265949909093079806e-02 -7.578958177566759435e-02 -8.898596770031272363e-02 -1.023347409088168347e-01 -1.159633495649945861e-01 -1.300422102568666860e-01 -1.447855346783568087e-01 -1.604562203288255051e-01 -1.773901612851821463e-01 -1.960806711163893268e-01 -2.619172447123868097e-01
1.181916309315611709e-02 2.526243648686816654e-02 3.915825945110044254e-02 5.307736952299602073e-02 6.687453527860295899e-02 8.047158573240612012e-02 9.382769095816084759e-02 1.069252277829813857e-01 1.197619682070843738e-01 1.323486107660442057e-01 1.447092109194315357e-01 1.568822153338767511e-01 1.689190317200927605e-01 1.808775761819413075e-01 1.928117447951804841e-01 2.047598051860591295e-01 2.167359929859963286e-01 2.287285034718313237e-01 2.407031910118048179e-01 2.526109000663864235e-01 2.643945373573060031e-01 2.759935396041356404e-01 2.873451513497087828e-01 2.983822308684234703e-01 3.090292029216962222e-01 3.191954562353485070e-01 3.287644310295813055e-01 3.375720133925932398e-01 3.453557088214482818e-01 3.510018981579789976e-01
1.080026339571336577e-02 -6.486296958577350211e-03 -2.396816910600770012e-02 -4.159086233659872733e-02 -5.945007215193644917e-02 -7.759005848133157524e-02 -9.602834411548080706e-02 -1.147751772527813297e-01 -1.338454057117910434e-01 -1.532629966081655581e-01 -1.730574772319313226e-01 -1.932525782614874788e-01 -2.138523321289183821e-01 -2.348288874721542463e-01 -2.561164146894696625e-01 -2.776123264417156844e-01 -2.991847137373343513e-01 -3.206832933146148701e-01 -3.419515528931356130e-01 -3.628381787794230928e-01 -3.832069206372438197e-01 -4.029437354558962903e-01 -4.219612484625301363e-01 -4.401988502519307289e-01 -4.576183237838424844e-01 -4.741956602577952484e-01 -4.899094061745042361e-01 -5.047279693167072701e-01 -5.185946562797105752e-01 -5.451367487827430969e-01
9.875324711634995284e-03 -2.139936821022477703e-02 -5.167446897165558356e-02 -8.171474736696150709e-02 -1.115973089956652786e-01 -1.413089126415970898e-01 -1.707925700990672313e-01 -1.999687179334463105e-01 -2.287465008290283652e-01 -2.570285395814024265e-01 -2.847089863162514667e-01 -3.116651012485935901e-01 -3.377490227408815882e-01 -3.627837838310983276e-01 -3.865677129374562870e-01 -4.088865895200389788e-01 -4.295304792797036697e-01 -4.483103682764970621e-01 -4.650717684559788068e-01 -4.797032786713885111e-01 -4.921407718440858892e-01 -5.023673514808595364e-01 -5.104100334635497394e-01 -5.163328060613887605e-01 -5.202264019665392425e-01 -5.221954063291240900e-01 -5.223429525366318771e-01 -5.207546265915188322e-01 -5.174744338303041147e-01 -5.000113530603953471e-01
1.102763142262370294e-02 3.470403837153440696e-02 5.664923814543058878e-02 7.709398139300471797e-02 9.548244046622904324e-02 1.114225386405789386e-01 1.246129055849759804e-01 1.348189739370715401e-01 1.418745851808038694e-01 1.456881797625295683e-01 1.462417263276348800e-01 1.435828106996643871e-01 1.378173229157748647e-01 1.291091014923623215e-01 1.176874506608128201e-01 1.038561548767961418e-01 8.799561050360550640e-02 7.055266928724809872e-02 5.201819928767360823e-02 3.289580022856678637e-02 1.366761802935969120e-02 -5.236944278209594572e-03 -2.346505234080691407e-02 -4.075114868581367761e-02 -5.691174411587191645e-02 -7.182541721331461848e-02 -8.540159277658188053e-02 -9.754599523674201134e-02 -1.081309559514279095e-01 -1.246249144046747692e-01
1.188207449647322132e-02 2.652886335706206369e-02 4.367283859208829361e-02 6.129357746234406767e-02 7.912884216459677156e-02 9.706990048355543244e-02 1.150744111019037508e-01 1.331413596536489830e-01 1.513004655365590700e-01 1.696080790705053465e-01 1.881447706835373823e-01 2.070121462355319075e-01 2.263265561814910010e-01 2.462079141228462054e-01 2.667652005891116285e-01 2.880817155120478090e-01 3.102041669328013951e-01 3.331390641499039074e-01 3.568556894042775318e-01 3.812941222179700995e-01 4.063739758647461064e-01 4.320011490576925461e-01 4.580719109348755924e-01 4.844729665073408409e-01 5.110792857256840627e-01 5.377489513801942955e-01 5.643133195524622225e-01 5.905571216691938297e-01 6.161740414630472173e-01 6.656793948733349398e-01
1.231455409821569438e-02 2.154592669132432067e-02 3.112003173649603369e-02 4.061346048996945096e-02 4.985054997030337331e-02 5.873365761228262205e-02 6.720752213166546196e-02 7.524382564939915974e-02 8.283431289176698686e-02 8.998922534366726733e-02 9.673793599612150185e-02 1.031299837474570213e-01 1.092340479166123146e-01 1.151330584159841602e-01 1.209158845301043922e-01 1.266675072976917726e-01 1.324606507194219240e-01 1.383514037451230305e-01 1.443785470968586004e-01 1.505654715016116474e-01 1.569220801599450210e-01 1.634454260309297358e-01 1.701189754937136311e-01 1.769108802326167518e-01 1.837727998520281847e-01 1.906385998965879625e-01 1.974213693857995722e-01 2.040033542586304482e-01 2.102060067220883621e-01 2.177399995717282655e-01
9.919225551101785998e-03 -1.591800269393129491e-02 -4.321634275849521589e-02 -7.091973230966715225e-02 -9.900933099180239672e-02 -1.274738428590103390e-01 -1.562934755797115438e-01 -1.854506140860278374e-01 -2.149394288304029565e-01 -2.447694811901632017e-01 -2.749603262150431826e-01 -3.055273350818166200e-01 -3.364656910470708584e-01 -3.677377802569585796e-01 -3.992689029108096310e-01 -4.309514361787430969e-01 -4.626548022631291612e-01 -4.942374928260748757e-01 -5.255585196432367434e-01 -5.564871179465653572e-01 -5.869104098035989869e-01 -6.167385541136860549e-01 -6.459079683446807829e-01 -6.743806961408203016e-01 -7.021403251295368353e-01 -7.291851178822374990e-01 -7.555189819146715946e-01 -7.811443824063329933e-01 -8.060610026450898413e-01 -8.611492088103456233e-01
1.678611250835742447e-02 1.929006839199786522e-03 -1.098356290922507597e-02 -2.341670408275828633e-02 -3.550610235303811729e-02 -4.727622727461831820e-02 -5.870644376455892016e-02 -6.975453376047051346e-02 -8.036872674968309482e-02 -9.049288046638166716e-02 -1.000657400960992399e-01 -1.090147131935620961e-01 -1.172490497324883002e-01 -1.246560755097411571e-01 -1.311035357353651787e-01 -1.364479709191685486e-01 -1.405468990077037017e-01 -1.432708935840951159e-01 -1.445134996430096352e-01 -1.441970261436270329e-01 -1.422751276391219788e-01 -1.387323298180057896e-01 -1.335812280137267105e-01 -1.268577433248212205e-01 -1.186141259698942213e-01 -1.089102987731078165e-01 -9.780331206104872499e-02 -8.533494836742863687e-02 -7.150917404190743065e-02 -3.098952678633050059e-02
1.220599546071706419e-02 -1.271639520118077182e-02 -4.011306301094270943e-02 -6.883799553619343592e-02 -9.912024174269237764e-02 -1.311115589570154838e-01 -1.649036585206244410e-01 -2.005404230781905883e-01 -2.380159640136043642e-01 -2.772696058159767052e-01 -3.181828098622260792e-01 -3.605771668693450449e-01 -4.042140409324014305e-01 -4.487938518143202438e-01 -4.939576476055632104e-01 -5.392936957465941372e-01 -5.843515994118093637e-01 -6.286636366420152999e-01 -6.717707523238409806e-01 -7.132499829001260894e-01 -7.527394761714600868e-01 -7.899575394939610806e-01 -8.247138119363511821e-01 -8.569079073298458971e-01 -8.865150745486714001e-01 -9.135596910196981391e-01 -9.380789975529872926e-01 -9.600833318520078929e-01 -9.795113286570388267e-01 -1.009678394816248659e+00
1.087332410932697821e-02 -1.806496254523776504e-03 -1.233456371472777327e-02 -2.214030853675457572e-02 -3.130021516778683927e-02 -3.980092988722557651e-02 -4.759731102718442464e-02 -5.463814730707580031e-02 -6.088375682549791723e-02 -6.631491609953768518e-02 -7.093160602140358151e-02 -7.474273079259938224e-02 -7.775386416418970936e-02 -7.995924763332787344e-02 -8.134172462600364195e-02 -8.187957519034938514e-02 -8.155622175772814231e-02 -8.036790798679976922e-02 -7.832751696276499254e-02 -7.546368159505763284e-02 -7.181744778033770371e-02 -6.743782743041613903e-02 -6.237769431789998154e-02 -5.669105803718016423e-02 -5.043154368817708705e-02 -4.365266441071362358e-02 -3.640958571213520623e-02 -2.876330636856886877e-02 -2.078636555156789661e-02 -1.639236896183598330e-03
1.317654286448673162e-02 8.934178285643641637e-03 2.223746995205180821e-03 -5.395938091896926997e-03 -1.398958285486454067e-02 -2.362012930535275709e-02 -3.432127715881643643e-02 -4.609749740225076858e-02 -5.892181801288361165e-02 -7.273165541888265695e-02 -8.742534634128540372e-02 -1.028607851830979358e-01 -1.188590755028120782e-01 -1.352136817984892769e-01 -1.517044989501511176e-01 -1.681139001376559527e-01 -1.842410839171400028e-01 -1.999118397089008625e-01 -2.149836820124415293e-01 -2.293480548727077628e-01 -2.429318165353487324e-01 -2.556989333283840038e-01 -2.676522277716605336e-01 -2.788330281418149870e-01 -2.893174492816262822e-01 -2.992098982971745369e-01 -3.086361447034310368e-01 -3.177437265356478635e-01 -3.267244112210614393e-01 -3.519641384120523186e-01
1.497494825011756042e-02 5.432437141450836143e-02 9.850285512007286859e-02 1.432553699444529816e-01 1.879826038219579443e-01 2.323914882745985733e-01 2.763083219394085188e-01 3.196328811015809457e-01 3.623239198353052637e-01 4.043935863564139810e-01 4.458996510445981110e-01 4.869328909813745998e-01 5.276028427426511236e-01 5.680235588756684662e-01 6.083029225759428726e-01 6.485355895859901132e-01 6.887991565661937265e-01 7.291535994545222943e-01 7.696422923940908767e-01 8.102942804796297027e-01 8.511252932288724260e-01 8.921361769816973375e-01 9.333097383655644119e-01 9.746047771416931349e-01 1.015950299243573163e+00 1.057238826313115165e+00 1.098315787699733370e+00 1.138957584442746196e+00 1.178817143054898819e+00 1.258552903143812962e+00
1.052462160961851328e-02 -1.734764957748513928e-03 -1.215844511143110776e-02 -2.201963702418583205e-02 -3.141515711174745762e-02 -4.034713980234452130e-02 -4.877903582894117102e-02 -5.665915390076143449e-02 -6.393524824087232217e-02 -7.056143553323554474e-02 -7.649723492861934537e-02 -8.169995057987258780e-02 -8.611666251001512395e-02 -8.968081265360083876e-02 -9.231619222818703008e-02 -9.394685037948902195e-02 -9.450891045512463395e-02 -9.395954697934444377e-02 -9.228154671078833693e-02 -8.948285391448622395e-02 -8.559349811114698448e-02 -8.066126866900416581e-02 -7.474739121821941112e-02 -6.792300115199348398e-02 -6.026606794168742898e-02 -5.185937115953991039e-02 -4.278960456134477119e-02 -3.314922568190823565e-02 -2.304074238388759827e-02 1.486386765226884593e-03
1.132789883920189318e-02 8.039977929639828894e-03 8.210848455698603610e-03 9.191386932823175648e-03 1.072108178045616533e-02 1.271875496556269108e-02 1.517170308190146297e-02 1.810260314563340300e-02 2.155427577224364524e-02 2.558270644791317897e-02 3.025497575562234934e-02 3.565089347182992530e-02 4.186472342508809619e-02 4.900410074713013736e-02 5.718460772871208214e-02 6.652053113428818554e-02 7.711400269416793241e-02 8.904605316863099806e-02 1.023706947966189496e-01 1.171133722342565520e-01 1.332718750851862033e-01 1.508188411300391274e-01 1.697052097539971938e-01 1.898634141657632723e-01 2.112111939763195723e-01 2.336553120964898200e-01 2.570948376409368241e-01 2.814228343312025760e-01 3.065290682129157562e-01 3.679062420760416119e-01
9.918799006299924836e-03 -4.585524967537718891e-03 -1.779518165950133221e-02 -2.977097757156056679e-02 -4.019119882533805921e-02 -4.881606578130587987e-02 -5.545042917166503882e-02 -5.995209470300220944e-02 -6.225505764688105820e-02 -6.238383661933429025e-02 -6.044750523887147675e-02 -5.661644463922966414e-02 -5.109683374688814284e-02 -4.411695002738995341e-02 -3.593000753910532280e-02 -2.682675295933065543e-02 -1.714522542251884635e-02 -7.267728258070153130e-03 2.396243580498872219e-03 1.143735070960263077e-02 1.947578016269113990e-02 2.618616323604917862e-02 3.131320362312809552e-02 3.467422822248768244e-02 3.614785600977860752e-02 3.564845806049953686e-02 3.308779983106586303e-02 2.832198761594564157e-02 2.106722425117861855e-02 -1.647437068397391777e-02
1.181165496523197030e-02 2.926158292506720812e-02 4.652753686476724521e-02 6.341116969495803890e-02 7.964585242581284641e-02 9.504953359977669214e-02 1.094822123164413408e-01 1.228257291380733390e-01 1.349751811681905722e-01 1.458369899644792189e-01 1.553298737902770732e-01 1.633876736425611265e-01 1.699639224294075823e-01 1.750370317032279022e-01 1.786153775611031835e-01 1.807404984137987447e-01 1.814874022600020398e-01 1.809617761007539238e-01 1.792941826543146266e-01 1.766318950442266611e-01 1.731289349476322625e-01 1.689355250215186788e-01 1.641881463119453932e-01 1.590021007632016481e-01 1.534683284519896829e-01 1.476536339992141900e-01 1.416026310429642221e-01 1.353358954471935161e-01 1.288315437656440965e-01 1.091566782954981468e-01
1.247554852137528272e-02 5.102531636898928122e-03 -3.253237977532633801e-03 -1.193777481376530857e-02 -2.098458808634694889e-02 -3.040684966990368776e-02 -4.019107874635784172e-02 -5.030349437236340121e-02 -6.069391132073424788e-02 -7.129581885611699366e-02 -8.202351701017540631e-02 -9.276786752153193261e-02 -1.033955441229030270e-01 -1.137545069744525378e-01 -1.236862070055789464e-01 -1.330412705590945932e-01 -1.416938111100821407e-01 -1.495501774533048722e-01 -1.565516777043592656e-01 -1.626727261552785575e-01 -1.679175176250501944e-01 -1.723169631920563605e-01 -1.759265823495446690e-01 -1.788245886420105901e-01 -1.811092349554538350e-01 -1.828959380655409694e-01 -1.843156382002491545e-01 -1.855200493567405462e-01 -1.867044872134889233e-01 -1.937646052159024967e-01
1.137115547278735872e-02 -3.007564125055218335e-02 -7.441257486997893134e-02 -1.196037503961257104e-01 -1.655325956071176385e-01 -2.121308807688538911e-01 -2.593277774081853004e-01 -3.070513994980662575e-01 -3.552334223792948387e-01 -4.038097245154236847e-01 -4.527130938710529628e-01 -5.018583916906558251e-01 -5.511289926579679976e-01 -6.003697074145949442e-01 -6.493910322383051881e-01 -6.979826550845698030e-01 -7.459312208452486548e-01 -7.930369749824357495e-01 -8.391263505721440197e-01 -8.840604987776401469e-01 -9.277405018156914540e-01 -9.701097752093700288e-01 -1.011154764821304397e+00 -1.050901337510409261e+00 -1.089407740198851560e+00 -1.126754615997182185e+00 -1.163033368319146721e+00 -1.198339421154886342e+00 -1.232778486413263375e+00 -1.310860396613591661e+00
1.680843270237707826e-02 2.220769883315709334e-02 1.750456613147591267e-02 8.279244042222319230e-03 -5.904285572753378147e-03 -2.545654585428970551e-02 -5.067663247393713877e-02 -8.172163298613260851e-02 -1.185610499737805579e-01 -1.609425738789132532e-01 -2.083896363057457790e-01 -2.602310885460109025e-01 -3.156512867648884613e-01 -3.737426258042478855e-01 -4.335507023340337551e-01 -4.941098497631649655e-01 -5.544727647312628349e-01 -6.137385578621636917e-01 -6.710815329266199836e-01 -7.257830576905268671e-01 -7.772638802047122653e-01 -8.251132988422038572e-01 -8.691094841969837503e-01 -9.092206670354379128e-01 -9.455834047404159115e-01 -9.784589180068170577e-01 -1.008176703656725071e+00 -1.035087586299602513e+00 -1.059559434252012045e+00 -1.112493168775474217e+00
1.416716940662493540e-02 6.218086930928926059e-02 1.125412532384658382e-01 1.625655333945363878e-01 2.115592057055797337e-01 2.590981003007975514e-01 3.048693404053386957e-01 3.486283839247412697e-01 3.901887659852293355e-01 4.294204346444535636e-01 4.662440337888573705e-01 5.006200100087383476e-01 5.325400847204877497e-01 5.620253832151806961e-01 5.891335654237872532e-01 6.139696146510944530e-01 6.366933824561141764e-01 6.575191581343894365e-01 6.767059419399865661e-01 6.945406724699032530e-01 7.113174114446765284e-01 7.273157814287125600e-01 7.427822137901129995e-01 7.579163096556744694e-01 7.728657306252747494e-01 7.877283393169276504e-01 8.025583193979876073e-01 8.173689170909044233e-01 8.321148928126156363e-01 8.616409870189667419e-01
9.358673420490201331e-03 -1.488631882091907138e-03 -1.180672131709836932e-02 -2.146517125781403218e-02 -3.031589719044684716e-02 -3.825390193800674160e-02 -4.520291135710527430e-02 -5.113205425549809807e-02 -5.607912313563324924e-02 -6.016370108481873535e-02 -6.358142551359557970e-02 -6.658090242891979982e-02 -6.943420571233796523e-02 -7.241239174496053033e-02 -7.577225360844079549e-02 -7.975311580966626401e-02 -8.457766391759946600e-02 -9.045113146708280705e-02 -9.755681516133019038e-02 -1.060484307992366898e-01 -1.160421264811042491e-01 -1.276102566146624651e-01 -1.407793623990850618e-01 -1.555333358028990476e-01 -1.718223018332694640e-01 -1.895777543100968798e-01 -2.087329148798348355e-01 -2.292499158260423719e-01 -2.511639555723119699e-01 -3.128322118970605636e-01
