1.126490827946127760e-01 1.471225843969166391e-01 1.833136082743594686e-01 2.201966135685176906e-01 2.575862389596507152e-01 2.966988217093178837e-01 3.354494588592463189e-01 3.744844774125695164e-01 4.127865359041741344e-01 4.512225505632326827e-01 4.879352010493812064e-01 5.233537317918021126e-01 5.566085104214432144e-01 5.875190982145974683e-01 6.142023288824679517e-01 6.379756791758046663e-01 6.569941077649796846e-01 6.720445067257748706e-01 6.824968367123170898e-01 6.887661768005880480e-01 6.908301611111090645e-01 6.889808325624243723e-01 6.834343981302921645e-01 6.745878342250006821e-01 6.630849362916612089e-01 6.490430305676048173e-01 6.333249958672093616e-01 6.160713591960921276e-01 5.982431899129616593e-01 5.551667988770967455e-01
8.111947111048820047e-02 1.160076712046709396e-01 1.474026194418571467e-01 1.775940125045997187e-01 2.063096129054778904e-01 2.344070594016399722e-01 2.603655347317719304e-01 2.845729253935689318e-01 3.065821617732940596e-01 3.268583236395117830e-01 3.448543648806138284e-01 3.607074369849234130e-01 3.740975306853032145e-01 3.854440122756688791e-01 3.938827415411636501e-01 4.000758638120544552e-01 4.037515779974963914e-01 4.051994866141481189e-01 4.043768821666351987e-01 4.014945058806476119e-01 3.969034223905952841e-01 3.906809712341218765e-01 3.830767443252117710e-01 3.741802503710814909e-01 3.643677787780134070e-01 3.536597990021340121e-01 3.423164381551248026e-01 3.303369937421218872e-01 3.180482853220903960e-01 2.838323753343562350e-01
-3.711389653883987588e-03 -2.257665675250004195e-02 -3.620670296365598173e-02 -4.778711498638617966e-02 -5.735469229181051898e-02 -6.513556095297792781e-02 -7.103179274512910757e-02 -7.480395876275636180e-02 -7.664588932990359926e-02 -7.630300483682900259e-02 -7.449066179690067013e-02 -7.076663775595309902e-02 -6.543919055117372596e-02 -5.867985641511302281e-02 -5.064698597479025399e-02 -4.120970386614397629e-02 -3.112689194898510259e-02 -1.982913421637565177e-02 -7.734605242884181817e-03 5.247974679128289931e-03 1.867285493067788460e-02 3.265609699000346366e-02 4.727450829813259481e-02 6.232442958728941218e-02 7.778555117030423738e-02 9.371012086695754140e-02 1.098990195217761784e-01 1.268450375307991207e-01 1.443381426316467653e-01 1.941898422076699660e-01
2.050559337545314331e-02 2.404939232569646562e-02 2.681248890912422966e-02 2.952746931570307889e-02 3.208609558347626234e-02 3.459312288881150055e-02 3.675188610636113962e-02 3.877127972311614212e-02 4.060405338408534098e-02 4.247004814505533216e-02 4.421906630270520250e-02 4.610839607495106213e-02 4.806076495086179790e-02 5.040223954476393681e-02 5.304960150635983085e-02 5.619896606671119510e-02 5.977000685898466170e-02 6.410858426470351923e-02 6.907755854183178501e-02 7.478406796466349760e-02 8.113096536353490984e-02 8.812255361101842266e-02 9.585126269008659161e-02 1.040912895981344344e-01 1.128283341119079297e-01 1.220231829128334694e-01 1.313445109890543638e-01 1.410686888755637303e-01 1.507819785012325109e-01 1.724387694876032273e-01
3.262749538365616181e-02 4.829400971433134293e-02 5.876940879546146967e-02 6.813174825147996772e-02 7.653843902303783531e-02 8.439544449466562792e-02 9.118070033960321008e-02 9.716736676268925010e-02 1.021834863105986480e-01 1.064122313169679201e-01 1.097503830844893113e-01 1.122950491401382700e-01 1.138533203424473839e-01 1.146965471185536212e-01 1.146273685883224813e-01 1.137158400447607354e-01 1.119979443378744666e-01 1.094456850421133554e-01 1.059992310181285813e-01 1.015318608163647968e-01 9.615706803381268708e-02 8.985271127326777130e-02 8.235343869826632079e-02 7.374435773861630350e-02 6.392588137076729571e-02 5.281204249892708369e-02 4.052755203805524092e-02 2.668224400761381315e-02 1.114067582435136761e-02 -4.128963189493675690e-02
1.199504301948090546e-01 1.514741834693917877e-01 1.888428092660910940e-01 2.283618257799393814e-01 2.698327781099183476e-01 3.145140857121509481e-01 3.605880796583366688e-01 4.088457578550033777e-01 4.585831989531981567e-01 5.113760639089877102e-01 5.648602697163045416e-01 6.204605262514426567e-01 6.776766943337846349e-01 7.368748174681556407e-01 7.953182803207679008e-01 8.564803013176948143e-01 9.160094335119962627e-01 9.766305721535286644e-01 1.036124391914496679e+00 1.095923972334876151e+00 1.154114733392932468e+00 1.210870478472503509e+00 1.265909509443499115e+00 1.319099012302532126e+00 1.370514915414493551e+00 1.419594202244886416e+00 1.465672522613842954e+00 1.510128819082911855e+00 1.551185578732862558e+00 1.626211834143468593e+00
1.052893226099127083e-01 1.481346118712468796e-01 1.886460855334761988e-01 2.283636929407735217e-01 2.669866496165915204e-01 3.056577560770150637e-01 3.425306574455031505e-01 3.781369101196194737e-01 4.119570210293101997e-01 4.448327520339425134e-01 4.757624267382771777e-01 5.052477951629051889e-01 5.329591161656574982e-01 5.594745740149256186e-01 5.832728939059623752e-01 6.060005147744013110e-01 6.262491972064130330e-01 6.450505609735012191e-01 6.617447522730086629e-01 6.769684684459061907e-01 6.904692998280166361e-01 7.023252209918952049e-01 7.126654382377914931e-01 7.214979529568628092e-01 7.291466738879127663e-01 7.354256227281896763e-01 7.402728924217747419e-01 7.441040815559515353e-01 7.465429395889437991e-01 7.397298499782458681e-01
1.196919388714347103e-02 1.402003904038187990e-02 1.706758354594260785e-02 2.021521596782848221e-02 2.306854407982596167e-02 2.558380852726232016e-02 2.747400975207265131e-02 2.888221660940937241e-02 2.990625017038351513e-02 3.076135476892645493e-02 3.148223615721414126e-02 3.236825468211988049e-02 3.350222454821054352e-02 3.545671482337875435e-02 3.823530061388787094e-02 4.217328549364809942e-02 4.734131277733025223e-02 5.428766495109178802e-02 6.294208575276247219e-02 7.358261549579725447e-02 8.609761745641522634e-02 1.004732978718530095e-01 1.170817528006422026e-01 1.354593756543846506e-01 1.556566399599262629e-01 1.776219271022112800e-01 2.006395735148336634e-01 2.253744165087530060e-01 2.511441551745272061e-01 3.179247897102409626e-01
1.880187121055364868e-02 1.350268345251547965e-02 1.128709662891326342e-02 1.034811027532616702e-02 1.058352894868671776e-02 1.203165975724974912e-02 1.450258955081767595e-02 1.827838268196679133e-02 2.324998881927679145e-02 2.984981895929522677e-02 3.744969225684224856e-02 4.661435924869703623e-02 5.719012690847651015e-02 6.936914111408881700e-02 8.273979200706325920e-02 9.799326571916333606e-02 1.141253655016284119e-01 1.320315750123182696e-01 1.510968695462241440e-01 1.716751575248027240e-01 1.931287376106539111e-01 2.155104348631797229e-01 2.388668429650227520e-01 2.628823275394125969e-01 2.874938440018049435e-01 3.125926758425874308e-01 3.376353713714733140e-01 3.633176445720113779e-01 3.888475255203006076e-01 4.499075697521496275e-01
2.957272151171408750e-02 3.950790289052393683e-02 4.645503369758074985e-02 5.293009845743250341e-02 5.902246639140856094e-02 6.504174750147104223e-02 7.055263652753406001e-02 7.582984145034143975e-02 8.071330211346941508e-02 8.545036786248519367e-02 8.979141753615201005e-02 9.395257277573267063e-02 9.774704895636195101e-02 1.014120649900397547e-01 1.047032853869602348e-01 1.078327124418562710e-01 1.105820873953499150e-01 1.131554928508398811e-01 1.153594476439488842e-01 1.171921557826023641e-01 1.185827953990860606e-01 1.195331721089702981e-01 1.198801529761950313e-01 1.196001734897759877e-01 1.186184174228584187e-01 1.168577625255332597e-01 1.142741788007687054e-01 1.107774630562822354e-01 1.060904401516976764e-01 8.447040085773317719e-02
5.654883792546292615e-02 9.310790788051792610e-02 1.244398528205413468e-01 1.534327238594018761e-01 1.794221063525308080e-01 2.029167193097063393e-01 2.228902813033744046e-01 2.395153037444760769e-01 2.531167907433874986e-01 2.641180449158841981e-01 2.731094122668600299e-01 2.804203306313342026e-01 2.865176201637461562e-01 2.928950441481113498e-01 2.992346899104238456e-01 3.067342277157991126e-01 3.156327826825768845e-01 3.268049130451759487e-01 3.401409520199075165e-01 3.563120679373634747e-01 3.752259370631773061e-01 3.967062746183164790e-01 4.211489296880474020e-01 4.479048475886278080e-01 4.769866849313110224e-01 5.080452453470598595e-01 5.397679341134344888e-01 5.729813256010727329e-01 6.060448686255144324e-01 6.739772196511157887e-01
-4.709158517654993270e-02 -8.417902243951883023e-02 -1.189466136839641142e-01 -1.516004270506484952e-01 -1.815026895546603125e-01 -2.092322743633018844e-01 -2.335463911916881574e-01 -2.542551252657194727e-01 -2.712237217271856737e-01 -2.843347788176339708e-01 -2.939653142188489165e-01 -2.995159263736507649e-01 -3.011462441823496428e-01 -2.991145881927091410e-01 -2.931315551598814850e-01 -2.832319145268520355e-01 -2.705014235062385142e-01 -2.543814539077790537e-01 -2.357382563044456980e-01 -2.147004683005307168e-01 -1.924299321078496716e-01 -1.689489056488082952e-01 -1.450902780398681813e-01 -1.210334677505219558e-01 -9.754387272150888410e-02 -7.486150348856666914e-02 -5.353850229116782072e-02 -3.346682604279268419e-02 -1.599550552063098291e-02 9.580276710313299915e-03
6.229649239936393967e-02 7.840428562261407552e-02 9.535020635579767589e-02 1.131410909831425948e-01 1.318676725008932626e-01 1.522554921362568869e-01 1.731780292078490546e-01 1.951550098698348612e-01 2.175140014631234409e-01 2.408911098671030482e-01 2.639343995936003773e-01 2.871080263891270246e-01 3.097771427132304800e-01 3.317777085727117714e-01 3.518758120117208010e-01 3.710024266950753269e-01 3.875670817089452713e-01 4.022378473792169729e-01 4.143302065438624338e-01 4.240538485502883814e-01 4.310667088619211662e-01 4.355306154120166529e-01 4.372701906858558751e-01 4.365271348983374433e-01 4.334841159856095971e-01 4.280962343241629386e-01 4.208466307481272817e-01 4.117260379250872182e-01 4.009792858109618718e-01 3.664797919346592936e-01
1.289874434434187464e-02 -3.080535731002363373e-03 -1.395043461213959016e-02 -2.234625965676258208e-02 -2.802703398124842607e-02 -3.095734681088106038e-02 -3.115266456144104648e-02 -2.821623344891979746e-02 -2.251610038789495297e-02 -1.354215406085429452e-02 -2.535749447421697250e-03 1.118940278226427873e-02 2.714867591168360419e-02 4.500059846677816056e-02 6.406233097204727667e-02 8.500712007203230225e-02 1.060542683341760967e-01 1.281251600820362824e-01 1.502721805706059566e-01 1.727076296455006543e-01 1.945034688086540453e-01 2.158041871186981431e-01 2.363023394297804058e-01 2.559559267400453586e-01 2.746091997565321963e-01 2.921784803800981378e-01 3.085859427544232481e-01 3.242613662390609885e-01 3.387380233297417331e-01 3.701642969107233339e-01
-6.517268155736671495e-03 -2.385842615298426270e-02 -3.762547791546454190e-02 -5.000453593752755832e-02 -6.108741104306857073e-02 -7.117308317700633824e-02 -8.008467231478955117e-02 -8.766556247220214093e-02 -9.397914770417101216e-02 -9.891705967569286440e-02 -1.028127558639134187e-01 -1.053753634002194683e-01 -1.067849399229947316e-01 -1.070714934399961127e-01 -1.060719540838040709e-01 -1.039664759722648546e-01 -1.008863820284651019e-01 -9.651238286583994908e-02 -9.098016972777064892e-02 -8.429050156729567256e-02 -7.662748479160255699e-02 -6.791507481962764936e-02 -5.797363622434835440e-02 -4.706285768657524071e-02 -3.519344696477562373e-02 -2.227281459347594042e-02 -8.565497323998524232e-03 6.352035664947601121e-03 2.232386506760559997e-02 7.052689947079170130e-02
6.904567796074896624e-02 9.095593174354028865e-02 1.125129705992194140e-01 1.342542190801509494e-01 1.560797420018517623e-01 1.787002443023814058e-01 2.010576372966935144e-01 2.236125827388806830e-01 2.460376685955197318e-01 2.690812114855374304e-01 2.918136998074695176e-01 3.148800554386007589e-01 3.380358444335433976e-01 3.616982033186509904e-01 3.847141041482702861e-01 4.085380888405139577e-01 4.315871030191636981e-01 4.550060234689558003e-01 4.779313235403562232e-01 5.009440002591671881e-01 5.233712335427941342e-01 5.452609516934368017e-01 5.665329526862709075e-01 5.870493980701505521e-01 6.068510427994560086e-01 6.256928938781375349e-01 6.432046951186776163e-01 6.599502141358009055e-01 6.750667915347055015e-01 6.983431174528801355e-01
-2.248030844971921072e-02 -4.490370115268292606e-02 -6.594909590528287568e-02 -8.650595209811098862e-02 -1.066878783278187581e-01 -1.270756134495700240e-01 -1.472391905018811675e-01 -1.672177759015249787e-01 -1.869882019195712175e-01 -2.069262894102556205e-01 -2.267286913276826410e-01 -2.466230026526047836e-01 -2.667570856189052653e-01 -2.873017032264199577e-01 -3.072506984132298280e-01 -3.280637663958291261e-01 -3.482469857579485462e-01 -3.684788965175680442e-01 -3.880262899494584250e-01 -4.074156208957139258e-01 -4.259135102365344538e-01 -4.434414739362538826e-01 -4.595905694410524767e-01 -4.744875572870318470e-01 -4.880041462191330726e-01 -4.997607373740432513e-01 -5.095502503964427499e-01 -5.175052630391416830e-01 -5.227627234682119539e-01 -5.142147203713060000e-01
3.342028149249144653e-02 4.763221294485966290e-02 5.839863124411980716e-02 6.820099660017245324e-02 7.693105757871113171e-02 8.488874070668453453e-02 9.146643680136681831e-02 9.687570509529103147e-02 1.009795225039028105e-01 1.039142769380488884e-01 1.056650147389965599e-01 1.062678261365542220e-01 1.055893222719094526e-01 1.039720241226466946e-01 1.013495629960958627e-01 9.766585165546103064e-02 9.331440349176907401e-02 8.825502721807657047e-02 8.265516460337278548e-02 7.645191825672317809e-02 6.998059742385144555e-02 6.324791534699486517e-02 5.637197205837441577e-02 4.930105387407103523e-02 4.213510572135497484e-02 3.490758660433749411e-02 2.764217625268966527e-02 2.023206182983037366e-02 1.276077415541184042e-02 -8.328074946066871959e-03
-3.397568479246108886e-02 -4.992137871313817588e-02 -6.811455163428913051e-02 -8.668280261789976238e-02 -1.055020504980576923e-01 -1.250495532232711038e-01 -1.449083528583627323e-01 -1.651086129440833550e-01 -1.856809134080022461e-01 -2.071393312081245275e-01 -2.289894339155490455e-01 -2.516586564463211273e-01 -2.753666253167340039e-01 -3.003352410489878443e-01 -3.255064864352204546e-01 -3.526066946623252485e-01 -3.798893994537357321e-01 -4.084751387414192747e-01 -4.374684086598952804e-01 -4.677129536479061600e-01 -4.982441621610361748e-01 -5.290328978288634243e-01 -5.600372480076354353e-01 -5.911180231652989336e-01 -6.222951510198075908e-01 -6.532525243780187285e-01 -6.833938097370534370e-01 -7.135810488245029060e-01 -7.427263166988958831e-01 -8.051671642089113234e-01
1.095653983988827407e-01 1.524999476826481570e-01 1.925647722698279884e-01 2.318545733890819971e-01 2.702663054695746969e-01 3.090664395407311527e-01 3.461078617249652156e-01 3.819636767897567342e-01 4.156384311993637781e-01 4.476976095395409638e-01 4.768165970258649855e-01 5.030179839807429332e-01 5.254446726741517359e-01 5.439666102778557555e-01 5.570792158373079062e-01 5.654144059129124766e-01 5.681646649302724006e-01 5.653557895733437588e-01 5.569190186821608712e-01 5.428503533966249073e-01 5.237889274911560200e-01 4.999723124405475172e-01 4.715138936917862011e-01 4.390408425130848946e-01 4.031846766173059482e-01 3.641289328005309356e-01 3.231801648310835828e-01 2.797344330327403705e-01 2.353250041973002915e-01 1.234711870388932320e-01
1.396664906259519889e-01 1.768321088311260725e-01 2.214691093356027096e-01 2.683940899067714381e-01 3.171509576581769685e-01 3.691296242827185048e-01 4.220410933803976361e-01 4.766980290336242376e-01 5.322062104120920401e-01 5.901705007542822345e-01 6.480131147788862345e-01 7.070573836816027580e-01 7.666734483667503319e-01 8.271553665351010221e-01 8.855915521413680880e-01 9.454001606070345787e-01 1.002402093375493575e+00 1.059245872783871834e+00 1.113942793245464191e+00 1.167962446742512039e+00 1.219760551712181007e+00 1.269594193562373130e+00 1.317587360985290612e+00 1.363650544570879308e+00 1.408214554767333926e+00 1.450895266749586465e+00 1.491313613679412065e+00 1.530952532180047232e+00 1.568730900596854383e+00 1.648504568947252169e+00
1.805505887246052973e-02 2.805016784852178841e-02 3.473368860069971781e-02 3.995891374317973865e-02 4.331937537269255761e-02 4.479999233816248788e-02 4.395771671862303692e-02 4.081141972500505061e-02 3.542614806137352190e-02 2.763090479565016855e-02 1.801114789569331284e-02 6.308845027620798435e-03 -7.412078809164675264e-03 -2.265197069963331006e-02 -3.882846539285202125e-02 -5.669234353203145976e-02 -7.462075579262636427e-02 -9.309900469304120685e-02 -1.113200262680926061e-01 -1.295087774923362467e-01 -1.467390884046917421e-01 -1.630250601620295559e-01 -1.777981576488252835e-01 -1.912747106256074137e-01 -2.031877365019212067e-01 -2.133235593697004884e-01 -2.217506934499849092e-01 -2.285207879364393735e-01 -2.331607126150241349e-01 -2.331347239595745469e-01
2.164678777387187281e-01 2.870637869472655868e-01 3.660492509959678564e-01 4.468664910295147563e-01 5.285920588835807399e-01 6.134420282638354260e-01 6.978032237073832356e-01 7.827003545208272017e-01 8.670428035485571172e-01 9.530513739112299598e-01 1.037561644066972599e+00 1.122234163946314700e+00 1.206429568256488061e+00 1.290966964422873398e+00 1.371633903478107319e+00 1.453547442424137470e+00 1.531166728322913118e+00 1.608186124625805791e+00 1.681921996972238986e+00 1.754650401085974032e+00 1.824389301462628010e+00 1.891480051141438246e+00 1.956109730199374619e+00 2.018242938929543318e+00 2.078507461954425928e+00 2.136274609325623075e+00 2.190830131800106439e+00 2.244218495483071063e+00 2.294600425235875818e+00 2.391629225706613848e+00
1.349263729110574961e-01 1.807856256827998220e-01 2.294585350061594253e-01 2.787057267166113128e-01 3.279764202701558329e-01 3.786136975968774632e-01 4.284255552796547573e-01 4.780917880983580615e-01 5.270514846588094660e-01 5.766986388701420552e-01 6.253155901078778500e-01 6.740047620717842802e-01 7.224758125328557545e-01 7.715283744335454941e-01 8.187655296265190508e-01 8.672955883329767079e-01 9.140144272695216454e-01 9.612422524780686039e-01 1.007405001474925177e+00 1.053897045203726623e+00 1.099512026763239891e+00 1.144375055358510140e+00 1.188688616912335849e+00 1.232191955834442965e+00 1.275216609249812283e+00 1.317335166157730386e+00 1.357792499389711249e+00 1.398000314793749421e+00 1.436498494504517609e+00 1.514278100770363844e+00
-1.166494232256439292e-02 -2.308927960178249611e-02 -3.527979266532273173e-02 -4.734873648097837062e-02 -5.924447329724814165e-02 -7.123563100381596902e-02 -8.309680642761546610e-02 -9.474111242770891228e-02 -1.061774683744442782e-01 -1.175450908736471317e-01 -1.287151824203754125e-01 -1.397098780818857855e-01 -1.506713871414795403e-01 -1.616002877640375091e-01 -1.719627209654112643e-01 -1.825253391052179264e-01 -1.925690125502430017e-01 -2.024030956680488158e-01 -2.117370225392347649e-01 -2.209166043778682531e-01 -2.296466077744744316e-01 -2.379065100852437165e-01 -2.456567474949683805e-01 -2.529859780380345202e-01 -2.599605506725931603e-01 -2.664461227668465382e-01 -2.723962676689697937e-01 -2.779980642503409594e-01 -2.830352982039051057e-01 -2.910577630300233420e-01
9.031367941258913734e-02 1.242506485408159944e-01 1.557766763002992050e-01 1.869676313841608373e-01 2.178326900365671337e-01 2.494228197018657778e-01 2.802269678461045133e-01 3.108054306136246447e-01 3.405799890274787134e-01 3.703447536930907225e-01 3.989425466826601041e-01 4.269024386597773946e-01 4.537663527748906356e-01 4.798139637100607979e-01 5.035756481225004411e-01 5.265082855018414776e-01 5.469443491736847296e-01 5.657952757365376506e-01 5.822546293860396682e-01 5.967703794659264815e-01 6.089159709547429244e-01 6.187768831275770598e-01 6.261403274723229551e-01 6.311680507839984022e-01 6.340031936841815652e-01 6.344344812982743997e-01 6.326338001322995286e-01 6.287074898272573265e-01 6.223432571818245940e-01 5.887299459596978535e-01
-3.529965174407730111e-02 -5.652045218915056901e-02 -7.834220362182861552e-02 -1.000410648810119152e-01 -1.215518408515620929e-01 -1.434474918956108458e-01 -1.651512046885998675e-01 -1.866957757610844537e-01 -2.080080513263587449e-01 -2.295046091067289851e-01 -2.507437135093926184e-01 -2.719673584258893717e-01 -2.932973573964845482e-01 -3.148664100651187292e-01 -3.356364585299581593e-01 -3.570625214276549886e-01 -3.777018725412499833e-01 -3.983176500833729983e-01 -4.182418806287621083e-01 -4.381075909083496644e-01 -4.572786535738142533e-01 -4.757347990471223476e-01 -4.933723959820458527e-01 -5.102479177267982280e-01 -5.264343132788421586e-01 -5.416711694999793991e-01 -5.557463807904106101e-01 -5.690936285786362125e-01 -5.810980718014955304e-01 -5.998620852868600251e-01
-5.449215158612684060e-03 -2.339507089556182307e-02 -4.114250266153664237e-02 -5.804025755494943151e-02 -7.369642810951232414e-02 -8.828793104347013032e-02 -1.017030269810129672e-01 -1.137503712511601095e-01 -1.249208878315971605e-01 -1.355032893620156109e-01 -1.459639437497946002e-01 -1.565788908769247811e-01 -1.680724174116872971e-01 -1.812538545005584756e-01 -1.957476079660059876e-01 -2.130416359842180751e-01 -2.324653580254861795e-01 -2.550038168149038054e-01 -2.801632766729101887e-01 -3.088179458816666667e-01 -3.402236020360360769e-01 -3.741778311437635729e-01 -4.108761279640074648e-01 -4.497852035212525634e-01 -4.908157552627409048e-01 -5.335600445342856268e-01 -5.766920563297349700e-01 -6.212726022977828055e-01 -6.654963288939856891e-01 -7.624699901147342640e-01
3.303162734081226126e-02 5.948738070903826503e-02 7.479733992331419334e-02 8.704467543694011100e-02 9.642162031029798130e-02 1.033615607947086790e-01 1.074397524743501975e-01 1.088092994782291628e-01 1.075822397707143635e-01 1.037103646864658696e-01 9.793213812324985668e-02 9.007544962423373602e-02 8.024924284141009279e-02 6.913402283063220521e-02 5.704037233088410375e-02 4.365949952499608572e-02 3.006698473858114215e-02 1.577433748843971167e-02 1.118167158933760022e-03 -1.421538466437252332e-02 -2.974344810678577686e-02 -4.563378882120969204e-02 -6.228270972058244648e-02 -7.962978353307828550e-02 -9.794778937500187022e-02 -1.174149812228170719e-01 -1.380591212681963331e-01 -1.606700498911898256e-01 -1.856515496073014859e-01 -2.709051109549344138e-01
7.041348562730798122e-02 9.548937864737200298e-02 1.192711311697513266e-01 1.429137283978723638e-01 1.663120450007440354e-01 1.902194264418247682e-01 2.135118043978391777e-01 2.366433089577426041e-01 2.592877343537077772e-01 2.821611149322299505e-01 3.044227877897517365e-01 3.266550828021416164e-01 3.486236099325913940e-01 3.707869233546156607e-01 3.920213685767467982e-01 4.137169790954986492e-01 4.344537845716097690e-01 4.552708678215329208e-01 4.753943091407590305e-01 4.953600360872592034e-01 5.146077757165934408e-01 5.331733825306577135e-01 5.509747705427131548e-01 5.679032742266656442e-01 5.840113236655329887e-01 5.990579309199790536e-01 6.127278819753174677e-01 6.254795642955599533e-01 6.365226940459377536e-01 6.488178001762456848e-01
-3.446914338312284665e-02 -5.236306293140668283e-02 -7.231046884534102215e-02 -9.257852236814737013e-02 -1.130628369813288792e-01 -1.342931739196758789e-01 -1.557373935970225720e-01 -1.774426082827587070e-01 -1.993435338085994268e-01 -2.219260659096142507e-01 -2.446278220727027830e-01 -2.677998109968399709e-01 -2.915693889596641108e-01 -3.160646655865562149e-01 -3.401721044066039479e-01 -3.655137205154515567e-01 -3.903936483328245277e-01 -4.157835354308671016e-01 -4.408739569933809443e-01 -4.664102125984784242e-01 -4.915771502187099018e-01 -5.163674188065918713e-01 -5.407213856512066430e-01 -5.646159798243212125e-01 -5.881235721766704394e-01 -6.109686215863251446e-01 -6.327948248944368359e-01 -6.542629614534736238e-01 -6.745881606443357992e-01 -7.155548466019779896e-01
-7.162619598941397103e-02 -1.100267211549224022e-01 -1.473961710096632072e-01 -1.841776935112057201e-01 -2.203303777942284547e-01 -2.569186962475257796e-01 -2.926882417926662261e-01 -3.278237305591476525e-01 -3.619652331509611853e-01 -3.957356113984524804e-01 -4.282954243120805637e-01 -4.598917278439632605e-01 -4.904489103610860656e-01 -5.200510953002097647e-01 -5.470955014872853628e-01 -5.734115647976864016e-01 -5.971464073057038968e-01 -6.191033579276636889e-01 -6.385198586341985783e-01 -6.560918882594091173e-01 -6.712885297376151028e-01 -6.841357111018920856e-01 -6.944962454844016975e-01 -7.026470447821728804e-01 -7.088390970462783436e-01 -7.128141688307984003e-01 -7.147592247998020287e-01 -7.149158141581035686e-01 -7.130561691729484508e-01 -6.940519386319662365e-01
6.406101731020702461e-02 1.006604603024647271e-01 1.317304131487264940e-01 1.603934343669770335e-01 1.860961170261356268e-01 2.094463628983791459e-01 2.290240969699027795e-01 2.450010539888855532e-01 2.571782049050493901e-01 2.656488696572079089e-01 2.706958115344015869e-01 2.720514646726091557e-01 2.696478892334817634e-01 2.641820699846875176e-01 2.555233141070509806e-01 2.435370956419758426e-01 2.294944518323565885e-01 2.130492072470198117e-01 1.949481607075333189e-01 1.751617009807483472e-01 1.547964428818305316e-01 1.338733951458069837e-01 1.130399882382675386e-01 9.225859102767702824e-02 7.204312390995454285e-02 5.257809217431952398e-02 3.404831690635419517e-02 1.631191894660578845e-02 7.313650899392135085e-05 -3.415788969359315197e-02
8.631335764635832131e-02 1.124745638739096526e-01 1.408704772809935279e-01 1.699667519557065964e-01 1.994257919912519883e-01 2.300734814351178825e-01 2.605669966074216082e-01 2.914252573351108211e-01 3.223122491378599963e-01 3.542421475144640897e-01 3.860008257762160278e-01 4.184950056836479471e-01 4.515351374891070080e-01 4.857352966233298153e-01 5.195175821636084379e-01 5.550671909102395940e-01 5.901147666261030711e-01 6.264320011999194859e-01 6.628017438317590493e-01 7.002107667178596451e-01 7.376247447979054073e-01 7.751113532637042836e-01 8.127604767048319800e-01 8.502552404968906075e-01 8.877162010362269484e-01 9.248009242969441601e-01 9.607563515932666665e-01 9.967067705736796235e-01 1.031307407477183080e+00 1.103063783191307046e+00
5.599712735615429426e-02 7.482974148363877309e-02 9.234357881112972843e-02 1.096215730002087357e-01 1.265222037490933149e-01 1.435876519761943582e-01 1.599225496749954734e-01 1.758865537334878826e-01 1.912369224407358403e-01 2.064894142615337214e-01 2.210793622101097089e-01 2.354217807601464152e-01 2.493309900653105649e-01 2.632196166604701681e-01 2.763636859496951814e-01 2.896449535073335468e-01 3.022706923554197012e-01 3.149521109904148131e-01 3.272376780387389883e-01 3.394847869610988500e-01 3.514168963207155993e-01 3.630665584703798854e-01 3.744845749519521427e-01 3.855329699497082041e-01 3.962980828273188760e-01 4.066515806269754840e-01 4.163336332739213108e-01 4.257162048634327567e-01 4.342926108451556355e-01 4.473078618474440882e-01
-7.048763639357333299e-02 -1.005601815043541819e-01 -1.343354907276214649e-01 -1.687758314046693686e-01 -2.035697923391402986e-01 -2.396357875915476332e-01 -2.758240268548846075e-01 -3.123393664215648458e-01 -3.489585790375594465e-01 -3.865666919492730669e-01 -4.240763127467139237e-01 -4.621363135976886416e-01 -5.008236290594372253e-01 -5.404265651884742061e-01 -5.791205548336648690e-01 -6.194489920351372580e-01 -6.588103917869087001e-01 -6.988471135397917866e-01 -7.383343108723655623e-01 -7.784845323840684506e-01 -8.181313440056289243e-01 -8.573159487738331030e-01 -8.961831866328238139e-01 -9.345880450894628044e-01 -9.727984558852619257e-01 -1.010472747514972403e+00 -1.047019055270323573e+00 -1.083687831963026316e+00 -1.119392619743700079e+00 -1.199299289477000707e+00
8.402609677784327047e-04 -1.399662477064012381e-02 -2.691483842608200644e-02 -3.903663806215611209e-02 -5.047065190020935677e-02 -6.151729314268764709e-02 -7.195351906294432387e-02 -8.167464755475323246e-02 -9.062801863458069818e-02 -9.876905743181471631e-02 -1.061603186741334748e-01 -1.125832577871908879e-01 -1.180960415662059421e-01 -1.225889685598568063e-01 -1.256866641411019669e-01 -1.277165139092254487e-01 -1.284074564101097271e-01 -1.275510172811188392e-01 -1.251418311533641081e-01 -1.211860501394221579e-01 -1.157440364617774858e-01 -1.087724068319308179e-01 -1.000257962558575298e-01 -8.982641262663315640e-02 -7.818994995037828466e-02 -6.500777364883533749e-02 -5.066545372559465993e-02 -3.470710051756308034e-02 -1.736732246298977253e-02 3.495267567518852564e-02
-8.575302242492226223e-02 -1.177301489667748335e-01 -1.544818042253678914e-01 -1.928876980913496186e-01 -2.329684706251157755e-01 -2.759954752980287584e-01 -3.205910604186624213e-01 -3.672192443555788444e-01 -4.153267703615491913e-01 -4.661598593610684071e-01 -5.177739597044834774e-01 -5.711572941452214280e-01 -6.260502881456990742e-01 -6.824290844872944461e-01 -7.376420536732557487e-01 -7.949832807681889157e-01 -8.503348656997119503e-01 -9.058311078558463070e-01 -9.595150262126941332e-01 -1.012749507987424247e+00 -1.063708103355448742e+00 -1.112497188862897168e+00 -1.158789371207439078e+00 -1.202669766827773934e+00 -1.244274876395531804e+00 -1.283118762413764102e+00 -1.318851897170217669e+00 -1.352678340662627043e+00 -1.383286372997412084e+00 -1.438497019495348805e+00
3.646015674830541120e-03 -6.964345692821454978e-03 -1.577133941951759308e-02 -2.360001997513174257e-02 -3.043937057351371947e-02 -3.640931324582284689e-02 -4.146918634549391636e-02 -4.541249886145795611e-02 -4.834164626950065990e-02 -5.008271753676755284e-02 -5.100974478613677643e-02 -5.081321905015735718e-02 -4.969323290445685354e-02 -4.763981884925254373e-02 -4.464769987281716479e-02 -4.073204030353473615e-02 -3.619066802943757266e-02 -3.068701359952080709e-02 -2.445273302814498367e-02 -1.747969696069705606e-02 -1.000686350079290146e-02 -1.978346027638897865e-03 6.626482178905547873e-03 1.562610380771220497e-02 2.495713432391217027e-02 3.464361263583373707e-02 4.448353117718942956e-02 5.475408715052648700e-02 6.520755784498177832e-02 9.304724887872965755e-02
-9.136627851837946998e-03 -1.020889391642791459e-02 -1.643126610995845199e-02 -2.396189913867835877e-02 -3.272155359792364160e-02 -4.288850125950896541e-02 -5.427015518105626768e-02 -6.684579310195176705e-02 -8.046178874720195939e-02 -9.538509808204759244e-02 -1.109603863931908629e-01 -1.273910925927237425e-01 -1.446370563253456809e-01 -1.624077259735188794e-01 -1.799144141322537860e-01 -1.981071126478035349e-01 -2.156189523318045032e-01 -2.330614481652651948e-01 -2.498846829229124378e-01 -2.665422257880082912e-01 -2.824769699220182617e-01 -2.977618432234430124e-01 -3.124457175280112575e-01 -3.266130012142925421e-01 -3.404200853294332973e-01 -3.537971241640622821e-01 -3.667742520484457147e-01 -3.798310965447600496e-01 -3.929074542106833490e-01 -4.284941453468026351e-01
1.730622669580717254e-01 2.326551813788085843e-01 2.971021237060783582e-01 3.623266348058284958e-01 4.274794161646932600e-01 4.942554459671987255e-01 5.598272269573718596e-01 6.249842335615941602e-01 6.890748414433689462e-01 7.538636944324581535e-01 8.172296400504951430e-01 8.805449025392985130e-01 9.435277069984535636e-01 1.007249103683699021e+00 1.068599656814458898e+00 1.131693105055443072e+00 1.192533764284994913e+00 1.254167922666675983e+00 1.314571630893083931e+00 1.375650137852888477e+00 1.435842723761311168e+00 1.495324940380883927e+00 1.554422351468500274e+00 1.612807449128098813e+00 1.670937643058604261e+00 1.728253631275086688e+00 1.783698930127152860e+00 1.839194882570596379e+00 1.892790989047331562e+00 2.003879938790068760e+00
4.920578185339842536e-04 -1.012262050726198473e-02 -1.919237223328452979e-02 -2.743574812623257586e-02 -3.488279901756363710e-02 -4.169770621977908487e-02 -4.779145846889486932e-02 -5.298821643649705843e-02 -5.732112976798058729e-02 -6.064750806512646947e-02 -6.320773163163349861e-02 -6.470905096422704950e-02 -6.528243816660828092e-02 -6.483252492182062232e-02 -6.326008366267717176e-02 -6.060972568963977208e-02 -5.703293565107268176e-02 -5.220274529243020684e-02 -4.629943477614088809e-02 -3.930326416173791221e-02 -3.143024610727825074e-02 -2.264479956630953417e-02 -1.288867277806897589e-02 -2.401729155280126447e-03 8.737700299617949529e-03 2.054362974724953383e-02 3.270383513605518849e-02 4.554138260707913527e-02 5.870523245517823147e-02 9.330828199616225671e-02
3.695183604899296426e-02 3.852230477205603743e-02 4.407338379352131880e-02 5.086546911613848421e-02 5.857451658061089972e-02 6.737318797241928503e-02 7.673275154617970051e-02 8.695934042502491412e-02 9.791063837695621053e-02 1.101420740105456264e-01 1.229278565610975038e-01 1.368901321436601370e-01 1.519039293174899163e-01 1.683155416322905107e-01 1.854950813005920018e-01 2.044453958160857288e-01 2.240471158179077327e-01 2.454240973399285652e-01 2.679346814778229002e-01 2.921410845913561261e-01 3.174241490041286862e-01 3.438578258514797259e-01 3.717325041103466954e-01 4.006428770834837838e-01 4.306902540819110281e-01 4.617769206887237243e-01 4.932326847457936814e-01 5.260505770184172869e-01 5.594128004180365377e-01 6.438850465946532875e-01
6.737632548109290936e-03 -3.345960316759875527e-03 -1.315936347136922001e-02 -2.158820098591519160e-02 -2.805331226812593851e-02 -3.240522466048785521e-02 -3.454182423082897274e-02 -3.406209243508214607e-02 -3.131579560075987284e-02 -2.593231491010176970e-02 -1.887186729988279618e-02 -9.618082868099245286e-03 1.331125318847508135e-03 1.361540762600190954e-02 2.670691959081772371e-02 4.098221539356630694e-02 5.496121864498008242e-02 6.912169335972788431e-02 8.262052583509529868e-02 9.535991355713471784e-02 1.065535586289235170e-01 1.162661979364162934e-01 1.237323991348289048e-01 1.291455715177718955e-01 1.321151442091279549e-01 1.324645335264683643e-01 1.304110956745919148e-01 1.256794097731306070e-01 1.178306060609474182e-01 7.995769250585368915e-02
7.392731411051051138e-02 1.046001953862236850e-01 1.322718786190424378e-01 1.590270795342131893e-01 1.846624519502900186e-01 2.099682580123387043e-01 2.335852367172994992e-01 2.559063745706618431e-01 2.765134994827793125e-01 2.958901112184845750e-01 3.134442461240243283e-01 3.293896960529922868e-01 3.434151133009640255e-01 3.559023048309278292e-01 3.659935526155743690e-01 3.744134687270928019e-01 3.806930796874793410e-01 3.852226525214174635e-01 3.878281059676827458e-01 3.887383331770370432e-01 3.881243572451256729e-01 3.860530754977494761e-01 3.826759993082342604e-01 3.780539772974169654e-01 3.724739386143057773e-01 3.659091467150273891e-01 3.585362319134666187e-01 3.503959147429330789e-01 3.416233274150445309e-01 3.139482351775999547e-01
-4.676975029262262634e-03 -9.352796990798252497e-03 -1.668417678955651240e-02 -2.445289254050584185e-02 -3.258198200433385511e-02 -4.122046085072734317e-02 -5.020479828202660533e-02 -5.943525110505856052e-02 -6.883585096062722064e-02 -7.848280271777949291e-02 -8.811289357307970638e-02 -9.769670705321201187e-02 -1.072675023339146189e-01 -1.166142545644001521e-01 -1.252694974086233093e-01 -1.337510423929725856e-01 -1.414149739401422690e-01 -1.484493205646011116e-01 -1.546669655237660479e-01 -1.603167795761968328e-01 -1.652273346423913936e-01 -1.694344413096156021e-01 -1.730049130044246097e-01 -1.760802377763269200e-01 -1.788219603282524828e-01 -1.812117977295137072e-01 -1.834096336828609508e-01 -1.855779696718382055e-01 -1.879056621873358146e-01 -1.967446709392284832e-01
-1.282905882558377508e-01 -1.814251886706144123e-01 -2.395795654323036872e-01 -2.987625621679157462e-01 -3.584706508306443329e-01 -4.203811553765193776e-01 -4.822529876050085651e-01 -5.446005897831448506e-01 -6.068425450191652359e-01 -6.705190289266987902e-01 -7.335932640699738272e-01 -7.971584198307953839e-01 -8.611008212064931167e-01 -9.258657685727316178e-01 -9.883665358149775759e-01 -1.052596039579754450e+00 -1.114409237624593096e+00 -1.176392406920616862e+00 -1.236645157086512681e+00 -1.297030974349266064e+00 -1.355855094959344420e+00 -1.413249168402604727e+00 -1.469534230208839443e+00 -1.524507619340532916e+00 -1.578734548512885194e+00 -1.631770934656698868e+00 -1.682872199015032821e+00 -1.733986710675501808e+00 -1.783715966792506213e+00 -1.895719746471399736e+00
-6.402458987320065742e-02 -6.048347040066736485e-02 -7.229161259573729792e-02 -8.983996241797759241e-02 -1.134771761571734955e-01 -1.441897823468956674e-01 -1.810085437713929157e-01 -2.246335088670655122e-01 -2.739934989211403327e-01 -3.306030519891437480e-01 -3.909805858204385420e-01 -4.565920416825907102e-01 -5.265116948562937882e-01 -5.996228525504655460e-01 -6.726492654425106910e-01 -7.490887787621300919e-01 -8.229085784834746509e-01 -8.968349783442058909e-01 -9.680864176950845224e-01 -1.038064191647262380e+00 -1.104105771187470220e+00 -1.166576881449869818e+00 -1.224988575968287030e+00 -1.279619134516374768e+00 -1.330643799570426111e+00 -1.377752830835927478e+00 -1.421108750747567040e+00 -1.462308731501291925e+00 -1.500571870520648110e+00 -1.589634025831229147e+00
1.780136636084162227e-01 2.492010819500002639e-01 3.204840334777780964e-01 3.909441884291212088e-01 4.597366318357362092e-01 5.286862852107365729e-01 5.946370363990586272e-01 6.583174817532944090e-01 7.189464131368443756e-01 7.779374189069887535e-01 8.336231828960681822e-01 8.868145201989655613e-01 9.371197586890653852e-01 9.855408588724846597e-01 1.029382597257269660e+00 1.071736530746740801e+00 1.110086575461028957e+00 1.146416278964798918e+00 1.179603626272516248e+00 1.211025548797454610e+00 1.240210073580322980e+00 1.267325751894408326e+00 1.292936557428020716e+00 1.316973467902748718e+00 1.340174321640959176e+00 1.362264672906218443e+00 1.382936736768355823e+00 1.403365739724193428e+00 1.422902042027709868e+00 1.459312612138075949e+00
3.613367143204655740e-03 -1.930148168464337552e-03 -9.377366101223629999e-03 -1.644580434518924314e-02 -2.268746973620053634e-02 -2.800294081572902299e-02 -3.243716240361625008e-02 -3.570396145893107304e-02 -3.817502426664277221e-02 -3.981511931791318487e-02 -4.112990212624983988e-02 -4.206039389649005728e-02 -4.312241791070234309e-02 -4.470590893870299981e-02 -4.687656466390738297e-02 -5.012792933775863519e-02 -5.465436449865905544e-02 -6.077410547749873687e-02 -6.857471808471099495e-02 -7.853332553351032030e-02 -9.056589888813947054e-02 -1.045949395268321869e-01 -1.211090023235195101e-01 -1.397677217499594393e-01 -1.607331583194783198e-01 -1.839459907812691641e-01 -2.087131813264862246e-01 -2.357943393027079337e-01 -2.646537218825489313e-01 -3.441680751172491171e-01
