3.213529308439347365e-02 6.653458353862373720e-02 1.054664920070932377e-01 1.457835621308497254e-01 1.873759853609787696e-01 2.300110964190147933e-01 2.735016200738189518e-01 3.172867868144330639e-01 3.612365699967218791e-01 4.049007153114489999e-01 4.475802730165062693e-01 4.884077857027488978e-01 5.266718672567343162e-01 5.616597733876339538e-01 5.924863134244325868e-01 6.185855634973691508e-01 6.396553696816611456e-01 6.552666444713048932e-01 6.656863453855200730e-01 6.708238710633889212e-01 6.710796114216792674e-01 6.667546691742732845e-01 6.583598263801824224e-01 6.464312264331492086e-01 6.315050198494563949e-01 6.141947805910953351e-01 5.951021312109340267e-01 5.748914252554282456e-01 5.541037501387365838e-01 5.103193893222203181e-01
2.455031689555755778e-02 6.289978447251297344e-02 9.913355682456467810e-02 1.343480948389602914e-01 1.681776148082497757e-01 2.004692285455624001e-01 2.309098198453917727e-01 2.591737540719553090e-01 2.850861089440520635e-01 3.085655399471097238e-01 3.294740015221231388e-01 3.475401450718653140e-01 3.627220815915750407e-01 3.748501787981456945e-01 3.838091317020362325e-01 3.897460153009709716e-01 3.926635084174376900e-01 3.926485437542438506e-01 3.900389129966487234e-01 3.850453467734763491e-01 3.780703358819540449e-01 3.693880037396188865e-01 3.593045066032165002e-01 3.481288209654025412e-01 3.360663973936365845e-01 3.233431635535596316e-01 3.101008884363353202e-01 2.965900498861610002e-01 2.828424688464088455e-01 2.488940042996537205e-01
-3.589585513025992519e-03 -2.630107379458723749e-02 -4.321077746647853518e-02 -5.792588060189658022e-02 -7.026823996049830212e-02 -8.041378960788128638e-02 -8.816318878593917829e-02 -9.351886537489208229e-02 -9.631332770338102423e-02 -9.665063837513607203e-02 -9.479002228671867814e-02 -9.074265487319013723e-02 -8.478139833541713244e-02 -7.703169249165148225e-02 -6.765425185363344029e-02 -5.704553133678142568e-02 -4.518733484341332096e-02 -3.226178651260616648e-02 -1.840229626648080472e-02 -3.717452970727137124e-03 1.157836410977779174e-02 2.743737421238063440e-02 4.385766547597372972e-02 6.068876413649159501e-02 7.790114714413992614e-02 9.564138018931998830e-02 1.137730390009807219e-01 1.324945310728857240e-01 1.519343256558474686e-01 2.064938320261516247e-01
7.213015541362133645e-03 1.132390917433011117e-02 1.484753686642111513e-02 1.824962139090564178e-02 2.147953116699716572e-02 2.444180141578253251e-02 2.711534698608887919e-02 2.948445188511862949e-02 3.159637773272866434e-02 3.352646276915802193e-02 3.531978393642760949e-02 3.711782210917036889e-02 3.903956068636786625e-02 4.118282444943945769e-02 4.372791485575683312e-02 4.677007701877933937e-02 5.043487204994467898e-02 5.480708119522380295e-02 5.994319667931154866e-02 6.591482501012087269e-02 7.269408963093174081e-02 8.028417808257835853e-02 8.868816062006290579e-02 9.777742972033859337e-02 1.074390348486405772e-01 1.176633538053315914e-01 1.282007791519689799e-01 1.390437002743789008e-01 1.500062486877252188e-01 1.742139369612455413e-01
1.126522649782227270e-02 2.830609617952214649e-02 4.056777095252765003e-02 5.176082873014097724e-02 6.202932848774800334e-02 7.142117264322281334e-02 7.986659550253175088e-02 8.731109794998573315e-02 9.374169843303414851e-02 9.918986059671784650e-02 1.036046817600588393e-01 1.069974565284286944e-01 1.094057024395535677e-01 1.108229435797940116e-01 1.112275282422902495e-01 1.106973179416043951e-01 1.091628610734787647e-01 1.065912109150732312e-01 1.029316938480667187e-01 9.814463271183077042e-02 9.219153985636205362e-02 8.499779191602972739e-02 7.654258065228601582e-02 6.673395734470863316e-02 5.554711946067035500e-02 4.289414840345159158e-02 2.866912091931108492e-02 1.275999176321371623e-02 -5.140090459792846095e-03 -6.533365665712073667e-02
3.404218896331585864e-02 6.623850456044851065e-02 1.057991558333253174e-01 1.477619900713762757e-01 1.924422204506036627e-01 2.396333758192238927e-01 2.895480181088557758e-01 3.417852986658185266e-01 3.967492486625988635e-01 4.542983055610063658e-01 5.144081436042695632e-01 5.765388559532050872e-01 6.406397665180174616e-01 7.064590990086844213e-01 7.736429640882154235e-01 8.415670364977105855e-01 9.100478237594331610e-01 9.781872938799268669e-01 1.046106539510471611e+00 1.112916280651267797e+00 1.178220317016922758e+00 1.241514675912117172e+00 1.302842287867802540e+00 1.361667932798014125e+00 1.417723573135817539e+00 1.471216695166110311e+00 1.521905615627196617e+00 1.569553355467870448e+00 1.613674138024465687e+00 1.689200766906395756e+00
3.136362348053260696e-02 7.836989258211077281e-02 1.243972501285259408e-01 1.697758881711645129e-01 2.142478338749615463e-01 2.576557284834970485e-01 2.997610631709077822e-01 3.401847526485344830e-01 3.788842680526633977e-01 4.158069807472005164e-01 4.509330930934923320e-01 4.839279861615916056e-01 5.148606024326691788e-01 5.435867833396030857e-01 5.700096403221333041e-01 5.941857098735318088e-01 6.160910659385927524e-01 6.355843383090630239e-01 6.530204930834736521e-01 6.683294813161275716e-01 6.817513800743706387e-01 6.933518908275164705e-01 7.033836471832312087e-01 7.119221569759666135e-01 7.190154645028706826e-01 7.248648575877557620e-01 7.294756834299374049e-01 7.329146640902962639e-01 7.349816722268904812e-01 7.279245320014366971e-01
4.857456238831908690e-05 3.655854337953678979e-03 8.223370566095769899e-03 1.266618032125267287e-02 1.662241595072656841e-02 1.987786207381937037e-02 2.235543707910327832e-02 2.404555327457132824e-02 2.499291964936481425e-02 2.536177008998474064e-02 2.538696715938960902e-02 2.534965627095913873e-02 2.557586148146143504e-02 2.631591091322018489e-02 2.802976052662300641e-02 3.101172312986746893e-02 3.556944611210837576e-02 4.198588667980599626e-02 5.047577408122292525e-02 6.127166270771686185e-02 7.443093949008455779e-02 9.004659025987143961e-02 1.081397920307345800e-01 1.285673208124160916e-01 1.511140842348995261e-01 1.757633127070316326e-01 2.021069579024224461e-01 2.301199973716355207e-01 2.595765768051082611e-01 3.356192688515768352e-01
5.848930199047558398e-03 -8.082991825747176673e-04 -4.140864952126368376e-03 -6.227775179563492178e-03 -6.947961286458616270e-03 -6.439409401820611611e-03 -4.555888332076398622e-03 -1.307330057990014477e-03 3.502986738867050476e-03 9.903432994588014585e-03 1.789282837187715358e-02 2.755335675738490239e-02 3.891006188974860391e-02 5.200620338869373777e-02 6.692181122335982835e-02 8.348349371093910509e-02 1.017849361097482447e-01 1.216792307111223409e-01 1.431420842018588102e-01 1.660137091365384565e-01 1.900670601752921518e-01 2.151581927750008116e-01 2.412403840635680419e-01 2.680151835156520113e-01 2.952897002137840343e-01 3.231023697661304372e-01 3.511384908074265399e-01 3.793761205520367885e-01 4.076411634824704810e-01 4.733015934060440522e-01
1.057103491301971537e-02 2.110925386039218948e-02 2.903222661109514449e-02 3.650886741915386480e-02 4.367752787897773853e-02 5.053833909583718698e-02 5.707755438883865134e-02 6.325276664369945678e-02 6.910230674841050247e-02 7.465330801948780182e-02 7.985748458965463703e-02 8.474151048264405572e-02 8.932816915608846053e-02 9.361796754343280902e-02 9.760947764735106169e-02 1.013100953462907627e-01 1.046964794483238037e-01 1.077110396402681802e-01 1.103148458804434906e-01 1.124477423477539678e-01 1.140323699542425823e-01 1.149882037594773809e-01 1.152967147248416258e-01 1.148259698844621979e-01 1.135175195121971847e-01 1.113287841094457303e-01 1.081095980625237929e-01 1.037928668084212719e-01 9.813034246130464266e-02 7.235897311989494818e-02
1.568259923443470621e-02 6.079322361098496441e-02 9.995880235128117020e-02 1.361492699302504494e-01 1.686041944839672124e-01 1.971495999163135893e-01 2.214404974996652120e-01 2.414187168308329912e-01 2.570689003276179219e-01 2.688662094857136031e-01 2.776509826481710630e-01 2.839428299029760350e-01 2.887934875444006511e-01 2.928574014186244856e-01 2.972153782136827127e-01 3.028635252171378300e-01 3.103164369928129718e-01 3.201436176879963735e-01 3.328906677640691147e-01 3.488945432714685158e-01 3.683668571649000301e-01 3.913418346877099441e-01 4.177996384293244381e-01 4.474233779996819038e-01 4.797038009854923124e-01 5.143664779045449276e-01 5.506529573508077702e-01 5.880814131356126850e-01 6.257771060172668820e-01 7.022180681734602192e-01
-1.136184238705894960e-02 -5.435020097436596420e-02 -9.588980002987185225e-02 -1.354046853872538092e-01 -1.718506411230993347e-01 -2.050608635780947486e-01 -2.344419036356092945e-01 -2.596404222987730437e-01 -2.801769323998353767e-01 -2.959712422274201615e-01 -3.070799203362443719e-01 -3.131800583628819301e-01 -3.143586533396104388e-01 -3.105120867738510038e-01 -3.016898975341405498e-01 -2.884387966879753962e-01 -2.709043167250553275e-01 -2.496240551600655277e-01 -2.252866956665126041e-01 -1.985767666635083195e-01 -1.704447000198795747e-01 -1.416000340359757081e-01 -1.125563216338764660e-01 -8.418447929403158336e-02 -5.693780603656629913e-02 -3.115843092283094792e-02 -7.403636527973666420e-03 1.384384687092130375e-02 3.201918672490348949e-02 4.827307878132911650e-02
1.538106363511782329e-02 2.995847075162588399e-02 4.709591409688358016e-02 6.553788382597289242e-02 8.553161101997000526e-02 1.069782690285172172e-01 1.299072745544527785e-01 1.540238914851668195e-01 1.793800562519950459e-01 2.056992582163773842e-01 2.325063927258676499e-01 2.593021997939174428e-01 2.856068575119791175e-01 3.109796129230616990e-01 3.348043547524099939e-01 3.565589601669955089e-01 3.759683431399324371e-01 3.925679235501407516e-01 4.063161732844974283e-01 4.169155511041660045e-01 4.243351197058213842e-01 4.285333045453976197e-01 4.296874077296531924e-01 4.278668955641664606e-01 4.232865659197466712e-01 4.162236808148659373e-01 4.069089578336299029e-01 3.955901037821247246e-01 3.823951966983762940e-01 3.424062603899280521e-01
3.719465229442794549e-03 -1.725914163201832177e-02 -3.238359337379965314e-02 -4.476560006972121059e-02 -5.380673565225536220e-02 -5.957226191234751833e-02 -6.170767466103851268e-02 -6.023527637997622142e-02 -5.485785019097521448e-02 -4.575245297690544444e-02 -3.329176083114768203e-02 -1.765981868433709120e-02 7.192114532568270185e-04 2.158421677785996723e-02 4.449773554853521385e-02 6.875339908001337763e-02 9.416677054500391386e-02 1.201733648068212534e-01 1.464614756000407469e-01 1.725368990361370036e-01 1.979382289454567623e-01 2.223572169956807842e-01 2.457099448489697413e-01 2.676604656178257491e-01 2.881504101697249243e-01 3.073057769581456489e-01 3.250299283686897134e-01 3.413997713345094942e-01 3.564298541929092345e-01 3.859222317667140301e-01
-1.554403721342984684e-03 -2.158343393259229068e-02 -3.774194276317320573e-02 -5.247990057392678404e-02 -6.575327154941072727e-02 -7.772689506997342013e-02 -8.828208685415521451e-02 -9.737987376624160363e-02 -1.049177279501613408e-01 -1.109216700123124011e-01 -1.155441367679933273e-01 -1.186639201486026224e-01 -1.204144834080533577e-01 -1.208075148739886501e-01 -1.198211675082936911e-01 -1.176343173003790710e-01 -1.141335552621594585e-01 -1.093032913222680008e-01 -1.032079369532220153e-01 -9.578302916660666466e-02 -8.714423234529636297e-02 -7.725432189140064854e-02 -6.610927493620430417e-02 -5.380914832874909848e-02 -4.039871370635891856e-02 -2.578045419329001720e-02 -1.013955468710362601e-02 6.712393150446877704e-03 2.487291412888440259e-02 7.921668958643787728e-02
2.166568755755480385e-02 4.508005784396672266e-02 6.882397443394550063e-02 9.279148510569670827e-02 1.170727623146018415e-01 1.415784411841855550e-01 1.663171913456793494e-01 1.911053885981913725e-01 2.160828609631941510e-01 2.412586165340946665e-01 2.666627753312375559e-01 2.921615256400059146e-01 3.178407661389128225e-01 3.436662890749497823e-01 3.696145254641844957e-01 3.955816333335266943e-01 4.215542922380751678e-01 4.472659670527486808e-01 4.728250949225952793e-01 4.979590103651159172e-01 5.225566420020757441e-01 5.464420056666943193e-01 5.696540077343277275e-01 5.919491778063226128e-01 6.131820516491108819e-01 6.334127851718860391e-01 6.524301689149420991e-01 6.701290517029994120e-01 6.861774007700394140e-01 7.089586096377387126e-01
-9.230182139370168154e-04 -2.597076231548597208e-02 -4.923634595505894940e-02 -7.193211527283382978e-02 -9.425153544837527875e-02 -1.163709750556562172e-01 -1.383438333703589374e-01 -1.601008098352668663e-01 -1.817658913584431768e-01 -2.033995792517140633e-01 -2.252895323914367864e-01 -2.472432900796973643e-01 -2.695025192905985967e-01 -2.921031179984346360e-01 -3.150151331935273635e-01 -3.382145721470155575e-01 -3.615253106937181826e-01 -3.845674185876000184e-01 -4.073497425352136658e-01 -4.293617691250575796e-01 -4.504089274993161029e-01 -4.701116844414465756e-01 -4.883392061921034144e-01 -5.048074824413846251e-01 -5.193124612080282088e-01 -5.316929597583721634e-01 -5.419150331001458820e-01 -5.495025479867242657e-01 -5.540281222391156835e-01 -5.377890292603871858e-01
1.136356393845825222e-02 2.738993647666978018e-02 4.050288726983061749e-02 5.266213642811546497e-02 6.369025407476824885e-02 7.350948487166705791e-02 8.195186675674344390e-02 8.892461299092857541e-02 9.433686627984337603e-02 9.822263264659769622e-02 1.005518361145157080e-01 1.013684120334716610e-01 1.007389432449635192e-01 9.868494483638656778e-02 9.530307317491330810e-02 9.079387773753833102e-02 8.523657638249168556e-02 7.881359209284626022e-02 7.165801516563659324e-02 6.398770800508959966e-02 5.597710243525883672e-02 4.777570990310561760e-02 3.948786906376351019e-02 3.120426733136114766e-02 2.296564156423510153e-02 1.480400058084687179e-02 6.641878961493210068e-03 -1.432720663444836569e-03 -9.519881952235622821e-03 -3.058757070846450377e-02
-1.176717830895805152e-02 -2.988199288565148923e-02 -4.973814684335908787e-02 -6.979845402451978487e-02 -9.011667338696811858e-02 -1.107610129670246468e-01 -1.318133659633305421e-01 -1.532128867308094611e-01 -1.751268250250107295e-01 -1.976450403724182570e-01 -2.211112569585207410e-01 -2.454061380371395651e-01 -2.708180049906329101e-01 -2.974484531334075088e-01 -3.254067201427716105e-01 -3.546639739755935161e-01 -3.852199861020129124e-01 -4.167645566826249093e-01 -4.494502289141235063e-01 -4.828561308923777773e-01 -5.168395807514737372e-01 -5.511083523966675557e-01 -5.856080764712913167e-01 -6.200633247102813606e-01 -6.542338686151357718e-01 -6.880953250370771546e-01 -7.215425141590865454e-01 -7.542783454414344613e-01 -7.860608754436995138e-01 -8.513334016151909989e-01
3.122149419711448340e-02 7.575543120737407432e-02 1.203127114111830209e-01 1.648084101616200947e-01 2.090135327207301719e-01 2.527678240107782970e-01 2.957186996160446890e-01 3.372955175370915826e-01 3.771997805935410342e-01 4.149860594903705957e-01 4.499330055492518077e-01 4.811770890188488137e-01 5.080234278793062108e-01 5.297485232551737422e-01 5.454618838391342983e-01 5.548207363150257088e-01 5.574643566471570999e-01 5.531533973652392744e-01 5.421587024187568549e-01 5.245896151963849174e-01 5.010237408983533314e-01 4.718914045586989348e-01 4.377329774441949262e-01 3.992746864145610419e-01 3.571784474182786995e-01 3.119786646919598394e-01 2.644038438649640721e-01 2.151020414548256987e-01 1.645865092828915910e-01 4.528106002832318899e-02
3.975847453484564198e-02 7.784667501564460079e-02 1.257101011966006987e-01 1.762813733186519016e-01 2.295315998995330065e-01 2.851055793825519880e-01 3.430510144112993709e-01 4.028030587610406110e-01 4.646129845637086975e-01 5.282103272681291095e-01 5.933902748403909744e-01 6.594142713569377534e-01 7.260492234592974548e-01 7.928738183327876943e-01 8.593930820669244408e-01 9.249734720680307110e-01 9.894694714058691609e-01 1.052116122393471409e+00 1.113250672607386971e+00 1.172247175562592947e+00 1.229049045279410057e+00 1.283476110157581118e+00 1.335823035091760147e+00 1.385932688576492211e+00 1.433790271338820421e+00 1.479865696708725364e+00 1.524179875596628264e+00 1.566879109352953492e+00 1.607884210490156285e+00 1.694315881393858580e+00
7.533756675023022681e-03 2.049304231930922787e-02 3.048939446295722069e-02 3.890831883659721935e-02 4.511517235669568193e-02 4.891196015475841180e-02 4.995739796271073813e-02 4.818590572668222938e-02 4.335423595879840664e-02 3.556784815505098507e-02 2.490359489715839036e-02 1.159829227915245946e-02 -4.135773195637834632e-03 -2.213103241211212407e-02 -4.199454951749870962e-02 -6.318464250079709743e-02 -8.538648846738651488e-02 -1.079717802025216555e-01 -1.306021956886765367e-01 -1.525989194716372011e-01 -1.734907891759841225e-01 -1.928096202140905935e-01 -2.103432401878777835e-01 -2.257604904188043604e-01 -2.389591298971696920e-01 -2.498659715304128170e-01 -2.585739174035663335e-01 -2.648133415463959084e-01 -2.685006966470422363e-01 -2.603392893286951559e-01
6.450132169557130923e-02 1.417879164507127310e-01 2.306297800678995535e-01 3.217241320118672254e-01 4.145915837980236329e-01 5.087399738080867762e-01 6.040205184677177597e-01 6.995940839386926013e-01 7.956820972627967059e-01 8.920340253395740993e-01 9.886846832582019129e-01 1.084613485414339662e+00 1.179852762807427347e+00 1.273942056262625577e+00 1.366465288385580346e+00 1.456944409837996002e+00 1.545252595508145088e+00 1.630503594510087417e+00 1.713424089790096749e+00 1.793268292894131477e+00 1.870186541418745074e+00 1.943992402387041851e+00 2.015134163119586486e+00 2.083481212627853019e+00 2.148950698317432906e+00 2.212086154005433070e+00 2.272871069129936750e+00 2.331273973268048749e+00 2.386893434095462396e+00 2.493711922775153411e+00
4.091426877642528881e-02 9.137752245543570573e-02 1.460342815528514471e-01 2.013257579256218788e-01 2.569750427790278291e-01 3.126963511738441448e-01 3.683799884835394223e-01 4.235737667374018800e-01 4.784460779920010065e-01 5.329811836485651710e-01 5.873599466925862878e-01 6.411970473087800215e-01 6.947309743485925448e-01 7.478834907773859175e-01 8.006742144046804510e-01 8.530208573331150568e-01 9.049817241715816252e-01 9.561675831798133185e-01 1.007050314951476899e+00 1.057255160741880751e+00 1.106835587104681995e+00 1.155651022718476195e+00 1.203919247475553789e+00 1.251416564972682721e+00 1.297948411179076000e+00 1.343759933836275344e+00 1.388614950061739295e+00 1.432418750919519423e+00 1.474760647624264509e+00 1.559625685606350842e+00
-1.945095190781436639e-03 -1.486491069374336685e-02 -2.834647625048886121e-02 -4.167948473621879008e-02 -5.481841256477949786e-02 -6.782924252768612883e-02 -8.069678340347760659e-02 -9.335485571702789587e-02 -1.058141535616014123e-01 -1.180729213180769510e-01 -1.302831442966003450e-01 -1.422772953371694293e-01 -1.541528497726910585e-01 -1.658965947420747988e-01 -1.774704850478327489e-01 -1.888746386457100801e-01 -2.000412686567771825e-01 -2.108202275402217274e-01 -2.213115865063840226e-01 -2.313269208723158221e-01 -2.408917554090892477e-01 -2.499147117248445849e-01 -2.584061984514913202e-01 -2.663650260316605678e-01 -2.737665146202625244e-01 -2.806132379864741955e-01 -2.870185004100743731e-01 -2.928482955629873041e-01 -2.980727433877073396e-01 -3.055921957749373474e-01
2.713523689153496052e-02 6.297111273971431333e-02 9.773895083722988764e-02 1.324330942920212972e-01 1.671870503683105802e-01 2.019493378721726462e-01 2.366408874489352998e-01 2.709465956623455796e-01 3.049095173400560022e-01 3.384065377347230674e-01 3.712565965948316782e-01 4.030660940532080905e-01 4.337069133352590145e-01 4.629286317184998500e-01 4.903969741385763026e-01 5.158988667856195809e-01 5.392401783547946525e-01 5.600400655847945774e-01 5.783984597838299768e-01 5.940077917383586037e-01 6.068740966430767880e-01 6.168814205058281708e-01 6.241719663290647979e-01 6.286952063873740837e-01 6.305082151842635874e-01 6.297589393688143300e-01 6.265027966320901864e-01 6.207435635000986274e-01 6.122655205839077075e-01 5.718455890659226437e-01
-9.228168930913587670e-03 -3.287160649533253653e-02 -5.696783689317685279e-02 -8.089339764124527099e-02 -1.046649750271654300e-01 -1.283651788000341187e-01 -1.519956878926996269e-01 -1.754338925216743506e-01 -1.987535512716443464e-01 -2.219710666998063742e-01 -2.453077979124284880e-01 -2.685258081570386923e-01 -2.917935388404101493e-01 -3.151009344520561140e-01 -3.384036759270726558e-01 -3.616682494317523533e-01 -3.848019135195871465e-01 -4.075122920159065520e-01 -4.299441823366140225e-01 -4.517420420279455451e-01 -4.728736881977503304e-01 -4.931343930306995027e-01 -5.125286060515390485e-01 -5.309443413112457932e-01 -5.482816558234266946e-01 -5.645430233584793900e-01 -5.797887711753202389e-01 -5.937872504801239293e-01 -6.063719780320594444e-01 -6.240305461019726163e-01
2.829955054894823380e-03 -2.066813895830472286e-02 -4.240799496482361430e-02 -6.269948986570560157e-02 -8.118372585496384797e-02 -9.787785527823519849e-02 -1.127189551006654300e-01 -1.257780253225065092e-01 -1.371820645436990227e-01 -1.473273856800504378e-01 -1.570815397858055518e-01 -1.668061254460533882e-01 -1.774056953822705784e-01 -1.894574921027790682e-01 -2.037919987329880889e-01 -2.210126970079405728e-01 -2.414539740550571689e-01 -2.652875567986995309e-01 -2.928417262757823103e-01 -3.240023988849353165e-01 -3.586980681001207816e-01 -3.966790494970822700e-01 -4.377680264695630319e-01 -4.815322747603324460e-01 -5.274244191813262095e-01 -5.751523010992423135e-01 -6.241820044888106711e-01 -6.738864084355429274e-01 -7.235851449279461223e-01 -8.286735061344547848e-01
1.711561248754146780e-02 4.836857979445079170e-02 6.813438413526191895e-02 8.460084246957343124e-02 9.779646194082240729e-02 1.078911852427928281e-01 1.146706064909550349e-01 1.181843714159508119e-01 1.183386807753540049e-01 1.153826887150575936e-01 1.095951028617605794e-01 1.012791346127909636e-01 9.088774213678645075e-02 7.870922060121858521e-02 6.512633599817886643e-02 5.070621486936588429e-02 3.548651452532404493e-02 1.972062735053823831e-02 3.401966371252304264e-03 -1.335069568265657980e-02 -3.052890097456918000e-02 -4.823963117785320942e-02 -6.661252760964311848e-02 -8.583416718129083245e-02 -1.060806445130373088e-01 -1.277091994970057931e-01 -1.510296375270208102e-01 -1.764581597203507268e-01 -2.046943025401550265e-01 -3.019920479027033977e-01
2.133331664904446548e-02 4.847851683126831734e-02 7.503390058496089976e-02 1.014849156585579393e-01 1.278758941511873304e-01 1.541249588406005677e-01 1.801972693854448637e-01 2.058973949278617710e-01 2.313314264231638162e-01 2.565165550509204140e-01 2.814956152389607169e-01 3.061353577525731118e-01 3.305461379414735834e-01 3.547013861850154548e-01 3.785936493119410606e-01 4.021796902043651700e-01 4.254445883971162967e-01 4.481640348048778200e-01 4.704669520061806054e-01 4.921214980346367840e-01 5.130613393782472720e-01 5.331371557462982747e-01 5.523999753434786220e-01 5.706409121677762375e-01 5.877309677460252901e-01 6.037167513743630920e-01 6.184027050249293334e-01 6.316745655147987248e-01 6.431813441334981452e-01 6.540010414787968962e-01
-9.107500722055055647e-03 -2.894917283365162908e-02 -5.065208913232644578e-02 -7.261023932815159621e-02 -9.485520595747481964e-02 -1.174442486487534132e-01 -1.404257285500813413e-01 -1.636874795825394580e-01 -1.873505399159066387e-01 -2.114363322711719506e-01 -2.361813457273920225e-01 -2.613607414004268659e-01 -2.871473221537725884e-01 -3.135424105010026774e-01 -3.405208211789901851e-01 -3.679965839236885583e-01 -3.959033353518279785e-01 -4.239096821203969800e-01 -4.521621018163832773e-01 -4.802609422242602455e-01 -5.081253229060944676e-01 -5.355195836700527012e-01 -5.624378854963218988e-01 -5.887112573536129601e-01 -6.141975952247634707e-01 -6.389197523618861396e-01 -6.628904466988292388e-01 -6.858838311807357035e-01 -7.077447181700469159e-01 -7.497199720827176783e-01
-2.024793847366360144e-02 -6.206116550017281436e-02 -1.034138344924801778e-01 -1.443283508821240901e-01 -1.848201187724639871e-01 -2.249885466900844733e-01 -2.647339614048728751e-01 -3.037634546878713038e-01 -3.420716376092057809e-01 -3.795563144156136604e-01 -4.162719065627388249e-01 -4.516918146528133837e-01 -4.858171803383669052e-01 -5.184338007404097892e-01 -5.492190390450365500e-01 -5.780402729545726093e-01 -6.046637062205584279e-01 -6.286660523887371843e-01 -6.502706027951418166e-01 -6.690705278060283812e-01 -6.851829196849376080e-01 -6.984687611175873778e-01 -7.090760692856556968e-01 -7.170781691880783182e-01 -7.225564837501928794e-01 -7.256478632131169171e-01 -7.266583649829996272e-01 -7.254859572040163185e-01 -7.220842632391174520e-01 -6.983744929508879373e-01
1.779078151230847893e-02 6.021590244993985097e-02 9.820959462306010079e-02 1.338024507636811633e-01 1.661113028746495079e-01 1.948984436742437210e-01 2.196108011108284519e-01 2.399547993216627484e-01 2.555555051490520646e-01 2.664507937714153396e-01 2.726819282866981276e-01 2.742137333207979588e-01 2.712464507166311156e-01 2.638090063177722655e-01 2.521592898007551375e-01 2.369300560833689229e-01 2.183645700825695146e-01 1.970752581627068512e-01 1.736303052841892125e-01 1.487563593829231423e-01 1.232033837702375539e-01 9.757579731516805022e-02 7.227203309587956759e-02 4.785968050563010889e-02 2.458970271172589150e-02 2.656955762263376458e-03 -1.783397595411561828e-02 -3.653953055879084755e-02 -5.336210909974514749e-02 -8.128229537603304244e-02
2.581934475653595296e-02 5.437734082163796223e-02 8.588905587567664812e-02 1.180678216543331882e-01 1.508402855454330227e-01 1.840088133978311780e-01 2.175812011598673990e-01 2.513094835127894777e-01 2.853971150033422499e-01 3.198859780348717319e-01 3.549444691772731808e-01 3.904275012248474286e-01 4.265562444204880066e-01 4.633565704323470147e-01 5.009329398576679582e-01 5.392070231403336411e-01 5.782620601043942932e-01 6.178065045343197337e-01 6.580947058878801048e-01 6.988061923273491960e-01 7.398340014603699277e-01 7.809829351937456199e-01 8.223218806472369913e-01 8.635247809845940647e-01 9.043400150713953867e-01 9.448755106983791618e-01 9.848001225331632913e-01 1.023969792102230381e+00 1.061978134441334820e+00 1.138912416168808006e+00
1.815396949477925126e-02 3.868214095002997510e-02 5.850862467139252704e-02 7.811302502014283444e-02 9.744221768058186628e-02 1.163965072128750750e-01 1.349060455136767145e-01 1.528211020926071029e-01 1.701876639349371167e-01 1.870325638209896502e-01 2.033774074941712695e-01 2.191711235440485239e-01 2.345095130796253646e-01 2.493939320087747991e-01 2.638769963155628839e-01 2.779943898149526138e-01 2.917944533433605159e-01 3.052120178257517469e-01 3.183911577578357743e-01 3.312772692618713988e-01 3.438906271291932715e-01 3.562027663007744094e-01 3.682902271705773556e-01 3.800490426374247832e-01 3.914028691845699570e-01 4.024133729965443385e-01 4.129116858126922196e-01 4.228868425172562229e-01 4.321147363415015485e-01 4.459887253148798747e-01
-1.963562754198440799e-02 -5.278620513141099591e-02 -8.980648235702097526e-02 -1.274412431870318441e-01 -1.656033610272104328e-01 -2.042740397786058371e-01 -2.434671280087665757e-01 -2.829406403795066138e-01 -3.228483617743722056e-01 -3.631981597879858081e-01 -4.042645177767820730e-01 -4.456832709792807878e-01 -4.876625905256449789e-01 -5.301637126954175105e-01 -5.731482091051786076e-01 -6.164862705415897759e-01 -6.601552102748835527e-01 -7.037255262279747958e-01 -7.475357019897549415e-01 -7.911118076299624713e-01 -8.344533419772971472e-01 -8.773401488478480559e-01 -9.198796333528922453e-01 -9.619125217668167416e-01 -1.003282533569119117e+00 -1.044156243420577557e+00 -1.084551110123326945e+00 -1.124321144768156922e+00 -1.163360510713476348e+00 -1.249734600000388829e+00
7.936528466590275083e-03 -8.491829369851586207e-03 -2.302282893339243491e-02 -3.684892509702089591e-02 -4.997375610209738028e-02 -6.252306156250039826e-02 -7.442657736175822825e-02 -8.559751959002268040e-02 -9.596604614521840604e-02 -1.054749478297619392e-01 -1.141639521056148909e-01 -1.217885490249779740e-01 -1.283409308406359695e-01 -1.337190246870374188e-01 -1.377339356902696765e-01 -1.403864519793022736e-01 -1.414770966420211273e-01 -1.408566019696821381e-01 -1.385303852112619027e-01 -1.343295814330539018e-01 -1.283141277739447417e-01 -1.204130606396522085e-01 -1.106270690563243980e-01 -9.905125890804669653e-02 -8.576621200029099779e-02 -7.071956749681201915e-02 -5.415663220663101407e-02 -3.591239726509734553e-02 -1.594069231837478076e-02 4.398831552088347530e-02
-2.107216522361783639e-02 -5.393670209938816046e-02 -9.225175551997742696e-02 -1.324285946535779801e-01 -1.749123587596115859e-01 -2.197968805472881038e-01 -2.673128220131419930e-01 -3.171561565501228031e-01 -3.696479753453075223e-01 -4.246424744234416626e-01 -4.821618444872151077e-01 -5.415237135141302005e-01 -6.026179587177747932e-01 -6.651274282076761191e-01 -7.285287243668432389e-01 -7.921693406210652544e-01 -8.557088307043700937e-01 -9.181446858163196945e-01 -9.795661935030023360e-01 -1.038959247214827464e+00 -1.096006632708055095e+00 -1.150164275376431844e+00 -1.201463752971200893e+00 -1.249542938965926719e+00 -1.294254216957032799e+00 -1.335803779831358451e+00 -1.374323535646799099e+00 -1.409580623813825317e+00 -1.441417905973149338e+00 -1.494041570154643894e+00
2.394534697636584164e-03 -1.032093612122853346e-02 -2.092683189528594945e-02 -3.051106614327176239e-02 -3.892235320652213254e-02 -4.625913496284753124e-02 -5.240410561848468651e-02 -5.733167310588695859e-02 -6.092933421132698535e-02 -6.321495029471782545e-02 -6.432611446196689897e-02 -6.417897351657902982e-02 -6.288428866103122628e-02 -6.046243517044511823e-02 -5.693204552732733514e-02 -5.247214643666152367e-02 -4.703441088636922673e-02 -4.068196809820198712e-02 -3.351217945176380997e-02 -2.555876797072753961e-02 -1.698080067020768871e-02 -7.822717043803658482e-03 1.889812267269284224e-03 1.200469151397285349e-02 2.245934431874831161e-02 3.330219246888821427e-02 4.435198054782171079e-02 5.570184917476783681e-02 6.733290196864601118e-02 9.754562328228756629e-02
5.867181414098282533e-04 5.012438186413198382e-04 -4.949733875104571704e-03 -1.184580817470642922e-02 -2.022660907505876779e-02 -3.007245275286772601e-02 -4.148125296204142887e-02 -5.434021208482812254e-02 -6.872578094241252322e-02 -8.449953414276463459e-02 -1.016014314573373128e-01 -1.197033145696897449e-01 -1.386333397042624760e-01 -1.582009699501770172e-01 -1.781224611303699468e-01 -1.980676168279637550e-01 -2.179117039569822833e-01 -2.373213884504568882e-01 -2.563486461228046132e-01 -2.747007635122687974e-01 -2.923456844500774698e-01 -3.092031180301737514e-01 -3.253419025409887699e-01 -3.407973727583110124e-01 -3.556303874714614177e-01 -3.700155656777106006e-01 -3.841781932554342305e-01 -3.981884179285917202e-01 -4.122860113677865312e-01 -4.506713619751634425e-01
5.318921807430392751e-02 1.197404658097447061e-01 1.929091853871982842e-01 2.668984438317097974e-01 3.411810636231857874e-01 4.153531631771514854e-01 4.892365382309232791e-01 5.622373366002324513e-01 6.345471282237405974e-01 7.061589792182522141e-01 7.773950261439919185e-01 8.477456222069135183e-01 9.175926595130776686e-01 9.868595802246722393e-01 1.055640315804794671e+00 1.123901486044717402e+00 1.191755120047284455e+00 1.258746943758626724e+00 1.325569300845099718e+00 1.391779265389362585e+00 1.457512513590136560e+00 1.522627494648582713e+00 1.587421904453666377e+00 1.651653215027615307e+00 1.715060119385282800e+00 1.777957369109752550e+00 1.840050805944450030e+00 1.901184680967867635e+00 1.960823867143730359e+00 2.083885638951746166e+00
1.320245195074811612e-03 -1.090677639275161245e-02 -2.145438166373526273e-02 -3.120314073533819038e-02 -4.005990441132038782e-02 -4.812792206246330196e-02 -5.530652632783233935e-02 -6.154715254249615991e-02 -6.674056213799661741e-02 -7.085880643525888090e-02 -7.396372574450629789e-02 -7.590107436266584073e-02 -7.669433625128529997e-02 -7.629610273210632454e-02 -7.462053925489806061e-02 -7.175805529565137952e-02 -6.760985395956078947e-02 -6.217086559574031002e-02 -5.551066673460364198e-02 -4.761839606194952917e-02 -3.864270109751159754e-02 -2.862125761235234656e-02 -1.759599266622872277e-02 -5.742169814909915682e-03 6.833423380473262199e-03 2.014350939657228584e-02 3.394437291139947716e-02 4.828770187905687128e-02 6.309966467170280424e-02 1.010253072134686542e-01
1.159004818963726979e-02 1.295864216066969915e-02 1.872235809373714102e-02 2.567096673445774802e-02 3.368730180708537358e-02 4.254280917094430126e-02 5.229291333878606507e-02 6.284690287206444459e-02 7.435968596697987987e-02 8.686693841731715771e-02 1.004256578982577613e-01 1.150855514195032181e-01 1.309419957856021721e-01 1.480553249782953773e-01 1.665878062532979986e-01 1.864636633792887688e-01 2.078665455069964030e-01 2.307403658736900953e-01 2.552408984517298141e-01 2.813192680347393893e-01 3.089015363140046322e-01 3.379616607819115881e-01 3.685557156424633662e-01 4.004815542879180401e-01 4.335668601037783731e-01 4.679399913972643321e-01 5.032950121907676655e-01 5.397002209483462432e-01 5.770472283248749834e-01 6.710192820466044372e-01
1.917164176530559982e-03 -1.261359634579066816e-02 -2.633815966004739509e-02 -3.839553775447089590e-02 -4.790514409643489152e-02 -5.474617774950713001e-02 -5.855192060341436050e-02 -5.928650589310443392e-02 -5.665995754822667624e-02 -5.082050393023729296e-02 -4.213989397011916327e-02 -3.078433636210185093e-02 -1.715510206649241073e-02 -1.504988125294395157e-03 1.565447508542892191e-02 3.365208883434009368e-02 5.213797486158702060e-02 7.045535454457473035e-02 8.809571409565777889e-02 1.044164281157648755e-01 1.188170445513154760e-01 1.308132764310565299e-01 1.401873045928607453e-01 1.464890840837092811e-01 1.496333471740081966e-01 1.495491661964017949e-01 1.461448112625943763e-01 1.392508066309566528e-01 1.286141617139563154e-01 7.724161792420064510e-02
2.203811389511078911e-02 5.549239799310450721e-02 8.716104294767354488e-02 1.180798413553720561e-01 1.480074842984946959e-01 1.768144417712910754e-01 2.042632608244511483e-01 2.300690823377221639e-01 2.541209235478194550e-01 2.763499318004828398e-01 2.966329704579042104e-01 3.147325457786825376e-01 3.306125190980179762e-01 3.441248080933801412e-01 3.551556108016128421e-01 3.637858633293328814e-01 3.700005116249741599e-01 3.738101413444507304e-01 3.754739259964249842e-01 3.750993945919892658e-01 3.729666980739358983e-01 3.692504664199592890e-01 3.641895065816739274e-01 3.579764219887880405e-01 3.507514397301693121e-01 3.426961393530959521e-01 3.338880004625821574e-01 3.245028567985190349e-01 3.145035323758226253e-01 2.862014722266668088e-01
1.263458275140818404e-03 -3.498169849101541440e-03 -1.105042461051910195e-02 -1.913988407043424114e-02 -2.768977439571919386e-02 -3.670798147251051746e-02 -4.618874863707634476e-02 -5.603630404327986092e-02 -6.622963011293714342e-02 -7.666894580044042451e-02 -8.733601078754810176e-02 -9.797194044804657942e-02 -1.084773760352267108e-01 -1.187157388995764562e-01 -1.284922011326195546e-01 -1.376682001518279574e-01 -1.461489049161832365e-01 -1.537765352134165542e-01 -1.606396564175379960e-01 -1.666142738712309279e-01 -1.717882253507827528e-01 -1.761776259033954739e-01 -1.798662155013945607e-01 -1.829936051354444926e-01 -1.856632581493019019e-01 -1.879959367109038659e-01 -1.902429785347508895e-01 -1.924662219835948096e-01 -1.948819012399654049e-01 -2.051443108123358894e-01
-3.302893043181359678e-02 -9.115428933691470392e-02 -1.553274138361003809e-01 -2.206155517867727789e-01 -2.868632369560958351e-01 -3.539917968462193976e-01 -4.219635016229226210e-01 -4.903033204818994517e-01 -5.592046904484383463e-01 -6.286034109120075541e-01 -6.987291742355876689e-01 -7.688856312780107949e-01 -8.392250623782160357e-01 -9.095410350273761546e-01 -9.796047529470646165e-01 -1.049119242248230721e+00 -1.118017472090278241e+00 -1.185602287814275124e+00 -1.252457157403470855e+00 -1.317901375453904844e+00 -1.382048601557725576e+00 -1.444665537378793108e+00 -1.506041350433527937e+00 -1.566062111636592924e+00 -1.624609707644352419e+00 -1.682084590925569945e+00 -1.738610527746322187e+00 -1.794167245513851094e+00 -1.848740618995394769e+00 -1.972202664578551312e+00
-1.042417998371190230e-02 1.620039503951557769e-03 -3.622141983720052194e-03 -1.543855218837437634e-02 -3.497333123371718089e-02 -6.224995345939939029e-02 -9.797270348301956311e-02 -1.417924687258778071e-01 -1.942791656161252378e-01 -2.548488801718561958e-01 -3.227490757579787317e-01 -3.967954219474760791e-01 -4.759101395292896775e-01 -5.591542539509279930e-01 -6.450482636466591257e-01 -7.317591537128944612e-01 -8.185742759518216394e-01 -9.037195099264488940e-01 -9.868663649523934378e-01 -1.066456719792044261e+00 -1.141778240987586068e+00 -1.212120863290558015e+00 -1.277556570376430667e+00 -1.337707489420794760e+00 -1.392684778847742999e+00 -1.443105626919377604e+00 -1.489484536581969110e+00 -1.532085159923467277e+00 -1.571474927125556365e+00 -1.658841112002978457e+00
5.375941833467190456e-02 1.334771231836734129e-01 2.155157332767783096e-01 2.969085235833229253e-01 3.768389223240962704e-01 4.549232082634061536e-01 5.306837647733380070e-01 6.034255954879860218e-01 6.730290986576956680e-01 7.393992151540436097e-01 8.026333407970867029e-01 8.621100021183684126e-01 9.180356132686505743e-01 9.701885257503797266e-01 1.018518186929972202e+00 1.063206281576833501e+00 1.104327904016714212e+00 1.141754863036167134e+00 1.176307057386128729e+00 1.207991667414322068e+00 1.237401357901417809e+00 1.264798868901156226e+00 1.290716806367466329e+00 1.315437215103262947e+00 1.339067444118670736e+00 1.362060214967595106e+00 1.384496495631056368e+00 1.406582582215954336e+00 1.428159116497179193e+00 1.472957726947600410e+00
3.994315462410961970e-04 -8.466271060846724400e-03 -1.831483274006232703e-02 -2.742233641385657603e-02 -3.527271894672278502e-02 -4.179892192793557143e-02 -4.687019328975951249e-02 -5.051595142573133551e-02 -5.269457445240191551e-02 -5.360863569895344544e-02 -5.375058604783591876e-02 -5.332477740837657937e-02 -5.282146225097701653e-02 -5.256432760239557883e-02 -5.308638621450055550e-02 -5.483763351855328733e-02 -5.812551137105426841e-02 -6.327242153750024800e-02 -7.063621139870696064e-02 -8.043215499731733165e-02 -9.287412785291600248e-02 -1.080794381960480666e-01 -1.260830546559483512e-01 -1.469100034624827300e-01 -1.703842633586994115e-01 -1.964727053346027597e-01 -2.250209932522421463e-01 -2.559205919394403894e-01 -2.891276982569824239e-01 -3.807733507085078184e-01
