6.408292807089692456e-02 9.413495841268247621e-02 1.244950297703716485e-01 1.600296568863372459e-01 1.939298632581689108e-01 2.278574459018612441e-01 2.585740653396316757e-01 2.966929677094266582e-01 3.308646359349209920e-01 3.642212151536575182e-01 4.006238890393392649e-01 4.329474493266580182e-01 4.637724573560897401e-01 4.878803095610366736e-01 5.147672801704732404e-01 5.377101567200515131e-01 5.514328135896362504e-01 5.645877224241216963e-01 5.748537733802331351e-01 5.776948913844806022e-01 5.780462713681778775e-01 5.758493453266575468e-01 5.683182773767260221e-01 5.618338706151269069e-01 5.486396206706851686e-01 5.345561086754899716e-01 5.205326157285384836e-01 5.055608229190566849e-01 4.892968799581336459e-01 4.517934131276282184e-01
4.482217606024409273e-02 7.556565334876866324e-02 1.028843872635752665e-01 1.328275382872596833e-01 1.592665554685581963e-01 1.842095110454195772e-01 2.051381457411776410e-01 2.290525590166933301e-01 2.485832897369027461e-01 2.660868532527140840e-01 2.836056364575217925e-01 2.970790370394782443e-01 3.101470534397828827e-01 3.178518270140180402e-01 3.261445151187126745e-01 3.315756077810271263e-01 3.316138801434424521e-01 3.320418969189434799e-01 3.312112023911221170e-01 3.268268569806861423e-01 3.207309581126184250e-01 3.148086833975568544e-01 3.053016808693913564e-01 2.977796818339578655e-01 2.872365866071740492e-01 2.760977374671325091e-01 2.655454636562665227e-01 2.551006953417510048e-01 2.445143368043748155e-01 2.156224779681216730e-01
-3.236150177051522886e-03 -2.313253267849075742e-02 -3.726982281711777034e-02 -4.957194793873821725e-02 -6.058749285973996646e-02 -6.920207329045865996e-02 -7.566422018441783248e-02 -8.021014114611196844e-02 -8.352260098952285494e-02 -8.508544328747340291e-02 -8.385100413899523875e-02 -8.144350220473309254e-02 -7.879040593920569324e-02 -7.337422398490880959e-02 -6.676417953997994259e-02 -6.010946187687771919e-02 -5.137937275210305993e-02 -4.188470032445906766e-02 -3.102023263758342531e-02 -2.118239417465490534e-02 -8.129980154211881305e-03 3.829501795802194020e-03 1.674088571171507278e-02 3.054099095577876566e-02 4.608857533068996815e-02 6.087895316912070309e-02 7.596709410800242535e-02 9.202432686678704843e-02 1.081224358582773132e-01 1.579583486849499008e-01
1.076539239002223536e-02 1.328113590013337356e-02 1.524040266388045420e-02 1.781731110280395172e-02 1.924943997470036222e-02 2.086993603766668093e-02 2.204753567882662343e-02 2.371091352739999186e-02 2.444596580203337380e-02 2.489227953319951558e-02 2.621110021756552569e-02 2.665493190134650067e-02 2.764711421965545743e-02 2.888095611330402865e-02 3.055590225392793707e-02 3.174917452807490825e-02 3.361218048049895851e-02 3.654448357552592119e-02 4.090278782145220782e-02 4.453406848460836343e-02 4.990916560968684801e-02 5.548815516483080607e-02 6.099975027576816367e-02 6.805101228064687480e-02 7.621513097925394775e-02 8.387629628232452783e-02 9.147871911681303148e-02 1.001020525424643343e-01 1.084930313412748315e-01 1.280168714697456911e-01
1.849419860381025862e-02 3.112024611243268887e-02 3.978820693456810303e-02 4.847493378394012592e-02 5.537732040246586690e-02 6.186630843816651182e-02 6.686735127664908407e-02 7.252859500366157230e-02 7.635205356110796870e-02 7.946585821981280717e-02 8.232800048442928675e-02 8.409226226800019244e-02 8.480264502348057454e-02 8.479279825292045103e-02 8.405945462565436732e-02 8.274633152802535196e-02 7.955727488215039167e-02 7.605734577320591439e-02 7.252681078047354402e-02 6.755126068691949537e-02 6.142232308150104292e-02 5.511372078343443337e-02 4.607875943450012723e-02 3.784375242126875732e-02 2.714077512796348249e-02 1.558874700732067013e-02 3.430496032859225650e-03 -9.255544255736620346e-03 -2.410637920881296414e-02 -7.490410782328452144e-02
6.503616431605178938e-02 9.317499421763887624e-02 1.239464990485049933e-01 1.623532651088367695e-01 1.998450164269546803e-01 2.379347523375770768e-01 2.734672246672403273e-01 3.203559567927882767e-01 3.637464773763200987e-01 4.092929244899360941e-01 4.628311591819762594e-01 5.113330584728282835e-01 5.673588969462195486e-01 6.145699796423691463e-01 6.740541027855880829e-01 7.313493694573567350e-01 7.823003824607552836e-01 8.389520282674171048e-01 8.976438117264384786e-01 9.493919559537675745e-01 1.002417230428864103e+00 1.055071576976548631e+00 1.104408166046215944e+00 1.156428736056344331e+00 1.205429552979599528e+00 1.250419950540591962e+00 1.295738464780888943e+00 1.336139311204356250e+00 1.369197060943129873e+00 1.445698073928503913e+00
5.843637207803797223e-02 9.741252714125039902e-02 1.331919005495786346e-01 1.731405207324357709e-01 2.096250150619967667e-01 2.445036591906800949e-01 2.747600129077071296e-01 3.105733362658027463e-01 3.413011208485957071e-01 3.704203636556144819e-01 4.016151497989819408e-01 4.274997714151185235e-01 4.552552917972795266e-01 4.754160733932981109e-01 4.996540452269958021e-01 5.206925268485667058e-01 5.351482162840640600e-01 5.514423361767767373e-01 5.677639233176663414e-01 5.789624826598169793e-01 5.886729825737664346e-01 5.987970789491823265e-01 6.046571063072538887e-01 6.132310466912386238e-01 6.180258802629827741e-01 6.216188858716236165e-01 6.254915282207245131e-01 6.280506471269140523e-01 6.285630186996947755e-01 6.243115391767264377e-01
4.909653219935274787e-03 7.158080171622428767e-03 9.723879066957132056e-03 1.367695727072086066e-02 1.575368484229841548e-02 1.777637609518953332e-02 1.894373372435190217e-02 2.035404069914969333e-02 2.040555189237854006e-02 2.000321615905867323e-02 2.036835658987189157e-02 1.929163077287156941e-02 2.028869758240816126e-02 2.099373115140664922e-02 2.282344666296296995e-02 2.395802658263901375e-02 2.711656498075289481e-02 3.252269222429490791e-02 4.039219465342983040e-02 4.837444280029877530e-02 5.933578117704201710e-02 7.189285366222594731e-02 8.593806780099931542e-02 1.022348887101522247e-01 1.226061796338885207e-01 1.425539201551960788e-01 1.629420078508276859e-01 1.855203921523634891e-01 2.093440116405849705e-01 2.725831194264887181e-01
1.047325386030881211e-02 3.699313600824691295e-03 -4.361772193319617130e-04 -2.458025503642925075e-03 -4.535321791156838103e-03 -5.113410348420228957e-03 -4.902060643552978020e-03 -2.233406683016752811e-03 5.158986157354685659e-04 4.577612404392594064e-03 1.154579232786766968e-02 1.850483699201838778e-02 2.729708644957507674e-02 3.690533604926178601e-02 4.947649506540488518e-02 6.206410570935540216e-02 7.589677256907176317e-02 9.182527305857043909e-02 1.099640259616486981e-01 1.267805401882225180e-01 1.467000101884596008e-01 1.662946997124068460e-01 1.865191226689534298e-01 2.081362760123402766e-01 2.313954082200686546e-01 2.535308429507742711e-01 2.756260214261350150e-01 2.978410165698702761e-01 3.185169506506155268e-01 3.727552638465890245e-01
2.065162748878876867e-02 2.824048962377240582e-02 3.358626313453125928e-02 3.942663217963292277e-02 4.397775985783632796e-02 4.842056606524512002e-02 5.201649025449175262e-02 5.663142392334129943e-02 5.990944350132067220e-02 6.295247821962797474e-02 6.662146819568065537e-02 6.930369596553631606e-02 7.186852338781973826e-02 7.397421587756124184e-02 7.626892221969602814e-02 7.819154557112958925e-02 7.902449373606430794e-02 8.039301276981955513e-02 8.204182210809687903e-02 8.248150295829456691e-02 8.318901795950842115e-02 8.353269711194724612e-02 8.249993976770260418e-02 8.237147482225214146e-02 8.111947993528860479e-02 7.907456391773129423e-02 7.667955755631758463e-02 7.416391392709048569e-02 6.990689422739969350e-02 5.211249909047033918e-02
3.298432787100763486e-02 6.760037329820048346e-02 9.600453156565340318e-02 1.264222046280580602e-01 1.508297367465240013e-01 1.721376998129756364e-01 1.883609566153373882e-01 2.047268406907995775e-01 2.160129214643084772e-01 2.246528972547583158e-01 2.324351217922568935e-01 2.351100005237365953e-01 2.433656487073641295e-01 2.458553498716994079e-01 2.514768054827108967e-01 2.556274276454991168e-01 2.600079310683532929e-01 2.691022907877873571e-01 2.821762402462407171e-01 2.956123190881556062e-01 3.106676747908122538e-01 3.307289116655127703e-01 3.510391962559790136e-01 3.755592183967488840e-01 4.046644463053727381e-01 4.328791677074424471e-01 4.616857827260446578e-01 4.917590463214373542e-01 5.216622916338161664e-01 5.868306351384577901e-01
-2.197647084316077526e-02 -5.877332783525382465e-02 -9.181213418400184512e-02 -1.258792979064922990e-01 -1.564800892595214765e-01 -1.832284441378110862e-01 -2.050036860305652908e-01 -2.262041487875673385e-01 -2.430651416547193744e-01 -2.559894363067141687e-01 -2.649737999538246402e-01 -2.697920342662961102e-01 -2.735880100241498414e-01 -2.702084415713261745e-01 -2.646289244214565795e-01 -2.560800605231190463e-01 -2.420547697843262180e-01 -2.268310791797883974e-01 -2.085843274689554439e-01 -1.893368470800335102e-01 -1.666173340263809310e-01 -1.453663829426402043e-01 -1.231585494147375004e-01 -1.015116804193343658e-01 -7.826921435883096856e-02 -5.785467861627739683e-02 -3.829632289751702667e-02 -2.076259862092936018e-02 -8.291316200564745331e-03 1.131884167619908246e-02
3.181029484181162326e-02 4.527935101113424871e-02 5.911591667200410266e-02 7.588912765406660710e-02 9.229463018393800622e-02 1.096190145409399463e-01 1.257938350109970571e-01 1.471434403849929962e-01 1.666645153228129561e-01 1.865605361599806111e-01 2.093976257507982608e-01 2.305174549064814560e-01 2.505602936733052899e-01 2.678820174495891715e-01 2.876648226124158825e-01 3.056414790562735351e-01 3.184286046105826995e-01 3.310649952688958231e-01 3.425252433865172419e-01 3.489596090121140914e-01 3.545829356677430155e-01 3.576591480238741072e-01 3.569918283516177460e-01 3.568258982597487527e-01 3.516464337893306924e-01 3.453486152788400321e-01 3.383657455789255142e-01 3.298695112652232364e-01 3.184250245049865535e-01 2.858583649560829665e-01
5.893083459727542842e-03 -1.127006890487075065e-02 -2.330515911981559732e-02 -3.318567107309928349e-02 -4.089004253449313175e-02 -4.557395979422165094e-02 -4.769100851925071882e-02 -4.576396225230010273e-02 -4.224538696250618175e-02 -3.586423598115270200e-02 -2.481624370169874597e-02 -1.254749458566272596e-02 5.110586757438029260e-04 1.570787142937148106e-02 3.437688414309609392e-02 5.340860452669864838e-02 7.283614879431557498e-02 9.320439095517316086e-02 1.148667479336814151e-01 1.339387520033728796e-01 1.553455226477914730e-01 1.745736674222467533e-01 1.930379022711141979e-01 2.118334636476713606e-01 2.298068674604505368e-01 2.455762099332752246e-01 2.613324552455889016e-01 2.754485290630085959e-01 2.863588784189781689e-01 3.148679938866552064e-01
-6.019361786219236399e-04 -1.891328171508807957e-02 -3.397539406415328589e-02 -4.829893356143607347e-02 -6.188648455006770521e-02 -7.352603327292121793e-02 -8.311484662071691454e-02 -9.236888296904294249e-02 -1.002646341032146088e-01 -1.071418043358107058e-01 -1.123260974088663433e-01 -1.158095477874463153e-01 -1.199413347042048855e-01 -1.203185700132327202e-01 -1.207723005803118393e-01 -1.208835723119175143e-01 -1.181313681759091350e-01 -1.148584837962322858e-01 -1.099230331253607668e-01 -1.052981891641554257e-01 -9.714523898221659459e-02 -8.999283075238287410e-02 -8.125888117131432886e-02 -7.173467480675678465e-02 -5.995048167233463232e-02 -4.809330007141844610e-02 -3.666493292791637992e-02 -2.322705242057062150e-02 -9.264006561546911378e-03 3.289181184409471076e-02
3.953392434308489189e-02 5.871287161891321216e-02 7.638203799570292274e-02 9.732299839614551307e-02 1.165140783929989599e-01 1.354765816929941469e-01 1.523969241960715926e-01 1.741433701512725696e-01 1.932147068989503169e-01 2.125126204579986799e-01 2.347417657971206939e-01 2.543575362048505206e-01 2.766838717947752158e-01 2.950898405829094906e-01 3.182133105517860883e-01 3.400158663363495037e-01 3.588095937193903628e-01 3.803079036322591922e-01 4.031661431106277615e-01 4.225681383903227561e-01 4.426940366846662256e-01 4.630041602565627690e-01 4.811446564987048591e-01 5.012812533307429153e-01 5.199824775200544424e-01 5.369410635544495936e-01 5.536447861175638474e-01 5.689511141041095899e-01 5.807675929018456529e-01 6.034992091769156852e-01
-4.705146206384458463e-03 -2.821201146758148259e-02 -4.872766187510738090e-02 -6.986466920504257050e-02 -9.092702607791269820e-02 -1.104822734883325885e-01 -1.280448636563302767e-01 -1.485315536831868233e-01 -1.675650010324610251e-01 -1.870190201131866348e-01 -2.077861016708814623e-01 -2.262699783225081140e-01 -2.486479118256188225e-01 -2.655396302411794918e-01 -2.876182797557732540e-01 -3.097895851126309941e-01 -3.283817398623146699e-01 -3.489801943007487806e-01 -3.694038435217882332e-01 -3.887199813135529536e-01 -4.056660271119387207e-01 -4.232208718834332695e-01 -4.390625987189434865e-01 -4.543178934707159389e-01 -4.666321084681124831e-01 -4.775498049557812541e-01 -4.881664823857693736e-01 -4.942346294888492197e-01 -4.957175794538974944e-01 -4.854137845915676985e-01
1.951959000111821302e-02 3.216538904287863376e-02 4.196158381102541024e-02 5.229719374686076644e-02 6.017925532162471391e-02 6.745696241391377357e-02 7.280641226741801919e-02 7.814426079698760796e-02 8.132516174218229477e-02 8.301268280595755500e-02 8.408014953913532652e-02 8.342041502650217322e-02 8.166205726789921293e-02 7.889339910727102834e-02 7.499145149131643262e-02 6.981833089031441730e-02 6.340871984192993083e-02 5.698842329280577601e-02 5.073868228098860067e-02 4.341628845113691682e-02 3.589189131596855209e-02 2.877531186493478138e-02 2.012334033596992894e-02 1.290731634399680874e-02 5.204897194146008294e-03 -2.611621463211426849e-03 -1.052031724067913239e-02 -1.720496666767450458e-02 -2.348602662853671585e-02 -4.395153217639175686e-02
-1.421024629338475675e-02 -3.169237781467135889e-02 -4.881222642958776836e-02 -6.816729502680657360e-02 -8.760375947193771440e-02 -1.056957190144067193e-01 -1.222549745333478266e-01 -1.426235787076459705e-01 -1.617375009009778264e-01 -1.816361361487460191e-01 -2.039352597107864651e-01 -2.239694354574205126e-01 -2.494648455228079820e-01 -2.694955343317237961e-01 -2.962192534285909562e-01 -3.228710644842281985e-01 -3.474042876453266593e-01 -3.755159779282046251e-01 -4.046885785456388329e-01 -4.327938076911402310e-01 -4.611867007024186282e-01 -4.907078164672489806e-01 -5.206794132241046036e-01 -5.511576209654671654e-01 -5.816972317416069238e-01 -6.114793695926783457e-01 -6.415133785595756866e-01 -6.687019054786998984e-01 -6.932554921999700692e-01 -7.554108909576537911e-01
5.979280723346928894e-02 9.697392456975659214e-02 1.310687461696612988e-01 1.685331979565954097e-01 2.034349756053069336e-01 2.373681212785680450e-01 2.670446054500342781e-01 3.020123139434667259e-01 3.322096571132416853e-01 3.602495063963013777e-01 3.886541473928646351e-01 4.130152516887585223e-01 4.330887036705554638e-01 4.467885001261335254e-01 4.597061095158071486e-01 4.685430274589463817e-01 4.670674415075883879e-01 4.628791418921137657e-01 4.543237132628888952e-01 4.388676739390046655e-01 4.185642817597827192e-01 3.955380003823075752e-01 3.656026620869208266e-01 3.362043102878544687e-01 2.977576079347448168e-01 2.592519991196671758e-01 2.203797072857610062e-01 1.807934375992654441e-01 1.402977333905690016e-01 3.427383434592522204e-02
7.746002732221562992e-02 1.116451025374812361e-01 1.493540255688990959e-01 1.959348408133037012e-01 2.411768045424884377e-01 2.867729560594795002e-01 3.287556337830710995e-01 3.830372254451004377e-01 4.327629547322129344e-01 4.836809225761898312e-01 5.421776423118651600e-01 5.947185979328034611e-01 6.533582333121670249e-01 7.017211498600460784e-01 7.615304439174437334e-01 8.175571799689205221e-01 8.654065871265426146e-01 9.181848566696033664e-01 9.718449879022268423e-01 1.017106603357393890e+00 1.063232991122038396e+00 1.108560087345271672e+00 1.150070958315718928e+00 1.194525423292614796e+00 1.235544447157975956e+00 1.273286088739186361e+00 1.311862215250554353e+00 1.346789635474535896e+00 1.376984573716350635e+00 1.456047016268205985e+00
1.537844002270668392e-02 2.366686613811183962e-02 2.901886439214038452e-02 3.442536870928642606e-02 3.645192556205915924e-02 3.751130715944225175e-02 3.659324609082995755e-02 3.325803649496647529e-02 2.778453180216370125e-02 1.977502211784420982e-02 9.058419348151911660e-03 -2.804177413084443099e-03 -1.693151423526183252e-02 -3.077912385718107810e-02 -4.846058520117990653e-02 -6.771508543504732580e-02 -8.627594788606737786e-02 -1.055544685088780354e-01 -1.244650856046160270e-01 -1.429848765787356535e-01 -1.608642233473880356e-01 -1.773518864846822252e-01 -1.937354026461540757e-01 -2.083369357655720511e-01 -2.205865443515011570e-01 -2.317238498629346499e-01 -2.426069890825946207e-01 -2.494068533355253137e-01 -2.521558899922651809e-01 -2.552232725834516769e-01
1.186037628971755714e-01 1.856220154753472906e-01 2.545533592006687384e-01 3.365087339375413267e-01 4.144796116233285810e-01 4.906050904372949439e-01 5.589117795916289655e-01 6.443916905109817739e-01 7.212744948853816451e-01 7.982571670260533159e-01 8.841206808578745413e-01 9.595668649290496344e-01 1.045628895164615324e+00 1.113380939103733702e+00 1.197393717730415696e+00 1.275717278847618985e+00 1.340969386633832361e+00 1.413851500895632052e+00 1.487834244255855864e+00 1.550860949928822841e+00 1.612803418462961158e+00 1.676252422083349014e+00 1.733744044129243100e+00 1.795899531069373944e+00 1.853410738676757319e+00 1.906231281952667000e+00 1.960606696017203721e+00 2.009414783827419448e+00 2.051217630592754304e+00 2.153055860053557424e+00
7.434041617322503792e-02 1.175793649770698612e-01 1.597222917466771808e-01 2.091564865452546496e-01 2.550688407169313110e-01 2.994966914984419359e-01 3.388290273286268528e-01 3.875196862071907944e-01 4.303956174726770167e-01 4.730876433539878412e-01 5.208707928222741090e-01 5.618105189322443183e-01 6.099305399495218438e-01 6.473708327571485732e-01 6.947202835700069246e-01 7.386309325881545984e-01 7.761591227199655663e-01 8.192369380059751904e-01 8.644703312927601857e-01 9.037246685924369416e-01 9.434804313800150277e-01 9.851418539879290837e-01 1.023606462967056485e+00 1.065992771486413693e+00 1.107333638611033066e+00 1.145573047405099132e+00 1.185018524272519080e+00 1.221677974679925560e+00 1.254607361784281672e+00 1.334217277987882255e+00
6.616222499329898338e-04 -1.229692007945864390e-02 -2.439675167280419901e-02 -3.701519299770655858e-02 -4.991681974207407002e-02 -6.165253240054734823e-02 -7.222762652308051257e-02 -8.431663938508271450e-02 -9.569318012335045753e-02 -1.069955236489842643e-01 -1.185419496050023058e-01 -1.289228850015320116e-01 -1.412541221273010406e-01 -1.501094843514987343e-01 -1.614126785951721654e-01 -1.725856810957107079e-01 -1.815616651400941972e-01 -1.913410914514452055e-01 -2.004763348548317115e-01 -2.091611816565421833e-01 -2.164218705132726073e-01 -2.240859597959871663e-01 -2.315877832337128461e-01 -2.384219208792835165e-01 -2.441086592052081894e-01 -2.498399199210758481e-01 -2.556134433642798798e-01 -2.595244304297779081e-01 -2.624333907391729337e-01 -2.694930638248655974e-01
4.923344551689660259e-02 7.945790981326666946e-02 1.064681518728430309e-01 1.367246175856012824e-01 1.648570433602752072e-01 1.923430743770981888e-01 2.166820404423260849e-01 2.466307237263711816e-01 2.727758269212526843e-01 2.985824910014592826e-01 3.267130065815855300e-01 3.513539647653257103e-01 3.768761702267960367e-01 3.968626114105284763e-01 4.206009543290342712e-01 4.421350514106501262e-01 4.574557053421904884e-01 4.739027566961917515e-01 4.898551157623018404e-01 5.007668778169850343e-01 5.098537073574090916e-01 5.181283681325348223e-01 5.216415664577898070e-01 5.266321235050193117e-01 5.264111452207753672e-01 5.243664663712320761e-01 5.220143362525206943e-01 5.170468523223942237e-01 5.079989462134963940e-01 4.736331605612723039e-01
-1.700345400622191305e-02 -3.854254249139462546e-02 -5.845450844460055306e-02 -8.009119648413073889e-02 -1.015529594482691700e-01 -1.215202704667747435e-01 -1.394947622600041237e-01 -1.607939941555367735e-01 -1.805287993672178570e-01 -2.003985346693198943e-01 -2.217512018308274713e-01 -2.406210344126972211e-01 -2.631834944650484065e-01 -2.800109272840651808e-01 -3.018715781850735413e-01 -3.231065640101963843e-01 -3.408774853869654398e-01 -3.607824791527102781e-01 -3.804156871846612331e-01 -3.986309474078468251e-01 -4.153260267636024183e-01 -4.328561779076978699e-01 -4.495279079245043663e-01 -4.660698295228554167e-01 -4.811927705710866698e-01 -4.954290493900658232e-01 -5.099638259240298899e-01 -5.215669487014620298e-01 -5.310362557182770615e-01 -5.523855209817736256e-01
1.193103153258436369e-03 -1.776157428526232984e-02 -3.455611516252858617e-02 -5.248834695226156644e-02 -6.873444276173361345e-02 -8.244889076336882339e-02 -9.376088489627552869e-02 -1.058483918427653436e-01 -1.160745409136227091e-01 -1.261250401617399763e-01 -1.366271682586081837e-01 -1.441069820321687345e-01 -1.594118903233890661e-01 -1.691550967795343308e-01 -1.848342350481180785e-01 -2.008335792877563863e-01 -2.180069775962486522e-01 -2.401505462934996893e-01 -2.652867509161138670e-01 -2.923746591198832512e-01 -3.207317485818653169e-01 -3.533211406390576736e-01 -3.883979722144280666e-01 -4.249462170654542126e-01 -4.663677533263906327e-01 -5.067946785569661383e-01 -5.481102498381483779e-01 -5.879827091094056435e-01 -6.268620140218922332e-01 -7.215718719496063693e-01
2.433228014272850390e-02 4.759331904273794017e-02 6.122860344689293882e-02 7.271435991908625773e-02 8.040768310979166944e-02 8.607961750302385584e-02 8.890114355237717370e-02 8.931963222422048543e-02 8.709569268226718952e-02 8.272952980089604003e-02 7.573600207102512694e-02 6.695059155133939455e-02 5.723389632566150409e-02 4.655499245576469325e-02 3.340834586634675724e-02 2.034530299825306268e-02 5.980530652089085381e-03 -8.419460679019934168e-03 -2.272152865918840650e-02 -3.645476862691385267e-02 -5.228779838486805054e-02 -6.684802817610197012e-02 -8.409940563077464293e-02 -1.005509157397488362e-01 -1.189015360572974189e-01 -1.378576757324684876e-01 -1.580169092416315313e-01 -1.783973492860051469e-01 -2.015968063861766080e-01 -2.863951215244003867e-01
3.795441391601253600e-02 5.949832896815109018e-02 7.924854871523846767e-02 1.019748920798727726e-01 1.226619429082219798e-01 1.428767452010876737e-01 1.607094275324981170e-01 1.829130000718427740e-01 2.021648714261652102e-01 2.212791422243949868e-01 2.429784015375826556e-01 2.616505814031182542e-01 2.827760153777480467e-01 2.997263944825752091e-01 3.209135260772850717e-01 3.406264282066326921e-01 3.570493523103359657e-01 3.758366031818375363e-01 3.958793626117870224e-01 4.124645324222889209e-01 4.293999114623704427e-01 4.465203422868694316e-01 4.611123956050868222e-01 4.779120423788695837e-01 4.927888069915552505e-01 5.061068670317424578e-01 5.193194438760253551e-01 5.311012081887334091e-01 5.396630701282267850e-01 5.534513996145173920e-01
-1.329716260666742068e-02 -3.194818481438082419e-02 -5.055803434720095718e-02 -7.133945608285587048e-02 -9.226036635674134123e-02 -1.120173562918158894e-01 -1.301563821593409997e-01 -1.521756732763042685e-01 -1.728073699916798933e-01 -1.942184734487930053e-01 -2.178308583641210827e-01 -2.388725185267019935e-01 -2.646488835409985252e-01 -2.845554958297857873e-01 -3.104531430690356530e-01 -3.359104998218609417e-01 -3.582070790358539147e-01 -3.831250250095691312e-01 -4.081824165734200816e-01 -4.317216735837743347e-01 -4.543356082156250197e-01 -4.777731621917937210e-01 -5.006797475287424470e-01 -5.236774360248339644e-01 -5.456214674803571141e-01 -5.664278537303953920e-01 -5.878383740365009658e-01 -6.059242070605429520e-01 -6.215439931691431052e-01 -6.604555474012301364e-01
-3.573753842279591558e-02 -7.358950147992679436e-02 -1.077972992094969051e-01 -1.443071382849482887e-01 -1.801119714504015867e-01 -2.135434141229716198e-01 -2.433852593416653831e-01 -2.782918457320551209e-01 -3.100294726428823311e-01 -3.412213719134957191e-01 -3.741451274410768080e-01 -4.028364383965024609e-01 -4.347216950273600222e-01 -4.579764364494495754e-01 -4.867407598380069644e-01 -5.138587226008122233e-01 -5.337710389478502737e-01 -5.553150385517349186e-01 -5.752056437208612483e-01 -5.915704365926943709e-01 -6.044958869699164072e-01 -6.174131610297424189e-01 -6.272406626035054167e-01 -6.369555335593992673e-01 -6.416172952034860932e-01 -6.456970203667239394e-01 -6.495296763727519407e-01 -6.495009085432047469e-01 -6.461410346729010712e-01 -6.302314322954907233e-01
4.001474729221100868e-02 7.337952428762850587e-02 1.007194679289653699e-01 1.291324013607541288e-01 1.523860407622022461e-01 1.730052583841915070e-01 1.887730067337092532e-01 2.038125624562711624e-01 2.140303229142928032e-01 2.202460319146688494e-01 2.234487867798834737e-01 2.225150901977077655e-01 2.197179265890148447e-01 2.124768407102796408e-01 2.021300211402133895e-01 1.887208544401049737e-01 1.715561404212115892e-01 1.538535996590088550e-01 1.349909348078391913e-01 1.145067796877004551e-01 9.251073877933579936e-02 7.191286278191558190e-02 4.930802923141992117e-02 2.883438505302200749e-02 7.857251396280991521e-03 -1.190674150667476311e-02 -3.156682376649476429e-02 -4.786081105969225424e-02 -6.091733839130239470e-02 -9.517867694529680289e-02
4.908788551087200219e-02 7.217248036164072844e-02 9.526825553475012920e-02 1.235771072887683619e-01 1.497292549924440774e-01 1.757261243133126094e-01 1.990785669765872956e-01 2.291168406641342914e-01 2.557929325148547428e-01 2.830670553842625781e-01 3.145969174848100569e-01 3.422601353689456172e-01 3.751397575365776893e-01 4.020572286057827460e-01 4.364330428127296546e-01 4.688799917338704049e-01 4.982046836299854897e-01 5.316897004002457683e-01 5.678268318022710037e-01 5.997714046790234566e-01 6.332420760217961631e-01 6.678660635373155907e-01 7.006853586000335588e-01 7.363232657715261809e-01 7.721803202041158665e-01 8.054055606325986050e-01 8.391804126532957930e-01 8.710577696826362626e-01 8.997005138399922775e-01 9.684101546976674468e-01
3.105585460177816629e-02 4.871051347702943374e-02 6.403182762674208828e-02 8.140610763344552359e-02 9.659882753516631226e-02 1.112511158824082691e-01 1.239031800633093178e-01 1.392724759054453643e-01 1.521060879083153961e-01 1.645332750943287736e-01 1.784919793053469372e-01 1.899672329232243162e-01 2.031295762240609704e-01 2.133106143637182317e-01 2.259769678596509623e-01 2.374967853046095201e-01 2.467790095962684727e-01 2.578717130093324816e-01 2.698950878057421177e-01 2.796371959569311505e-01 2.898575291969258116e-01 3.004434839391159628e-01 3.094741207896599677e-01 3.202510754398723014e-01 3.302035884613832017e-01 3.390701829435758263e-01 3.477791688042410345e-01 3.561209585454033766e-01 3.623947112835254059e-01 3.719447582170206656e-01
-3.573005335590915404e-02 -6.482897105793158921e-02 -9.440212392326172153e-02 -1.287464380544730280e-01 -1.626104346516500376e-01 -1.950249673510752735e-01 -2.246469667584016228e-01 -2.613565698077752186e-01 -2.953143459496166967e-01 -3.300348211463612347e-01 -3.684705619995995440e-01 -4.031714074923363755e-01 -4.440357463043411723e-01 -4.761417955133863122e-01 -5.173592771646475796e-01 -5.570441239257259980e-01 -5.915306099039090437e-01 -6.302326474396934275e-01 -6.694072320320840763e-01 -7.049598059332738975e-01 -7.403426128864696310e-01 -7.765713313568171072e-01 -8.120675955808839275e-01 -8.485092814547905427e-01 -8.837383712370086020e-01 -9.177804164246692320e-01 -9.523932663699307133e-01 -9.836670168270849057e-01 -1.012097872527365716e+00 -1.089138948138166585e+00
7.573924384775387875e-03 -7.049398403420864545e-03 -1.958959388948970648e-02 -3.136973037114308693e-02 -4.336159606600995670e-02 -5.397051441911251968e-02 -6.318473114229956888e-02 -7.278780246006133492e-02 -8.160055202679769581e-02 -8.999329475255592181e-02 -9.755106372286517780e-02 -1.038555849964238886e-01 -1.106086036476551238e-01 -1.140539986114912779e-01 -1.181936824759901722e-01 -1.221938457375556231e-01 -1.230591880793381887e-01 -1.233612751169783639e-01 -1.216772079729764450e-01 -1.198125244660296351e-01 -1.146406437097296227e-01 -1.094410871049465717e-01 -1.024537655022756122e-01 -9.426925324204568635e-02 -8.279207175915308248e-02 -7.106707623782471117e-02 -5.950992923514683564e-02 -4.517334404509772139e-02 -2.930739269491003732e-02 1.778357263823003923e-02
-4.120591396003548540e-02 -7.172165774598350529e-02 -1.033716563405512601e-01 -1.404316617119937827e-01 -1.788490699222416991e-01 -2.167243045310885408e-01 -2.525883176556995569e-01 -2.989237986638803579e-01 -3.429881060453268127e-01 -3.895406740201554641e-01 -4.428359188976761507e-01 -4.922170268822652073e-01 -5.484173951805458858e-01 -5.948498101010406547e-01 -6.536739418609649466e-01 -7.112375307247246203e-01 -7.610019316502376618e-01 -8.152269789202196693e-01 -8.694368427311777170e-01 -9.176050710889247508e-01 -9.645949799300073124e-01 -1.010460656623926257e+00 -1.053167464077937598e+00 -1.096131533990249984e+00 -1.133675672168787951e+00 -1.168549769436747487e+00 -1.203467957930681731e+00 -1.231419664760831534e+00 -1.252268424755278886e+00 -1.302501255323200269e+00
6.996279895275115540e-03 -4.721359290242650719e-03 -1.437899782860329635e-02 -2.311530427044369146e-02 -3.153991354975894251e-02 -3.819885492824410395e-02 -4.359525879439361123e-02 -4.796486513072691776e-02 -5.158557229002338346e-02 -5.426756871406217264e-02 -5.510700557925042598e-02 -5.520229397740813310e-02 -5.554716491493875974e-02 -5.360815857981379717e-02 -5.113474945226594015e-02 -4.869775804131036556e-02 -4.472608047270372478e-02 -4.027358527596037324e-02 -3.449506096605958749e-02 -2.961958149817989217e-02 -2.250859400574422783e-02 -1.607670842769235928e-02 -9.543505977265630269e-03 -2.266088985578104675e-03 6.456602083478896192e-03 1.409983471110380637e-02 2.180749074573748100e-02 3.026665250823976430e-02 3.849054559061245578e-02 6.133436268211376469e-02
-3.556328431405993487e-03 -4.209033536653392776e-03 -8.134183406673489714e-03 -1.374135153346912538e-02 -2.139874135285515025e-02 -2.920974911882477654e-02 -3.750039039380856365e-02 -4.890708789579121391e-02 -6.094991803898922034e-02 -7.424072515142762785e-02 -8.987997939689457150e-02 -1.049790701809814319e-01 -1.224243300772503845e-01 -1.371181923535212399e-01 -1.556248376577356041e-01 -1.739641128086465705e-01 -1.903729664716774794e-01 -2.077244005297756713e-01 -2.243320817352784657e-01 -2.397184104689754902e-01 -2.547207433670045651e-01 -2.691716461323955256e-01 -2.839550503803642822e-01 -2.978916867125335766e-01 -3.110044558387271008e-01 -3.237942900678256741e-01 -3.369347164879628043e-01 -3.482524988780153485e-01 -3.588144143020396970e-01 -3.928332166694640248e-01
9.483447511570607114e-02 1.524142109423105573e-01 2.092164901026721813e-01 2.756897023494982446e-01 3.376400197142153115e-01 3.973984821790691457e-01 4.502356552495183628e-01 5.152891197876542373e-01 5.728610177127466674e-01 6.298488857783151040e-01 6.932738402580473913e-01 7.477938917300972488e-01 8.120142960972734913e-01 8.617568514655729039e-01 9.246752777538367329e-01 9.832512093279683896e-01 1.033266307899771697e+00 1.090639061537487242e+00 1.150682318326955444e+00 1.203107798662939043e+00 1.256187196083848212e+00 1.311755637192776547e+00 1.363647650299313341e+00 1.420463301889569596e+00 1.475873768614836212e+00 1.527887845343288920e+00 1.581010491782972149e+00 1.630721108824184196e+00 1.675384513960881838e+00 1.783336127775427826e+00
4.679894748931816284e-03 -7.202531423407463468e-03 -1.678394236298285866e-02 -2.532921646913776845e-02 -3.396601468123668782e-02 -4.121419100561306975e-02 -4.739268848373669879e-02 -5.305209285901966998e-02 -5.822009845328691979e-02 -6.281000253911764308e-02 -6.616571014245679894e-02 -6.847538784134654666e-02 -7.102327842023212212e-02 -7.093098771136505110e-02 -7.069269006300346603e-02 -7.038731843682966005e-02 -6.780392317768466071e-02 -6.447075237417068672e-02 -5.930353187740113746e-02 -5.451313666507853067e-02 -4.686472609431792391e-02 -3.952776229762865884e-02 -3.125629002299241954e-02 -2.170085690074740475e-02 -1.020029217096012422e-02 1.133161259969622803e-03 1.242787605915613228e-02 2.524063852314922460e-02 3.834004261779236367e-02 7.597670745470144760e-02
2.067597876547058733e-02 2.116142798282658749e-02 2.479753647855331353e-02 3.174196435846588643e-02 3.771185182903870337e-02 4.457697476407546794e-02 5.108788727163808552e-02 6.070145236429409785e-02 6.932710063315579430e-02 7.855492543421256635e-02 9.097612184248379807e-02 1.017870122567345603e-01 1.156774471647218222e-01 1.282890436651534793e-01 1.449047272348872872e-01 1.605727049801278783e-01 1.769053657148340897e-01 1.962438268387698415e-01 2.181891187868009452e-01 2.383447580132284083e-01 2.619483124089575510e-01 2.861928679592919966e-01 3.112500060636856913e-01 3.387544752561424399e-01 3.690081739589280430e-01 3.982608988753030266e-01 4.279945164936140856e-01 4.586630881470787902e-01 4.890782838180638414e-01 5.721830054656441567e-01
6.919386006278284776e-03 -4.340174342475147662e-03 -1.483148866257528835e-02 -2.527061492414216584e-02 -3.355654402416467785e-02 -3.934922416918823496e-02 -4.283056750639509247e-02 -4.342831447614217688e-02 -4.233323923194309835e-02 -3.886440868937866139e-02 -3.182147536929359755e-02 -2.299978058044606366e-02 -1.507821010980673476e-02 -4.325884705569490313e-03 8.439689158077233813e-03 2.225864440515926135e-02 3.546589461857665992e-02 4.856627136022221430e-02 6.204933209481502954e-02 7.315542916968548193e-02 8.466870657219000007e-02 9.324601624512268705e-02 9.939850366373575996e-02 1.048625543105096147e-01 1.064420422317369358e-01 1.058730298461059705e-01 1.039113446663615659e-01 9.903120893653280521e-02 8.835691481041203776e-02 4.668318361463627553e-02
4.159430771858402959e-02 6.888525571023021432e-02 9.262899132855825779e-02 1.187374499702005259e-01 1.419918221805844538e-01 1.640490496805274145e-01 1.827755126275075748e-01 2.045446691146181051e-01 2.224699168817107220e-01 2.388937258400303520e-01 2.557671142851132839e-01 2.691504146819850285e-01 2.823176771281014075e-01 2.909751942125683999e-01 3.005973656472991640e-01 3.077055288138867972e-01 3.102212535886915701e-01 3.131273263171161503e-01 3.154906654882259076e-01 3.143171261770251190e-01 3.118999382663486530e-01 3.094667613464220923e-01 3.037506098922067022e-01 2.998214424793413935e-01 2.931371927016007684e-01 2.858293135775351046e-01 2.786577899705774408e-01 2.714373011084469933e-01 2.637213644622429243e-01 2.399266391455510128e-01
-1.934221471091152056e-04 -5.559340347053930154e-03 -1.213030498694725456e-02 -1.958501459021306373e-02 -2.811106065703584261e-02 -3.623909296231017652e-02 -4.406874440041472912e-02 -5.358348591231211488e-02 -6.313054066840766143e-02 -7.302548199175666610e-02 -8.351189111156374911e-02 -9.344344161070256005e-02 -1.043409158455218672e-01 -1.126990897231961858e-01 -1.229635536332324003e-01 -1.328486126664451539e-01 -1.406961584671440335e-01 -1.485250318726888952e-01 -1.552947974331307102e-01 -1.612663264283249465e-01 -1.659327574588435328e-01 -1.703707200433953739e-01 -1.746608989866699491e-01 -1.780480094423135540e-01 -1.802738079848891228e-01 -1.826444435401269883e-01 -1.853388912152159618e-01 -1.866637232748715736e-01 -1.881273078017991207e-01 -1.966172573946801116e-01
-6.598594990220787992e-02 -1.181037339589442736e-01 -1.700490900335238087e-01 -2.298930204221629192e-01 -2.882449496720622117e-01 -3.441894410333928844e-01 -3.949483687591850423e-01 -4.575404637419097642e-01 -5.147450124748944589e-01 -5.725573376787483904e-01 -6.366640390326978594e-01 -6.938031699767486238e-01 -7.598096485813053969e-01 -8.114134613899678383e-01 -8.771718172713566242e-01 -9.396536849566879956e-01 -9.927075950689463468e-01 -1.052237806193839997e+00 -1.112612590950138758e+00 -1.165861096132438934e+00 -1.218853125081281519e+00 -1.272705545034471752e+00 -1.324173702359864091e+00 -1.377996332240663202e+00 -1.428924305539878148e+00 -1.477870548346202906e+00 -1.527810162263385063e+00 -1.572761118224312860e+00 -1.613500910245333930e+00 -1.724769366654211433e+00
-2.376159931479168014e-02 -1.974443132162783873e-02 -2.753318374848167521e-02 -4.266769644266001082e-02 -6.444319341355550512e-02 -9.009019347993080240e-02 -1.186422040810377609e-01 -1.617999788389552496e-01 -2.066480522756321547e-01 -2.579338224653640044e-01 -3.207841009845414648e-01 -3.831409939263503706e-01 -4.510136192860686455e-01 -5.130314834988730643e-01 -5.896225960349623652e-01 -6.654452628206173337e-01 -7.338603752472124819e-01 -8.054163461100515287e-01 -8.763226715212841800e-01 -9.383873476594697394e-01 -1.001165469791940987e+00 -1.058809992773856345e+00 -1.113545582246224352e+00 -1.166942488362325170e+00 -1.213400824793570587e+00 -1.256152073754353671e+00 -1.299361995107878087e+00 -1.334274972523234570e+00 -1.361414166243136492e+00 -1.445563295736551845e+00
1.010124156354117869e-01 1.690992525919682021e-01 2.330810228142262963e-01 3.052451435156193216e-01 3.714562428051594867e-01 4.341684493029134284e-01 4.885268235483989918e-01 5.526843524512573547e-01 6.080327910926741630e-01 6.605646587549105497e-01 7.164220034985964158e-01 7.626598373745481219e-01 8.143298871797429728e-01 8.511542540101209031e-01 8.962997921310114080e-01 9.358835404428840210e-01 9.645835867118834894e-01 9.976733527101159238e-01 1.030825566458516862e+00 1.056178449116250695e+00 1.079570284695149374e+00 1.104873486506808389e+00 1.124863891563201213e+00 1.149462676760784952e+00 1.169959190597617660e+00 1.188960289264297421e+00 1.208982782270230594e+00 1.227331099553303329e+00 1.243613228558365424e+00 1.282798481772667198e+00
-2.242687093287655531e-04 -7.368935434467951268e-03 -1.477797725247366814e-02 -2.320058315432269036e-02 -3.077656176143846178e-02 -3.659025974038390000e-02 -4.112682281274664814e-02 -4.534533310781636156e-02 -4.875590107624465375e-02 -5.145274256516370326e-02 -5.337416313165377346e-02 -5.415430826371479128e-02 -5.841754154190119397e-02 -5.990194973088943525e-02 -6.339417256436835624e-02 -6.682814847175200246e-02 -7.140897999128800744e-02 -7.807338753052295299e-02 -8.611829070982314482e-02 -9.581596992138699531e-02 -1.066993305320791813e-01 -1.200664125835155804e-01 -1.363898214688744615e-01 -1.535386533986635715e-01 -1.745892886653279408e-01 -1.968848353427761766e-01 -2.198860088146139258e-01 -2.440076351876642735e-01 -2.705528194590384183e-01 -3.481242552055570094e-01
