1.810920330514335583e-02 8.252362073214285221e-02 9.020278734360626105e-02 2.007506174606851768e-01 1.753471793708108462e-01 2.104612190286419826e-01 3.115240130363907123e-01 3.213178131845439989e-01 3.448907644804068973e-01 4.058561181061532963e-01 4.429074891334923159e-01 4.741956454488694961e-01 5.269483204176720337e-01 5.581439274445345600e-01 6.060076673989883700e-01 6.414412255455723688e-01 6.479744929574868806e-01 6.860956071324142425e-01 7.023707456261565341e-01 7.048534280192435553e-01 7.095529020407211895e-01 7.211777236749910003e-01 7.012098223275720077e-01 7.150782399030457537e-01 6.993942421171610579e-01 6.740948085041980065e-01 6.450510731022824906e-01 6.424568256971725511e-01 6.133585568255872644e-01 5.671024482538281619e-01
1.107037257986127204e-02 7.138700060854580309e-02 8.818021789755130235e-02 1.779722125296067103e-01 1.516216185933857985e-01 1.818864992371413969e-01 2.473638334074433620e-01 2.564594628992865055e-01 2.734267993736326230e-01 3.061196531143194344e-01 3.279789980559890683e-01 3.406350321599103115e-01 3.693260187215656742e-01 3.779130706367883619e-01 3.915274207742355239e-01 4.087244504958816860e-01 4.022224121065902103e-01 4.153087563494211043e-01 4.169740894868715353e-01 3.994781510748978137e-01 3.922642721886565043e-01 3.933407891010822777e-01 3.576162816638054909e-01 3.648338701874590528e-01 3.386323935092823700e-01 3.175480318878661778e-01 2.883682265334582828e-01 2.721660802200018270e-01 2.409325719251914077e-01 1.972526229820967536e-01
1.844314590866093229e-02 -7.913551713658067976e-03 -2.240130105834110125e-02 -4.186183835438373607e-02 -6.332469464890626287e-02 -7.197949690455447691e-02 -7.242189063265996873e-02 -9.518067502192331664e-02 -9.647888550244862471e-02 -1.045690236363342601e-01 -1.062385007820641769e-01 -1.028358643577646225e-01 -1.019156214252133763e-01 -9.707337043199890103e-02 -9.030540569051431765e-02 -8.623475810051618728e-02 -8.000191010208565490e-02 -6.590207833903125034e-02 -4.913628929744509599e-02 -4.808840898473613901e-02 -5.364378610336743847e-02 -3.380553798940755944e-02 -1.841248544450642399e-02 -1.777517361137426199e-02 -4.655186852237626349e-03 1.465983643238334688e-03 5.355988392246963103e-03 2.455654087798808671e-02 3.043885870318163711e-02 4.396131615341881960e-02
2.838160716142355822e-02 1.194215336954384393e-02 5.177340731045804514e-03 -2.478553198242781225e-04 -1.292123984381447765e-02 -1.858611291767666915e-02 -2.104302596686608712e-02 -3.225290189513833200e-02 -3.487196966239052703e-02 -4.101824021945907339e-02 -4.782874729601217095e-02 -4.335699967267568622e-02 -5.207508466190930579e-02 -5.073596000874229517e-02 -5.269602921698633008e-02 -5.220195019859266705e-02 -4.981168311367598772e-02 -4.754410392275924130e-02 -3.541348984722393622e-02 -3.754731835490194430e-02 -3.495918218081688067e-02 -2.763916955191100464e-02 -1.549885311153992654e-02 -1.347195710511123710e-02 -4.819067630167567229e-03 3.103834519691647115e-03 8.554309078859581583e-03 1.939842605284860036e-02 3.025772347754740466e-02 3.786016241866516779e-02
7.783448242807616130e-03 3.689478215350347479e-02 4.518309596114671034e-02 7.358128807303532248e-02 6.573490441017562635e-02 7.655950013876280935e-02 9.682337490479737963e-02 9.237952930950094066e-02 9.863814055956965365e-02 1.001954320546122323e-01 1.104054767475475957e-01 1.013619216010423069e-01 1.052103676490483142e-01 9.746451179416196209e-02 1.036745146763259212e-01 9.935127781144831305e-02 9.685007569006401362e-02 9.377859959417769731e-02 8.750453309800072799e-02 7.913149061690631647e-02 7.664456904771647927e-02 6.916830303425657023e-02 5.674836767545295146e-02 5.610664538723275641e-02 4.323207849859346530e-02 3.422341069923956480e-02 1.617059545458520570e-02 6.385835787014956105e-03 -1.536131704661529429e-02 -5.974702989814758419e-02
4.585643654868223895e-02 8.989639354056046250e-02 1.007601673547551674e-01 2.160802614213797601e-01 1.911776289556394448e-01 2.314787375445088724e-01 3.324497266834993692e-01 3.354172985965655496e-01 3.654934104713749576e-01 4.331444815281178529e-01 4.944355897785966403e-01 5.438027241925276201e-01 5.985321234216860464e-01 6.501432523383618989e-01 7.507971872031916627e-01 8.047761714066297145e-01 8.595029838105943121e-01 9.343007617545812105e-01 1.001818277894120257e+00 1.083761404188021915e+00 1.127409617300232592e+00 1.190197523027807902e+00 1.309227897683719055e+00 1.326607179526408498e+00 1.409484438945894702e+00 1.413734591150654030e+00 1.466156240716034009e+00 1.565307300599759532e+00 1.617997356791671226e+00 1.672262753323840112e+00
3.823547067307803138e-02 1.021579500842652172e-01 1.174713443597626417e-01 2.101954397895911819e-01 1.948932524047424786e-01 2.267706883614614699e-01 3.057605192669478056e-01 3.169364276323095586e-01 3.352940096355204735e-01 3.806962011804531087e-01 4.190361701993549071e-01 4.393310141686592174e-01 4.733960015459657278e-01 4.963973839018548939e-01 5.418564578893081407e-01 5.635078558522375047e-01 5.860002958095937853e-01 6.130720506152953497e-01 6.224372896795794530e-01 6.418456067153051059e-01 6.515623287810472508e-01 6.694740988600305087e-01 6.863163356372243840e-01 6.942896705088318354e-01 7.013422300252405428e-01 6.912559159008343501e-01 6.907164124485608570e-01 7.085781304200066133e-01 7.070880285458918113e-01 6.849064047248538678e-01
8.744501508132034723e-03 6.719040888625120445e-04 -5.806355045129066306e-04 -1.498323245156158584e-03 -1.052631654319183090e-02 -1.034342770484569796e-02 -6.376447989167989203e-03 -2.196372420386033877e-02 -2.080244615479933529e-02 -3.006268735088836463e-02 -2.875035439534651127e-02 -2.936482553724575895e-02 -3.359693897293439951e-02 -3.984836405882151433e-02 -2.892381205394376972e-02 -4.133203059812942670e-02 -3.427884268241655763e-02 -2.296982866609637020e-02 -1.427055604048142398e-02 -1.526661539553566052e-02 -2.061789321870408781e-02 -1.972123456282698362e-03 2.920629159629004046e-02 2.311532585351997598e-02 4.678859120601751298e-02 6.199357732160812318e-02 8.949844651823660180e-02 1.156627753292363558e-01 1.483112868576383359e-01 2.054824835961441831e-01
1.017811297160584050e-02 -6.054550599659223875e-04 -1.377692852488587860e-02 6.999567830879295863e-03 -1.748643492853160786e-02 -1.578342638418374355e-02 8.174286451074241552e-03 -1.529425540902230179e-03 -1.717108671712796672e-03 1.141242707831641862e-02 1.532846912462861380e-02 4.289780717713394254e-02 4.216201523904313658e-02 6.122809589963366245e-02 8.309782273907423411e-02 1.047237002254542415e-01 1.151600460734795300e-01 1.428300062973350826e-01 1.788842377381392179e-01 1.979539692224008551e-01 2.012898789356096785e-01 2.356939760622346058e-01 2.791145927782522351e-01 2.856901144937635251e-01 3.119687411442106928e-01 3.347249607332010157e-01 3.667384570798274401e-01 3.985376686218921605e-01 4.369285542239036424e-01 4.968518812580664523e-01
5.042495638698539506e-03 2.527988293499917882e-02 2.576415100069704561e-02 5.938760039731358353e-02 4.136278794994941582e-02 5.057476508172455837e-02 8.580535791115349864e-02 8.174509169087362803e-02 8.579520439544277566e-02 1.006997124053081727e-01 1.059862985020816328e-01 1.132915258748838083e-01 1.269954146438426468e-01 1.302361867938787721e-01 1.375933635218996587e-01 1.510716876116383334e-01 1.462593972772234241e-01 1.567178297347968374e-01 1.643896511518702641e-01 1.549699352163821098e-01 1.542842525177474666e-01 1.538814610852250464e-01 1.425028980354514085e-01 1.495243582879005051e-01 1.315629329902597289e-01 1.230768174175039253e-01 1.051956179545150138e-01 9.279817993260806863e-02 8.071004168154344294e-02 6.009436044488529471e-02
2.524350631098590259e-02 8.166509243412417574e-02 1.155118222379822590e-01 1.904876757438400126e-01 1.842788668729375134e-01 2.100433914581860129e-01 2.341660078410081058e-01 2.595958741383514456e-01 2.655499938298813145e-01 2.769291226547184182e-01 2.863225239086803486e-01 3.086321447718829991e-01 2.804807568444829258e-01 2.921634062785244956e-01 2.908245596992724002e-01 2.845324466007798092e-01 3.111139424610037674e-01 3.089442448155534926e-01 3.130985499069592892e-01 3.315343080438751810e-01 3.363720018313635651e-01 3.678609071019299792e-01 4.246158606230850396e-01 4.213524689164201420e-01 4.656953178845661956e-01 4.780439271972691806e-01 5.238548331570469507e-01 5.722298515816776066e-01 6.175794160010228406e-01 6.829974138130183725e-01
-1.373801669587488422e-02 -7.189142254621033734e-02 -9.526326476148090638e-02 -1.631293344727217653e-01 -1.734390292849420923e-01 -2.045119899541343877e-01 -2.299812568371949473e-01 -2.566738192987652045e-01 -2.654974314804181557e-01 -2.913648774275461317e-01 -3.058024266121630586e-01 -2.893649139471403675e-01 -2.941858344362227040e-01 -2.934944800277133337e-01 -2.879450641782916320e-01 -2.805495494629445807e-01 -2.537228664535517986e-01 -2.397177409678195592e-01 -2.038072419406825597e-01 -1.808366346598301311e-01 -1.652739830252484832e-01 -1.421407353722000666e-01 -8.645327672236507999e-02 -8.627287305320455180e-02 -4.270570279619096549e-02 -2.253009535795370832e-02 -1.417122454486843819e-04 4.134445589595874687e-02 6.900351057177940561e-02 8.584945726472559269e-02
2.247160699571110892e-02 5.272344544846273295e-02 4.503349119406111628e-02 1.004507834049905984e-01 7.405057687652723264e-02 9.243650669071526438e-02 1.656574989291827171e-01 1.494832564415838616e-01 1.657134829043463708e-01 2.044689968135462721e-01 2.346439452802656367e-01 2.419634487433324488e-01 2.960563295287554353e-01 3.150016832900098818e-01 3.589842947998281852e-01 3.901135827102225617e-01 3.910656601270304789e-01 4.264236908460020681e-01 4.435772237494637338e-01 4.480142076171949594e-01 4.548627741560177795e-01 4.573944692723749816e-01 4.418232521500971566e-01 4.546921389970611238e-01 4.318103507582673473e-01 4.095690180455601737e-01 3.698270150297375269e-01 3.589718216690876429e-01 3.214967769541715037e-01 2.519819291082897594e-01
-1.415129092824847848e-03 -1.774403115236169309e-02 -2.480822154560749504e-02 -2.859016147851460576e-02 -4.336278651991807426e-02 -4.647101241192640869e-02 -2.786005153168123055e-02 -5.135717527532263071e-02 -4.188706958921826345e-02 -4.049735814108135212e-02 -2.117230238837614423e-02 -1.284208230656520150e-02 1.975736799828745061e-02 1.939421555318327287e-02 4.873966656391913455e-02 6.067350051445717651e-02 8.575731086851927365e-02 1.093875679597527129e-01 1.361442169954349968e-01 1.506403794409145180e-01 1.603034132389123956e-01 1.848611120259322782e-01 2.176117709595188354e-01 2.203556371020915505e-01 2.494351277298196279e-01 2.503524503785440891e-01 2.579117326452672887e-01 2.897293090509629465e-01 3.006507682550079164e-01 3.019080176716490427e-01
-9.219718445769213219e-03 -4.158985239871013095e-02 -5.581002437752561468e-02 -7.921640025774143168e-02 -8.944127100834195487e-02 -1.009011355895060857e-01 -1.040112942030857190e-01 -1.259788022078478509e-01 -1.259251722357450365e-01 -1.391965607855608078e-01 -1.409750420580721531e-01 -1.389162565419593265e-01 -1.351056280257056652e-01 -1.438009186150818464e-01 -1.346783643413094478e-01 -1.415424186311143862e-01 -1.351673441143303456e-01 -1.258972560630624293e-01 -1.145497214204456160e-01 -1.224114671231810725e-01 -1.334249982962540104e-01 -1.159194429664898718e-01 -9.888233413920004267e-02 -1.021523632043819796e-01 -8.998335869555576516e-02 -8.189805415263151644e-02 -6.840746475196721188e-02 -5.543575835933510498e-02 -3.445602749503728912e-02 1.373699341161491345e-02
1.677206333475532787e-02 6.028331137884773011e-02 6.811798521327637468e-02 1.382583971065073913e-01 1.232476117073721400e-01 1.467048109668027123e-01 2.020153287409287568e-01 2.067867953414508908e-01 2.142527249885446683e-01 2.506068747983684064e-01 2.707382129482377442e-01 2.986879724999165209e-01 3.047548043335487344e-01 3.361777482550627472e-01 3.668804598048567289e-01 3.873895259008252046e-01 4.077831586230693528e-01 4.347188436025281044e-01 4.580491772038014497e-01 4.876492959224987822e-01 5.061438941561827720e-01 5.319674876791997686e-01 5.757808168860174547e-01 5.840746310919104900e-01 6.099737974912934346e-01 6.224626472385452747e-01 6.430218588237134325e-01 6.775877616717714824e-01 7.018478701394026409e-01 7.112943754106977323e-01
1.002677048954712241e-02 -2.799060780802540421e-02 -4.188676465685750583e-02 -8.787038957820519913e-02 -9.853918273704509456e-02 -1.186325580036992622e-01 -1.510870622270557018e-01 -1.711564725529008402e-01 -1.810194020388284641e-01 -2.149889610597330303e-01 -2.410354249384780989e-01 -2.516494302528981541e-01 -2.774129841860089041e-01 -2.949243875922997749e-01 -3.296426554528470443e-01 -3.632804703333908369e-01 -3.750055049341830538e-01 -3.920858719186515740e-01 -4.107465785041642947e-01 -4.542571347559049011e-01 -4.838551399326936342e-01 -4.865450249784432635e-01 -5.182241709309161060e-01 -5.318784508282410339e-01 -5.452870780849693455e-01 -5.408947780902386704e-01 -5.489646126617717670e-01 -5.643001171139128136e-01 -5.689904963126963811e-01 -5.507450895346640563e-01
-1.440864866028099961e-02 5.077289865311340397e-03 1.209223806549153055e-02 3.366199173519730803e-02 3.024415198467415508e-02 2.995329827845861353e-02 4.474700146634719156e-02 5.114196164719278515e-02 5.252022414615893642e-02 5.093946117935857498e-02 4.782478700172142216e-02 5.428021824335588219e-02 5.292587033671868058e-02 4.232733821242200267e-02 3.225879563616940171e-02 2.087451932144483713e-02 2.244755648677357329e-02 1.419281298258354140e-02 5.132931473238330766e-03 -1.215422126508510642e-02 -2.655979798100686212e-02 -2.506627657406938076e-02 -4.137305599237479925e-02 -4.988787642390909299e-02 -5.117123659678728120e-02 -5.988177812049519377e-02 -6.649532543130179385e-02 -6.709583283836957623e-02 -7.811937331012748509e-02 -9.322180648576550155e-02
-5.435570356848735268e-03 -2.869746788713966462e-02 -4.179554148282110804e-02 -8.448890098711989149e-02 -9.120705313445867657e-02 -1.073816290562228520e-01 -1.275604332554549358e-01 -1.526078401702176124e-01 -1.592459712331362742e-01 -1.855557919231840547e-01 -2.037870805014669884e-01 -2.300761116852291788e-01 -2.348208007488031268e-01 -2.596704151379691794e-01 -2.878796140159139982e-01 -3.151805433328865313e-01 -3.435823381803343457e-01 -3.611448332089627344e-01 -3.839548051014856633e-01 -4.408709047782551904e-01 -4.733742107626716100e-01 -4.904129667352585265e-01 -5.600390943872537441e-01 -5.692014363145159184e-01 -6.075261659754900290e-01 -6.197224322773799976e-01 -6.579701076996913311e-01 -6.973348377219208416e-01 -7.380049114124150877e-01 -7.738555389902901371e-01
1.945030592632063238e-02 1.011861718390213438e-01 1.125962760786261979e-01 2.295216550068238104e-01 1.979722940101344419e-01 2.335798917871098057e-01 3.251402924926202198e-01 3.448671963793138451e-01 3.598677768433918844e-01 4.141003158387730476e-01 4.318971163138448088e-01 4.563801419789890179e-01 4.867215264502304239e-01 5.156963489711275939e-01 5.245844204885532491e-01 5.556974993658507778e-01 5.409482520241282177e-01 5.544474353418550328e-01 5.502985678284024740e-01 5.305908616118951704e-01 5.331901042911492139e-01 5.128041285120467085e-01 4.483532486596926159e-01 4.623250541003525171e-01 4.032628755117434460e-01 3.766970887696158288e-01 3.160995593070833332e-01 2.693255797889320124e-01 2.084755597929976445e-01 9.271696332085097025e-02
5.284822719003928748e-02 1.165034437390651406e-01 1.281323151461900567e-01 2.657412164780287855e-01 2.361550398721984634e-01 2.868013943339825511e-01 4.107169577171255748e-01 4.106972841827819520e-01 4.448120781213875108e-01 5.282235484702649808e-01 5.993864191536398822e-01 6.434155892008828204e-01 7.132881477841030993e-01 7.683570003061065412e-01 8.758777722222109707e-01 9.358291536717503467e-01 9.811459772210262553e-01 1.061371463621102462e+00 1.121315160729861260e+00 1.197609502389108682e+00 1.237860316713344400e+00 1.292325408980400381e+00 1.386781854079802923e+00 1.407671857656262571e+00 1.466984444774461771e+00 1.460550507186649360e+00 1.490086397107104776e+00 1.571572894293034039e+00 1.602190021332269954e+00 1.619071319493619487e+00
6.031244993866678034e-03 1.164070958853544516e-02 1.392572037991659378e-02 3.840161311938217192e-02 1.792042124692428545e-02 2.346738249000115267e-02 2.666841790520055669e-02 2.843877993109591995e-02 2.152021713828679989e-02 2.154546456011667555e-02 2.020927352485560324e-03 3.551771456020202944e-03 -2.810299839038197384e-02 -2.587459060390505383e-02 -5.834192215342592219e-02 -7.244449713364942145e-02 -9.387919453478907328e-02 -1.057403385765766091e-01 -1.207630761616032000e-01 -1.537715424927766916e-01 -1.767118003037290164e-01 -1.809969552963910377e-01 -2.086112457260563824e-01 -2.128499325549518262e-01 -2.365938291487148237e-01 -2.343588888781935886e-01 -2.381527365109242789e-01 -2.542340944854837304e-01 -2.520501993781477656e-01 -2.280685376667556941e-01
9.324021714892744006e-02 2.020513452080267280e-01 2.270323408947472754e-01 4.640724753191158847e-01 4.293276934870817740e-01 5.114694804550837803e-01 6.963835484397558062e-01 7.295443006862223356e-01 7.827843507069869311e-01 9.175731654564063255e-01 1.021528205234380149e+00 1.110723539453656317e+00 1.199653364179938064e+00 1.290703853037340032e+00 1.436813829777190632e+00 1.529390668528370245e+00 1.601484853634970396e+00 1.702579292490214335e+00 1.777636705312259258e+00 1.884498850743355103e+00 1.946144951451728389e+00 2.015300677723844025e+00 2.135109137421462577e+00 2.169555905564313658e+00 2.241030023129115811e+00 2.236941646492653035e+00 2.282131450356553515e+00 2.382452017079903506e+00 2.433663188849614301e+00 2.458065682616718206e+00
5.413849755657837437e-02 1.276739108068906392e-01 1.470746353927963324e-01 2.980073541715053675e-01 2.712733384846410245e-01 3.242658867094839747e-01 4.393882862539508771e-01 4.582696683828301198e-01 4.926494934435340367e-01 5.698560278448732141e-01 6.346634156860661014e-01 6.935311055526593993e-01 7.389305671796941866e-01 7.963946393639769195e-01 8.858795050818034644e-01 9.349364496598213670e-01 9.905827278778338574e-01 1.051598820254375122e+00 1.095682525367083437e+00 1.162373568309059246e+00 1.196754121025210615e+00 1.249934628407713522e+00 1.337417491406486469e+00 1.357671125773668885e+00 1.410037444902579651e+00 1.414269361285145798e+00 1.453244709369688747e+00 1.524702492512670648e+00 1.573024508790947351e+00 1.612097012769043936e+00
-1.096188978036565648e-02 -2.781389799169266264e-02 -3.335994722901024223e-02 -7.141604397325934661e-02 -7.200527663919639720e-02 -8.320200890397703997e-02 -1.056892475467311188e-01 -1.306835458794124993e-01 -1.377407944147032715e-01 -1.606998444870497145e-01 -1.728816927546407700e-01 -1.988382268546420584e-01 -2.128426174948200300e-01 -2.309996626411271736e-01 -2.480625627221889618e-01 -2.687810989922410077e-01 -2.818544985911914380e-01 -2.966923741004172665e-01 -3.078766522824847307e-01 -3.305162609853812272e-01 -3.445933539881981811e-01 -3.480966793524265523e-01 -3.682770495071766570e-01 -3.710189244325488023e-01 -3.804987597001235899e-01 -3.773202591297393216e-01 -3.888963128591016449e-01 -3.963121438863555501e-01 -4.012280143593165427e-01 -4.105943545657136928e-01
7.795828526241707634e-03 6.140725510711779467e-02 6.533610445994027238e-02 1.632970071748602869e-01 1.385277714640725522e-01 1.676553723487622105e-01 2.513406236181039421e-01 2.612849483504590120e-01 2.750655005986177848e-01 3.301889382614466850e-01 3.567738684351795531e-01 3.922217867820478876e-01 4.218657771221794306e-01 4.593122107614015515e-01 4.976304816693065125e-01 5.355291609608139325e-01 5.464464703559881453e-01 5.801237220375130565e-01 6.057898879516409041e-01 6.282497226827583603e-01 6.481642995089931247e-01 6.604556142172390842e-01 6.721560046314558612e-01 6.868418176150266063e-01 6.854579833116840604e-01 6.834183499714892029e-01 6.766618157101191855e-01 6.859861105541904536e-01 6.822983611624122702e-01 6.437106782121853055e-01
-2.834593655974831927e-02 -5.288846536157331552e-02 -5.961504923431961561e-02 -1.063941873850902942e-01 -1.101499298150723227e-01 -1.285773648589350615e-01 -1.593523647305759849e-01 -1.798227349411787024e-01 -1.894732222678404410e-01 -2.251953821509398712e-01 -2.474428867225282325e-01 -2.641234502769139736e-01 -2.854225212244717036e-01 -3.106656520327812365e-01 -3.429987592156850118e-01 -3.735002082223187747e-01 -3.815709134940463709e-01 -4.030041722181191277e-01 -4.197928070891220886e-01 -4.521429563217932435e-01 -4.720746717878425702e-01 -4.795403124660913008e-01 -4.988686896034371099e-01 -5.100154061651496207e-01 -5.237174769079460113e-01 -5.187082988577457199e-01 -5.266338496095757105e-01 -5.447994039802463995e-01 -5.477743524925502427e-01 -5.428936423020603863e-01
-1.641095056693599522e-02 -3.257649454352048307e-02 -5.045492470668205137e-02 -8.055319147914169475e-02 -9.952333902246604524e-02 -1.157376345180141930e-01 -1.154776996920918869e-01 -1.366599935510294794e-01 -1.439811958782034607e-01 -1.586091393399105820e-01 -1.823160891716320564e-01 -1.952969823818783701e-01 -1.823249829918411058e-01 -2.030087273069495213e-01 -2.396825509172227087e-01 -2.472354183842731257e-01 -2.828330833283101975e-01 -2.963801632784186513e-01 -3.150280183245944832e-01 -3.827212161230381104e-01 -4.083314668891610544e-01 -4.411079245504650470e-01 -5.386845384088200239e-01 -5.399424641915486767e-01 -6.098096112894972887e-01 -6.310978573727431540e-01 -6.991890961355106127e-01 -7.703110665253973810e-01 -8.340930080392053858e-01 -9.171822605543309415e-01
3.394660795447738966e-02 6.767774832166098542e-02 7.797691408759375997e-02 1.016715707026590726e-01 9.748984850869074625e-02 1.018740363466842935e-01 1.068219566151132754e-01 1.115818089257039070e-01 1.100314064500727551e-01 1.041043971592065798e-01 9.574899143518583733e-02 7.984350850267632471e-02 6.763069538190868979e-02 5.411089586596204426e-02 2.899501138750678816e-02 1.715519522978252442e-02 -2.059463875005430183e-03 -2.734274230440450135e-02 -4.890884892604013823e-02 -7.477746901673469615e-02 -8.319782446301636492e-02 -1.098798909073451791e-01 -1.565148307259032201e-01 -1.606564133715600029e-01 -1.943820856487189219e-01 -2.118045331231715733e-01 -2.530091296003164070e-01 -2.850239558724186884e-01 -3.349579149494009145e-01 -4.273672180966449075e-01
4.228019748754764662e-02 7.800398101902143722e-02 8.305861029901955017e-02 1.509012769529256004e-01 1.272505507087504373e-01 1.473584875210602885e-01 1.952015625018313494e-01 2.004198994023246860e-01 2.092412597784735762e-01 2.410300744139273199e-01 2.605492275397452429e-01 2.844741434113330358e-01 2.898308505832678517e-01 3.191521817392750648e-01 3.427719731597225206e-01 3.649908798847207869e-01 3.826566546449260975e-01 4.023736862216559240e-01 4.189288867477698464e-01 4.479776286593278867e-01 4.641528506855000513e-01 4.769646893315195868e-01 5.029335082197626816e-01 5.096529436524568357e-01 5.224764891952338175e-01 5.207950018091103139e-01 5.198662736215938773e-01 5.440510636375455178e-01 5.389314731973668948e-01 4.945855990880420605e-01
-1.619761913086692484e-02 -3.310128242725517145e-02 -4.128043106470963286e-02 -7.141770758535243013e-02 -8.323960439987923565e-02 -9.601738347122992789e-02 -1.149458846768303955e-01 -1.321774861346747265e-01 -1.394739369304824339e-01 -1.631527383101605000e-01 -1.837984139115922400e-01 -2.034765764516400233e-01 -2.166477003516735222e-01 -2.355990092787038637e-01 -2.697668459981643618e-01 -2.929865217913512065e-01 -3.181035994699249470e-01 -3.384636018642561694e-01 -3.594795854297009874e-01 -4.093927823328781246e-01 -4.384806835170721451e-01 -4.545997820023338631e-01 -5.145152499542738900e-01 -5.219900633227119169e-01 -5.585832489921914723e-01 -5.684969999999750501e-01 -6.010457536023527947e-01 -6.369817207119219393e-01 -6.711224709945968758e-01 -7.031134669435077367e-01
-2.349501197805130281e-02 -8.859246706821261030e-02 -1.045073586624640921e-01 -2.102351690819457553e-01 -2.017287466506317850e-01 -2.373486851980899925e-01 -3.058858991665969196e-01 -3.496514512478717807e-01 -3.631429198511246792e-01 -4.253796403964459349e-01 -4.543188478946007525e-01 -5.004112575959988041e-01 -5.222623659816707509e-01 -5.718123332982301132e-01 -6.061606711232757627e-01 -6.516494777286881979e-01 -6.677417391954275638e-01 -6.974242736713736068e-01 -7.188916242013232427e-01 -7.560050265791129487e-01 -7.807710886799331673e-01 -7.927735471702137549e-01 -8.134347325313686650e-01 -8.262405033472540739e-01 -8.346246462398670962e-01 -8.302470751058383946e-01 -8.407168643051555756e-01 -8.533937433788478799e-01 -8.516005931893321224e-01 -8.407921240225089132e-01
2.071843933879967403e-02 8.378437838436210428e-02 1.100081565435960806e-01 2.000372765472608338e-01 1.847318948497178870e-01 2.135865532676993195e-01 2.528291743229473254e-01 2.784947355597185981e-01 2.861954676058769964e-01 3.064857516403378113e-01 3.077254341570132556e-01 3.181928921341886096e-01 3.036558317464900236e-01 3.065664346896438408e-01 2.908601256517486244e-01 2.884792294900547782e-01 2.712729587501446771e-01 2.621708655045061898e-01 2.484743906345779629e-01 2.228548536319403528e-01 2.127756442231976131e-01 2.012532907873355037e-01 1.665907058150867537e-01 1.654654233090975257e-01 1.426369522413013513e-01 1.297560191398372531e-01 1.145468020985520585e-01 9.820980157000841482e-02 7.785266637794738265e-02 5.399010529675811465e-02
1.186027794421209286e-02 5.542873596245716933e-02 6.404336604920565779e-02 1.494619406107184634e-01 1.365656437697881920e-01 1.656375821792613889e-01 2.426678427923646963e-01 2.465076015960784850e-01 2.685776952714286625e-01 3.159132257994601289e-01 3.649090479269324061e-01 4.014610487170738873e-01 4.358122954588096731e-01 4.699539659775554545e-01 5.425375484326042663e-01 5.722700615210819519e-01 6.213741680616717833e-01 6.677394059338422894e-01 7.020961704437029827e-01 7.611088156891251399e-01 7.861945173031240630e-01 8.300459390932390935e-01 9.132983985483584810e-01 9.213269934443093501e-01 9.751641473639732771e-01 9.787144614165848022e-01 1.013687903617988439e+00 1.078063892265032298e+00 1.113684282459109109e+00 1.141594111961376612e+00
3.826284635887307328e-02 5.768383181580555991e-02 6.192364862574124135e-02 1.007729229780927604e-01 8.547808346789612099e-02 9.705039582002737697e-02 1.250527714854182681e-01 1.228547805408373161e-01 1.260915749440171540e-01 1.367137182112725391e-01 1.474979050863284846e-01 1.623232010229170019e-01 1.638279214730072597e-01 1.687580967222117034e-01 1.880635380934412848e-01 1.989484483130301851e-01 2.101336796026783693e-01 2.276397007433627329e-01 2.499090211198753686e-01 2.655247102624694322e-01 2.748326865512669692e-01 2.953014926564960785e-01 3.316232341012398388e-01 3.348974782007206885e-01 3.567365657860896433e-01 3.703734914691504954e-01 3.926194075598369304e-01 4.165512163348225050e-01 4.410369459233498546e-01 4.642695575225179727e-01
-3.630010087660308360e-02 -7.169594203068457849e-02 -8.399651005911630552e-02 -1.695315803324030646e-01 -1.649372387008555818e-01 -1.982996929090384275e-01 -2.606152362451151228e-01 -2.840240504349508255e-01 -3.035060529385124606e-01 -3.589417453836794003e-01 -4.064298901546849474e-01 -4.443805847771141737e-01 -4.841436675811894297e-01 -5.244956009068092451e-01 -5.958571736442030975e-01 -6.426488852107250516e-01 -6.789522077255486510e-01 -7.300207775831738521e-01 -7.743774197324264641e-01 -8.427062769150194255e-01 -8.778083204843183385e-01 -9.185247117336485800e-01 -1.003200733666730793e+00 -1.017346598565195936e+00 -1.072730608646328854e+00 -1.084523305899511403e+00 -1.139493256319650261e+00 -1.199721752129097041e+00 -1.251640819880545541e+00 -1.320247006353655328e+00
-5.978235674385629084e-03 -2.729423574960892010e-02 -3.561244419674432921e-02 -6.325671453539481737e-02 -7.086919191282332886e-02 -8.187541798647762770e-02 -9.169013157356435684e-02 -1.125142315306596197e-01 -1.173936369787110245e-01 -1.350634649001975496e-01 -1.418808307763597676e-01 -1.479702323748381398e-01 -1.571295060445637159e-01 -1.659159763122196041e-01 -1.654383472051719761e-01 -1.809971163273892958e-01 -1.775510820079492236e-01 -1.746717962255025236e-01 -1.699767731275353411e-01 -1.777140324667156046e-01 -1.938682602809881361e-01 -1.726048399364294994e-01 -1.550193357839659836e-01 -1.620535278097521292e-01 -1.436833677486080152e-01 -1.276920655862917031e-01 -1.041200398724554665e-01 -8.399255396527396944e-02 -5.604007880848873441e-02 8.097344316267147263e-04
-3.545769603945798931e-02 -8.173520674332987457e-02 -8.664376058018696813e-02 -1.786481473691258759e-01 -1.743928185457330748e-01 -2.085621387960728268e-01 -2.969962593457258215e-01 -3.197322701990811256e-01 -3.407894779503186644e-01 -4.175600927185926237e-01 -4.756508310713656318e-01 -5.231918712326305565e-01 -5.786929997772169987e-01 -6.393811902414345827e-01 -7.271918566046924326e-01 -7.852228467783527455e-01 -8.397637507668327395e-01 -9.028844648683337359e-01 -9.422114160819214934e-01 -1.034251745973690628e+00 -1.082591249489773144e+00 -1.119897197878842121e+00 -1.209473859762093539e+00 -1.227707344714998206e+00 -1.278705502229260826e+00 -1.279643883872534804e+00 -1.312195296538548828e+00 -1.374964393077073854e+00 -1.408357456851472955e+00 -1.411623309260344294e+00
3.029333579616620697e-02 3.661365694704040580e-03 -6.037800438772115280e-03 -1.943528704185788422e-02 -3.476859421557453034e-02 -3.866939103409933187e-02 -4.350188031277375800e-02 -7.374097545961652567e-02 -7.227036754274057673e-02 -8.794809010089199575e-02 -8.251490250393676840e-02 -1.000948419944451551e-01 -9.913890955631468604e-02 -1.112793372664893921e-01 -9.811608621593186086e-02 -1.152104837916383406e-01 -1.118759948857418335e-01 -1.006894456493506729e-01 -9.772249127968068994e-02 -9.214058941164503247e-02 -1.067242902604196159e-01 -8.615244343907288438e-02 -5.301848283848056842e-02 -6.267882683199391125e-02 -4.285282576095386653e-02 -3.640463892186440731e-02 -1.883407784596743267e-02 7.744514090237821641e-03 2.857356221804661922e-02 7.522239388212961786e-02
-2.397782570090086288e-02 -1.689259181365813586e-02 -1.077410471687040988e-02 -2.862144391277695113e-02 -2.684691297453126180e-02 -3.364383595409405764e-02 -4.938030330648134764e-02 -5.745513480245217214e-02 -6.379328984438986661e-02 -8.966967278490757531e-02 -1.054712787955332798e-01 -1.240521346407630343e-01 -1.409321212351288266e-01 -1.665885707372180280e-01 -1.949403736978714552e-01 -2.208981880756808458e-01 -2.306309417966313502e-01 -2.546753118236482205e-01 -2.735050371612987585e-01 -3.034767794699655963e-01 -3.125202241543773019e-01 -3.301091748807608028e-01 -3.523898575195142935e-01 -3.608102189629416312e-01 -3.784776206845040791e-01 -3.759966847848661975e-01 -3.882691977436324438e-01 -4.109903418086774396e-01 -4.204151602395803655e-01 -4.436927423247254421e-01
7.404243708318145045e-02 1.558228034477345814e-01 1.767515832011671284e-01 3.686197503735706982e-01 3.398931659554624840e-01 4.016049542431686104e-01 5.339235299117900402e-01 5.731357264953059749e-01 6.041629863133362033e-01 7.028879247516148787e-01 7.652294370724215256e-01 8.542792766421626327e-01 8.795610285102568593e-01 9.610303073739053792e-01 1.056515926943732309e+00 1.111403751445093846e+00 1.175662945838909401e+00 1.248940909191649684e+00 1.305352854553966768e+00 1.392017815132768233e+00 1.431600092822150838e+00 1.504020680758746398e+00 1.631526196788499306e+00 1.648657578643867749e+00 1.729815020354483757e+00 1.755657955949437854e+00 1.837876845883737564e+00 1.939916827537836896e+00 2.030616338572457824e+00 2.137054815352560588e+00
2.925738219066414958e-02 8.644775843608919208e-03 -1.671710787105488288e-03 -8.171889841599024734e-03 -2.528173957484049911e-02 -3.196156631486136296e-02 -3.818606210812423157e-02 -5.010844217129149791e-02 -5.570337844897348817e-02 -6.452377356309810241e-02 -7.377401310762887743e-02 -6.742766236207300978e-02 -8.784703807122717922e-02 -8.573373049995014483e-02 -9.053167123772401514e-02 -9.357946052274915272e-02 -9.276506815110605042e-02 -9.035717597378646604e-02 -8.086820311272183148e-02 -8.301151478612150969e-02 -9.381862370776591908e-02 -7.564910421540857466e-02 -5.996073583069549962e-02 -6.031533332837974576e-02 -5.033060293534978580e-02 -3.748681632672650615e-02 -2.181046398446964685e-02 -7.890123781787130447e-03 1.386289168658729268e-02 5.437902410556717803e-02
2.074379787264885727e-02 2.061747775938477939e-02 1.400013842527657315e-02 4.377204017190824969e-02 2.973048566007080798e-02 3.866489412323489278e-02 7.849740044803404926e-02 6.612398552430889809e-02 7.406501421861173828e-02 9.454074900212924848e-02 1.122175716630136044e-01 1.351277552805376092e-01 1.495094981637065112e-01 1.712438997100757532e-01 2.154728341943929204e-01 2.205445825274980898e-01 2.444198359033849521e-01 2.809996193198330272e-01 3.081444233202216276e-01 3.244865590552112877e-01 3.242968757963488047e-01 3.668816651915334237e-01 4.235211136233483220e-01 4.243969293003828636e-01 4.649773608886346166e-01 4.806436320222533531e-01 5.238335183855131749e-01 5.706334092999892915e-01 6.203909112182940389e-01 7.143755304810640583e-01
3.313325435033516800e-03 -5.430610149785438170e-03 -2.548346207160388788e-02 -4.499824156618434379e-02 -5.800172743969471412e-02 -6.882287953531077140e-02 -4.362900502951129467e-02 -7.077554758869153417e-02 -7.151073138930015560e-02 -6.622564845918375853e-02 -5.527070983616209215e-02 -4.739969282796863137e-02 -1.645428466573033155e-02 -7.595290177892038974e-03 2.116321917131242653e-02 4.022735691757700627e-02 5.957983044070824102e-02 8.520869160401024767e-02 1.124332922715167438e-01 1.325699486939998784e-01 1.534869963891215827e-01 1.606904739481580524e-01 1.820458179021886003e-01 1.862159307930805197e-01 1.964119620073760120e-01 1.992723534222465287e-01 1.848220762868213463e-01 1.940548073820545227e-01 1.762072024368960266e-01 1.057566429700049215e-01
1.029540359252401407e-02 6.124173959619388929e-02 7.799468945183672675e-02 1.549169412709771598e-01 1.377303284588203836e-01 1.615401313627480850e-01 2.070947198649464305e-01 2.208405115393300422e-01 2.348688707201554982e-01 2.569090870591765330e-01 2.756447338275114789e-01 2.899391599993579316e-01 2.973964124269542486e-01 3.087395449528287927e-01 3.220515027946176945e-01 3.348486684118291423e-01 3.423458844717358063e-01 3.463815953906764777e-01 3.508275936585597554e-01 3.584581351341087352e-01 3.620491486507898538e-01 3.671204187659156126e-01 3.669300271066220365e-01 3.714084761947186175e-01 3.695163259170987646e-01 3.594067596887122185e-01 3.491458126563583564e-01 3.543238400366804930e-01 3.389902877154580274e-01 3.007203616107637645e-01
1.244926666177129451e-02 7.944797903761593311e-03 1.846319357414489409e-03 -8.271358247182241177e-03 -2.593188797986789584e-02 -3.204658975956739542e-02 -3.334753543309909585e-02 -5.315470079408615017e-02 -5.888424074659225071e-02 -6.966791555025918237e-02 -7.898608220504305111e-02 -8.607013363040667830e-02 -9.383767551856325717e-02 -9.878393717001598962e-02 -1.142744738230953294e-01 -1.227499248686409750e-01 -1.276461857651076670e-01 -1.290852739567276419e-01 -1.310836650366812850e-01 -1.417576973843946986e-01 -1.505857181272549361e-01 -1.499601737192089723e-01 -1.556540855434738746e-01 -1.606130516519326257e-01 -1.681258393843218513e-01 -1.725025070808521022e-01 -1.886825062332158076e-01 -1.925023454412076451e-01 -2.094735354535640914e-01 -2.382553504242971854e-01
-4.775370329009956394e-02 -1.217887881682118145e-01 -1.410306814051252022e-01 -2.910203510635590018e-01 -2.785253899526806687e-01 -3.327264977002389879e-01 -4.584256020106548535e-01 -4.952763868636479438e-01 -5.299610272721684279e-01 -6.295024738722838631e-01 -7.026747149937707659e-01 -7.749481132575268827e-01 -8.500035333965856310e-01 -9.217396737749979918e-01 -1.036640852024465431e+00 -1.108509340444959967e+00 -1.166649167989968650e+00 -1.253154501503980889e+00 -1.319406039847874190e+00 -1.406331094357339939e+00 -1.450439488276087596e+00 -1.519088886127596405e+00 -1.623278421210234246e+00 -1.647252735996865614e+00 -1.723943279663318284e+00 -1.727471177725508067e+00 -1.793851739977066373e+00 -1.882363731578506005e+00 -1.947077563323224236e+00 -2.041103254288789692e+00
-5.618929212452275501e-02 -5.092967306445756598e-02 -3.761320765552748913e-02 -9.863712997722504094e-02 -8.353671303056188491e-02 -1.054189303182149484e-01 -1.875288947420273578e-01 -1.872512466868920256e-01 -2.167468862109620253e-01 -2.876878830530435471e-01 -3.573855122079767077e-01 -4.076371313668915031e-01 -4.994536781262806091e-01 -5.574773944038444728e-01 -6.797166834842561789e-01 -7.568202611604688546e-01 -8.149772553090728344e-01 -9.062025798036508206e-01 -9.874590978906625516e-01 -1.083409038629796539e+00 -1.134329169526316461e+00 -1.195249336811637697e+00 -1.304205077863425988e+00 -1.326977036703462343e+00 -1.407755026440292268e+00 -1.402059789332495088e+00 -1.445487137709315695e+00 -1.535267762365784439e+00 -1.569116142150624782e+00 -1.608384418681822137e+00
8.048578935736325213e-02 1.819143789441474701e-01 2.076096305460802816e-01 3.991343759481548181e-01 3.697305943943269835e-01 4.353893606432479024e-01 5.698624406274156451e-01 6.011774001540450829e-01 6.342376332670857098e-01 7.316541220581616045e-01 7.952148265314412656e-01 8.531787331032663069e-01 8.947984743287664688e-01 9.553983094889346717e-01 1.029924105452712624e+00 1.074246734257912728e+00 1.110967393152332505e+00 1.164234564179449372e+00 1.185156316838713142e+00 1.231206180411972939e+00 1.252143229708647887e+00 1.290211262637642076e+00 1.332409896032606511e+00 1.349973354413046334e+00 1.371713029900750280e+00 1.363465773198089259e+00 1.380649362545950831e+00 1.426931217516043349e+00 1.452099268158101086e+00 1.458197997692145309e+00
8.385421577177996910e-03 -7.296310305377860447e-03 -1.970902334713008769e-02 -3.923401785628009147e-02 -6.129093633619506210e-02 -7.129441265243571801e-02 -6.649966703799829737e-02 -9.049813412505608445e-02 -9.134421628853087172e-02 -1.013719139693617932e-01 -1.043887789832176061e-01 -1.160414357297272769e-01 -9.313478034295541441e-02 -1.052043584089434325e-01 -1.114993967489783661e-01 -1.047047903064338426e-01 -1.165295928849346130e-01 -1.103720442778119565e-01 -1.028770719173071613e-01 -1.246749951660272582e-01 -1.315749651385559882e-01 -1.381258397769419000e-01 -1.670857259717676568e-01 -1.688171718047703218e-01 -1.884532021817603431e-01 -2.060778801263680182e-01 -2.457086568745914801e-01 -2.626404405744831583e-01 -3.094528646749061807e-01 -3.761070119358304042e-01
