5.839051604270935059e-01
3.367683291435241699e-01
-1.913010358810424805e+00
3.577414155006408691e-01
-2.040885686874389648e+00
-5.025444552302360535e-02
-2.648733615875244141e+00
5.961214900016784668e-01
-5.030966997146606445e-01
9.905937314033508301e-01
-1.777461409568786621e+00
3.024777770042419434e-01
-1.085393667221069336e+00
-8.025879859924316406e-01
-8.319871425628662109e-01
-1.956294894218444824e+00
4.841004312038421631e-01
-1.610034704208374023e+00
-7.401487827301025391e-01
-6.344348788261413574e-01
1.316384077072143555e-01
3.410367667675018311e-01
1.638377785682678223e+00
-5.674745440483093262e-01
2.290647745132446289e+00
1.868159294128417969e+00
2.596010446548461914e+00
-1.078641057014465332e+00
2.040846824645996094e+00
2.135741859674453735e-01
1.168366789817810059e+00
-2.806429386138916016e+00
8.999407887458801270e-01
1.093424797058105469e+00
2.486227154731750488e-01
-9.420868754386901855e-01
-6.406185626983642578e-01
9.746744632720947266e-01
2.849621772766113281e-01
-1.460008144378662109e+00
-1.614880561828613281e+00
9.864946603775024414e-01
-6.608413457870483398e-01
1.591573357582092285e+00
4.105297625064849854e-01
-1.325263381004333496e+00
-1.063983082771301270e+00
1.445717573165893555e+00
3.706770837306976318e-01
-1.622349143028259277e+00
-1.687288403511047363e+00
3.050040006637573242e-01
-1.261860251426696777e+00
3.687023520469665527e-01
1.900589108467102051e+00
