7.665966153144836426e-01 5.713590979576110840e-01 -2.930671930313110352e+00 2.708912491798400879e-01 3.074029274284839630e-02 -3.914903700351715088e-01 1.498373627662658691e+00 2.250833272933959961e+00 -1.709819436073303223e-01 -1.256320476531982422e-01
2.292127581313252449e-03 -5.687037706375122070e-01 6.716413497924804688e-01 -5.532521009445190430e-01 -1.638696193695068359e-01 6.241260766983032227e-01 -2.901687920093536377e-01 -1.844942122697830200e-01 3.858280777931213379e-01 2.074443697929382324e-01
-4.072843194007873535e-01 -6.062523722648620605e-01 -1.205431371927261353e-01 1.705147325992584229e-02 -5.729643702507019043e-01 6.572478413581848145e-01 -1.542640626430511475e-01 1.743101596832275391e+00 5.210186839103698730e-01 6.442862749099731445e-01
-6.983232498168945312e-01 -1.422540307044982910e+00 -3.442736148834228516e+00 -5.187069773674011230e-01 1.617840528488159180e-01 1.450836658477783203e-01 -2.546317100524902344e+00 1.976129651069641113e+00 1.234324216842651367e+00 1.190649867057800293e+00
2.547184944152832031e+00 2.523011684417724609e+00 -6.764295578002929688e+00 1.649596929550170898e+00 9.188624024391174316e-01 -1.693391323089599609e+00 1.500435471534729004e-01 5.578855514526367188e+00 -6.314254403114318848e-01 2.035954594612121582e-01
-4.911301136016845703e-01 -8.445171713829040527e-01 1.210643172264099121e+00 1.806519180536270142e-01 -6.874330341815948486e-02 2.709778845310211182e-01 -1.030439734458923340e+00 -4.865635037422180176e-01 2.855704128742218018e-01 -2.601807378232479095e-02
-4.688366651535034180e-01 -3.327993750572204590e-01 4.854901731014251709e-01 -5.923057794570922852e-01 -4.334915876388549805e-01 4.215249717235565186e-01 -5.860597491264343262e-01 3.851362466812133789e-01 5.286267399787902832e-01 3.355567753314971924e-01
-5.001264810562133789e-01 -6.231163740158081055e-01 8.983119726181030273e-01 -2.173855155706405640e-01 -4.774174094200134277e-01 5.863595604896545410e-01 -1.182114005088806152e+00 -2.241765111684799194e-01 1.966859959065914154e-02 -9.142914204858243465e-04
8.774103522300720215e-01 6.569849252700805664e-01 -5.378738403320312500e+00 1.667980313301086426e+00 1.067096352577209473e+00 -1.039369106292724609e+00 -3.725914716720581055e+00 7.026436328887939453e+00 -1.118014156818389893e-01 5.388657450675964355e-01
1.044880151748657227e+00 1.662754297256469727e+00 -2.172079563140869141e+00 9.325602054595947266e-01 9.141127467155456543e-01 -1.250053048133850098e+00 1.150311589241027832e+00 1.820427536964416504e+00 -6.928061842918395996e-01 -6.137745082378387451e-02
