2.693910002708435059e-01 -4.432848095893859863e-01 4.718026220798492432e-01 5.552836656570434570e-01 4.035558104515075684e-01 -2.313766861334443092e-03 -2.613943219184875488e-01 -2.082330733537673950e-01 4.143759608268737793e-01 -3.155393153429031372e-02
-1.067512154579162598e+00 -3.308615386486053467e-01 -4.592321813106536865e-01 3.606774508953094482e-01 1.179437875747680664e+00 1.046985030174255371e+00 1.303520560264587402e+00 6.974034309387207031e-01 7.967217564582824707e-01 -4.174609780311584473e-01
5.085336565971374512e-01 -4.452371969819068909e-02 4.810443818569183350e-01 4.115741327404975891e-02 -6.421301513910293579e-02 5.112576484680175781e-01 -3.027383983135223389e-02 -3.560991883277893066e-01 6.960119605064392090e-01 -1.244706138968467712e-01
5.224588513374328613e-01 -7.503904104232788086e-01 -6.524267047643661499e-02 7.978668808937072754e-01 2.090291827917098999e-01 6.255671381950378418e-02 -4.269788265228271484e-01 -6.215589046478271484e-01 -2.616485059261322021e-01 1.074063107371330261e-01
-1.746724732220172882e-02 8.288051486015319824e-01 -1.796440631151199341e-01 -1.055829048156738281e+00 1.471852064132690430e+00 1.129468679428100586e+00 6.044720411300659180e-01 -4.746387600898742676e-01 3.406464159488677979e-01 -1.760920323431491852e-02
-1.668233275413513184e-01 3.132189512252807617e-01 -2.388734072446823120e-01 -5.939915776252746582e-01 2.334021925926208496e-01 -7.880845665931701660e-02 2.763787508010864258e-01 5.891965627670288086e-01 9.408105909824371338e-02 -4.453406110405921936e-02
2.487377524375915527e-01 -7.673788070678710938e-01 1.067501455545425415e-01 3.418787419795989990e-01 9.955014288425445557e-02 -6.494138240814208984e-01 -5.409248471260070801e-01 -5.208843350410461426e-01 -8.459150791168212891e-01 5.053477287292480469e-01
6.498895883560180664e-01 4.090023413300514221e-02 3.082044720649719238e-01 5.025904178619384766e-01 -1.183741241693496704e-01 9.858828783035278320e-02 -5.427107810974121094e-01 8.625932931900024414e-01 1.639806628227233887e-01 -1.320428699254989624e-01
3.010707795619964600e-01 -1.756565719842910767e-01 4.221398234367370605e-01 6.921937465667724609e-01 5.845125317573547363e-01 6.063951849937438965e-01 -3.681143224239349365e-01 -2.382549792528152466e-01 8.406488895416259766e-01 -9.277665019035339355e-01
-8.717609196901321411e-02 9.211400747299194336e-01 -2.518189847469329834e-01 -6.237235069274902344e-01 5.007119774818420410e-01 4.318856298923492432e-01 6.057277321815490723e-01 -1.574407368898391724e-01 4.977917969226837158e-01 -4.338819384574890137e-01
