7.965521216392517090e-01
1.369214773178100586e+00
-6.592696905136108398e-01
2.657476663589477539e-01
1.757069081068038940e-01
1.256220489740371704e-01
1.669035077095031738e+00
1.001608490943908691e+00
4.958284795284271240e-01
-8.004453778266906738e-01
-9.270803332328796387e-01
-1.694094419479370117e+00
2.038422107696533203e+00
-1.076059937477111816e+00
-1.837599724531173706e-01
1.018527030944824219e+00
6.903996467590332031e-01
-6.317809224128723145e-01
6.360177993774414062e-01
7.692692875862121582e-01
8.236584663391113281e-01
1.269893795251846313e-01
3.317270576953887939e-01
2.149303436279296875e+00
1.252702951431274414e+00
7.406347990036010742e-01
-1.826346963644027710e-01
1.457254588603973389e-01
-7.389525175094604492e-01
6.808374524116516113e-01
1.636438071727752686e-01
-9.523520469665527344e-01
-1.966720581054687500e+00
-7.029693722724914551e-01
3.314194381237030029e-01
-2.216609477996826172e+00
-8.304696679115295410e-01
-5.455819368362426758e-01
-4.478943347930908203e-01
8.041911721229553223e-01
3.732095658779144287e-01
1.578149050474166870e-01
1.363848149776458740e-01
2.679655313491821289e+00
2.015278100967407227e+00
-1.103714108467102051e+00
9.629586338996887207e-02
-1.346008419990539551e+00
1.812488734722137451e-01
2.503241002559661865e-01
7.406476140022277832e-01
2.625095844268798828e-01
-5.563485026359558105e-01
-1.912606358528137207e+00
-1.977601051330566406e-01
