-4.185797791708655013e-04 6.516603829795321323e-02 1.268572369311021242e-01 1.914043756037223099e-01 2.573965803833176413e-01 3.243940824868279948e-01 3.908829714274871803e-01 4.568773348399375323e-01 5.218848736023824486e-01 5.850246468524140653e-01 6.460177434618193937e-01 7.048491556766653954e-01 7.601483782949525203e-01 8.113008672284708345e-01 8.576639459099878460e-01 8.984564589515966482e-01 9.327556314521282532e-01 9.598078783360965982e-01 9.796583199804667075e-01 9.918769959330939745e-01 9.960154512621176570e-01 9.935081250208938064e-01 9.838347889332279550e-01 9.684820215484455375e-01 9.484442037998279673e-01 9.244429821852468976e-01 8.967410381258846819e-01 8.668110196171481263e-01 8.340865280032778717e-01 7.254772868179074630e-01
-3.513549807992925531e-03 6.522143547733483260e-02 1.179625774545121630e-01 1.701107367091351241e-01 2.211923759453737481e-01 2.706762620160952371e-01 3.173175020382635880e-01 3.607984599881530752e-01 4.005625542209363399e-01 4.364173976606151584e-01 4.678508358597432970e-01 4.957785320077122138e-01 5.192969701298797425e-01 5.387276307006922949e-01 5.541208958941725715e-01 5.655163667705545016e-01 5.728134036575224242e-01 5.760949238695038943e-01 5.756547017729232163e-01 5.716791866470916084e-01 5.638478434983708043e-01 5.534548959250071842e-01 5.401425362501030003e-01 5.248618315619969499e-01 5.081435313415338939e-01 4.903165921094492785e-01 4.714819931053306767e-01 4.524558873668096393e-01 4.328581562910692737e-01 3.769639045274391087e-01
-4.935740837678092782e-03 -3.061221994780065694e-02 -4.831526636707625388e-02 -6.495467898354549685e-02 -8.007006647087734630e-02 -9.314598653239755666e-02 -1.036999258521117406e-01 -1.112165502876939494e-01 -1.151245155544287913e-01 -1.158655532650387510e-01 -1.128505161522299072e-01 -1.067290988135047858e-01 -9.715955865390604740e-02 -8.468866924539705798e-02 -6.925717480177370766e-02 -5.144089294780042343e-02 -3.135134277998492813e-02 -9.399899557933553279e-03 1.400119518888558873e-02 3.850607890045356502e-02 6.394796729601430474e-02 8.983993346273991265e-02 1.158646529920240864e-01 1.418691873115965896e-01 1.675439637486057787e-01 1.927169024811119513e-01 2.171613723848251909e-01 2.406833727219896135e-01 2.630408268154449392e-01 3.051672351665766780e-01
-4.051110760005465806e-03 9.560763063309645621e-03 1.725526926773716940e-02 2.398344492633037311e-02 3.024844180964985155e-02 3.624071333597303490e-02 4.187646143273883459e-02 4.730161217513643990e-02 5.266565515830924638e-02 5.783660879823136758e-02 6.297177305552140170e-02 6.832737687829763817e-02 7.393249894280984336e-02 7.994156646226489860e-02 8.664714464396533478e-02 9.404623100893641507e-02 1.022906157921018439e-01 1.114491744311299909e-01 1.214937953331741843e-01 1.324603863060679620e-01 1.441933817009442287e-01 1.567581888143932400e-01 1.698656421351443790e-01 1.835467660342293139e-01 1.976452558712222252e-01 2.119591984406644647e-01 2.263002856830269305e-01 2.406004207470795742e-01 2.546060010263191398e-01 2.840164806887925386e-01
9.100584104267360475e-04 2.993208046236935788e-02 4.836335214485336376e-02 6.503957271717301925e-02 8.065009919479688982e-02 9.542002190369922032e-02 1.093063820024266775e-01 1.224264469756107671e-01 1.349013585626731015e-01 1.463365539409026139e-01 1.567575776418588807e-01 1.661713784529142146e-01 1.742687302576179653e-01 1.809135430484048179e-01 1.859788682779135449e-01 1.891045050127148908e-01 1.901433507255757271e-01 1.890062727583956825e-01 1.855690903787796109e-01 1.798554223365361748e-01 1.714878724396402820e-01 1.611661848221162541e-01 1.485326776380199720e-01 1.340520508083094808e-01 1.176350675249152877e-01 9.967529948298108067e-02 8.002457136805082860e-02 5.894661830577543199e-02 3.626308720232129107e-02 -3.310497436233487967e-02
2.110361234112391113e-02 8.840168741512008377e-02 1.577063932755610187e-01 2.302579500429904613e-01 3.056799423737313615e-01 3.857260052113818394e-01 4.689353628822408027e-01 5.570059196498572396e-01 6.502823629513132531e-01 7.474854016200962459e-01 8.497794663458633213e-01 9.566279892013551667e-01 1.067064697744105839e+00 1.180297523681490990e+00 1.296062714285840967e+00 1.413755269537717130e+00 1.531876217276633367e+00 1.648808070562854722e+00 1.764643942198839355e+00 1.877475942652554686e+00 1.987373473065220386e+00 2.093249751896296029e+00 2.193982861248725769e+00 2.290211982016214343e+00 2.382927963060284871e+00 2.470864894124647382e+00 2.553836421565497172e+00 2.632880425289098270e+00 2.706306890437336854e+00 2.822162218706383285e+00
3.956521426406131928e-03 8.736076720184038358e-02 1.553019499228361078e-01 2.231700536593883288e-01 2.904289711600017698e-01 3.570373847747823626e-01 4.214415802574476011e-01 4.837386790462283037e-01 5.434513216427683258e-01 6.002009642406849199e-01 6.537871321643529132e-01 7.050603805771628041e-01 7.529242674468262786e-01 7.976676436433913775e-01 8.393024851872337155e-01 8.779201299871811637e-01 9.130929715189785023e-01 9.445958176007176466e-01 9.728257198353662538e-01 9.975214730359491799e-01 1.018482431553726641e+00 1.036527441235251645e+00 1.051136763996508572e+00 1.063207201497885057e+00 1.073477237979557186e+00 1.081825045753133985e+00 1.088284013529928540e+00 1.093744496663270782e+00 1.097497053538782241e+00 1.084798862110106565e+00
-5.220919941732311137e-03 1.028121030368270468e-02 1.787007260193957531e-02 2.406610453362334479e-02 2.942251927236298747e-02 3.410991991664567846e-02 3.791489360005333847e-02 4.095162842515512325e-02 4.331598809925382015e-02 4.515969189237932502e-02 4.663754930029390816e-02 4.844857566622388922e-02 5.077548406325272518e-02 5.420443521807659371e-02 5.937665656918547641e-02 6.670619127492355416e-02 7.662721546854006638e-02 8.943246537356561165e-02 1.052557367980938019e-01 1.242308872730662622e-01 1.463326838041057454e-01 1.712999243031853580e-01 1.988782986000519060e-01 2.288227132091948668e-01 2.609182609838620048e-01 2.945401270263832139e-01 3.294627003046933789e-01 3.653665404911357051e-01 4.019497893488995777e-01 4.930146860314860158e-01
-1.229996270531032165e-03 -3.219023960451221703e-03 -3.448261748622824530e-03 -3.403144458278134499e-03 -2.589999886275454882e-03 -3.820131673942864237e-04 3.314804370669895139e-03 9.057770626467592789e-03 1.728316490579508841e-02 2.767018214956379688e-02 4.079403837322646137e-02 5.646186845043008745e-02 7.484273373654938555e-02 9.581172263230210151e-02 1.195909880740952669e-01 1.460026923612665062e-01 1.749794457877679177e-01 2.062258215060250865e-01 2.395962767186030629e-01 2.747178041536744164e-01 3.115257736911649089e-01 3.494282616737407476e-01 3.880421643351832373e-01 4.271706056988490152e-01 4.666358673271636670e-01 5.058963695672004102e-01 5.446811208865659504e-01 5.828157877707392798e-01 6.198652368610535479e-01 6.963111340305334629e-01
-1.976925105826258383e-04 2.007085396993817800e-02 3.333459375206620362e-02 4.544941858866488604e-02 5.699807059073513926e-02 6.827111202522595512e-02 7.925216763369512252e-02 9.015481313119069751e-02 1.011694173679294761e-01 1.119347571107797701e-01 1.226086292028574221e-01 1.331574128259777612e-01 1.433890633716288776e-01 1.531999215121877533e-01 1.625448183250593204e-01 1.711319090927430064e-01 1.788516086768853208e-01 1.855731170932019281e-01 1.911792510191124561e-01 1.956139278521994151e-01 1.985859226283541445e-01 2.004679494624963532e-01 2.009119007154430703e-01 2.001964731320332591e-01 1.982120390582463587e-01 1.951083182491033519e-01 1.907159449406399532e-01 1.851748669855434182e-01 1.782644214003416272e-01 1.483511511738563327e-01
8.048161987130354744e-04 7.993793679414673559e-02 1.315221404038881825e-01 1.790054884022544146e-01 2.230684064355194507e-01 2.638333893760702042e-01 3.000954623058498805e-01 3.317795905183272831e-01 3.584768147108974845e-01 3.807869784745664399e-01 3.984983006864288857e-01 4.137017203069559557e-01 4.261088987327834587e-01 4.374100224943394677e-01 4.487133055647392621e-01 4.614151484969476469e-01 4.762175965097529828e-01 4.939410602238670234e-01 5.153868674014048246e-01 5.409040478247174599e-01 5.706387165767303760e-01 6.045612508964788301e-01 6.423429298438247947e-01 6.837999002890782219e-01 7.290253693762281939e-01 7.768129885664665224e-01 8.269027530490862254e-01 8.790599878012212987e-01 9.326707382456723705e-01 1.068250991668664218e+00
6.570254855595467069e-03 -6.029077848851986665e-02 -1.125423619768383954e-01 -1.650730792937909475e-01 -2.158291053582765406e-01 -2.629518801635672420e-01 -3.044941899137351693e-01 -3.390896814100609058e-01 -3.652233476198025186e-01 -3.837291538318813311e-01 -3.931714398786844145e-01 -3.954728928793457277e-01 -3.897156285429567157e-01 -3.771797822252184185e-01 -3.581507937538953024e-01 -3.338211916885326369e-01 -3.046238376037614937e-01 -2.714662501003887174e-01 -2.352928726032105511e-01 -1.969621327021308377e-01 -1.566731553557819401e-01 -1.159094812849779665e-01 -7.508835619067932843e-02 -3.498780505663512397e-02 3.399934137371510290e-03 3.982650744729242243e-02 7.370959554255704371e-02 1.041842280201054627e-01 1.311004424258687961e-01 1.648779193915728691e-01
4.175992177580030440e-03 3.210370749808033608e-02 6.001530702279220253e-02 8.925973762244152065e-02 1.196894266982548027e-01 1.516942419055430924e-01 1.848923569003748657e-01 2.197685237338364017e-01 2.565060996485666878e-01 2.941795320671655722e-01 3.330876420082173328e-01 3.725592646591315282e-01 4.119195088722145681e-01 4.503543783783425791e-01 4.872631490692146405e-01 5.217226453382322049e-01 5.529166693185033621e-01 5.800398154550271412e-01 6.028290254350552324e-01 6.206977981777673792e-01 6.332397457472460633e-01 6.410311719218638737e-01 6.435580108879497274e-01 6.416215183802939093e-01 6.355506750230017765e-01 6.258226082063845785e-01 6.123945564165617084e-01 5.960138676042401329e-01 5.762327824131356913e-01 4.955120782054789896e-01
1.742946522548973268e-03 -2.530936226681898202e-02 -3.983377552561763457e-02 -5.234303951359922658e-02 -6.233664941636880147e-02 -6.881704877882444116e-02 -7.119050169465312994e-02 -6.852172932329092525e-02 -5.999657047667476123e-02 -4.649773429589013074e-02 -2.710921470220702817e-02 -3.144998817526049872e-03 2.556844090283359044e-02 5.791059743911805557e-02 9.354142147064276047e-02 1.313927461373798622e-01 1.708334614979447608e-01 2.109137128190524957e-01 2.510413790446390792e-01 2.903705197620358169e-01 3.286737428778352399e-01 3.652907213578404644e-01 3.997433192269801983e-01 4.320261614550745533e-01 4.619417936956398130e-01 4.894102112269656524e-01 5.141616258749434065e-01 5.362135013276611017e-01 5.551238022576137077e-01 5.704849844391730596e-01
-8.740069515197573455e-03 -2.960668787708239588e-02 -4.629884914594294132e-02 -6.259541136468212141e-02 -7.806135804841382586e-02 -9.248826115194157260e-02 -1.055041812374733212e-01 -1.168669572099403087e-01 -1.261808633460431983e-01 -1.336421017460886485e-01 -1.388938698496332280e-01 -1.421662038586036236e-01 -1.430786042413280112e-01 -1.418424244001116608e-01 -1.381860938492160407e-01 -1.324066357061386978e-01 -1.243287079142971208e-01 -1.140442127519585014e-01 -1.018430352077408230e-01 -8.776693043764759172e-02 -7.196719215967140038e-02 -5.472708609100847277e-02 -3.628530584822377281e-02 -1.681352841042995511e-02 3.349503591303940042e-03 2.401948873290304931e-02 4.501128224742495521e-02 6.606744379534293388e-02 8.704916486009953158e-02 1.361754394676764346e-01
5.089553831359682617e-03 4.829807397404810299e-02 8.469534798972343237e-02 1.211352262971149008e-01 1.577552139070460546e-01 1.951186556633906499e-01 2.325377965166235961e-01 2.705293855250553436e-01 3.091835099457540537e-01 3.480133853834629920e-01 3.873698625741787693e-01 4.273993682471881606e-01 4.676137095610721772e-01 5.079872227850735777e-01 5.485468438386282841e-01 5.891710056104428883e-01 6.294569148924715751e-01 6.689900828143975353e-01 7.078742574417133948e-01 7.456004730036733807e-01 7.820439132721328512e-01 8.171641143562893284e-01 8.504258811504619153e-01 8.821779869362623705e-01 9.127071695684860764e-01 9.416021399126179858e-01 9.686775648265544270e-01 9.943299987452089983e-01 1.017851372271258770e+00 1.050364357644614000e+00
-2.201200092738691411e-02 -4.810746921511033225e-02 -7.324001985567418771e-02 -9.843580156359918454e-02 -1.235492014568512487e-01 -1.493343987246078530e-01 -1.754258584961713441e-01 -2.023332469558442037e-01 -2.300345190893227643e-01 -2.583816819769996775e-01 -2.876615538262402016e-01 -3.176345134522713942e-01 -3.478555151200373730e-01 -3.783100392076917395e-01 -4.085546864290105495e-01 -4.387830631072217047e-01 -4.683217570675649033e-01 -4.967236562830878999e-01 -5.242727571760552596e-01 -5.502739363580757548e-01 -5.750234380541082713e-01 -5.978967061258760873e-01 -6.189212002521844447e-01 -6.380010301598639799e-01 -6.555220284824654353e-01 -6.711015590745441628e-01 -6.846825825869102822e-01 -6.964265158969351610e-01 -7.060309097464805284e-01 -7.069715305269178574e-01
-5.618380719978559486e-03 2.555403688082195229e-02 4.538949084985993004e-02 6.379318897134414468e-02 8.105908000539076286e-02 9.697667286246440532e-02 1.111869506201981633e-01 1.235173938106282759e-01 1.338385638778955555e-01 1.420464386194090212e-01 1.479318389890375007e-01 1.520130295724959890e-01 1.540309725950646802e-01 1.542176896836864874e-01 1.527663277940941866e-01 1.496624500428767046e-01 1.450740204679623335e-01 1.392108035086620788e-01 1.321197232134448396e-01 1.240807681646810545e-01 1.148070706273788960e-01 1.050624885015166154e-01 9.458318596490467023e-02 8.378148425111581199e-02 7.265451630080413392e-02 6.141122226482240154e-02 4.999170105582771001e-02 3.862204833096428286e-02 2.715398327962474656e-02 -2.219980106631949668e-03
-1.357773127560892891e-02 -3.364364572289871291e-02 -5.777036884680680079e-02 -8.376095116351714442e-02 -1.106978368653679379e-01 -1.389181388723801924e-01 -1.675953608286084862e-01 -1.970588187555058768e-01 -2.270641234165289013e-01 -2.577572285040442002e-01 -2.893539529382238018e-01 -3.220945849341882439e-01 -3.556662982142963503e-01 -3.904190866948196170e-01 -4.263540983288334196e-01 -4.640986539206580219e-01 -5.032819275662666625e-01 -5.436351725240187172e-01 -5.856609438585415051e-01 -6.287230720197433120e-01 -6.733685458567573168e-01 -7.185585221382081444e-01 -7.643851420540965780e-01 -8.105548600393082115e-01 -8.576192808567939529e-01 -9.046406807980598153e-01 -9.516000743245038862e-01 -9.986375798308839702e-01 -1.045259014412035059e+00 -1.148702987440477719e+00
-1.809074057933358556e-03 7.947681777983382767e-02 1.486100707556250178e-01 2.191043482250880636e-01 2.896678746863909915e-01 3.594181149673269515e-01 4.268175344006133187e-01 4.914506449726090409e-01 5.525768238032597868e-01 6.093916946991685402e-01 6.611490932667299925e-01 7.080892465249215562e-01 7.486023420328113964e-01 7.821625935820402109e-01 8.079839897037646157e-01 8.252319733832251814e-01 8.330933054584364061e-01 8.310874582089976537e-01 8.192726516409090110e-01 7.976514245872790010e-01 7.655563055027299058e-01 7.253559791555692637e-01 6.765978534407854905e-01 6.211721233943298115e-01 5.600613804031313592e-01 4.946489429352091127e-01 4.253096424263925202e-01 3.537332479141147568e-01 2.796343209240003680e-01 7.614842230137826296e-02
1.294257040786152627e-02 9.630443561089531423e-02 1.804931603920249539e-01 2.692752557649120693e-01 3.612430077851130905e-01 4.572733343566657283e-01 5.551508543925346428e-01 6.560281688957780855e-01 7.597005729068337931e-01 8.650861351492185047e-01 9.728164958110092631e-01 1.082955495165056625e+00 1.194214718551117160e+00 1.306020567387984999e+00 1.418251085040729720e+00 1.530470270284021828e+00 1.641326502818768018e+00 1.749414620859037095e+00 1.855018323755585286e+00 1.956539959813670126e+00 2.054014721211678385e+00 2.147004893126478464e+00 2.234500377690064266e+00 2.317530884727080576e+00 2.397495239344464846e+00 2.473337053356563509e+00 2.545129940505407973e+00 2.614290904055384335e+00 2.679184508947991095e+00 2.785121802300915217e+00
-1.650724492349995437e-02 1.488018995505697821e-02 3.060091984483235064e-02 4.427746350473734521e-02 5.597936682734645786e-02 6.478210204624867963e-02 7.010388304701067885e-02 7.120396887205923675e-02 6.760146740467615212e-02 5.972951627765592936e-02 4.690885250095842840e-02 3.048438111444400772e-02 1.038290291347383418e-02 -1.256483778474227694e-02 -3.765015645710576009e-02 -6.437345632681776286e-02 -9.193700569027227210e-02 -1.195143375448785572e-01 -1.468630282620373428e-01 -1.731092032678775150e-01 -1.984864755627797905e-01 -2.219292297426385951e-01 -2.435133461555489265e-01 -2.629114999101603845e-01 -2.801679742036248255e-01 -2.951454051387468747e-01 -3.077690917993376463e-01 -3.179781165946844457e-01 -3.257030389510288115e-01 -3.221107637106906396e-01
2.692065004329950717e-02 2.297308615875661431e-01 4.215691146837514114e-01 6.212672877479120670e-01 8.253543396613763905e-01 1.034495120938568880e+00 1.243331794114384214e+00 1.453339143307725179e+00 1.663022645903281749e+00 1.871260002190797911e+00 2.078006244806720026e+00 2.285166455267739316e+00 2.489836250834715159e+00 2.691573030854121473e+00 2.890868872807578427e+00 3.087534687854984305e+00 3.279533513237073983e+00 3.464799107038402770e+00 3.644313757469246351e+00 3.815712704060533866e+00 3.979219012680760059e+00 4.134803501129195702e+00 4.280649255459058722e+00 4.419286963333111551e+00 4.553950838023527403e+00 4.682564284366186769e+00 4.805904868073814562e+00 4.926978669877059680e+00 5.042910563794084311e+00 5.251536808359607456e+00
1.101672081197786583e-02 1.130274663396088203e-01 2.026715364666613339e-01 2.939288350689981955e-01 3.859005837889857293e-01 4.791762327127290222e-01 5.715017330107686755e-01 6.635914933941804428e-01 7.549998491392042599e-01 8.452421425222790274e-01 9.345926717261404670e-01 1.024092881054821547e+00 1.112535503892424060e+00 1.200325817700224507e+00 1.287782417471146523e+00 1.375289914798433211e+00 1.462141210241205691e+00 1.547683481773181047e+00 1.632558946374173869e+00 1.715801902740928808e+00 1.797528261328709576e+00 1.877500264564982979e+00 1.954865165442293939e+00 2.030361299588571811e+00 2.105149739281912957e+00 2.177949925657294727e+00 2.248738577447906728e+00 2.318559242719786084e+00 2.385965136912270967e+00 2.514981365470793762e+00
-9.586658935851193053e-03 -2.205178299408021292e-02 -3.638719243547430815e-02 -5.163922138661462824e-02 -6.713739663539992908e-02 -8.291362427061702012e-02 -9.850073732549932681e-02 -1.139303736483075202e-01 -1.289293808356124782e-01 -1.436449067350027975e-01 -1.580147783305555498e-01 -1.721462173086460434e-01 -1.857628968534121849e-01 -1.990342844672007838e-01 -2.117915200154746325e-01 -2.243880750660922907e-01 -2.365558408751731179e-01 -2.481867601166740100e-01 -2.595937768138814050e-01 -2.705110454698492206e-01 -2.812492743995262945e-01 -2.914705504471294395e-01 -3.013565460130099849e-01 -3.108475420785551391e-01 -3.203487697417122249e-01 -3.295699140125402105e-01 -3.386329473953206826e-01 -3.477050905861932550e-01 -3.566967956458666489e-01 -3.762042913561639557e-01
7.268066449424872427e-03 6.794273361809870238e-02 1.196230913038082155e-01 1.716468689540775194e-01 2.238227429520910916e-01 2.764991495540672362e-01 3.287260040975116260e-01 3.808972060006378668e-01 4.329179023025819251e-01 4.840438079317448405e-01 5.343982271904945680e-01 5.839813913196245654e-01 6.318486704730656989e-01 6.776754485949456619e-01 7.210916189946374733e-01 7.616304068282926387e-01 7.985559345299411138e-01 8.312726826276897185e-01 8.598375620185453316e-01 8.837262848557669859e-01 9.026207955090779222e-01 9.171908740467874521e-01 9.268694984998910869e-01 9.325382029829691888e-01 9.347338536222987715e-01 9.336430379452824724e-01 9.292172292295204361e-01 9.223161097008309994e-01 9.123011204151020292e-01 8.556488185314262696e-01
-1.445808232210778720e-02 -4.172321033056154704e-02 -7.003981603788748955e-02 -9.963968314345533761e-02 -1.296878907089120125e-01 -1.604174319997446196e-01 -1.910418850714307171e-01 -2.217774166953753734e-01 -2.523238243830897010e-01 -2.827120853359722519e-01 -3.130048862930243647e-01 -3.433416797929911279e-01 -3.732355875983395244e-01 -4.028932798144553296e-01 -4.320898942124075659e-01 -4.612480649343703165e-01 -4.898882443031794542e-01 -5.177344786925416331e-01 -5.452216582673677925e-01 -5.718244412883696226e-01 -5.979226258053782495e-01 -6.230027109460578583e-01 -6.471523635445511902e-01 -6.703583137560635841e-01 -6.932056012367615594e-01 -7.151856050523009989e-01 -7.363656437379386688e-01 -7.570567483184461599e-01 -7.769170654225486805e-01 -8.137270490889658703e-01
-1.580084172597871761e-02 -4.610977038460183086e-02 -6.864159777192369027e-02 -8.956476437413785074e-02 -1.089469222258471759e-01 -1.273705578558925744e-01 -1.441985344484220666e-01 -1.596797490482113613e-01 -1.735929016714484741e-01 -1.866329836229607131e-01 -1.990179509898442056e-01 -2.117924819367324740e-01 -2.250313206458536275e-01 -2.400320385733905049e-01 -2.573961218932074857e-01 -2.786333660643326438e-01 -3.039776920090345169e-01 -3.338515467125972580e-01 -3.690370610952959929e-01 -4.093110635636488803e-01 -4.554096680605675407e-01 -5.058640253977212398e-01 -5.608773523763750379e-01 -6.195389171060272648e-01 -6.819979706087127003e-01 -7.467289994663453001e-01 -8.134946967697788134e-01 -8.817843464047049329e-01 -9.512416785934955099e-01 -1.124502446165978053e+00
-1.828710476929826245e-04 4.917598817811290324e-02 7.631942745370114134e-02 9.936749526173285774e-02 1.194243122480763974e-01 1.364884195462705008e-01 1.504028576368033887e-01 1.609413262826741298e-01 1.679882967083849987e-01 1.714982856254528287e-01 1.711356112364552928e-01 1.676023509410572709e-01 1.605708095173180583e-01 1.504323140008336501e-01 1.373563476541187212e-01 1.214059795555482574e-01 1.028113776676431584e-01 8.199395936546420571e-02 5.903390087975852324e-02 3.439008197487206098e-02 7.664050939083552616e-03 -2.003137813226966990e-02 -4.898255629918517318e-02 -7.871290348605866627e-02 -1.093902569552405307e-01 -1.405815518782408402e-01 -1.724330244880362129e-01 -2.047792309606102645e-01 -2.376714307656987435e-01 -3.211429848414039112e-01
5.473690970086392965e-03 5.423081533546786348e-02 9.396780039618629621e-02 1.333596051762650780e-01 1.725775342136796620e-01 2.121282321941022342e-01 2.512792046053589634e-01 2.904807000561935304e-01 3.297633623412235537e-01 3.686645076812673505e-01 4.074495227128620556e-01 4.463562539122783446e-01 4.848333939279705906e-01 5.229092011663252215e-01 5.606003213946135766e-01 5.978128479494737579e-01 6.341601335657733873e-01 6.692915347951289284e-01 7.033366925962594163e-01 7.358614265515126540e-01 7.667125157603198460e-01 7.960065911046972920e-01 8.232228039976582368e-01 8.487711299068207982e-01 8.729474723703417594e-01 8.954314345919102136e-01 9.160518496892253726e-01 9.352323455689988130e-01 9.523110071749745220e-01 9.697619631240965710e-01
-1.439862876014933422e-02 -3.683304333340133019e-02 -6.264202181540343140e-02 -9.018776267528225143e-02 -1.185790430802429740e-01 -1.481337098630087779e-01 -1.780664694641890811e-01 -2.086866399012770601e-01 -2.397468903614044522e-01 -2.712900525088949300e-01 -3.034829831962885249e-01 -3.364337331849990287e-01 -3.697271952475265078e-01 -4.035683053645110485e-01 -4.377939363579560483e-01 -4.728615138455428690e-01 -5.082918393940928370e-01 -5.437512873625256482e-01 -5.796793755603922849e-01 -6.154500538628768780e-01 -6.515144047803655969e-01 -6.870911885087457316e-01 -7.222616651918316588e-01 -7.568895382590735688e-01 -7.915547108130480680e-01 -8.255623446820795630e-01 -8.589423741025596915e-01 -8.919366058022544230e-01 -9.241235672655274680e-01 -9.899897914413386957e-01
-1.708598608489531739e-02 -7.228883254462654950e-02 -1.249640337345812174e-01 -1.794591275790151375e-01 -2.344235306076342118e-01 -2.898606250279806007e-01 -3.444218207722137826e-01 -3.982137507739296756e-01 -4.506582473486787088e-01 -5.015745627397034667e-01 -5.507975939424649692e-01 -5.985423234192237540e-01 -6.437750755215635445e-01 -6.865936847812129651e-01 -7.264795552885349172e-01 -7.636978959222586738e-01 -7.974580137731175355e-01 -8.273084829240842097e-01 -8.537984334106394346e-01 -8.763125445447531581e-01 -8.951082828070300312e-01 -9.102997179155943863e-01 -9.218699507193385267e-01 -9.303597412238370223e-01 -9.367439077190655716e-01 -9.408417307047843847e-01 -9.428438926495452677e-01 -9.436226998641376040e-01 -9.426747508338666481e-01 -9.203106467257882173e-01
-1.183873291090106056e-02 6.721742649066189679e-02 1.207273199566808591e-01 1.717479050855101330e-01 2.198951698293250268e-01 2.639894570531323703e-01 3.026277950465839361e-01 3.348928318829019202e-01 3.598649311697106890e-01 3.779348490224853085e-01 3.880490676840064324e-01 3.920734595425538482e-01 3.892075240089760690e-01 3.805321796035996407e-01 3.665582187758506527e-01 3.479320894064153458e-01 3.252208820990251659e-01 2.992407051193660128e-01 2.705403855536340219e-01 2.400171787085229602e-01 2.073618494980711269e-01 1.743642605629191489e-01 1.408563924074582585e-01 1.077233644743496588e-01 7.538242600486425027e-02 4.418748092244474679e-02 1.434328744061128674e-02 -1.353695016017711361e-02 -3.953745659264232271e-02 -8.737486218614795574e-02
7.277160053829416150e-03 6.384216284235785799e-02 1.131472286561197443e-01 1.630404661269108380e-01 2.134321248915280189e-01 2.650644117473048289e-01 3.168012588621884618e-01 3.693453191261384938e-01 4.227112628688234341e-01 4.764783927563839283e-01 5.311338434294824440e-01 5.871387555025807670e-01 6.439443015277598326e-01 7.017751474079085838e-01 7.609058991254127324e-01 8.215270629564821459e-01 8.832156361116306753e-01 9.454959471946896565e-01 1.008679087943523012e+00 1.072027225746409851e+00 1.135595734119129840e+00 1.198888625100607230e+00 1.261255421532478715e+00 1.322937402993286993e+00 1.384434389428102374e+00 1.444730915571137642e+00 1.503615565190047798e+00 1.561526302958703649e+00 1.617419528092732151e+00 1.726135833845934942e+00
3.242667126224924035e-05 3.849643990513016562e-02 6.850789472446491835e-02 9.808532174531880976e-02 1.273501400427999863e-01 1.564984858526620171e-01 1.849196534634030553e-01 2.128199533201491078e-01 2.401700642295780397e-01 2.666762512571288490e-01 2.924492178216305804e-01 3.178544595255891059e-01 3.425045320568869123e-01 3.665421271838943951e-01 3.901076833570376046e-01 4.131883157814937313e-01 4.356507872432408002e-01 4.573689976134598933e-01 4.784563104961516156e-01 4.987436472026752776e-01 5.180648892351411572e-01 5.366748267273353523e-01 5.541628839770664783e-01 5.708782251857590362e-01 5.870039075472560652e-01 6.023274189737499729e-01 6.167139777271271051e-01 6.304817985691641979e-01 6.431393814387137420e-01 6.600527877478746808e-01
-1.684437133463918129e-02 -6.224990476431711828e-02 -1.109949261601369669e-01 -1.628047466695241030e-01 -2.160680033441947923e-01 -2.710462944276850195e-01 -3.261716896009869138e-01 -3.818427289847322603e-01 -4.375735177319352576e-01 -4.934009527457405286e-01 -5.495065453603049654e-01 -6.063633817306088858e-01 -6.632232366663601830e-01 -7.205496550377941123e-01 -7.782708125217792094e-01 -8.371381848787577962e-01 -8.965263531764824378e-01 -9.559857932866084873e-01 -1.016264709858923476e+00 -1.076462953840829462e+00 -1.137218603850740806e+00 -1.197519585401275677e+00 -1.257365441464020961e+00 -1.316704596511186320e+00 -1.376489592595125711e+00 -1.435594967641655062e+00 -1.494026300062853974e+00 -1.552290253136407783e+00 -1.609542466877591949e+00 -1.729789764115585271e+00
-1.308303905631604154e-02 -2.804893942119197903e-02 -4.159461514405568550e-02 -5.497222739456651686e-02 -6.791585845783586206e-02 -8.053576042834517668e-02 -9.266768943879369336e-02 -1.043269969564741273e-01 -1.153200259226724311e-01 -1.256156774811199583e-01 -1.350690773058856875e-01 -1.434858859839313050e-01 -1.504791921416988032e-01 -1.559355451790367941e-01 -1.593590388574102068e-01 -1.607517293398991465e-01 -1.596830393075265309e-01 -1.559696561117454583e-01 -1.497479847702587463e-01 -1.408153391914464259e-01 -1.292677230202126937e-01 -1.152509283587030559e-01 -9.894311603302673175e-02 -8.052429462075984257e-02 -6.028620250971167965e-02 -3.851535989886631373e-02 -1.535132013521033068e-02 8.949609163571688175e-03 3.427046406877663071e-02 1.038238834716516124e-01
-3.022015151855242734e-02 -7.201657725870563853e-02 -1.256592860724483340e-01 -1.839843168031166931e-01 -2.453848997665926401e-01 -3.109432226245424369e-01 -3.793067414754180966e-01 -4.516238139977661881e-01 -5.278383895126192993e-01 -6.072470647787564513e-01 -6.905976632840795659e-01 -7.772161732299351922e-01 -8.660259912502041857e-01 -9.565791309532869491e-01 -1.048049530423859954e+00 -1.140376006802609865e+00 -1.232050649876668347e+00 -1.321722352840799308e+00 -1.409876357151997661e+00 -1.494758291417289886e+00 -1.576947328200724474e+00 -1.655094777118245819e+00 -1.728970180400872358e+00 -1.798698811410784248e+00 -1.865334774914995331e+00 -1.927939435692566983e+00 -1.986350536559013946e+00 -2.041343353890291201e+00 -2.091728257167587479e+00 -2.160986796649764674e+00
-5.501497706806962075e-03 -1.724369353883770800e-02 -2.685745324412507767e-02 -3.634535146089258595e-02 -4.519737348449213987e-02 -5.309708898989891346e-02 -5.972955397585323623e-02 -6.479290489262429231e-02 -6.789602518721804536e-02 -6.934557546508290926e-02 -6.877523574535417128e-02 -6.648025429242623852e-02 -6.222255669458029437e-02 -5.628658094361668751e-02 -4.852586310207047948e-02 -3.931590832625901644e-02 -2.862536082609908050e-02 -1.663117540370163960e-02 -3.618321602252873304e-03 1.029026330224980940e-02 2.490334586230585553e-02 4.005293380844855700e-02 5.545139828415637795e-02 7.104821328780583367e-02 8.656166993049942138e-02 1.019023276403771550e-01 1.168692210209653776e-01 1.313219790914190999e-01 1.450673130713612813e-01 1.709739251149409722e-01
-8.205779984749830142e-03 -2.498488689143252978e-03 -7.695336027607132395e-03 -1.565871915790555124e-02 -2.536708264809276261e-02 -3.692184709877327498e-02 -4.993703271298616242e-02 -6.462472471071313562e-02 -8.085613236933578141e-02 -9.858351654305851086e-02 -1.179638914630753710e-01 -1.386622370972127316e-01 -1.604804762552425601e-01 -1.832169003304994492e-01 -2.065792056636125973e-01 -2.306385119314008636e-01 -2.549319444179724004e-01 -2.790415103657852836e-01 -3.031270105728181563e-01 -3.266575725122633500e-01 -3.499730604139515977e-01 -3.724258215928551996e-01 -3.941705440171766606e-01 -4.151168550952790692e-01 -4.357180262815237848e-01 -4.556376228324051647e-01 -4.750094655490472717e-01 -4.940508908100094132e-01 -5.125918492813328342e-01 -5.507100106299687159e-01
1.585657649182554974e-02 1.670960818638239365e-01 3.010585060107437982e-01 4.379672664959248229e-01 5.760930886058641676e-01 7.160306483300661329e-01 8.542020578328080038e-01 9.914984294278844645e-01 1.126986563075209613e+00 1.260251827842039152e+00 1.391430874306839538e+00 1.522425699191328530e+00 1.651459950970644242e+00 1.779260278704833720e+00 1.906505206961346621e+00 2.033961346327739061e+00 2.160740107827260559e+00 2.285971342400823225e+00 2.410717450526381533e+00 2.533654345278519848e+00 2.655092585037674979e+00 2.774633854991541249e+00 2.891089249289394925e+00 3.005586919365427434e+00 3.120041070054822008e+00 3.232379354941983696e+00 3.342780577012772092e+00 3.452859142696508954e+00 3.560518162023655453e+00 3.780824158077051855e+00
-5.740867548157882992e-03 -1.666920800913159612e-02 -2.668014101045722286e-02 -3.693249379835943091e-02 -4.683376959395227357e-02 -5.606278576126964841e-02 -6.429408130346732364e-02 -7.124263042897430176e-02 -7.652214961788503245e-02 -8.035043373229425190e-02 -8.236928605401780401e-02 -8.274788771966107292e-02 -8.120518967169057523e-02 -7.787907340432895231e-02 -7.254218868920159213e-02 -6.543978213120629772e-02 -5.644593768956109731e-02 -4.564490499331556872e-02 -3.327278422217459786e-02 -1.939002918180312424e-02 -4.158407102732568361e-03 1.219638807698700950e-02 2.940574704469682554e-02 4.732876263140030348e-02 6.563824636783768818e-02 8.415137554387794316e-02 1.026528228849842433e-01 1.209082372597545807e-01 1.387496389114428463e-01 1.771464942622022476e-01
-3.279399234529336606e-03 9.846959596264850609e-03 2.233001108946051222e-02 3.544254267767707467e-02 4.926456708604846912e-02 6.416594518904351896e-02 7.974146448354632599e-02 9.638990408358261153e-02 1.142901655976717307e-01 1.332708997713758226e-01 1.537511074996956439e-01 1.760000321477173946e-01 2.000523883871264674e-01 2.261022354964893344e-01 2.545811115367269117e-01 2.856259916169612278e-01 3.192784729924367237e-01 3.553840573594287955e-01 3.940162748355200417e-01 4.348719337044829603e-01 4.779724353882227605e-01 5.227757502032146508e-01 5.688897968802338889e-01 6.161942634243272598e-01 6.647313004841770567e-01 7.137241569570985655e-01 7.629579096680604300e-01 8.124065091822035845e-01 8.614896207010270812e-01 9.719028484234368825e-01
8.123806082915394078e-03 -1.459651290029489491e-02 -2.878008055345959021e-02 -4.239695252223238398e-02 -5.435250313313943343e-02 -6.336926961223329768e-02 -6.845171989963083625e-02 -6.856010841488269225e-02 -6.271381648180968105e-02 -5.201838067601383120e-02 -3.553639540580679629e-02 -1.496878959594354422e-02 9.726921850206439457e-03 3.715305490222728380e-02 6.657591774464743928e-02 9.658411385165675822e-02 1.263250664791756017e-01 1.547258486007905831e-01 1.810338058292382812e-01 2.043901898945856832e-01 2.243770750366393951e-01 2.407040496791280348e-01 2.528591692341395913e-01 2.610011519482222653e-01 2.647719390381554905e-01 2.645913867155714194e-01 2.601340761749220132e-01 2.514554813570840097e-01 2.382743255428317886e-01 1.660961233367690415e-01
-1.672508500269957038e-03 5.792102027512025658e-02 1.040203957419554986e-01 1.495863271896685776e-01 1.943461503017199499e-01 2.380277050276465578e-01 2.796052968425088991e-01 3.189481706757957280e-01 3.556836613758841970e-01 3.895228987511476504e-01 4.201625742445472267e-01 4.482548410010543938e-01 4.730265081880598022e-01 4.946620594204438337e-01 5.131680854731129893e-01 5.284889291119925225e-01 5.404448159828505460e-01 5.490081781173831166e-01 5.543853771790107077e-01 5.566217350138125131e-01 5.554171888089607378e-01 5.518002546690679022e-01 5.453879556074542334e-01 5.369938965252869512e-01 5.270495888080022340e-01 5.157937415961386662e-01 5.032577948916092669e-01 4.901396699792953671e-01 4.760338082892602851e-01 4.298519363909244495e-01
-6.110317995414623650e-03 -7.947921515013986471e-03 -1.544085519962035483e-02 -2.466471868842277579e-02 -3.472001333882153429e-02 -4.544574414608599372e-02 -5.643739789928209349e-02 -6.763796396147131462e-02 -7.876610741612505295e-02 -8.992848356232169271e-02 -1.010125862753666337e-01 -1.119733792831037189e-01 -1.225780469667767103e-01 -1.328122534662108667e-01 -1.424531431793408243e-01 -1.516825213541796447e-01 -1.602275648748816561e-01 -1.679282095495852056e-01 -1.749949665722105308e-01 -1.811977447895287974e-01 -1.868012746771781363e-01 -1.915728949972362316e-01 -1.957239873599604385e-01 -1.992804379334967013e-01 -2.026564159753020400e-01 -2.057354230665128791e-01 -2.087058448279871248e-01 -2.118062595866861131e-01 -2.150198685799926956e-01 -2.229685269672698200e-01
-2.632008178499106732e-02 -1.202848841530176072e-01 -2.170645046222811070e-01 -3.192774234595867067e-01 -4.240286615840931361e-01 -5.316195273300554636e-01 -6.390782319682977164e-01 -7.471118012451154478e-01 -8.548525791511072391e-01 -9.621209539650976694e-01 -1.069147097268606572e+00 -1.176831430412890178e+00 -1.283576370047158299e+00 -1.390098257143763671e+00 -1.496184970419884186e+00 -1.602857519617178816e+00 -1.708976964167576718e+00 -1.813668398408871951e+00 -1.918203481480522443e+00 -2.021017667987187405e+00 -2.123012856521560021e+00 -2.222944896735771447e+00 -2.320595088042042953e+00 -2.416250605663738948e+00 -2.511547141653709403e+00 -2.604837186143223793e+00 -2.696029615865361162e+00 -2.786246953354504008e+00 -2.873802641221974152e+00 -3.043887114225321433e+00
-3.222735801230529329e-02 4.139480428205010581e-03 -7.188382750254473236e-03 -2.938554523777862221e-02 -6.004771483654244846e-02 -1.009647534054160800e-01 -1.517273555182301892e-01 -2.144702995171733351e-01 -2.900485968249610358e-01 -3.766549980511896267e-01 -4.761336599865807484e-01 -5.853879458317946538e-01 -7.035374193090964123e-01 -8.284029165266116879e-01 -9.580778663393048067e-01 -1.091055454090122723e+00 -1.224764172711974020e+00 -1.356438729996053194e+00 -1.485824025400715787e+00 -1.610013625424310924e+00 -1.729641445579966241e+00 -1.842236798597680192e+00 -1.947437653662923207e+00 -2.045252379084627758e+00 -2.136587780787158497e+00 -2.220737112953850456e+00 -2.297377615014103647e+00 -2.367395891502307226e+00 -2.429386576351041160e+00 -2.495993371176941977e+00
5.100945431055081344e-03 1.656481179431605055e-01 3.005626109666633128e-01 4.370685793812548181e-01 5.730889587666486706e-01 7.079823175064057228e-01 8.381645261045949091e-01 9.634878516421303551e-01 1.082515957965891396e+00 1.195147391804152193e+00 1.300570857066682517e+00 1.401163982060927848e+00 1.494759736794359251e+00 1.582301039324770286e+00 1.664207454797496766e+00 1.741216994883185265e+00 1.812768600010229436e+00 1.878625127755178426e+00 1.939889131930818911e+00 1.996170692017498416e+00 2.047447494004507984e+00 2.094965949600155586e+00 2.137966664240843251e+00 2.178038520876228290e+00 2.217036032365121034e+00 2.254199022839953326e+00 2.289920156736407364e+00 2.325944768548760866e+00 2.360944287721796986e+00 2.421543608895452060e+00
-3.373879746049537887e-06 -1.135955365649008765e-02 -2.059587209106829644e-02 -3.002371588900156971e-02 -3.886631464515200723e-02 -4.668051358429770731e-02 -5.271754942308884417e-02 -5.659991105838497322e-02 -5.777307897245202023e-02 -5.707651447059145650e-02 -5.419250179717324811e-02 -5.027621121909861546e-02 -4.544016279063897018e-02 -4.077471070821946098e-02 -3.693704232308736568e-02 -3.517842839025969032e-02 -3.600971667257166914e-02 -4.003732296359813203e-02 -4.790547455076966943e-02 -5.985244278059376200e-02 -7.644924015615237045e-02 -9.701902976520920818e-02 -1.219220946210455986e-01 -1.506361619500364846e-01 -1.834494733652422271e-01 -2.194091102518688496e-01 -2.586344450287689778e-01 -3.008623371307415639e-01 -3.460536199315612516e-01 -4.792710112959170377e-01
