-5.139133962404531658e-04 6.521632329671314676e-02 1.271827993869483198e-01 1.918939224106535890e-01 2.581271870393458956e-01 3.250287773372868005e-01 3.917800228068171187e-01 4.580428852434094145e-01 5.230617820325704770e-01 5.865629303031260067e-01 6.480331495763542726e-01 7.065894472534248738e-01 7.619004577661945277e-01 8.131992460317017946e-01 8.595290629456797671e-01 9.002661393451312222e-01 9.345815856192460913e-01 9.617151121930150870e-01 9.812972802863425548e-01 9.931993185940729552e-01 9.975115238422926911e-01 9.944817854359921938e-01 9.849950627851070672e-01 9.695325260742077011e-01 9.493333157533950795e-01 9.250361420871716644e-01 8.973579898981127734e-01 8.670862618608103922e-01 8.342547007444308660e-01 7.251979647412221119e-01
-3.613973993166543289e-03 6.491825796389849579e-02 1.177145676511556355e-01 1.697705426257076211e-01 2.207587172782711216e-01 2.700082434750811777e-01 3.165497245027459328e-01 3.600337110613898162e-01 3.998358927129647133e-01 4.356707027098556950e-01 4.675531554979430182e-01 4.951834286435903287e-01 5.188421787760697512e-01 5.383487884874202933e-01 5.537644322408457054e-01 5.651963398458912380e-01 5.726084860312443681e-01 5.759414112664051899e-01 5.754797701614081662e-01 5.712827751648247299e-01 5.637149971447183994e-01 5.530350389309655057e-01 5.399372135326855338e-01 5.246366095706711530e-01 5.078508826065996073e-01 4.899126313283442835e-01 4.711489003837859846e-01 4.519514653377807445e-01 4.323018310856058255e-01 3.761702640000301190e-01
-5.034686331219680178e-03 -3.050525206878049872e-02 -4.815707420803930217e-02 -6.463839980602772983e-02 -7.962895626547270012e-02 -9.262774661017186828e-02 -1.029596366147964431e-01 -1.103128147834125938e-01 -1.143897270244380870e-01 -1.149546034518597881e-01 -1.120982646139162819e-01 -1.058539163695232932e-01 -9.642935431529761625e-02 -8.387264800728344571e-02 -6.860215402202049506e-02 -5.078203881894217259e-02 -3.076244908834261521e-02 -8.830993539807732023e-03 1.450972430370846972e-02 3.909073214577696992e-02 6.447174004292591243e-02 9.035539925045271703e-02 1.163391718025902355e-01 1.423889858184684554e-01 1.680397424880856194e-01 1.932982053696835345e-01 2.178197035255015901e-01 2.413988764640410678e-01 2.639147920570965589e-01 3.063474229993697340e-01
-4.087239012664766261e-03 9.565025481983426697e-03 1.724716660543140073e-02 2.397014761046980039e-02 3.020819775715799169e-02 3.614327693647875761e-02 4.181102698761877262e-02 4.729752976816724297e-02 5.260940260000924323e-02 5.779985170323542754e-02 6.301208230515958908e-02 6.832593037874062913e-02 7.395285675506063638e-02 8.001340824615807423e-02 8.663782785968249245e-02 9.404418667718200675e-02 1.022736448707010637e-01 1.113824551465314588e-01 1.213725983752635407e-01 1.322287614639272024e-01 1.438926997895414450e-01 1.562494872497881548e-01 1.692095923058472562e-01 1.827155253383215272e-01 1.965222557888391675e-01 2.106360695880537537e-01 2.247782306238758077e-01 2.388137093510934172e-01 2.526229903486448269e-01 2.812179472118765955e-01
8.681874131812421236e-04 2.992164969214903408e-02 4.836677090256223666e-02 6.499657549486569097e-02 8.049195236367800987e-02 9.513761927632886917e-02 1.089778064277338449e-01 1.221053556392326656e-01 1.343881869679299512e-01 1.457808302113882126e-01 1.562166634071430471e-01 1.654765753493573910e-01 1.735232251775946088e-01 1.801385281852425913e-01 1.850651618462181847e-01 1.881792044946660192e-01 1.892573942268795106e-01 1.880835725881710441e-01 1.845998763158728240e-01 1.787916440633776083e-01 1.706343414248085166e-01 1.601998777304240451e-01 1.477137549362101676e-01 1.332540717436926647e-01 1.170419384012166275e-01 9.910811019514365050e-02 7.961286439071532661e-02 5.859889587223219426e-02 3.595381026420107345e-02 -3.316699582507365296e-02
2.124539456477192445e-02 8.845864376595459488e-02 1.577248184115796759e-01 2.301940581754768622e-01 3.058605023465270634e-01 3.852163090652368505e-01 4.687658474486666726e-01 5.570169778115976467e-01 6.498285638040812717e-01 7.476785394456656464e-01 8.501076769750430806e-01 9.565048254258171623e-01 1.066629765918577277e+00 1.180122498304763567e+00 1.295746618076706103e+00 1.413140359688602521e+00 1.530990947326734686e+00 1.648395694034714420e+00 1.763797746172772074e+00 1.876773363592516564e+00 1.986464898460594819e+00 2.092054019389609998e+00 2.193150085281232897e+00 2.289812714071448152e+00 2.381894541911733665e+00 2.469909553918778311e+00 2.553136517992752985e+00 2.631882779707878761e+00 2.705740858195507581e+00 2.821025159624004353e+00
3.820125402736860090e-03 8.730350222557872741e-02 1.553769100035125583e-01 2.232279977092703205e-01 2.905747720892751795e-01 3.568960417743134994e-01 4.213620671209004076e-01 4.837579409495318394e-01 5.434814373171644730e-01 6.003820566292579208e-01 6.544290927787447254e-01 7.052627961729084349e-01 7.531750948119770861e-01 7.979755102087673357e-01 8.395647532478213160e-01 8.780546654339215218e-01 9.131860744680702080e-01 9.447941605580021385e-01 9.728356637059270007e-01 9.972933697924339924e-01 1.018343497269277531e+00 1.036015228907385843e+00 1.050820482648634702e+00 1.062925400367527029e+00 1.072894444030542571e+00 1.081120074772240702e+00 1.087655894009151636e+00 1.092900496263181864e+00 1.096720469360105144e+00 1.083670621029358072e+00
-5.124830569115197167e-03 1.021790914514459324e-02 1.774819066340187212e-02 2.388329453991450829e-02 2.916109582500606839e-02 3.371044360174968446e-02 3.746101775740978690e-02 4.048785585801824294e-02 4.285231647664614757e-02 4.465678386632873642e-02 4.627845985063198941e-02 4.806253567841568819e-02 5.052617453139901516e-02 5.408424964543266655e-02 5.930085406151347494e-02 6.675405489364799605e-02 7.677290707585952834e-02 8.970385186752583007e-02 1.057089514501173000e-01 1.248083004864055101e-01 1.469985995646332644e-01 1.720603645919057123e-01 1.997242365046968116e-01 2.298119532827435085e-01 2.617582751979546374e-01 2.955154362893055442e-01 3.304898713811171840e-01 3.663957645057321910e-01 4.030856279965082112e-01 4.938483865269178708e-01
-1.224524239272228171e-03 -3.114837346107098351e-03 -3.404402950252080964e-03 -3.368524934172965890e-03 -2.532625155987591054e-03 -4.345128966737818454e-04 3.397551004189518914e-03 9.255585503946183595e-03 1.735497564065354922e-02 2.793777832764774566e-02 4.105681110988639720e-02 5.677517937213800298e-02 7.515055868091145841e-02 9.628795800146575101e-02 1.200447482909466207e-01 1.465248715962257087e-01 1.755204252763885031e-01 2.069253585868652268e-01 2.403337207124440766e-01 2.756204387170192449e-01 3.124219684593506630e-01 3.503692349823691599e-01 3.890376919120524524e-01 4.283092718982110525e-01 4.676273578808887166e-01 5.069952971217822624e-01 5.458551555596529159e-01 5.839805373360092977e-01 6.211801673470884744e-01 6.974068455148763057e-01
-2.610336291692261917e-04 2.039231789960915114e-02 3.380113041748775832e-02 4.602905079550183298e-02 5.765921468852361342e-02 6.898755112483412333e-02 8.014133525619704379e-02 9.124844716789033694e-02 1.022576914978039903e-01 1.131897586000877448e-01 1.240131882322942636e-01 1.345850269636692242e-01 1.448998503795485004e-01 1.548283273246988112e-01 1.641584791945142063e-01 1.728334712271992757e-01 1.806488050984842719e-01 1.874272679101029182e-01 1.930391247857095038e-01 1.974452876431546655e-01 2.005472055432058198e-01 2.023109663671712743e-01 2.028031266127185428e-01 2.020545996421767021e-01 2.000910941066023352e-01 1.969421447625477051e-01 1.925843125680868906e-01 1.869949121336390019e-01 1.800464604756755183e-01 1.498107487753893019e-01
7.328798896351820108e-04 7.976872413312167953e-02 1.314202847177536604e-01 1.788128707258109518e-01 2.228275082259122408e-01 2.632956711654379500e-01 2.993770744336438083e-01 3.309663591140060701e-01 3.578071898709246912e-01 3.798925668785326781e-01 3.980108950136795887e-01 4.127541452002549405e-01 4.253561445397758822e-01 4.365982898219837316e-01 4.478775863201305274e-01 4.604662928802126798e-01 4.752102577752356782e-01 4.929861338175544061e-01 5.144832766379006106e-01 5.398993988074406447e-01 5.696326661919941525e-01 6.034959061630651433e-01 6.414092102643764726e-01 6.830573235292713985e-01 7.278830075330512406e-01 7.758340047768084169e-01 8.260365932658155774e-01 8.781990938019780257e-01 9.320620727524281390e-01 1.067457757988327094e+00
6.537725850202399241e-03 -6.010246810930935935e-02 -1.125488732105095757e-01 -1.650255142017653109e-01 -2.157632789221262670e-01 -2.628384424568450672e-01 -3.040902109926718611e-01 -3.385111681384148641e-01 -3.651479443327514951e-01 -3.833634592887144588e-01 -3.934462820173587616e-01 -3.954422276655459312e-01 -3.900500159255703148e-01 -3.774692486636937461e-01 -3.587623978287771132e-01 -3.345050805828037599e-01 -3.055246288512969977e-01 -2.724651291757094751e-01 -2.365293990308216521e-01 -1.980465613556683935e-01 -1.580973693002972191e-01 -1.173420152465000088e-01 -7.687283845352010925e-02 -3.689984641533711196e-02 1.433568813256375085e-03 3.778164264496607083e-02 7.148743163326623518e-02 1.019083591648048404e-01 1.287186007944066124e-01 1.623289654977743968e-01
4.026505118070698719e-03 3.201293648046941998e-02 5.990748416396334680e-02 8.911113243909146719e-02 1.195371065310984054e-01 1.513200700157343037e-01 1.846314403137137017e-01 2.196011516266714314e-01 2.560193251046299912e-01 2.938970662620491447e-01 3.327863937109089565e-01 3.720481043847794766e-01 4.112137504690864254e-01 4.496684521195933870e-01 4.863856357977613953e-01 5.207354368050173266e-01 5.518658605684093610e-01 5.790295024089526787e-01 6.015804188691138421e-01 6.193362491711762452e-01 6.320011546100614552e-01 6.395472744151435851e-01 6.422502826762721551e-01 6.403641538594686544e-01 6.344026827703196370e-01 6.246514386017602005e-01 6.114223004035278519e-01 5.950352496442292694e-01 5.753782940761824616e-01 4.949397004727802418e-01
1.664693434526501661e-03 -2.546373888035106947e-02 -4.018149213291111188e-02 -5.273283657507533972e-02 -6.272953124062767560e-02 -6.935746623896804630e-02 -7.153640235609845521e-02 -6.875309222165948420e-02 -6.063883100172685892e-02 -4.685032625348081042e-02 -2.776159766145739824e-02 -3.701887579608476725e-03 2.474412563231626408e-02 5.722165449810612953e-02 9.267072246015035930e-02 1.305113390772564552e-01 1.698852199767266480e-01 2.100788100803497316e-01 2.500817534839183121e-01 2.895997810426133023e-01 3.278920641074068998e-01 3.645436629401234696e-01 3.990808434647012404e-01 4.315388662699176647e-01 4.615495227403132450e-01 4.891729105232555108e-01 5.141327340941639346e-01 5.363030889436956050e-01 5.554823207051292622e-01 5.713270525881710693e-01
-8.858817419570463175e-03 -2.973039281323568844e-02 -4.654140932158064292e-02 -6.285785021293968655e-02 -7.838739183179141423e-02 -9.283455477634952602e-02 -1.058125157383211917e-01 -1.171467853238261636e-01 -1.266196150682478427e-01 -1.340827450111238828e-01 -1.394733285667233424e-01 -1.426823899722647893e-01 -1.437026282541103983e-01 -1.424247872570732210e-01 -1.389083468527829157e-01 -1.330889814814031347e-01 -1.250267916698263870e-01 -1.147751571080807831e-01 -1.025233618704339683e-01 -8.836115079805563488e-02 -7.253210562640333148e-02 -5.523797120703491381e-02 -3.678648975623675932e-02 -1.723548632670785646e-02 2.961393736707597368e-03 2.379131817491537959e-02 4.491471485198456071e-02 6.610899320944715885e-02 8.729835773649186059e-02 1.368243399523227377e-01
5.140310485959547274e-03 4.823970595411808393e-02 8.462427938874667044e-02 1.210041444052721710e-01 1.576543486285733042e-01 1.947402100392991997e-01 2.322624006397924212e-01 2.703664533041655327e-01 3.089076279075045894e-01 3.479939045565910716e-01 3.875777317370883712e-01 4.274530449851161595e-01 4.677194625281462237e-01 5.082781803339160298e-01 5.488505529784710735e-01 5.894667894631162586e-01 6.297523109294105303e-01 6.694724723080176521e-01 7.082302927170983642e-01 7.459204050494336879e-01 7.823325097827273922e-01 8.172157810154186963e-01 8.505335653827201803e-01 8.822904021190479673e-01 9.124401467363596474e-01 9.411629355560808818e-01 9.681466345365423720e-01 9.934611307935516944e-01 1.016888897349736087e+00 1.048490209610978718e+00
-2.199740712066000289e-02 -4.814720413483315753e-02 -7.336845546038243959e-02 -9.859145322704254699e-02 -1.239098563119957613e-01 -1.495873752917007693e-01 -1.758170333021168430e-01 -2.027917115243281221e-01 -2.305185316044225108e-01 -2.591257389216005125e-01 -2.884513255913226937e-01 -3.183078066456210276e-01 -3.485559854283873937e-01 -3.790262248378754029e-01 -4.093941623395608298e-01 -4.394809816156494131e-01 -4.689337073917078103e-01 -4.975682460771916893e-01 -5.249569551409435375e-01 -5.510496868503204082e-01 -5.756606677176153708e-01 -5.985977616526085843e-01 -6.197301633187231040e-01 -6.389946248701208198e-01 -6.564471140502479152e-01 -6.720561170554025798e-01 -6.857080398606849592e-01 -6.974806526846784038e-01 -7.072144062146880072e-01 -7.083164263300290031e-01
-5.661442777108219825e-03 2.585147775889602706e-02 4.591165989705542350e-02 6.446150423054987366e-02 8.179836218259287084e-02 9.779311288645706202e-02 1.120718361171210153e-01 1.245244817481765132e-01 1.349096367019138043e-01 1.430986667042729032e-01 1.492053072081047926e-01 1.531860972758188888e-01 1.552752595469350516e-01 1.554760928271087250e-01 1.539528666411334457e-01 1.508770816540471738e-01 1.463466978384318773e-01 1.404136173035342161e-01 1.333235028474037964e-01 1.251258266115154172e-01 1.159991116474978212e-01 1.060703020561342691e-01 9.563164894134869309e-02 8.474467248486985960e-02 7.360339776890999219e-02 6.229306075495637252e-02 5.089353007516681654e-02 3.945904057567911627e-02 2.794363308224837028e-02 -1.606173103445351913e-03
-1.363311619786873943e-02 -3.352046678449566858e-02 -5.747022849778883613e-02 -8.319753796235328236e-02 -1.100738151821558097e-01 -1.378503453502118170e-01 -1.663376580692842444e-01 -1.955330816040827813e-01 -2.253986664519136429e-01 -2.560611959753882338e-01 -2.875578705349392528e-01 -3.199353459085232942e-01 -3.533664668140213960e-01 -3.880008322052467262e-01 -4.239627085622368341e-01 -4.614485151238962857e-01 -5.004135995491593158e-01 -5.409711254646993872e-01 -5.828642924255947877e-01 -6.260616047251421623e-01 -6.704782794447174954e-01 -7.158116892846082546e-01 -7.617966141790918355e-01 -8.083003464815432526e-01 -8.551190284554690546e-01 -9.023297312753755239e-01 -9.494606724577421275e-01 -9.965699247427695084e-01 -1.043542628144605411e+00 -1.147100946071205829e+00
-1.936925827090072577e-03 7.922154624127467071e-02 1.484469215406347686e-01 2.188513881969513797e-01 2.893187270925732246e-01 3.588071853798238120e-01 4.261535333568084449e-01 4.908367687616819186e-01 5.518783313550714720e-01 6.087854921512444450e-01 6.610214288767598534e-01 7.075900689210374850e-01 7.481529300722038478e-01 7.817928302933344620e-01 8.076117120545122097e-01 8.249055329266620218e-01 8.329596391991807014e-01 8.310310530367297499e-01 8.191122584312195976e-01 7.971729274562801004e-01 7.655965647970457422e-01 7.249667339227315876e-01 6.766184361518684520e-01 6.211519737321449242e-01 5.603053383724612146e-01 4.947165520366568758e-01 4.255953942985702398e-01 3.538878650034816831e-01 2.797163162109598256e-01 7.633434549725877372e-02
1.296658073349667151e-02 9.609041263782971964e-02 1.802381713195615187e-01 2.688938985489177647e-01 3.610663106098545017e-01 4.563731877863759778e-01 5.544780159969364686e-01 6.554605595049681765e-01 7.587976469457198281e-01 8.647153579332543805e-01 9.727936872259116408e-01 1.082359143305108073e+00 1.193341869130016830e+00 1.305385572374449854e+00 1.417490132314418227e+00 1.529395479263201851e+00 1.639978850063024574e+00 1.748446475359747510e+00 1.853591953965844752e+00 1.955054017832225322e+00 2.052324815353771204e+00 2.144833673193225820e+00 2.232629432483089094e+00 2.315932618728930414e+00 2.395073820357227046e+00 2.470808901897093790e+00 2.542714119722277566e+00 2.611384023260975518e+00 2.676559374436894512e+00 2.781668828596153720e+00
-1.642473753141383483e-02 1.484550692719876358e-02 3.061543011567510741e-02 4.425538591562455659e-02 5.578931783761444108e-02 6.458656592061629009e-02 6.970016179365380593e-02 7.072941492616689751e-02 6.730699464712489033e-02 5.915052588085099872e-02 4.668747159296484511e-02 3.019484298447404347e-02 1.032574624420061135e-02 -1.256384248673721518e-02 -3.758653738272162148e-02 -6.410880400790483491e-02 -9.144040453853909123e-02 -1.190627249839910501e-01 -1.461286831734645852e-01 -1.724529429782133971e-01 -1.974903018066517801e-01 -2.209450102542827865e-01 -2.423860784424207715e-01 -2.617863970690903486e-01 -2.789822803677919349e-01 -2.938929042654770951e-01 -3.064550922871292493e-01 -3.166521988419398470e-01 -3.244006290613545840e-01 -3.209899900574662013e-01
2.674410625013224144e-02 2.292865045994789130e-01 4.212835334990486791e-01 6.209223628659283900e-01 8.255962028075883863e-01 1.033501539453201001e+00 1.242783992953977901e+00 1.453013899862842351e+00 1.662594014281776333e+00 1.871728555122408100e+00 2.079812542598451941e+00 2.285802279332719955e+00 2.490138689429067576e+00 2.692505408894132035e+00 2.891821895017103738e+00 3.088098852335150024e+00 3.279821142526507582e+00 3.465961477735437057e+00 3.645021080640308497e+00 3.816442145779601169e+00 3.979955109075810515e+00 4.134810037717059572e+00 4.281703749294993422e+00 4.421227987600079956e+00 4.554589896323308906e+00 4.683505845971744463e+00 4.807543464932926724e+00 4.928178921082768227e+00 5.045145063636148564e+00 5.253325705009967095e+00
1.090707603522094241e-02 1.126644214782203807e-01 2.023213178104443788e-01 2.934476661983217438e-01 3.855700509667042697e-01 4.782171381901026419e-01 5.706526649869079204e-01 6.628188448909231312e-01 7.541514026324804831e-01 8.447701660381720101e-01 9.346913590178000941e-01 1.023641173464671095e+00 1.112126233807163134e+00 1.200188712277225012e+00 1.287734620607866143e+00 1.375124864518859180e+00 1.461925420754665694e+00 1.547966744451718890e+00 1.632732823743593409e+00 1.716074225817295407e+00 1.797873959079664186e+00 1.877679611390507874e+00 1.955577192236940043e+00 2.031596381311960187e+00 2.105845347655772137e+00 2.178876486807153512e+00 2.250063083022700194e+00 2.319789884787894163e+00 2.387782894755837049e+00 2.516766067894998571e+00
-9.518867288489097495e-03 -2.177939590575205323e-02 -3.609588134284452687e-02 -5.131585865058993501e-02 -6.692217583492549027e-02 -8.264761838969172936e-02 -9.826545599277071441e-02 -1.136888930820516841e-01 -1.288191838754175200e-01 -1.436454755000657613e-01 -1.581170334541756595e-01 -1.721870551803466320e-01 -1.858652954909649491e-01 -1.991378260310466830e-01 -2.120269360766858235e-01 -2.245273264392019796e-01 -2.366149246968761166e-01 -2.483273998501347168e-01 -2.596094965630976192e-01 -2.704781449311279840e-01 -2.809936425646255009e-01 -2.911293535831168677e-01 -3.009124745633428577e-01 -3.103306895515296482e-01 -3.195332716796146499e-01 -3.285697635426190200e-01 -3.374451387694670235e-01 -3.463096696524503582e-01 -3.551828037557389073e-01 -3.742692213675465895e-01
7.177255984430945188e-03 6.830228734780481592e-02 1.202997364803067570e-01 1.725186740911496264e-01 2.249511309164007877e-01 2.775384526097571247e-01 3.300440890091463908e-01 3.824876824997086033e-01 4.344714891483158481e-01 4.859499866474449314e-01 5.366429194124745505e-01 5.859978259706178916e-01 6.338821461140238256e-01 6.798381823177934713e-01 7.232018257328249877e-01 7.636581013033814092e-01 8.005592874735800724e-01 8.333843198466670543e-01 8.617009002627857850e-01 8.853946103874650309e-01 9.043539464880822054e-01 9.185520398394642072e-01 9.283706867689391906e-01 9.340169158310206443e-01 9.360427378168816315e-01 9.347737681126977449e-01 9.303941078143648236e-01 9.232665402407730371e-01 9.132312952872112533e-01 8.562277126068646993e-01
-1.456942436277039454e-02 -4.208263085411714788e-02 -7.062356382741286076e-02 -1.003342364959505795e-01 -1.306513580593204604e-01 -1.613140356517931417e-01 -1.920685423403778735e-01 -2.228682631910470779e-01 -2.535678342586009659e-01 -2.841982621492282202e-01 -3.146848425489909840e-01 -3.449113771218514923e-01 -3.749152129420394441e-01 -4.046509940410460415e-01 -4.340604915804638919e-01 -4.631480080043922642e-01 -4.917669781767576298e-01 -5.198987767833543883e-01 -5.473365324544935406e-01 -5.740716197141402244e-01 -6.000993563893849414e-01 -6.252915629541639930e-01 -6.496367643295297700e-01 -6.731024733293863305e-01 -6.958247360247465929e-01 -7.178988681667666238e-01 -7.391975107415609259e-01 -7.599052815041705822e-01 -7.799582021764462914e-01 -8.167258528654435246e-01
-1.588749468217635560e-02 -4.618417353252791957e-02 -6.880548080992021642e-02 -8.971784509348565417e-02 -1.092661965069188224e-01 -1.275330393675498941e-01 -1.443299015107424310e-01 -1.597357346060829242e-01 -1.738762827133209510e-01 -1.869501205127676313e-01 -1.994820941583934637e-01 -2.120751701011767132e-01 -2.255111154149669062e-01 -2.404937390106801631e-01 -2.580796626665661231e-01 -2.791775230037505384e-01 -3.043965535854230575e-01 -3.345053136548708506e-01 -3.697208319898269702e-01 -4.101632562607226973e-01 -4.559285554551142372e-01 -5.066004411487190495e-01 -5.616145323730253880e-01 -6.205300196288925374e-01 -6.825189941642468838e-01 -7.473715792409855174e-01 -8.140954458669280580e-01 -8.823724703776241185e-01 -9.520169767841942798e-01 -1.124854768735874533e+00
-2.903334349456283825e-04 4.912487200144226296e-02 7.642819454131676016e-02 9.956855550945598043e-02 1.196368254214140031e-01 1.368231007920011066e-01 1.507938644417791130e-01 1.615073225055768391e-01 1.686987238425223523e-01 1.721924503730201672e-01 1.721608987958735681e-01 1.685753371461644612e-01 1.617361501445269689e-01 1.516371342354884688e-01 1.385436989665520813e-01 1.226747134000619466e-01 1.042228993766776413e-01 8.331064631618856353e-02 6.035577011206692127e-02 3.548010573350054292e-02 8.956463302877065019e-03 -1.898321496546932427e-02 -4.792823378282824731e-02 -7.785257752874169546e-02 -1.084658816247071333e-01 -1.398228511273840735e-01 -1.717175405446412229e-01 -2.041519138447398518e-01 -2.372305927326386621e-01 -3.208744606624118756e-01
5.360597354273018839e-03 5.378472962757686188e-02 9.338015887658854264e-02 1.325884686624334285e-01 1.717137955437459951e-01 2.108815752831962320e-01 2.500100746900196791e-01 2.892117400783814074e-01 3.282943866622647366e-01 3.673281702876894927e-01 4.062783554468870628e-01 4.449289209001845435e-01 4.834064581887818068e-01 5.215980419360985998e-01 5.592655602417258009e-01 5.964519041835404378e-01 6.328173144444090292e-01 6.681502704475437149e-01 7.021307391060505054e-01 7.346767694715455876e-01 7.656415167520204124e-01 7.948304108317760797e-01 8.222848550306059989e-01 8.480249126140876337e-01 8.720819056945519065e-01 8.946342912871195763e-01 9.154385000194117383e-01 9.345859246835293010e-01 9.518685107372060195e-01 9.693598117441503126e-01
-1.453170627116108504e-02 -3.694744370668922445e-02 -6.284759524255892349e-02 -9.041773987081314079e-02 -1.190306342365971964e-01 -1.484471946362005967e-01 -1.784861442583156044e-01 -2.091371652281377447e-01 -2.403146467214902771e-01 -2.721051300839333331e-01 -3.044522192960930629e-01 -3.372836877662809818e-01 -3.706535781124450368e-01 -4.045716680077958705e-01 -4.389922372334310596e-01 -4.739587398889187897e-01 -5.093156011053546761e-01 -5.450574511118874144e-01 -5.808986611233324382e-01 -6.168041574325648924e-01 -6.526996478044971850e-01 -6.883642421594455829e-01 -7.236597049529457371e-01 -7.585172963550645964e-01 -7.929247652403522695e-01 -8.269787925786586946e-01 -8.604022107419709853e-01 -8.933312680118096205e-01 -9.256752968111100488e-01 -9.912919315546089294e-01
-1.722661737386538966e-02 -7.235422107854903861e-02 -1.251441773451589801e-01 -1.795591980579966940e-01 -2.346240483269951271e-01 -2.897359132617705613e-01 -3.442539544427141163e-01 -3.979684052976935615e-01 -4.504275323481163884e-01 -5.015104946947102071e-01 -5.509692748846541921e-01 -5.983748704138045493e-01 -6.436542506998339519e-01 -6.864852529925569158e-01 -7.265350118649962496e-01 -7.635967619026086117e-01 -7.973074028503535082e-01 -8.274342808643885272e-01 -8.537494193201160542e-01 -8.762511541120916458e-01 -8.950507510017957635e-01 -9.101881171923724700e-01 -9.220509850009366293e-01 -9.307683737609253605e-01 -9.370346995896750020e-01 -9.411180843082703751e-01 -9.432505403507006614e-01 -9.439202796183360222e-01 -9.430821285725023984e-01 -9.205623058670528991e-01
-1.184902476927613725e-02 6.689795361858306977e-02 1.204336510027836232e-01 1.712905569372569770e-01 2.191951729964132789e-01 2.630843999271942346e-01 3.013995439731009807e-01 3.335231903040568047e-01 3.586833758936581740e-01 3.764153572360067201e-01 3.870956212503696703e-01 3.907584370473048407e-01 3.881669692567270014e-01 3.794848819392368511e-01 3.655863370426584158e-01 3.470836757225018165e-01 3.246031659249342671e-01 2.986111883681061285e-01 2.701153939504247203e-01 2.393570077200700141e-01 2.071465193365392976e-01 1.739753477045231367e-01 1.407466695675367863e-01 1.076206916557792687e-01 7.533344184927859288e-02 4.414673490233801678e-02 1.443222676264094284e-02 -1.348017320537384101e-02 -3.949742378214891880e-02 -8.750517925554990306e-02
7.368554409613857839e-03 6.372156366343079137e-02 1.130170435683326424e-01 1.628144954757848040e-01 2.132584450366951101e-01 2.644294435657111308e-01 3.162206841318473405e-01 3.687911509563147616e-01 4.219772675921512617e-01 4.759787076560471064e-01 5.308590385637775855e-01 5.865258154366963517e-01 6.433048508734801052e-01 7.012900641846533389e-01 7.603933821780377578e-01 8.208961797937875948e-01 8.824790863440805655e-01 9.450305207882053748e-01 1.008069231724129544e+00 1.071468750261721503e+00 1.134971271254157976e+00 1.198126372871260781e+00 1.260725234348551105e+00 1.322683471626878049e+00 1.383722036272481581e+00 1.444086306800153929e+00 1.503102919672483440e+00 1.560819029742509523e+00 1.616956453947121730e+00 1.725242242277970517e+00
-2.035440005127876761e-05 3.866019994289174311e-02 6.878570146665592688e-02 9.839137061711715482e-02 1.276944689474752703e-01 1.566797201779971949e-01 1.851367318715690657e-01 2.130814397152770434e-01 2.403209770424293568e-01 2.668612344036154216e-01 2.927548598969513804e-01 3.178957952442444390e-01 3.424876007050984272e-01 3.665159742408918842e-01 3.899542805140099877e-01 4.129465311560115426e-01 4.353609995529366117e-01 4.571276345797605223e-01 4.781483045764919337e-01 4.983901548200742604e-01 5.178242162441163421e-01 5.363480166803804572e-01 5.540493655941810536e-01 5.709447664649142107e-01 5.870563687689738241e-01 6.025304068144097247e-01 6.171730309364076295e-01 6.310369739133637745e-01 6.439749376358332444e-01 6.612084192593811194e-01
-1.691222982042903458e-02 -6.242270770141410824e-02 -1.114133025598734450e-01 -1.633505303039877454e-01 -2.170331663790384669e-01 -2.718254287445930339e-01 -3.271626636461667514e-01 -3.829195082567270481e-01 -4.388319068603238615e-01 -4.949821572425396887e-01 -5.513643887504848795e-01 -6.078761388998571435e-01 -6.647635980926556165e-01 -7.221003924409150621e-01 -7.799496798702620914e-01 -8.385262553841128508e-01 -8.976652929351797150e-01 -9.574138554188613703e-01 -1.017435118098779068e+00 -1.077680276841834539e+00 -1.138111235759695195e+00 -1.198393892914217496e+00 -1.258399737882632152e+00 -1.318050264328221699e+00 -1.377340483232203816e+00 -1.436519507517969529e+00 -1.495075597604034856e+00 -1.553245016050757599e+00 -1.610860920293047727e+00 -1.730993163476541863e+00
-1.322579408501752332e-02 -2.815377332880204808e-02 -4.177745600690087324e-02 -5.515238965867459014e-02 -6.814620175604443886e-02 -8.073679277121473263e-02 -9.286751292693762316e-02 -1.045211362177561887e-01 -1.155795933423865995e-01 -1.259774984224710792e-01 -1.355096078622669287e-01 -1.439409962712096813e-01 -1.510428324007032086e-01 -1.565465883324278495e-01 -1.601673825805984552e-01 -1.616061237585658394e-01 -1.606522895256479178e-01 -1.571335330179861045e-01 -1.509568224251038870e-01 -1.421392270557748083e-01 -1.307357702335313898e-01 -1.168767435134084459e-01 -1.007804458036029027e-01 -8.252715568412927194e-02 -6.255682580256821668e-02 -4.086421168710774321e-02 -1.782085161436729528e-02 6.364537107127477000e-03 3.166294129691420850e-02 1.009092479183851393e-01
-3.030853106767944852e-02 -7.182789939899970888e-02 -1.253345493388373089e-01 -1.834374782156267814e-01 -2.450126058402129492e-01 -3.099715223852247403e-01 -3.784902182018746175e-01 -4.508094941259753741e-01 -5.268101112184914170e-01 -6.067695587430621540e-01 -6.901996897616778925e-01 -7.764854307449959858e-01 -8.652226681115078311e-01 -9.559261325119550179e-01 -1.047565726433349775e+00 -1.139636248645341521e+00 -1.231109489768305476e+00 -1.321319837973685241e+00 -1.409090658321020761e+00 -1.494178616310778640e+00 -1.576044965162166411e+00 -1.654157804392139219e+00 -1.728243311823138839e+00 -1.798311504528884441e+00 -1.864470029944145235e+00 -1.927003907045501396e+00 -1.985471610612129290e+00 -2.040178520286203945e+00 -2.090764471489801046e+00 -2.159363174814524555e+00
-5.596100496451798627e-03 -1.732375338825343364e-02 -2.706811028643953468e-02 -3.663250055186827864e-02 -4.560891925674247227e-02 -5.362840599389524093e-02 -6.028335978536269318e-02 -6.536991555646040619e-02 -6.871356134457655418e-02 -7.017590395698791728e-02 -6.975922790893999970e-02 -6.745615660116842383e-02 -6.332300850199104603e-02 -5.735236898522502735e-02 -4.973929205534310949e-02 -4.051235554762466773e-02 -2.984318712120649641e-02 -1.787884682453157875e-02 -4.875161772863012555e-03 9.071375874168455949e-03 2.369899173408396981e-02 3.882374919467360130e-02 5.420603064185622322e-02 6.981377272982107474e-02 8.531012287898551150e-02 1.006906489376937497e-01 1.156951710482315016e-01 1.301517957097479972e-01 1.439555028230437572e-01 1.698474721979503499e-01
-8.218297808942173072e-03 -2.621136742082924229e-03 -7.905656950140602102e-03 -1.595205223501594549e-02 -2.587588916579652148e-02 -3.740602715479870999e-02 -5.052773733856364552e-02 -6.521234714595973425e-02 -8.145357622008593534e-02 -9.932020992864726283e-02 -1.186213319900512597e-01 -1.392159874799683006e-01 -1.609058571388389258e-01 -1.835779765733001612e-01 -2.069516914504995753e-01 -2.308247605642363143e-01 -2.549409550334293950e-01 -2.791412739131613474e-01 -3.030813560295185782e-01 -3.266860234234927884e-01 -3.498261930424286237e-01 -3.723671016577093651e-01 -3.942003859497413831e-01 -4.153489720833143939e-01 -4.358924384092640603e-01 -4.559490537044890157e-01 -4.754715363869320699e-01 -4.946335483685666556e-01 -5.134598099160045948e-01 -5.520659199178549192e-01
1.574816903872272578e-02 1.669084496494151471e-01 3.009791835145564365e-01 4.377398231322615629e-01 5.761330892714334739e-01 7.151492728188015846e-01 8.534300074357676902e-01 9.907456143976087759e-01 1.126160969075956864e+00 1.259834286728134689e+00 1.391835017218366444e+00 1.521865073045307604e+00 1.650799985269710390e+00 1.778853073647224114e+00 1.906108150836382631e+00 2.033228901322734927e+00 2.159752990170410669e+00 2.285565367859107688e+00 2.410054997480179928e+00 2.533013543402742762e+00 2.654402122296745326e+00 2.773581502055927128e+00 2.890740258363556858e+00 3.005942499258206446e+00 3.119420855273784099e+00 3.232074823434041289e+00 3.343009132404113348e+00 3.452884090223575342e+00 3.561387918248042794e+00 3.781330128883600761e+00
-5.833628969185017388e-03 -1.659238836183214022e-02 -2.663343158699542010e-02 -3.684951971241505475e-02 -4.675434202369149750e-02 -5.597151238179012139e-02 -6.411890552674714971e-02 -7.099520467876478669e-02 -7.640974532680412656e-02 -8.021712502614437856e-02 -8.234643010328199231e-02 -8.270842234753432443e-02 -8.126533983651551551e-02 -7.792509224970120552e-02 -7.273968095979749249e-02 -6.562845850700775585e-02 -5.666081123410859205e-02 -4.588463848852847304e-02 -3.347928698581063844e-02 -1.951898023883204616e-02 -4.231957543080103190e-03 1.218437355061384106e-02 2.945127964315862046e-02 4.749697531467413775e-02 6.589751399745590044e-02 8.461683245426032673e-02 1.033184455680469238e-01 1.217800026474788744e-01 1.398909960348446169e-01 1.787985034216877656e-01
-3.281889558058493153e-03 9.974435774315807898e-03 2.248045825008579413e-02 3.561405496455282566e-02 4.950122105919710358e-02 6.423807589418810415e-02 7.988724141778461019e-02 9.657630078576537325e-02 1.143628988675770841e-01 1.334252331682145853e-01 1.539351639354802903e-01 1.760305801566426354e-01 2.000079634541760965e-01 2.261103041675830982e-01 2.544794072903176496e-01 2.854517435832502614e-01 3.189990295297598921e-01 3.551874677912347789e-01 3.937853100238856152e-01 4.347087380747798324e-01 4.777470679479720594e-01 5.225429183185948956e-01 5.687600802351022722e-01 6.162724969710919876e-01 6.645676840518666140e-01 7.137403786189111532e-01 7.631464299420740449e-01 8.126326601320983389e-01 8.620284538315245992e-01 9.724096008063556340e-01
8.055051471146235445e-03 -1.458139628452129535e-02 -2.888710751514698277e-02 -4.250169930830155485e-02 -5.446291304651660475e-02 -6.355374963878360206e-02 -6.838955190901807590e-02 -6.831057811366000876e-02 -6.291510002118663736e-02 -5.187271491225916437e-02 -3.572433264789239005e-02 -1.500312874248736425e-02 9.446935310668248126e-03 3.699114028587307396e-02 6.621263782922748309e-02 9.621857458580534983e-02 1.259177932567889791e-01 1.543679143385809915e-01 1.804602748806879986e-01 2.038996379852376084e-01 2.238886896121405901e-01 2.401236568711780373e-01 2.522559765334473902e-01 2.603732609234286066e-01 2.643279372110066694e-01 2.640803370651615412e-01 2.596551543363617709e-01 2.509451778134738076e-01 2.377154489232133072e-01 1.656483731850156849e-01
-1.768602958660568658e-03 5.790543326146004033e-02 1.041820850100989571e-01 1.498048331961400748e-01 1.946247425491275662e-01 2.381989214961212076e-01 2.798225238320365404e-01 3.192708270506819379e-01 3.560456671073364276e-01 3.899473674464726813e-01 4.209602365029764259e-01 4.487951290502553148e-01 4.736522472765324343e-01 4.953459691116846031e-01 5.138251058935908722e-01 5.291402560906953711e-01 5.411648657621959124e-01 5.497775130652945430e-01 5.551053913953158947e-01 5.571694357131089514e-01 5.561955290461683132e-01 5.523454776438332381e-01 5.461540302589902307e-01 5.377971997132919846e-01 5.278328817951426499e-01 5.165426147559160075e-01 5.041494230000060917e-01 4.909630695367799280e-01 4.769248549369516366e-01 4.307583727225161585e-01
-6.097170616467141938e-03 -7.626516878558774193e-03 -1.493897993927130290e-02 -2.392919606612425518e-02 -3.383072195546241168e-02 -4.426999037818112742e-02 -5.501825585533942631e-02 -6.594278619649104889e-02 -7.694172575251453927e-02 -8.797749797026080398e-02 -9.893108512914884634e-02 -1.097039535385834763e-01 -1.201979709152517783e-01 -1.303333207691657614e-01 -1.400244387161057313e-01 -1.491542224344937773e-01 -1.576486633265421489e-01 -1.654708679190018683e-01 -1.725470093228856638e-01 -1.788761396605966780e-01 -1.845145890186807303e-01 -1.894856320627870683e-01 -1.938655740627719393e-01 -1.976997206680481123e-01 -2.012237763616978592e-01 -2.045298500399047315e-01 -2.077400744855556203e-01 -2.110572896150090250e-01 -2.145605250758670646e-01 -2.232790590762215033e-01
-2.630204350424944840e-02 -1.202414600151861246e-01 -2.171434158217882548e-01 -3.192349049620287760e-01 -4.243503236153265412e-01 -5.312588534463592582e-01 -6.388315805626424426e-01 -7.468134712475426040e-01 -8.545817992477199310e-01 -9.622187084626561138e-01 -1.069649772319627434e+00 -1.176508857938185937e+00 -1.283189761828647413e+00 -1.389650375611712896e+00 -1.495813454912939378e+00 -1.601955753929967141e+00 -1.707652351647114042e+00 -1.812814491301798725e+00 -1.916857801031433217e+00 -2.019677452411741125e+00 -2.121226347291211844e+00 -2.220999039990952717e+00 -2.318971829439322896e+00 -2.415109961149239037e+00 -2.509601783296489863e+00 -2.602967178673408988e+00 -2.694420785326866685e+00 -2.784422692731914672e+00 -2.872586349824818974e+00 -3.042396225150855393e+00
-3.223151767201870577e-02 4.204156612810004690e-03 -6.937138194233159749e-03 -2.909603596113028226e-02 -6.019876796111653383e-02 -1.006602915260297743e-01 -1.520461554766778800e-01 -2.150503535890595508e-01 -2.900573989537644226e-01 -3.777064526212731144e-01 -4.767238003335803609e-01 -5.858790612309716650e-01 -7.035878230757602880e-01 -8.286110218703247599e-01 -9.582510829795667373e-01 -1.090833773181631106e+00 -1.224092771733360063e+00 -1.356324946721163993e+00 -1.485033005045312660e+00 -1.609605924595907123e+00 -1.728634845499374961e+00 -1.841211194259462669e+00 -1.946523572846755812e+00 -2.044728192622119245e+00 -2.135710641618503214e+00 -2.219861842917340233e+00 -2.296702530658782937e+00 -2.366563496842195580e+00 -2.429026752933785005e+00 -2.495673506317119816e+00
4.998380853518556363e-03 1.657760918285252627e-01 3.010980067017904327e-01 4.376833813648672855e-01 5.740051152480191154e-01 7.083409620107986582e-01 8.385353847843346475e-01 9.638789895142380049e-01 1.083086938696141921e+00 1.195836783372391299e+00 1.302221956389855162e+00 1.401778281145978244e+00 1.495363902305683945e+00 1.582908245020789639e+00 1.664721399994072204e+00 1.741344768555489031e+00 1.812643986737838553e+00 1.878642253732804690e+00 1.939533937419659182e+00 1.995331714497217357e+00 2.046625228442295441e+00 2.093475349635842697e+00 2.136878763811648430e+00 2.177137998077814274e+00 2.215342073001810519e+00 2.252391247827127962e+00 2.288283925914156303e+00 2.323916962871901859e+00 2.359192650151584303e+00 2.419260593930598002e+00
-9.979975661636442119e-05 -1.152683013261367878e-02 -2.087296487291194144e-02 -3.032065517911611621e-02 -3.926016127839092318e-02 -4.704105315170444696e-02 -5.294147061844073354e-02 -5.666036395561948463e-02 -5.809922729314970224e-02 -5.721212563224428727e-02 -5.445450203646968329e-02 -5.035101528389723802e-02 -4.558629736479676703e-02 -4.078942638577533197e-02 -3.703972333448727478e-02 -3.512284512838488582e-02 -3.579309972207345147e-02 -3.979822124875279088e-02 -4.768072663373387060e-02 -5.959712642114699255e-02 -7.591145850600826417e-02 -9.654616319318037876e-02 -1.213520757142419193e-01 -1.501171755357452731e-01 -1.825021092002335199e-01 -2.184822424972091282e-01 -2.575787555307089138e-01 -2.997140002268969816e-01 -3.449527754425302239e-01 -4.777430101371726856e-01
