2.301225907288411560e-02 8.208932282598427332e-02 1.328355775633203728e-01 1.848247211353933883e-01 2.369525690301196308e-01 2.897085998018136821e-01 3.419732234927267411e-01 3.936848484038147911e-01 4.439679604317701145e-01 4.927403671055670120e-01 5.393929922112941089e-01 5.837185563199918104e-01 6.251860132330595565e-01 6.629243575209097239e-01 6.966633156652189962e-01 7.260975703452965391e-01 7.500131009664697812e-01 7.687928347871635371e-01 7.820163525307831653e-01 7.894174362205046425e-01 7.915210875487986852e-01 7.880352742064312688e-01 7.795788788854181028e-01 7.673910036257680645e-01 7.515660222580905492e-01 7.321720784889848010e-01 7.113218853738254577e-01 6.880090558404675649e-01 6.627113785461895556e-01 5.782049777100093380e-01
8.706192021323607561e-03 6.443542388735225279e-02 1.058471915061768298e-01 1.462916719551861644e-01 1.852877556251515401e-01 2.230516241387315579e-01 2.588862055390186989e-01 2.922344085510722445e-01 3.226445954444789876e-01 3.501796124163378821e-01 3.743263015067973543e-01 3.953256003384333361e-01 4.132447844654275615e-01 4.276191939860763402e-01 4.387039948963428748e-01 4.471516297327536860e-01 4.519352226012302021e-01 4.538526174218872056e-01 4.528734982119015928e-01 4.489922586807323368e-01 4.428358824069295041e-01 4.342052895544223912e-01 4.235877724440659797e-01 4.116359979183241702e-01 3.985306650209178847e-01 3.841237117444689098e-01 3.697063993919170732e-01 3.545512790889934207e-01 3.390596362147059173e-01 2.954249572777577493e-01
-3.954449741310430214e-03 -2.445679200689523589e-02 -3.796655980895681515e-02 -5.018908928596910179e-02 -6.095599984364857837e-02 -7.028206874288353556e-02 -7.778689707826155764e-02 -8.312221931883917447e-02 -8.604041263375844517e-02 -8.685859150606362045e-02 -8.521955846454271066e-02 -8.125112879014867451e-02 -7.526141360884311404e-02 -6.702812192577339845e-02 -5.697833879127623541e-02 -4.537125348731242680e-02 -3.213752139769405353e-02 -1.774029950479880796e-02 -2.128949336395024455e-03 1.445530607424061476e-02 3.151728754987553893e-02 4.930687920527551671e-02 6.709762539489969035e-02 8.531139601072329492e-02 1.032853969382920289e-01 1.211807791980582527e-01 1.389512229850662917e-01 1.561504729450999829e-01 1.728621371332057510e-01 2.079805774799126095e-01
-2.359781974410430846e-03 6.407174044522080322e-03 1.157061326871476788e-02 1.626511799204901840e-02 2.067862476968825719e-02 2.486927435648251042e-02 2.894940281461065926e-02 3.280092586073517918e-02 3.654781617163896379e-02 4.008731785351049570e-02 4.350332936824932717e-02 4.696926563273522148e-02 5.054710865555261945e-02 5.435018814018270639e-02 5.841361277702450394e-02 6.315460368098994859e-02 6.830263225691103612e-02 7.403029822942368277e-02 8.047808412687487700e-02 8.760212256189468805e-02 9.529726000670485364e-02 1.037136401109645945e-01 1.124713761098721232e-01 1.218974486456514961e-01 1.315920477171184932e-01 1.415558635158675194e-01 1.519153132978854626e-01 1.622036003942810001e-01 1.725445850170903850e-01 1.971422272583030766e-01
3.473307042891034604e-03 2.683213756991419119e-02 4.126803045677179815e-02 5.434554797518310887e-02 6.644551130045409093e-02 7.779338134730491572e-02 8.851506287205496148e-02 9.848525397706001105e-02 1.077352624320229435e-01 1.160558374046667535e-01 1.233597743426904092e-01 1.296953218644250339e-01 1.348560104115855418e-01 1.386496973814155542e-01 1.409691735952172675e-01 1.419768535797605868e-01 1.411413575849556901e-01 1.386246742207745686e-01 1.344777632349230256e-01 1.284012596847492471e-01 1.208317472861000080e-01 1.115547505686572405e-01 1.006253072822670680e-01 8.845782474295622866e-02 7.517351635392310882e-02 6.036702342360125706e-02 4.484436680925765750e-02 2.797619642660299777e-02 1.020923183901384368e-02 -4.196458460069318885e-02
6.103700778460037502e-02 1.210868470372413047e-01 1.784521078889470536e-01 2.377138975823831213e-01 2.982721498711990438e-01 3.622313273227703578e-01 4.282475836193060936e-01 4.979320246608406886e-01 5.701953544688058706e-01 6.453416963499889469e-01 7.234968322937536112e-01 8.042984111259368074e-01 8.872361921628429959e-01 9.718860532518052153e-01 1.057890606949214440e+00 1.144044775708251027e+00 1.229794543548562435e+00 1.314999118444320381e+00 1.398762786132583980e+00 1.481125225557029523e+00 1.560205309864079126e+00 1.636789610529809202e+00 1.709506970292013373e+00 1.780486050823361532e+00 1.847120116147865421e+00 1.911010772242939471e+00 1.972926189291294818e+00 2.031626293165254005e+00 2.086077828576091697e+00 2.171467788391639342e+00
2.461432013942982389e-02 9.318006391610159089e-02 1.470824891115958266e-01 2.003128910144350572e-01 2.522802530539152710e-01 3.037509062916382563e-01 3.537052496969794735e-01 4.020119632726921188e-01 4.479807053752218327e-01 4.918293007213724866e-01 5.331238929118417014e-01 5.720329036208806617e-01 6.086089372907436124e-01 6.423367609132212275e-01 6.734772648057436584e-01 7.024096164706427059e-01 7.280857586291693551e-01 7.513185579009548087e-01 7.718218921686368361e-01 7.897239534585962506e-01 8.050581110245681460e-01 8.178705027230248614e-01 8.282786213289619059e-01 8.373087253001660901e-01 8.444356773534428262e-01 8.499659168973932033e-01 8.551263731354199482e-01 8.590201464986200186e-01 8.616485083460234673e-01 8.516605687716544137e-01
-3.852416162433409605e-03 4.694259995353276468e-03 9.382127560750228024e-03 1.337380080528031284e-02 1.684951680903636062e-02 1.984893645527809058e-02 2.245343468033705187e-02 2.446469774346306941e-02 2.608773749554266219e-02 2.733596450884428000e-02 2.839840980153823802e-02 2.961380176744909942e-02 3.133596798835597275e-02 3.388763445606301355e-02 3.753523609240148190e-02 4.305387707131505537e-02 5.026354559704308139e-02 5.954157497339905569e-02 7.110166340869461532e-02 8.513001052717923678e-02 1.012290416782838376e-01 1.197642299782141345e-01 1.401155820944672004e-01 1.625049898372633028e-01 1.862029641903286681e-01 2.114245735805806992e-01 2.378269295906892955e-01 2.650426950955864225e-01 2.929535315197110967e-01 3.659757270031921417e-01
3.873484623341525920e-03 8.437053086296896626e-04 3.552387760472827671e-04 5.275408853409168514e-04 1.496145820837084875e-03 3.533517231122277474e-03 6.749368825747999873e-03 1.148396817256307559e-02 1.783967773407054563e-02 2.569160546555818159e-02 3.534765215950448625e-02 4.681831689098564508e-02 6.002437739473495681e-02 7.517899063922384162e-02 9.211630376402191178e-02 1.108266963203927841e-01 1.312658471476471078e-01 1.532840964965674346e-01 1.768785122731654502e-01 2.020069429560755747e-01 2.279685464971314690e-01 2.551564521986321998e-01 2.827248071737721302e-01 3.112055194615678810e-01 3.396069842381906900e-01 3.682984028799515253e-01 3.971322686135702607e-01 4.255866718157406137e-01 4.535011145911130859e-01 5.145032434945728816e-01
2.970143443682892251e-03 1.910266828787720098e-02 2.949454526884627559e-02 3.912059283006301402e-02 4.826359281419508040e-02 5.712876643026763152e-02 6.582889749729846363e-02 7.433484148819169413e-02 8.270007310758524521e-02 9.073683525973887110e-02 9.845552503745624850e-02 1.059014898869586191e-01 1.129107970100535485e-01 1.194028808856618107e-01 1.252626177335219304e-01 1.306280787566021229e-01 1.350962627699022478e-01 1.387632417880908242e-01 1.416724305763715219e-01 1.436053974322010207e-01 1.447045548327380859e-01 1.449201965740650189e-01 1.440810244241809979e-01 1.426211097928421212e-01 1.403736586366297057e-01 1.371486592352821332e-01 1.334858943858506786e-01 1.287939991337904710e-01 1.233660320181667186e-01 1.022770178413247716e-01
8.292299543657760674e-03 6.452228712402774402e-02 1.021475098635371281e-01 1.367687936137134685e-01 1.685558600565706111e-01 1.980305480965998677e-01 2.246927820900877226e-01 2.479817878109125129e-01 2.678202651395138467e-01 2.846963054426140394e-01 2.985244848688325958e-01 3.101017155125079250e-01 3.204113802094372687e-01 3.297039982780404777e-01 3.389911933056847237e-01 3.499304472771603280e-01 3.619374727487102428e-01 3.763285513863424137e-01 3.933020549968798130e-01 4.135113465281390899e-01 4.365280796196196467e-01 4.628353864295184916e-01 4.919030297487940739e-01 5.240289031179625745e-01 5.581637359503853757e-01 5.947344425628856568e-01 6.333444828317507103e-01 6.735195779016728279e-01 7.147689181986954798e-01 8.221015794815660360e-01
8.573415541147082902e-04 -5.242305984841540839e-02 -9.267748857428015352e-02 -1.321071967818530091e-01 -1.693934410876370700e-01 -2.041242105942218110e-01 -2.350038505348082951e-01 -2.608075094256880333e-01 -2.808235369101433343e-01 -2.956414086638128325e-01 -3.043363276632836678e-01 -3.073803021583185191e-01 -3.055276728750194737e-01 -2.983114417952319464e-01 -2.866855530438459643e-01 -2.718400857792611647e-01 -2.530960070177524779e-01 -2.317936711017317131e-01 -2.079698576531966991e-01 -1.822293789091276872e-01 -1.556297511260613664e-01 -1.278205685127410396e-01 -1.003117441376362023e-01 -7.269262296470702100e-02 -4.609542914563923011e-02 -2.048252041154322717e-02 3.547689443267984521e-03 2.550946682493154122e-02 4.535283695601299153e-02 7.470704786199738878e-02
1.803383173495438571e-02 4.525201133800127451e-02 6.918300277724298564e-02 9.379682031716785051e-02 1.188838064070379813e-01 1.449912952509043729e-01 1.718009463958605210e-01 1.996804856573427545e-01 2.282693815665418902e-01 2.573069643351346691e-01 2.866716194108079874e-01 3.160663632188073779e-01 3.448633716154525519e-01 3.725813981570073041e-01 3.987340270031446421e-01 4.227150482087282946e-01 4.438720911295298555e-01 4.620568325742067661e-01 4.769628248685578997e-01 4.881655896720380472e-01 4.957683355560171812e-01 4.996159524251701511e-01 4.996973540124782232e-01 4.969796224400498397e-01 4.912280864094219490e-01 4.824184678357452127e-01 4.718665775360690873e-01 4.586973472102095495e-01 4.432499348756687718e-01 3.818004709238457250e-01
8.222956939754586664e-03 -1.061125216928037081e-02 -2.052187256630881931e-02 -2.853251992052620312e-02 -3.442242685925240436e-02 -3.778519607618119336e-02 -3.830503133087631573e-02 -3.513364154418079088e-02 -2.819694847631334933e-02 -1.786679376475250325e-02 -3.754311962436508721e-03 1.375155001234674643e-02 3.397623651408401835e-02 5.693448435550869935e-02 8.188958112696373415e-02 1.078970644139672086e-01 1.350190239907973488e-01 1.624383820974424908e-01 1.899574359953471736e-01 2.171230066967241856e-01 2.432185179330638991e-01 2.684702394494737354e-01 2.920082632305747161e-01 3.146146672049698334e-01 3.353677256217952873e-01 3.545548679291951055e-01 3.724442023232705790e-01 3.883502077796222585e-01 4.022849500158830471e-01 4.159605786866115151e-01
-1.042562707776775385e-02 -2.909721636568435993e-02 -4.294939621326469836e-02 -5.601735297302983668e-02 -6.813005806716213031e-02 -7.951290121184356741e-02 -8.976629380621056753e-02 -9.884884491814217855e-02 -1.064478488592105476e-01 -1.128350230053948161e-01 -1.177251853778568530e-01 -1.210848747667242209e-01 -1.230141671244442403e-01 -1.232210006776573163e-01 -1.219349585851313283e-01 -1.190084706558742211e-01 -1.144051909986201487e-01 -1.083639602461189955e-01 -1.006817088696178170e-01 -9.150414516071714299e-02 -8.113403103487196177e-02 -6.932557853963348948e-02 -5.668954441059306792e-02 -4.298859223060104429e-02 -2.869232964744455883e-02 -1.374619702856516579e-02 1.683456588836052675e-03 1.725672703672320729e-02 3.312755343080942688e-02 7.413588934856243928e-02
2.010491510178406133e-02 5.583271883550413456e-02 8.509575203393968112e-02 1.142681146905056705e-01 1.432374922361219494e-01 1.727521212829574437e-01 2.023450761542387177e-01 2.323239544670381296e-01 2.623595390433498542e-01 2.924946429635284506e-01 3.227233841222669763e-01 3.530671557070436117e-01 3.834270707589945149e-01 4.136275444019176795e-01 4.436550208138007045e-01 4.734840673177723724e-01 5.025906813845764098e-01 5.312311228916686279e-01 5.591685702793665058e-01 5.864080027106008952e-01 6.124669341669750633e-01 6.375847182398586277e-01 6.612763320911806408e-01 6.844419389435567602e-01 7.061306838228231797e-01 7.267584462046230431e-01 7.468962576934761177e-01 7.657405520007394273e-01 7.831240453257853895e-01 8.082877256943529209e-01
-3.266227652581258495e-02 -5.710551690006727271e-02 -7.867581353961104751e-02 -9.979361251957954981e-02 -1.204542664921536832e-01 -1.416707951561703704e-01 -1.628975671748275345e-01 -1.848825899331335842e-01 -2.071780073476807149e-01 -2.301162177541854481e-01 -2.537177980991268123e-01 -2.777321042787560534e-01 -3.020904715561333331e-01 -3.265214268960171529e-01 -3.510909774534010097e-01 -3.750191350839350846e-01 -3.984175741593328768e-01 -4.212995957532380542e-01 -4.431059383118327588e-01 -4.640372012836558868e-01 -4.835066479491836322e-01 -5.015732830814574328e-01 -5.181753426060212719e-01 -5.335141929376718828e-01 -5.470317247076904588e-01 -5.591922913326224931e-01 -5.699293287702739130e-01 -5.793241860178569569e-01 -5.866731863057482732e-01 -5.839909190853893595e-01
-3.969821810790899810e-03 1.944307531319301729e-02 3.425922788366052990e-02 4.801424872669780158e-02 6.076072373241420133e-02 7.242248589553629268e-02 8.296251097130746821e-02 9.191693400588868412e-02 9.931116998562804221e-02 1.050340884691740723e-01 1.089212974467390072e-01 1.112096149781087312e-01 1.119691572250864908e-01 1.111213791611744967e-01 1.087932622488455986e-01 1.056155049661522682e-01 1.010296195925709795e-01 9.546833255568389076e-02 8.911214723497618007e-02 8.187230215832423663e-02 7.420337705582052967e-02 6.598859436767119668e-02 5.735926046929698541e-02 4.858555127460537082e-02 3.981140036235326918e-02 3.075400280636846756e-02 2.201455418336807981e-02 1.310313057259170078e-02 4.427160309351460543e-03 -1.533474924695172117e-02
-2.681856634688753807e-02 -4.542647993896814507e-02 -6.555929234591428845e-02 -8.652988172041203851e-02 -1.077976412442781529e-01 -1.301575787832172371e-01 -1.527663249920123145e-01 -1.762171261596700567e-01 -1.999732469553798520e-01 -2.245646885099998880e-01 -2.499963104216850751e-01 -2.761974779715262174e-01 -3.034396720699659711e-01 -3.316271552585237092e-01 -3.610771178518357161e-01 -3.914052395774820781e-01 -4.228235545840489662e-01 -4.555410154090108188e-01 -4.890745173688053615e-01 -5.239605577084435195e-01 -5.591531179313565803e-01 -5.950955999471028157e-01 -6.314391224934486901e-01 -6.683938897486719766e-01 -7.049066953340474839e-01 -7.419558252148823474e-01 -7.789731740621652634e-01 -8.161535373680195438e-01 -8.524809368747134908e-01 -9.301900777531237896e-01
1.674773810512210359e-02 8.728378992219494592e-02 1.428028794515375510e-01 1.983021423469276678e-01 2.528027499857247173e-01 3.065356788831665180e-01 3.584723013293763527e-01 4.080812670666381647e-01 4.545218363718201982e-01 4.976273346483586768e-01 5.365254399735411850e-01 5.710825050614614096e-01 6.007457205362141117e-01 6.244483033556950113e-01 6.419859147722996040e-01 6.533259169924786613e-01 6.569638185368049665e-01 6.535037112828204764e-01 6.426567515094666616e-01 6.239987867640518493e-01 5.989140744167437136e-01 5.666877461601361743e-01 5.286056250318404981e-01 4.856889615827996165e-01 4.389364470853528988e-01 3.878245825393911161e-01 3.350212596193549719e-01 2.795395687879649871e-01 2.223510946670319011e-01 6.407169464399488368e-02
5.604912351197978426e-02 1.290121487301594816e-01 1.976696752242789734e-01 2.688693837287701172e-01 3.413061615088143763e-01 4.167466540152012788e-01 4.933752676867059206e-01 5.723035501191326979e-01 6.521726600203118229e-01 7.334068895498986329e-01 8.157774740295847815e-01 8.990663856863209125e-01 9.829423656466519388e-01 1.066791157661413969e+00 1.150466928495088137e+00 1.233195995665254507e+00 1.314088865052706279e+00 1.393392788222881595e+00 1.470251816520992350e+00 1.544856612703499721e+00 1.615709542965386936e+00 1.683507118612459719e+00 1.747372908767925948e+00 1.809443935671009918e+00 1.867502024533035820e+00 1.923137114612837539e+00 1.977521575433548673e+00 2.029434695861775939e+00 2.077993399296916621e+00 2.156468498101992814e+00
-2.100843986154983870e-02 -1.061906003334535387e-03 8.754085786074457254e-03 1.715240925087527235e-02 2.401069074924622182e-02 2.868891639769975688e-02 3.116798318812095958e-02 3.034365606271627325e-02 2.637487670538423562e-02 1.925924685126231134e-02 8.687509738317401517e-03 -4.764008053507670648e-03 -2.059518660318495828e-02 -3.870208541444489225e-02 -5.858885663983581793e-02 -7.880571547560305534e-02 -9.992944493311289866e-02 -1.211546432945691254e-01 -1.419824533805321698e-01 -1.622885784396580766e-01 -1.813060775738322417e-01 -1.991344108081627429e-01 -2.154114113762920779e-01 -2.302591422823246914e-01 -2.431673658449542141e-01 -2.545372751730866079e-01 -2.640692586783387474e-01 -2.719768673813158233e-01 -2.777385108952749038e-01 -2.717249595212467561e-01
1.075728295153500352e-01 2.738629912063211824e-01 4.226241266529148222e-01 5.749814977614344791e-01 7.279914020057668411e-01 8.848692630914976043e-01 1.041516947860821940e+00 1.199469760016097730e+00 1.355605182297454414e+00 1.511369177569122257e+00 1.665742530632316143e+00 1.818689584143450055e+00 1.970181476555043609e+00 2.118946378396763031e+00 2.265336082570492238e+00 2.408669537932332183e+00 2.547126041977544109e+00 2.681758255866355523e+00 2.811098517024553711e+00 2.935960513957174278e+00 3.053889454582230378e+00 3.166234696452492781e+00 3.271934266365128074e+00 3.374857203483429657e+00 3.471420549647744380e+00 3.564665388501945031e+00 3.656744361527290987e+00 3.746006319280707153e+00 3.830596110502098028e+00 3.977091466650997997e+00
4.711539624315166236e-02 1.301854369510470621e-01 2.011363627358936923e-01 2.726220576941630891e-01 3.436486718482598679e-01 4.157699139167121416e-01 4.873113756043300770e-01 5.588172365457704238e-01 6.291676198456107594e-01 6.989265721733532999e-01 7.678321812813169167e-01 8.360378188722916715e-01 9.037437445975333716e-01 9.705396604932008398e-01 1.036801001817459378e+00 1.102650564809664502e+00 1.167152249358681004e+00 1.231150526572599713e+00 1.294045273041810162e+00 1.356322289196143283e+00 1.416744097654951462e+00 1.476016612853131127e+00 1.533373216337113210e+00 1.590512529127566355e+00 1.645423374694350516e+00 1.699462796320560853e+00 1.753406481251823745e+00 1.806197691433374608e+00 1.856964091414913032e+00 1.954150754664103040e+00
-1.581729941339323278e-02 -2.809451117562741101e-02 -4.040207453621968287e-02 -5.297995669403681579e-02 -6.546768731807700581e-02 -7.826184068383243431e-02 -9.082219391587291468e-02 -1.034191074945523814e-01 -1.156713111664685045e-01 -1.279117561553670679e-01 -1.400249815855774127e-01 -1.519143211216429368e-01 -1.637008149345746122e-01 -1.752142735082785618e-01 -1.866444192514072897e-01 -1.976627844737663953e-01 -2.084025073330181832e-01 -2.189843099189696662e-01 -2.290936686637502495e-01 -2.390119518713682278e-01 -2.484263741547492188e-01 -2.574010959320609526e-01 -2.660988736342609351e-01 -2.744628825046459553e-01 -2.823168075931189458e-01 -2.900573115318170747e-01 -2.975062475864890255e-01 -3.049682773710234995e-01 -3.119464419839029223e-01 -3.236612363957527272e-01
2.606018718895670300e-02 7.873355284725076786e-02 1.209828031631122180e-01 1.629421392196781504e-01 2.043356406991314322e-01 2.460044448658998961e-01 2.872748907651396788e-01 3.283870544637688127e-01 3.687746557084697341e-01 4.084197274332645455e-01 4.470525418240061111e-01 4.845645552074466234e-01 5.206076335921311360e-01 5.546269026757489895e-01 5.864783997611904276e-01 6.159249759109286515e-01 6.420867387555079242e-01 6.652685720766606803e-01 6.851141321427949293e-01 7.014298312073619091e-01 7.142546967431705474e-01 7.235161552051762035e-01 7.292314664917107780e-01 7.324827891527839752e-01 7.328303464374115173e-01 7.304031754471713711e-01 7.265582248340007876e-01 7.203300860574871622e-01 7.118653079261185734e-01 6.667367270173396587e-01
-2.703488377282008831e-02 -5.298169914904612976e-02 -7.726650701792842080e-02 -1.018560535022912938e-01 -1.262741389627134447e-01 -1.512804583030465944e-01 -1.760574222550340129e-01 -2.010795749073910899e-01 -2.257731908336322313e-01 -2.505859588518078995e-01 -2.753886623858649574e-01 -3.000602882652881886e-01 -3.247297694770363008e-01 -3.491299706302620764e-01 -3.735010943173670550e-01 -3.973977548091578438e-01 -4.208561986854811865e-01 -4.441018197423368674e-01 -4.666525866821605861e-01 -4.888829512361095864e-01 -5.102033655668837264e-01 -5.307933902811823312e-01 -5.506689380102255393e-01 -5.700307400836448490e-01 -5.883065072686436414e-01 -6.061497054607281054e-01 -6.234371479802205407e-01 -6.403281916794828499e-01 -6.560840710446754764e-01 -6.817195044753746602e-01
-2.204988444883183504e-02 -4.368598110514659155e-02 -6.085152859232223488e-02 -7.666593193318926858e-02 -9.117127901632961218e-02 -1.051774830940180316e-01 -1.181272264301538866e-01 -1.303513056531956926e-01 -1.416598368004337583e-01 -1.527466325060882757e-01 -1.638292952361441457e-01 -1.752013460743993001e-01 -1.877169482208827789e-01 -2.017006159662206866e-01 -2.179685606004429510e-01 -2.369559402214484467e-01 -2.590521548085892301e-01 -2.849071495574033719e-01 -3.142873575667262664e-01 -3.480708814012462016e-01 -3.850033217297882948e-01 -4.257720948737716560e-01 -4.696740571195807679e-01 -5.165087502512319961e-01 -5.649710820721847160e-01 -6.160031282974300915e-01 -6.681876943705908900e-01 -7.219403663251702241e-01 -7.760045595069759994e-01 -9.091047253091122382e-01
-2.294271035974937076e-03 3.433477626519064463e-02 5.424020466907107652e-02 7.111075503625013949e-02 8.556504559105346241e-02 9.770808188609991785e-02 1.077124073863626186e-01 1.149948787987241511e-01 1.196634305252879255e-01 1.216307223138704818e-01 1.206462295535366547e-01 1.170395649432486584e-01 1.109265286715465093e-01 1.021407633149141042e-01 9.093779741337847111e-02 7.809954027976206969e-02 6.295059577739987866e-02 4.607266295962611502e-02 2.770530065548336418e-02 7.662160796799426243e-03 -1.321181660677590852e-02 -3.525920294266145921e-02 -5.815036063268472916e-02 -8.173920402074091873e-02 -1.055326813960058008e-01 -1.302165041178633964e-01 -1.550058577747712441e-01 -1.804513811811557789e-01 -2.059832763077966145e-01 -2.686885024376279851e-01
2.010813827541604870e-02 5.972024365566810933e-02 9.124408635332459383e-02 1.223460713936792565e-01 1.529458613656320687e-01 1.837868877709420978e-01 2.143994957118305622e-01 2.450210137526253606e-01 2.753171314313804796e-01 3.053339037597656569e-01 3.350195147234527604e-01 3.644185177587143665e-01 3.934503799968890325e-01 4.218982920576495599e-01 4.497846530911028817e-01 4.771613737719940795e-01 5.034399440461404529e-01 5.289480409427466112e-01 5.534711093285404893e-01 5.770050558075463520e-01 5.992009078783080422e-01 6.202481082147589531e-01 6.397524167730872513e-01 6.585910879071185109e-01 6.759321479722838477e-01 6.920953440586009586e-01 7.077223848808589235e-01 7.220129289388604876e-01 7.348490263761425778e-01 7.492528523014806430e-01
-2.762435633439011898e-02 -4.928067486097202632e-02 -7.136695964640782375e-02 -9.418353572813925600e-02 -1.171980979146781260e-01 -1.412037507580734264e-01 -1.653588584483570711e-01 -1.902353722974673145e-01 -2.152539760472729213e-01 -2.408963206037009752e-01 -2.670854008152444559e-01 -2.936992830677606081e-01 -3.208908109672408693e-01 -3.484481181170362984e-01 -3.766068294518306048e-01 -4.048773705001791345e-01 -4.333786490473811037e-01 -4.622717130393476648e-01 -4.910542091125545960e-01 -5.201460387228045157e-01 -5.487236561345107955e-01 -5.770867747533530157e-01 -6.050735254992692935e-01 -6.329254501931017574e-01 -6.598301538965199997e-01 -6.866172943192210276e-01 -7.129904642976550022e-01 -7.391023112797212580e-01 -7.640909571278640122e-01 -8.117977528732315262e-01
-3.638962175119363207e-02 -8.671013464593349540e-02 -1.307041013694230369e-01 -1.750208829843526437e-01 -2.188284602923128430e-01 -2.630655041051867538e-01 -3.064736780790379145e-01 -3.494512626594836746e-01 -3.910750071921047510e-01 -4.318219688716065097e-01 -4.712726188322691190e-01 -5.092336560336365725e-01 -5.456829927825926907e-01 -5.799826639339833445e-01 -6.123598917964910848e-01 -6.422406606426067643e-01 -6.692582068163316356e-01 -6.938370712038469668e-01 -7.153288466377937249e-01 -7.340299608989476754e-01 -7.497133277516685457e-01 -7.623210635000439162e-01 -7.723258176398043462e-01 -7.802000710590102361e-01 -7.856412863816601977e-01 -7.892419966345542992e-01 -7.916337782521697397e-01 -7.927539172517154009e-01 -7.920141064834789191e-01 -7.694896352124469541e-01
-7.848588395235937820e-03 5.115183602103720584e-02 9.055166020521712711e-02 1.277057134518098658e-01 1.621672218586917569e-01 1.936313040503179761e-01 2.214982219655590723e-01 2.444734941401364159e-01 2.623014635162975727e-01 2.751543488463009113e-01 2.823513915146709796e-01 2.845307640513196068e-01 2.822344492265845273e-01 2.751658231749015138e-01 2.640254223110875542e-01 2.504101377792071759e-01 2.332089891315300978e-01 2.137148779427214262e-01 1.922497605275122756e-01 1.690088712083670508e-01 1.451273205648173081e-01 1.203147630582167144e-01 9.541142898838719799e-02 7.058884495631928546e-02 4.656450338073339634e-02 2.289214192940573767e-02 6.158166228252964780e-04 -2.070862460382424594e-02 -4.049924988317904484e-02 -7.585854352937988765e-02
2.910162565532782575e-02 7.456509880093895037e-02 1.136713546971017674e-01 1.530542447872897949e-01 1.923617035495029937e-01 2.326587640851183192e-01 2.731243063028332974e-01 3.142577720340097303e-01 3.555341728926320610e-01 3.972131271264799923e-01 4.393314500156921820e-01 4.819924672991352521e-01 5.252902061584330262e-01 5.691152792260356641e-01 6.136270620631787409e-01 6.588889015596660625e-01 7.043890001850984239e-01 7.505411136299020569e-01 7.970064976579668281e-01 8.440383704407247167e-01 8.905944262113126841e-01 9.372471971646411104e-01 9.831333167857434496e-01 1.029405436564693188e+00 1.074429850441843470e+00 1.119119219661630860e+00 1.163754725935099099e+00 1.207499269060301694e+00 1.249745283830242304e+00 1.333694103842271605e+00
9.812573105312926564e-03 4.031270828135026518e-02 6.379237585767347229e-02 8.687822234804658261e-02 1.094679892402903726e-01 1.319490759350286369e-01 1.539967653880930376e-01 1.755784631992719780e-01 1.965006897080550652e-01 2.167687047300568548e-01 2.363086860191799254e-01 2.552550559911541117e-01 2.736249213215504739e-01 2.913002716526120750e-01 3.083619393867429448e-01 3.251130744462201738e-01 3.410217314265918120e-01 3.564519034229748362e-01 3.713458157752715927e-01 3.857155963283374622e-01 3.994180506296743927e-01 4.125884490601141596e-01 4.249671777707798581e-01 4.371880929874756294e-01 4.487021561965616190e-01 4.596834336700978962e-01 4.706544079588231844e-01 4.809565846035861458e-01 4.906219163830723984e-01 5.056385171979428383e-01
-3.959380568765111241e-02 -8.045650867230966230e-02 -1.208459307694756957e-01 -1.626710908880873996e-01 -2.048656429322112671e-01 -2.485242296209161927e-01 -2.922057041559502077e-01 -3.365753837244785940e-01 -3.807092953452677064e-01 -4.253095124342030076e-01 -4.702012864892735067e-01 -5.153186391814515988e-01 -5.609644956101144109e-01 -6.068264228967459317e-01 -6.533275276556531619e-01 -7.000559308683875770e-01 -7.469488299529623010e-01 -7.944626477921667984e-01 -8.419140491151335670e-01 -8.899829861763619565e-01 -9.374350676122298331e-01 -9.848020757261929381e-01 -1.031782246114555601e+00 -1.078946913218766568e+00 -1.124896230707313816e+00 -1.170982764643198282e+00 -1.216916170473346215e+00 -1.262689256945801031e+00 -1.307062424889830599e+00 -1.396650436797310935e+00
-1.642389927374364803e-02 -3.178702628192579815e-02 -4.392819699735836525e-02 -5.544911917931292372e-02 -6.632269312195873678e-02 -7.696739428387433524e-02 -8.707696462014408167e-02 -9.691033669228271696e-02 -1.061559159152719312e-01 -1.149818965829507988e-01 -1.232128870713935509e-01 -1.306364208313421094e-01 -1.371223192787375811e-01 -1.423341460752062804e-01 -1.462774995102071318e-01 -1.484051911294257953e-01 -1.487340891010520416e-01 -1.472545520982956324e-01 -1.436489939267614480e-01 -1.379174479751881788e-01 -1.302507074347741822e-01 -1.203773420156114965e-01 -1.087974663517362606e-01 -9.539761327425107240e-02 -8.056047596466112126e-02 -6.421623558176270397e-02 -4.663302844123306395e-02 -2.806360056150059012e-02 -8.362827414014693816e-03 4.972982828625127638e-02
-6.184358595434415184e-02 -1.047886795325994880e-01 -1.510715364372478275e-01 -1.997597234978999992e-01 -2.498678476769607137e-01 -3.031654984552659693e-01 -3.581471608503091764e-01 -4.163421430039090376e-01 -4.766085035663263358e-01 -5.394800746367642841e-01 -6.049296712014161637e-01 -6.724014699502416370e-01 -7.415467221721552260e-01 -8.117460248780747900e-01 -8.828545293357829005e-01 -9.532869324489363638e-01 -1.022984840320001920e+00 -1.091830970730065742e+00 -1.158714564230145960e+00 -1.223982595113701111e+00 -1.286035504413800989e+00 -1.345361014569563807e+00 -1.401390631081395943e+00 -1.455277441722411247e+00 -1.505164576414717681e+00 -1.552569911467100550e+00 -1.597665913913004276e+00 -1.640067411564731348e+00 -1.678387925056225916e+00 -1.726505651327312485e+00
-5.799055812667040441e-03 -1.649767557667480497e-02 -2.456703675963631262e-02 -3.214529057912672572e-02 -3.901003248111256649e-02 -4.522388267498698988e-02 -5.044547418828487784e-02 -5.457318856652922795e-02 -5.736619062222517162e-02 -5.908680170575368595e-02 -5.950417867901337116e-02 -5.862034182949691502e-02 -5.661039009925432353e-02 -5.329734757339019136e-02 -4.893485400633128257e-02 -4.349122175880201085e-02 -3.702684632788717789e-02 -2.976251634460198858e-02 -2.157283098724560588e-02 -1.265547590463729326e-02 -3.239525043675845969e-03 6.836252907072092044e-03 1.704864607321995504e-02 2.772425229854960302e-02 3.842993109924333628e-02 4.917711269350470704e-02 6.000877418970732013e-02 7.049396183763342871e-02 8.080975376954416256e-02 1.036566411845827040e-01
-1.652659388751380812e-02 -1.601786349866893278e-02 -2.187774841414315274e-02 -2.939719889635331387e-02 -3.799297736834604533e-02 -4.804697748412677105e-02 -5.899131621858909325e-02 -7.134953368683688568e-02 -8.469291588540964200e-02 -9.929934442607479816e-02 -1.151338374258382841e-01 -1.319505909745384287e-01 -1.496964422794120619e-01 -1.682025075363919320e-01 -1.874392824687494130e-01 -2.067247461688864474e-01 -2.263186776837792236e-01 -2.460405160230167421e-01 -2.654908764120070264e-01 -2.848885445359492508e-01 -3.036286945420338945e-01 -3.218948126082182282e-01 -3.396477269267940136e-01 -3.569862235481642276e-01 -3.734785610171056369e-01 -3.897477543848614778e-01 -4.055560460147997759e-01 -4.211818501848563212e-01 -4.360346989473841139e-01 -4.635553767642262013e-01
6.864275785483067716e-02 1.900149181298878553e-01 2.941751255132221132e-01 3.993444950793680892e-01 5.038600434191981003e-01 6.099502154483724681e-01 7.149534525138752095e-01 8.196147427606925717e-01 9.221211377269581400e-01 1.023548914218067374e+00 1.123361780262488230e+00 1.221884165749277162e+00 1.319592392392347158e+00 1.415903230985765537e+00 1.511536300635799579e+00 1.606773171697977176e+00 1.700380918986005740e+00 1.793618075713580895e+00 1.885647009413575326e+00 1.977335598880965106e+00 2.066791441750128744e+00 2.155148590793687813e+00 2.241334188074620037e+00 2.327767357193011311e+00 2.411516487729285174e+00 2.494765802839170377e+00 2.578402138420061274e+00 2.661183469461794182e+00 2.741614670624827443e+00 2.904510714262142024e+00
-6.700716642012723157e-03 -1.742104430758611988e-02 -2.601254170491108450e-02 -3.432612580623959492e-02 -4.209302706708395458e-02 -4.939123394864909644e-02 -5.585265025812681527e-02 -6.141703063632603793e-02 -6.580017085391844101e-02 -6.924724586055597264e-02 -7.149369207496145129e-02 -7.249666437959056964e-02 -7.234867826900623355e-02 -7.081155819755514946e-02 -6.807149018843750010e-02 -6.397934712801740809e-02 -5.857038701209815040e-02 -5.200121618689208108e-02 -4.410864035743276845e-02 -3.503889038646491871e-02 -2.505780879421608612e-02 -1.395664043748862451e-02 -2.317079131997832470e-03 1.014006114926083169e-02 2.293662764648488755e-02 3.609273970629627015e-02 4.953075426817063476e-02 6.285333484354466149e-02 7.620078050301729022e-02 1.084257287216791876e-01
5.603439771602544001e-03 1.468842401774915311e-02 2.410580881914030360e-02 3.418487484367753459e-02 4.478610771186129769e-02 5.622131460169438322e-02 6.829401812861182752e-02 8.119441999745628802e-02 9.487943368441953407e-02 1.093781431585504199e-01 1.248969664815829661e-01 1.415787546812508346e-01 1.595560851412969328e-01 1.790303568033136672e-01 2.000631109066281776e-01 2.229381287191912753e-01 2.474871718064508563e-01 2.738639835401558420e-01 3.020622972739688272e-01 3.322370444318645255e-01 3.636052915192880541e-01 3.966717267015341664e-01 4.306041429569104628e-01 4.660071196336826316e-01 5.017197447343830774e-01 5.383161553338777772e-01 5.756241222226973209e-01 6.131195751197403565e-01 6.504971819087286278e-01 7.377191495737405180e-01
1.207888349451256838e-02 -2.394202094850996637e-03 -1.177509715072132951e-02 -2.042585046404441634e-02 -2.764184960573093375e-02 -3.285733241009730632e-02 -3.546417399762862716e-02 -3.451341496899527211e-02 -2.981842119225296822e-02 -2.193082047439710511e-02 -1.044423351943688308e-02 4.101607276268005170e-03 2.075550346788250511e-02 3.938448943604339059e-02 5.905524830181908824e-02 7.851263777659173160e-02 9.774907530727532101e-02 1.158134935654459297e-01 1.324586846043357691e-01 1.469615847909996054e-01 1.590128252460394909e-01 1.685294762622611686e-01 1.748728709305596152e-01 1.787850498189805792e-01 1.797677235324240952e-01 1.776568438833927843e-01 1.730993609313906667e-01 1.653247960187196886e-01 1.546303601350315637e-01 1.007801560198264973e-01
9.521852958058183922e-03 5.784418682244646392e-02 9.387558140115540017e-02 1.290825765219443255e-01 1.631372168218904184e-01 1.963356554986090685e-01 2.281127405857868440e-01 2.580978097090406709e-01 2.859100868341739599e-01 3.115789668509965082e-01 3.347080327666482891e-01 3.554815823633749039e-01 3.739009863814174439e-01 3.895633712845711361e-01 4.026326045272663468e-01 4.135875435442696868e-01 4.215284648074988927e-01 4.270794810968845390e-01 4.301847994048133006e-01 4.307912901736830058e-01 4.293425958534988762e-01 4.256907752961647251e-01 4.201413382310281719e-01 4.133552418408497076e-01 4.053448292114181783e-01 3.960152717576169712e-01 3.865077423842225857e-01 3.760833877822980509e-01 3.650643098287497113e-01 3.300254236348560966e-01
-1.094894667781510719e-02 -1.496807650703161838e-02 -2.184434265241320949e-02 -2.961415762831338255e-02 -3.777510834554163865e-02 -4.652235743486443642e-02 -5.535532987612003242e-02 -6.449550965969888527e-02 -7.357021106349376227e-02 -8.285370881542064581e-02 -9.219345783336359290e-02 -1.014502527766220907e-01 -1.106618341633122948e-01 -1.196355692729121206e-01 -1.284568078008538894e-01 -1.367320275705434240e-01 -1.446175742367563077e-01 -1.521049535594212188e-01 -1.589211621565907728e-01 -1.652737388235854255e-01 -1.709565831521256407e-01 -1.759957356105528170e-01 -1.806350534300900645e-01 -1.848027764226038983e-01 -1.884827737985381169e-01 -1.920225228948914398e-01 -1.953107664172674673e-01 -1.987023244979423398e-01 -2.018040642156285758e-01 -2.060731410033734834e-01
-6.819610846253634784e-02 -1.508130692682796981e-01 -2.294221417547540609e-01 -3.104413210045066651e-01 -3.919623841658643748e-01 -4.758350364463449500e-01 -5.595439568825886223e-01 -6.440878931101682303e-01 -7.278477941933871875e-01 -8.118656974908199375e-01 -8.957474130307134796e-01 -9.794056241315305389e-01 -1.063200657112978620e+00 -1.146457338481709609e+00 -1.229788673104483587e+00 -1.312628209706159677e+00 -1.394476809144157059e+00 -1.476211658534199778e+00 -1.556716755653100082e+00 -1.636971582178128548e+00 -1.715132390087612757e+00 -1.792004354987471793e+00 -1.867129086068153976e+00 -1.941815507013473496e+00 -2.013703602990384312e+00 -2.084963860052728712e+00 -2.155619438429101642e+00 -2.225233716516070714e+00 -2.291972484999034165e+00 -2.416716777434734453e+00
-6.975479219896110750e-02 -5.869008740317163686e-02 -7.555421704114871628e-02 -9.961106645965613071e-02 -1.294527636795076431e-01 -1.668828249135523856e-01 -2.106602600514082546e-01 -2.635561284098101309e-01 -3.244372365264832636e-01 -3.932632274651459703e-01 -4.705334450618069431e-01 -5.547807269514399842e-01 -6.445518602954635190e-01 -7.391949002682480785e-01 -8.373289154243217514e-01 -9.354700041566088586e-01 -1.034111250932499448e+00 -1.131690910508863501e+00 -1.226709734223379256e+00 -1.318975726792571024e+00 -1.406019243671305485e+00 -1.488574452172505058e+00 -1.565337962798396987e+00 -1.638066801723359500e+00 -1.704198727348176901e+00 -1.765742264988412025e+00 -1.822900418499068032e+00 -1.875114024770586862e+00 -1.920939968769231232e+00 -1.964544449551182126e+00
4.739001586340504252e-02 1.775286934741409639e-01 2.829768527920440979e-01 3.881366997015067710e-01 4.912099911888363479e-01 5.935673411513363584e-01 6.927305096140112806e-01 7.883657677216480142e-01 8.788249914981762778e-01 9.649893187964879715e-01 1.045860537320767891e+00 1.121882453648087141e+00 1.193595710407413302e+00 1.260054169865438389e+00 1.322137227438076490e+00 1.380789038154798032e+00 1.434234905336483346e+00 1.484248569646145155e+00 1.530223265530046950e+00 1.572889798598165800e+00 1.611913200599868645e+00 1.647690438891786124e+00 1.680484147331602340e+00 1.712077576852570449e+00 1.741277598030829932e+00 1.769201613346928381e+00 1.797623437071969921e+00 1.825381714671531874e+00 1.851940288606339191e+00 1.896103401282006384e+00
-1.182753331142863060e-03 -7.762634223186082490e-03 -1.409244502054240490e-02 -2.038964508330200209e-02 -2.614858561694678035e-02 -3.134695829027365349e-02 -3.541377179160028893e-02 -3.810646484239595122e-02 -3.922375822292736847e-02 -3.934557897752802985e-02 -3.839051913787591697e-02 -3.670991522277872871e-02 -3.510576020745957704e-02 -3.382525611156827344e-02 -3.360815894100173395e-02 -3.513009922332219204e-02 -3.868415799034724545e-02 -4.486552713845731039e-02 -5.367725319314073373e-02 -6.586492540162579290e-02 -8.086340362262785242e-02 -9.908603346892912167e-02 -1.204676980419625426e-01 -1.445579852307635194e-01 -1.709283588280570421e-01 -2.002345250374905350e-01 -2.314166335803825025e-01 -2.650978944739780241e-01 -3.005186573373697656e-01 -4.023460446871067742e-01
