2.250784048246369171e-02 8.099722412646243042e-02 1.312607234549445778e-01 1.831855806505023332e-01 2.350988448583377632e-01 2.869828708722091948e-01 3.396767059826435453e-01 3.903525766696097632e-01 4.396837969686441805e-01 4.881407187869018505e-01 5.341765416604862260e-01 5.777495729762696097e-01 6.190048584984610969e-01 6.561084457390757851e-01 6.883137839273534286e-01 7.170339334147661781e-01 7.406638224454282771e-01 7.591767887583723562e-01 7.712688598413139918e-01 7.799117792447147757e-01 7.794725743183157363e-01 7.759711352781023530e-01 7.680483733840810512e-01 7.550805069538198966e-01 7.395149517342376466e-01 7.209443042333333329e-01 6.986010254609115178e-01 6.756324653864895780e-01 6.516631920866279293e-01 5.680053138033587246e-01
8.230778142642395517e-03 6.312900748407171414e-02 1.040509642038098537e-01 1.442838002087519500e-01 1.827322607010307409e-01 2.196444444355134251e-01 2.554539697608091964e-01 2.877903605959512001e-01 3.174557720266537597e-01 3.450034196125676966e-01 3.688090134317731361e-01 3.888892012037087342e-01 4.072259761748349693e-01 4.210501282380353372e-01 4.321729292630225872e-01 4.398294633290938394e-01 4.448759203908690951e-01 4.468714700729616296e-01 4.453055694518679442e-01 4.429642139613509944e-01 4.350733273265191547e-01 4.269019394411967538e-01 4.169032205701811433e-01 4.049059329427188714e-01 3.922184409239973801e-01 3.787478527122629668e-01 3.636983402789147335e-01 3.490836395738211584e-01 3.348858487717402688e-01 2.923127762670910679e-01
-3.207984171912923663e-03 -2.349057794010924599e-02 -3.698177768912783853e-02 -4.954283326222394535e-02 -6.033153965227711774e-02 -6.982947766375519061e-02 -7.747492267317861170e-02 -8.246198768063681128e-02 -8.554786382808013401e-02 -8.620040395216663209e-02 -8.447140264813542132e-02 -7.972274634147066830e-02 -7.385642257336597072e-02 -6.517515745076063460e-02 -5.544549080759432480e-02 -4.274003644419910319e-02 -2.932252899928539797e-02 -1.420289298214086511e-02 1.584557231746355072e-03 1.836543177592067644e-02 3.631753335398397314e-02 5.441235680081948911e-02 7.258119717976654894e-02 9.117208860135876669e-02 1.094250499483883643e-01 1.276836267215089304e-01 1.457145455310268622e-01 1.631176912738870055e-01 1.800013812441596806e-01 2.150609073282879202e-01
-2.677060043193268610e-03 6.088619655088212818e-03 1.112004835681122683e-02 1.548039520690552145e-02 1.951589417729387294e-02 2.318926111406812221e-02 2.693027115472429456e-02 3.037225518678144873e-02 3.351350669740441046e-02 3.691768366675608759e-02 4.000822354840793266e-02 4.312614010426653322e-02 4.658601128762147187e-02 5.006619933360381691e-02 5.399634316109280102e-02 5.872535631263749861e-02 6.388856674145988734e-02 6.991283224411434793e-02 7.623742273789718693e-02 8.398249904226910700e-02 9.182914951336983156e-02 1.008125135303751668e-01 1.101457573156637559e-01 1.202095856650057665e-01 1.305876645318353457e-01 1.415119694177487675e-01 1.524425224698131298e-01 1.635596063943446643e-01 1.750376383972057082e-01 2.020843764101077356e-01
3.186322418310526955e-03 2.587659502576647452e-02 3.979439184462071899e-02 5.229151437747225906e-02 6.351119200881323590e-02 7.386665283563459417e-02 8.374257816223891482e-02 9.291022833796001856e-02 1.010820386007729998e-01 1.088520522114674594e-01 1.154472149613034737e-01 1.210742618349797961e-01 1.258020626008766740e-01 1.287226512490018959e-01 1.305883397597231710e-01 1.311042369459215762e-01 1.300039333810170950e-01 1.273800084645275166e-01 1.223367926705974107e-01 1.171159545111126049e-01 1.085822410678349698e-01 9.932875991875925181e-02 8.911369750485879926e-02 7.704755898555903926e-02 6.388924047230412628e-02 4.956550473299632664e-02 3.397127291004798516e-02 1.758429000509137766e-02 3.945506141655868992e-04 -5.078527727883372367e-02
6.139812336456868663e-02 1.216799385296594704e-01 1.785346943623927485e-01 2.372711222404841058e-01 2.986005156711224462e-01 3.617900127132586130e-01 4.303034282567539948e-01 4.993708628037797359e-01 5.712636669953983226e-01 6.468661582980619329e-01 7.251284023948095792e-01 8.071279925398985311e-01 8.901810365526839908e-01 9.766443883241480162e-01 1.059322226395543076e+00 1.147310756806591892e+00 1.233152169287055289e+00 1.319476467190842550e+00 1.403748615986623260e+00 1.486254391719667556e+00 1.565319135767594627e+00 1.642386052157353227e+00 1.715149869201056498e+00 1.785264319709777503e+00 1.853557860821442027e+00 1.918909492881587298e+00 1.979058805494840589e+00 2.037870521321569761e+00 2.094227138374143760e+00 2.179433766047085275e+00
2.537580396515353234e-02 9.393615306615765714e-02 1.480904552471201674e-01 2.019460955115102430e-01 2.545793048877978415e-01 3.060956932473872238e-01 3.577501536162190354e-01 4.059391034657712227e-01 4.522149708950350400e-01 4.971863357743797618e-01 5.392539905603892514e-01 5.785461800809922339e-01 6.165086421290307817e-01 6.510607803254755410e-01 6.821474882282322350e-01 7.113355588797549700e-01 7.377201560067276898e-01 7.614988843628454074e-01 7.817747841675665166e-01 8.008832722756258349e-01 8.142897958006405368e-01 8.270977295626892323e-01 8.372266589723527108e-01 8.449985586625603506e-01 8.518726537854348635e-01 8.573195558221979873e-01 8.600604930771701406e-01 8.629832133610317868e-01 8.656888595562532984e-01 8.520310991111228471e-01
-4.298543634019137694e-03 3.775438783192466494e-03 8.120145825233682224e-03 1.159612201393679827e-02 1.465976091439249139e-02 1.709819925530624979e-02 1.940578721739584511e-02 2.088527397622065573e-02 2.192493571115227205e-02 2.308246194301322163e-02 2.383236879169603473e-02 2.452143953201300561e-02 2.619463928071371489e-02 2.835547499506028968e-02 3.187361642818090091e-02 3.707219918996213642e-02 4.402831232490310442e-02 5.320338070449236179e-02 6.441503163627274042e-02 7.814824969734188165e-02 9.406532224972589951e-02 1.125355965263845764e-01 1.322792849642608626e-01 1.544688498271812593e-01 1.779387138982154726e-01 2.030855023733300069e-01 2.291241345828338438e-01 2.559998311674771543e-01 2.839568333038707815e-01 3.565147303096672937e-01
4.526944359112206745e-03 1.052542668737744061e-03 2.723937169921263751e-04 -1.211199264429894257e-04 6.220587760909536412e-04 2.104710377941760441e-03 5.265119340308609813e-03 9.724615685629295347e-03 1.552361380889722212e-02 2.325152802415891146e-02 3.273002412287257662e-02 4.446534712192382055e-02 5.746564926065979989e-02 7.287860956771678722e-02 8.910614052589402312e-02 1.085619860295122668e-01 1.290067155845016633e-01 1.515949678611350770e-01 1.754233572896826132e-01 2.006809959436503810e-01 2.274882717696298240e-01 2.552419093104870695e-01 2.832097545311371145e-01 3.122150415152318836e-01 3.414310178957414843e-01 3.709723559464049858e-01 4.002110679346492228e-01 4.291998399677525722e-01 4.579070308906935116e-01 5.201354021768509472e-01
2.107131644529771503e-03 1.746562950645935697e-02 2.715939413561231988e-02 3.601475240207459294e-02 4.434964697175603626e-02 5.226140705322453173e-02 6.022601397208598994e-02 6.796890394641598443e-02 7.525935707849321088e-02 8.272063270280080594e-02 8.955064366797016451e-02 9.616157346286093033e-02 1.024147912492290591e-01 1.078937139380487936e-01 1.128361576397563654e-01 1.174788336546434553e-01 1.212655558196266692e-01 1.244420432630692630e-01 1.261448976571685476e-01 1.281275925352312606e-01 1.280455182885537613e-01 1.276967523189970199e-01 1.267334803608249072e-01 1.247576865063258211e-01 1.220707677949960379e-01 1.187495588058902762e-01 1.145204109072958804e-01 1.097524001874824462e-01 1.044596636359618469e-01 8.343352380861651652e-02
7.677890159114408863e-03 6.404010924676097061e-02 1.018530552516905829e-01 1.366774412319860244e-01 1.686096478810039101e-01 1.978310189618686654e-01 2.253144905063090842e-01 2.477628740646351524e-01 2.673176330693218805e-01 2.846503304428917303e-01 2.984837813771010762e-01 3.089342920221545552e-01 3.200205543553635290e-01 3.289355807238464324e-01 3.383878975727840910e-01 3.482186270263107897e-01 3.600792953158601373e-01 3.741335140252413649e-01 3.906875743489698349e-01 4.107699309432907286e-01 4.326028672038252365e-01 4.588767572261246430e-01 4.867427561274925707e-01 5.181607241328218816e-01 5.521517881978270648e-01 5.887001902852848634e-01 6.261126845918721928e-01 6.656258923121622928e-01 7.073321499452966954e-01 8.140365314274127240e-01
1.612779795161578891e-03 -5.123075577251733070e-02 -9.114351401128370500e-02 -1.307559634900631873e-01 -1.675496601181734324e-01 -2.018438173217838028e-01 -2.326009072708848935e-01 -2.570171040149033526e-01 -2.768512212561786701e-01 -2.914454985641014018e-01 -2.999019934983393476e-01 -3.011518499345393618e-01 -3.000927491432504590e-01 -2.921356891951792378e-01 -2.816816055761851012e-01 -2.648416004837119697e-01 -2.464096319706203797e-01 -2.243905851764674275e-01 -2.006138035924397434e-01 -1.756303922543338836e-01 -1.471710615410011802e-01 -1.197476209461989655e-01 -9.186454410835531714e-02 -6.402873262022869272e-02 -3.746608220991618637e-02 -1.204556870778400110e-02 1.265564943121529062e-02 3.472450492393160809e-02 5.403779377513769078e-02 8.337935359346765329e-02
1.851533586189158670e-02 4.568438236037249134e-02 6.941534877708707696e-02 9.387438391558217132e-02 1.189221007489967424e-01 1.445350862859451080e-01 1.717441047807445331e-01 1.994149680288589688e-01 2.274752313070351473e-01 2.565475464747621892e-01 2.857312765141976629e-01 3.153936890582890729e-01 3.440447547828597852e-01 3.718335852598501079e-01 3.968304881523480043e-01 4.212684402666150296e-01 4.424645228181546819e-01 4.610625286273868362e-01 4.754146720444110685e-01 4.877054328674589323e-01 4.943950796310619400e-01 4.983685701140094237e-01 4.993648047101934551e-01 4.964775441301801928e-01 4.912042684659624903e-01 4.831818864048154638e-01 4.720664902266783480e-01 4.594090372039358883e-01 4.448340573593114744e-01 3.834989579277479632e-01
8.636845643940365205e-03 -1.168432000685054595e-02 -2.267321917144205640e-02 -3.203542591075625445e-02 -3.867200559242046920e-02 -4.310312659222223508e-02 -4.422575375125690350e-02 -4.138396914398853599e-02 -3.543226185166796494e-02 -2.572916898688149684e-02 -1.225306354189170319e-02 5.799328656617024069e-03 2.493352181554905553e-02 4.800926720085862964e-02 7.113503988489733310e-02 9.813248901696121351e-02 1.246924196525266287e-01 1.523877142472231661e-01 1.794494657373634228e-01 2.062426618664962574e-01 2.327464234509214469e-01 2.576807835511487621e-01 2.814026107872183990e-01 3.037548619015910667e-01 3.245801647172671389e-01 3.438716407458001223e-01 3.614581077688787114e-01 3.773072639826475783e-01 3.912229438131043513e-01 4.049682535559228636e-01
-1.044484934904347379e-02 -2.860141079648634288e-02 -4.211946850172072765e-02 -5.515182864115793226e-02 -6.710625683889687165e-02 -7.838648623833852080e-02 -8.875157802902938764e-02 -9.749323107670639088e-02 -1.052671867819094803e-01 -1.115652539809448285e-01 -1.165551154703698689e-01 -1.197657152875365866e-01 -1.220090943508404246e-01 -1.224701844772458081e-01 -1.214846353320102740e-01 -1.183615671508731482e-01 -1.141128100525294065e-01 -1.080475708700363857e-01 -1.008479652823209421e-01 -9.193668858523437737e-02 -8.138752805023807824e-02 -6.976008591477807219e-02 -5.731673925881308751e-02 -4.355573258551436594e-02 -2.948397843992309197e-02 -1.451411749603667700e-02 1.027700241342337922e-03 1.656551905210163628e-02 3.245452616724688738e-02 7.333115841137408109e-02
1.939516105788530523e-02 5.490412794304200955e-02 8.391391221845634352e-02 1.129147967694522220e-01 1.419702832394056369e-01 1.709938989463322678e-01 2.012745198292325843e-01 2.306755192922475550e-01 2.600812933949297467e-01 2.901442861611707169e-01 3.199429151815352257e-01 3.498611715305426917e-01 3.798799068813476509e-01 4.097712786740093094e-01 4.381561344158583782e-01 4.676057700322375221e-01 4.960496723675610897e-01 5.243065261230612784e-01 5.513364070235562409e-01 5.783160571221441781e-01 6.030678885047621174e-01 6.277246795014884695e-01 6.509022220555822358e-01 6.731137147540302568e-01 6.947686259105287920e-01 7.155498609878081506e-01 7.344313127448759415e-01 7.530061961245924085e-01 7.709576914888286447e-01 7.959750551564439558e-01
-3.290788125317751361e-02 -5.852854751230876507e-02 -8.029200739880790194e-02 -1.017780782997044775e-01 -1.231009481317344306e-01 -1.446188354480365534e-01 -1.672886809523772278e-01 -1.893527332881212721e-01 -2.122053495998638684e-01 -2.354716403503671618e-01 -2.596115107132854760e-01 -2.843629380796748873e-01 -3.091799459598094657e-01 -3.348331291859255043e-01 -3.586539013342309734e-01 -3.833874889442345779e-01 -4.071697555357498555e-01 -4.304252155027131765e-01 -4.531319526649425500e-01 -4.738908971075110887e-01 -4.937207301138205051e-01 -5.118959592093829114e-01 -5.285041109388896041e-01 -5.433666244239885312e-01 -5.574776294643704055e-01 -5.696714945604337554e-01 -5.798101790301929404e-01 -5.889689915002526144e-01 -5.962926362415476023e-01 -5.922441260464076374e-01
-3.251722078377898215e-03 2.025805295722737237e-02 3.539777509623672630e-02 4.945052342133172962e-02 6.221705206128238380e-02 7.384949609897864531e-02 8.452709502217084503e-02 9.356497314790399034e-02 1.009879310786557238e-01 1.073392910952552792e-01 1.116466677851682965e-01 1.140806473764040263e-01 1.157274735839396579e-01 1.150561433558804220e-01 1.137422086299757079e-01 1.108204073931110256e-01 1.070168958474812249e-01 1.021921390550379338e-01 9.587758643468377584e-02 9.015036016543026554e-02 8.207095256346490231e-02 7.450272940189728299e-02 6.663474380234568617e-02 5.830224896227729353e-02 4.981629205714986630e-02 4.138297378893878581e-02 3.260756641927416155e-02 2.407211063915495192e-02 1.597851019501773245e-02 -3.818529883043476209e-03
-2.731510529042159227e-02 -4.718962029007521541e-02 -6.766750282350431078e-02 -8.907823033795478351e-02 -1.112347958757607669e-01 -1.339929904601034061e-01 -1.582760261038443361e-01 -1.816806203832801447e-01 -2.061114207723856728e-01 -2.311305022910716267e-01 -2.571878222098068489e-01 -2.840134369279061488e-01 -3.119262706106873950e-01 -3.415980133279509223e-01 -3.704358572519184101e-01 -4.016299452435452277e-01 -4.335759844354317716e-01 -4.668349455254400260e-01 -5.018628111626598498e-01 -5.363166833413346435e-01 -5.725709477650503532e-01 -6.091541893735845647e-01 -6.452136662570960857e-01 -6.820721047670281756e-01 -7.197466376230384766e-01 -7.573000751494713967e-01 -7.940339142263899141e-01 -8.312130116324869533e-01 -8.681027159131851079e-01 -9.457865127672236971e-01
1.742268924691537171e-02 8.835154592435968957e-02 1.442722626559887200e-01 2.006019275150814907e-01 2.552553389723493105e-01 3.087151644369106607e-01 3.612947953120820843e-01 4.105383286880146532e-01 4.567537963807566381e-01 5.004027332686612484e-01 5.395651020872828107e-01 5.740075779152225000e-01 6.046934275083779564e-01 6.283496438083987501e-01 6.462076648206450669e-01 6.573830409610196268e-01 6.620090095821982157e-01 6.592467346485526569e-01 6.479221510230567249e-01 6.323604094029393607e-01 6.049392796426316110e-01 5.736647689026994623e-01 5.375474235967396819e-01 4.948757398161035548e-01 4.489838241904611227e-01 3.994364645447856521e-01 3.459135918919584163e-01 2.915837475572853332e-01 2.361735096547323831e-01 7.921996214721051255e-02
5.538483642124075734e-02 1.279164531231524460e-01 1.952477290199771953e-01 2.652230697608314314e-01 3.375628350700778935e-01 4.114079112353052348e-01 4.897591985487574906e-01 5.670869525610449102e-01 6.459463257707229733e-01 7.271125420404664919e-01 8.090180407696802023e-01 8.925165714057989863e-01 9.762965467663398123e-01 1.061314913597795062e+00 1.141709483305117345e+00 1.225310300954969733e+00 1.306056137351939928e+00 1.385913074138630963e+00 1.462825365099373220e+00 1.537477615557368171e+00 1.607137018397851502e+00 1.675017153435765183e+00 1.738229530924743083e+00 1.798729008093782333e+00 1.857620434217291283e+00 1.914125186238431420e+00 1.965711163882192025e+00 2.016926911668134093e+00 2.066877338425244126e+00 2.143442914607994076e+00
-2.075026388211251294e-02 -2.559593940825692290e-03 6.385884731513653129e-03 1.388756544200627982e-02 1.935520452646335987e-02 2.286900588673180038e-02 2.386160519058831003e-02 2.193532927098813812e-02 1.706865042033022667e-02 9.728441751371962043e-03 -1.246651938768638876e-03 -1.583888963901451674e-02 -3.119522107867743824e-02 -5.013926492832447568e-02 -6.852040673823127370e-02 -8.962981840478954909e-02 -1.103264070699079002e-01 -1.314265072674042079e-01 -1.525599623933241722e-01 -1.716644981972255679e-01 -1.914351636108056753e-01 -2.087161740146207534e-01 -2.247380227010997433e-01 -2.390869405098241252e-01 -2.521654847709544622e-01 -2.632571988608043978e-01 -2.727793935177585394e-01 -2.806640542577770736e-01 -2.862688532337537284e-01 -2.811081319991672878e-01
1.082522367661881840e-01 2.749111898046411873e-01 4.223789194598170371e-01 5.735892272887055388e-01 7.270572467822692397e-01 8.813085552158621550e-01 1.041463651996505480e+00 1.196095201366410121e+00 1.350928228497314976e+00 1.506816256550447930e+00 1.660467137135757110e+00 1.813416615491528772e+00 1.965501397290761343e+00 2.116633521402802032e+00 2.258317245251650895e+00 2.402674627103590588e+00 2.541791790399455131e+00 2.677891254032163548e+00 2.808742380077928313e+00 2.934876195829469125e+00 3.051550577616610305e+00 3.166102449405809871e+00 3.272083203778398008e+00 3.374185586978360352e+00 3.474333208237463388e+00 3.571334339016005721e+00 3.660133989151978628e+00 3.749894964995675206e+00 3.839168920914582728e+00 3.986697247748950623e+00
4.678062454433050410e-02 1.294725163571118220e-01 1.996255202671833318e-01 2.705041223978374987e-01 3.415953433611199630e-01 4.124839520272208793e-01 4.857409960558640716e-01 5.556578838948279531e-01 6.251916199732979740e-01 6.950833619269983776e-01 7.637085143250651464e-01 8.315822135877284360e-01 8.997019731064038739e-01 9.673125701133435950e-01 1.031408909364340154e+00 1.097526948570346050e+00 1.162168499804754340e+00 1.226710310637143087e+00 1.289995123558721479e+00 1.352785495013908434e+00 1.412352210719217904e+00 1.472487095765767195e+00 1.529692667722548194e+00 1.586248584718223276e+00 1.642761779708376002e+00 1.698465583577564608e+00 1.750826023995766256e+00 1.803879399325601707e+00 1.856919394171231197e+00 1.954948357233193157e+00
-1.525883614191424729e-02 -2.875901617058876023e-02 -4.136888809276033363e-02 -5.433001761765801629e-02 -6.731186370644232086e-02 -8.038291911369579990e-02 -9.377389684888601251e-02 -1.061985370686772956e-01 -1.187593517005557653e-01 -1.309871974387137039e-01 -1.431672260537832642e-01 -1.549530870123669302e-01 -1.668063394083168782e-01 -1.786911830464784912e-01 -1.895736108814962129e-01 -2.004463374611045734e-01 -2.111122903000761386e-01 -2.214522234556060565e-01 -2.319901960297362231e-01 -2.413698696423896006e-01 -2.508011515053783502e-01 -2.597050512584700988e-01 -2.680281858059350708e-01 -2.760521903788957787e-01 -2.842369007606188602e-01 -2.919835465645378436e-01 -2.991831289333271027e-01 -3.065495024275644020e-01 -3.136422771927955822e-01 -3.250889084223543835e-01
2.639562082185648376e-02 7.945675574476039615e-02 1.220899508224561336e-01 1.646631692200854480e-01 2.066855751905412597e-01 2.483476396551198007e-01 2.909308816441475987e-01 3.319495115873004054e-01 3.722246266074695775e-01 4.123895807111942480e-01 4.512196589496165755e-01 4.889479871147319745e-01 5.254433863470070465e-01 5.597862485477671513e-01 5.907435318616149900e-01 6.205026970500000516e-01 6.470107153278381595e-01 6.707480945607573464e-01 6.903947005247479396e-01 7.081725091661263960e-01 7.199865635138033015e-01 7.298892076867393719e-01 7.367050907318584141e-01 7.400061722989008661e-01 7.414663485277379618e-01 7.404299679926518163e-01 7.361404290467128408e-01 7.309319912278365861e-01 7.242644846319117313e-01 6.816880364454680485e-01
-2.762778671100173458e-02 -5.364359113381755167e-02 -7.762950803929156984e-02 -1.021336021042370812e-01 -1.266698208469706488e-01 -1.513887362681403670e-01 -1.769982018791661782e-01 -2.013159695146420902e-01 -2.259690073000784893e-01 -2.504869212509392429e-01 -2.753010439459928627e-01 -2.999341221628838983e-01 -3.247101778863485944e-01 -3.497828369967122542e-01 -3.731897212552489074e-01 -3.972735062322939603e-01 -4.208029612904522487e-01 -4.440783754693896079e-01 -4.674487264170007483e-01 -4.893368393341094857e-01 -5.109132304871637498e-01 -5.318471808399621858e-01 -5.515934680508485233e-01 -5.706800924833632660e-01 -5.898074169228421093e-01 -6.079752279299396323e-01 -6.247903104362292348e-01 -6.416048366145812309e-01 -6.577158271201434259e-01 -6.833609376087620424e-01
-2.217102524545114944e-02 -4.328010163931164667e-02 -5.955245830147984365e-02 -7.446977723397990578e-02 -8.844428490104308538e-02 -1.016229331854554552e-01 -1.148697951458719779e-01 -1.257566589717156458e-01 -1.366470691745756971e-01 -1.471547361258038755e-01 -1.579916141084770076e-01 -1.687903239048844650e-01 -1.814535582576867201e-01 -1.960827886209449422e-01 -2.118728016656720725e-01 -2.309547970207712075e-01 -2.532349055299014662e-01 -2.793113003995583155e-01 -3.102611915557162425e-01 -3.432739260278356852e-01 -3.818209163306177656e-01 -4.235078810663908122e-01 -4.669655303674579150e-01 -5.142059964371987757e-01 -5.641675932286365214e-01 -6.159043328439546272e-01 -6.685362327310270247e-01 -7.225494071570839338e-01 -7.773591177933110163e-01 -9.115484114671995597e-01
-2.335260615612498938e-03 3.357565104942252660e-02 5.357787804694347233e-02 7.072021439084136274e-02 8.494888202874062433e-02 9.695329900556240443e-02 1.067972262707561487e-01 1.140093588734279184e-01 1.185181899217925133e-01 1.209320373647675279e-01 1.200694764591015012e-01 1.160943365793721260e-01 1.105882144423945279e-01 1.012849718938549359e-01 9.103067763982933269e-02 7.759699062719516149e-02 6.273693422011393517e-02 4.590101720648353395e-02 2.668370759240707227e-02 7.911429802774427866e-03 -1.443460627732362153e-02 -3.656560791234216706e-02 -5.900792449578957238e-02 -8.273523542336153058e-02 -1.069634852519259494e-01 -1.316403565182319158e-01 -1.568954749163007367e-01 -1.823191648311022761e-01 -2.077161643546101277e-01 -2.708256034810748170e-01
2.003876433853449268e-02 6.035871799836761004e-02 9.215190675466607140e-02 1.235305669546832713e-01 1.546040057298460613e-01 1.853543087058091010e-01 2.171367140153110387e-01 2.476543585938681402e-01 2.778911755127815852e-01 3.085316563474936880e-01 3.384947232851084342e-01 3.682178947461311469e-01 3.978360816194770333e-01 4.269288851571900190e-01 4.543090307692725371e-01 4.823327961961678123e-01 5.091704124398759301e-01 5.355375769358050597e-01 5.604111961595366065e-01 5.851282916715887517e-01 6.072592530926943510e-01 6.292060685694564892e-01 6.496199964981599351e-01 6.688916572685578155e-01 6.875518859365121749e-01 7.052493206914738355e-01 7.209805987242220437e-01 7.363605842013003500e-01 7.510522888836002053e-01 7.678409379749637775e-01
-2.775059514263518434e-02 -4.948954880495411157e-02 -7.133792365630403642e-02 -9.413985651240647234e-02 -1.175682894832777992e-01 -1.415304508213486578e-01 -1.668602810207322484e-01 -1.912334775322974689e-01 -2.164233098099025698e-01 -2.419472253749708757e-01 -2.682494501263799069e-01 -2.949745803070757955e-01 -3.222827617532540989e-01 -3.507544616886667521e-01 -3.778459763508277280e-01 -4.065014175574320210e-01 -4.351504890252430591e-01 -4.642280664004131419e-01 -4.941205320818157221e-01 -5.227928540956152670e-01 -5.520500126807569297e-01 -5.809644490453554910e-01 -6.088738471858065049e-01 -6.366964461344365445e-01 -6.648392709291268687e-01 -6.923545609418044755e-01 -7.186928573217481464e-01 -7.452221880992480063e-01 -7.712139742779324791e-01 -8.208142630262845740e-01
-3.664288642569495796e-02 -8.806048004787757344e-02 -1.320210921484347710e-01 -1.765614822241287629e-01 -2.206320631315941139e-01 -2.645522815112494319e-01 -3.092183776492127278e-01 -3.513741141292885950e-01 -3.930395568565465125e-01 -4.337610483404334971e-01 -4.734302638309921818e-01 -5.114713680811953100e-01 -5.485189596052573169e-01 -5.838315905936790617e-01 -6.154075986890945593e-01 -6.456817997922428276e-01 -6.733125898269408660e-01 -6.983475612265452881e-01 -7.208155394233290991e-01 -7.402070979069664824e-01 -7.555499564680752123e-01 -7.687927190649697096e-01 -7.791860574007783979e-01 -7.867247527028996545e-01 -7.932724615023846182e-01 -7.975857237522645526e-01 -7.990701510954582032e-01 -8.002901256333085911e-01 -8.003980919728710397e-01 -7.777757643368881091e-01
-7.282970785507538944e-03 5.259506429368018821e-02 9.291945473269963562e-02 1.312106002758302026e-01 1.659564822180857324e-01 1.976592842632833580e-01 2.259778043770139799e-01 2.487476016114725241e-01 2.668054781623924177e-01 2.806377040275282453e-01 2.883675360708453095e-01 2.897497023152136864e-01 2.890254626834469764e-01 2.815205372626441438e-01 2.722632482261849729e-01 2.575446506212447084e-01 2.411872836744300419e-01 2.218779079133647025e-01 1.999959832472124610e-01 1.787481824726766533e-01 1.529499902135399436e-01 1.288438034114141872e-01 1.044252213439272881e-01 7.981768140706770043e-02 5.584283182250437960e-02 3.282249574720547125e-02 9.962872246542377880e-03 -1.117508698902582379e-02 -3.017686758399405755e-02 -6.628528307431810762e-02
2.899706639677072581e-02 7.510170040835897898e-02 1.140481803383064097e-01 1.532242247736544105e-01 1.928232934891777051e-01 2.325616885324215399e-01 2.743327911243907957e-01 3.147758131757797395e-01 3.556087467480048003e-01 3.975313786901772950e-01 4.395653300114056306e-01 4.822455277992977463e-01 5.256997932863843870e-01 5.700687428903079557e-01 6.129236785008100874e-01 6.585021946901921108e-01 7.038003807005748236e-01 7.501662871045365888e-01 7.964646839343083595e-01 8.433232878182379544e-01 8.890847706770811376e-01 9.356338660753970027e-01 9.807159274492217582e-01 1.025850344544179560e+00 1.071085710476018971e+00 1.115942676844833947e+00 1.158673617874826922e+00 1.201608136182005904e+00 1.244331630304066350e+00 1.326127232129778788e+00
9.983710882043739937e-03 4.053347759336280165e-02 6.404343377220332589e-02 8.716458069870330894e-02 1.098144572122715795e-01 1.319877468545289645e-01 1.545450210764669208e-01 1.758099873902011223e-01 1.964264213962574057e-01 2.169975280419171315e-01 2.366063688221439754e-01 2.555109269885339485e-01 2.743141123215798172e-01 2.921961196433121577e-01 3.090735492823805108e-01 3.261438219552624806e-01 3.425038390328258298e-01 3.586368921899099615e-01 3.737762010141716384e-01 3.893936534770853775e-01 4.031291493221155209e-01 4.173354477449990885e-01 4.307425553283293906e-01 4.437475781824886667e-01 4.566113848725893432e-01 4.692059375655529552e-01 4.806823294371527222e-01 4.922369966536693231e-01 5.037687053118278246e-01 5.216271931957792152e-01
-4.018447994875697094e-02 -8.265718439609145984e-02 -1.232704295129181671e-01 -1.654791853227383369e-01 -2.085305179733075720e-01 -2.521990799171550668e-01 -2.978921930970155896e-01 -3.415084997190791505e-01 -3.858500592464580436e-01 -4.305058656998770883e-01 -4.755932430222702401e-01 -5.206965248952810654e-01 -5.666964164170207319e-01 -6.137007393627220697e-01 -6.585229839464865620e-01 -7.054956967307471905e-01 -7.523851468284639132e-01 -7.999121932877997221e-01 -8.483740119296814264e-01 -8.956196339964670461e-01 -9.431100532886901311e-01 -9.907109682339285683e-01 -1.036766101035586862e+00 -1.082971895319697619e+00 -1.129867536814948226e+00 -1.176182725720385847e+00 -1.220669970728761600e+00 -1.265796845803238702e+00 -1.310581731942289441e+00 -1.398504201758868470e+00
-1.636220561342200536e-02 -3.159073606379167454e-02 -4.354341981828563357e-02 -5.505180323890791760e-02 -6.581871928748245226e-02 -7.626231704265699907e-02 -8.642698933212840384e-02 -9.580080044844099807e-02 -1.049177878445407275e-01 -1.132668509461502021e-01 -1.212917994475043448e-01 -1.285335374052179458e-01 -1.348742743007230738e-01 -1.402039274682240766e-01 -1.438342016600780149e-01 -1.459756527611900112e-01 -1.465601589980360386e-01 -1.452183025135223571e-01 -1.423027515106271013e-01 -1.370859520304902879e-01 -1.299129941617461759e-01 -1.207665938617237950e-01 -1.103041288869168468e-01 -9.769927858879733085e-02 -8.411092320969444647e-02 -6.880628219485018793e-02 -5.229585196345863662e-02 -3.503962321047569828e-02 -1.650656762417894441e-02 3.772787866453092970e-02
-6.168976969884092804e-02 -1.046471310121418752e-01 -1.497771164970664870e-01 -1.975281256022601295e-01 -2.476601896077868514e-01 -2.998619315718560330e-01 -3.564974397410611284e-01 -4.132936772199646835e-01 -4.729231811446640288e-01 -5.351038631647425658e-01 -6.001882732291874412e-01 -6.679697613407591383e-01 -7.366971282519261255e-01 -8.083562134434223445e-01 -8.761896705986920164e-01 -9.477482067896425555e-01 -1.017370360059649981e+00 -1.086662232090314983e+00 -1.154744766775898768e+00 -1.219416885812924178e+00 -1.281981689974499350e+00 -1.341721247276404405e+00 -1.397720455797371031e+00 -1.450823147380422062e+00 -1.502518402924216900e+00 -1.550922294575233895e+00 -1.594960043797543747e+00 -1.637606265054198040e+00 -1.677269040260801702e+00 -1.726593027423463100e+00
-5.291817842960245752e-03 -1.556474948318416381e-02 -2.325715082214101226e-02 -3.073789541632813982e-02 -3.740597727573517772e-02 -4.355559770069656472e-02 -4.878865380470512325e-02 -5.262418946061639402e-02 -5.562198544779006770e-02 -5.723561103711224951e-02 -5.774097029895754185e-02 -5.666946058519713864e-02 -5.491161735680826633e-02 -5.176182979659072619e-02 -4.775653691024439595e-02 -4.200316958748671892e-02 -3.571954779987445566e-02 -2.824643486085465921e-02 -2.037637996310755553e-02 -1.135209510252515284e-02 -1.672947269101449606e-03 8.524908241661782043e-03 1.901795936538058091e-02 3.003392091968258917e-02 4.094064089963626862e-02 5.212556315301605098e-02 6.333755854008984998e-02 7.422190354324118000e-02 8.496838850603095905e-02 1.086799024298763794e-01
-1.694812846242562884e-02 -1.636782082142458974e-02 -2.204454704913851038e-02 -2.955161683988289517e-02 -3.853818098512352963e-02 -4.872884637140520447e-02 -6.045864328998888648e-02 -7.276485363488144342e-02 -8.647400274851502200e-02 -1.010237853549116882e-01 -1.171156895297571915e-01 -1.344351136319210660e-01 -1.522094068955891777e-01 -1.715543829480568883e-01 -1.899601066793834281e-01 -2.097015418169167478e-01 -2.292012965722223239e-01 -2.487780700797883326e-01 -2.687181334553118695e-01 -2.870581674519572246e-01 -3.059054916121712875e-01 -3.236886886711637379e-01 -3.404708575571865348e-01 -3.567965168058886971e-01 -3.729216839613787027e-01 -3.883459376693593201e-01 -4.029578622589981562e-01 -4.174612673361544624e-01 -4.313890059687254253e-01 -4.564298674779898035e-01
6.826335362014858410e-02 1.897345664073283311e-01 2.930459794841551724e-01 3.975582556752504937e-01 5.023410763426072734e-01 6.067232517620096965e-01 7.142466683891491863e-01 8.163840484730078284e-01 9.177866579125880664e-01 1.019224884171572754e+00 1.118502585385031223e+00 1.216268277559284794e+00 1.314490692317778819e+00 1.411936291907248453e+00 1.504413233087934731e+00 1.599724953673788530e+00 1.693411661513247068e+00 1.787207593140241801e+00 1.879999314566475732e+00 1.972039743134281320e+00 2.060373065542519200e+00 2.150031793828175442e+00 2.235688614865067869e+00 2.321282736151620174e+00 2.407341816450660588e+00 2.492962519759494455e+00 2.574240078094923057e+00 2.657170974145156350e+00 2.740864047617014521e+00 2.904998557261149195e+00
-7.349182180838561250e-03 -1.951579113544077426e-02 -2.908625454848944025e-02 -3.863193180395338433e-02 -4.751349851810530989e-02 -5.602390173538621815e-02 -6.383726478395024273e-02 -7.042452437571458668e-02 -7.630958510903684822e-02 -8.095066670390430041e-02 -8.455728226695978511e-02 -8.670323692442027941e-02 -8.799270055943433921e-02 -8.780483645470137100e-02 -8.635685341171378537e-02 -8.296990261687120505e-02 -7.856740240865150993e-02 -7.249978306673428297e-02 -6.539090010500137051e-02 -5.666438142553664736e-02 -4.647952727503792958e-02 -3.522585159226033352e-02 -2.322127973424983546e-02 -1.005848642620882534e-02 3.395275393951530801e-03 1.755041486022529060e-02 3.215348120928744613e-02 4.667604642176020890e-02 6.133431737819668161e-02 9.804958862295803934e-02
5.029578229410748905e-03 1.378407899110251598e-02 2.272565288031029584e-02 3.212956637623071848e-02 4.245404338087364893e-02 5.319945693233890660e-02 6.536027543270686579e-02 7.760289119006945346e-02 9.055467087756992328e-02 1.048219783177189168e-01 1.198725608960502093e-01 1.361828639505131000e-01 1.538062465522120337e-01 1.731437454371036189e-01 1.930926001198609299e-01 2.160117830964187746e-01 2.401681874728839317e-01 2.666091336117131783e-01 2.946193855297513098e-01 3.244843562687497185e-01 3.559343963258941868e-01 3.891462532866837853e-01 4.226961845119635575e-01 4.580099885445035879e-01 4.941714705794186813e-01 5.313408589535908444e-01 5.684058842366500608e-01 6.060394867980353206e-01 6.442724930490779656e-01 7.324839921243423424e-01
1.250902814578896960e-02 -1.734873860572496568e-03 -1.108625962505124275e-02 -1.995394680863746620e-02 -2.704631337355797860e-02 -3.238623916872832020e-02 -3.494527700223908073e-02 -3.338899966749373643e-02 -2.899778924719222800e-02 -2.115480291992775583e-02 -9.730670961206375202e-03 5.961878929726129733e-03 2.198823885809789505e-02 4.101724767010841988e-02 5.938522826551384526e-02 8.032212710510763798e-02 9.955133292683440716e-02 1.183751867084042453e-01 1.348154574805583983e-01 1.498665454522181140e-01 1.626097379155549694e-01 1.722384596453908900e-01 1.798919076088432711e-01 1.842169201794290334e-01 1.857826231469726919e-01 1.843808477821755054e-01 1.803824598727276907e-01 1.735330995441344282e-01 1.634596654996006704e-01 1.114062030406122450e-01
1.035848781035759482e-02 6.051843688227588614e-02 9.796949403233216891e-02 1.347769246358281325e-01 1.701307827943380480e-01 2.042640197910801647e-01 2.377658589311383852e-01 2.684428881734128303e-01 2.970158775865606726e-01 3.240656137805523196e-01 3.481216747484908725e-01 3.692805444238052015e-01 3.889820207230026972e-01 4.049990686626455672e-01 4.184980079408667231e-01 4.293191902247160963e-01 4.376737684641466286e-01 4.433912307849506296e-01 4.457065184497742139e-01 4.473500626859035489e-01 4.437390445322975108e-01 4.396676966151824018e-01 4.337513085129027224e-01 4.257521743120494251e-01 4.169140760714367122e-01 4.070995943305762976e-01 3.954724657142635325e-01 3.839634388979613622e-01 3.725409732440023713e-01 3.331381402639171929e-01
-1.108911926156010315e-02 -1.583399210346402713e-02 -2.260848147091354746e-02 -3.025822221985917382e-02 -3.832807616118453359e-02 -4.682310068080941523e-02 -5.578447046441704221e-02 -6.436284375510611944e-02 -7.332225206011896979e-02 -8.215396352102666278e-02 -9.126210136423421049e-02 -1.002954547797551554e-01 -1.093015851926856102e-01 -1.185374986233791866e-01 -1.268601326641847493e-01 -1.351065940402270682e-01 -1.430060874872438048e-01 -1.504439000347152500e-01 -1.579307863990584704e-01 -1.640657978911240211e-01 -1.701985799178300784e-01 -1.755907183234828861e-01 -1.803610674221058086e-01 -1.847015124518028295e-01 -1.890608327730997351e-01 -1.929706654645467201e-01 -1.964593239787674195e-01 -2.000586108024221543e-01 -2.034419349080321404e-01 -2.081305655885782868e-01
-6.797437250648458162e-02 -1.510044393044350231e-01 -2.285002693873666724e-01 -3.087662078023081791e-01 -3.903720905224917215e-01 -4.728463029525445949e-01 -5.588270355490541075e-01 -6.410200114674435845e-01 -7.240019068224938792e-01 -8.075059282289166473e-01 -8.910751934874848734e-01 -9.741460622683791870e-01 -1.058358670752735708e+00 -1.143116512534900986e+00 -1.223475342098400809e+00 -1.306732564336802183e+00 -1.388826888611439214e+00 -1.471018462941163119e+00 -1.553168736490786905e+00 -1.633133308702241271e+00 -1.711336078790792747e+00 -1.789322167703147226e+00 -1.863979947688722660e+00 -1.937875879518498934e+00 -2.012275795160913816e+00 -2.085127117927272344e+00 -2.154181474018765030e+00 -2.223984932932568714e+00 -2.292877779108098757e+00 -2.418389049965121718e+00
-6.943576482871527400e-02 -5.869844688232140478e-02 -7.434635776831416409e-02 -9.730172676509703245e-02 -1.276359614541516252e-01 -1.642347272285468451e-01 -2.098905746557810370e-01 -2.623087125438303135e-01 -3.225607110428122537e-01 -3.902879623686148491e-01 -4.670576400835393382e-01 -5.529764297752255420e-01 -6.411342348930120227e-01 -7.376572736717158518e-01 -8.303152361064880527e-01 -9.309983306268226899e-01 -1.028815100106938996e+00 -1.126885787480858880e+00 -1.222791751690164741e+00 -1.313278302639946826e+00 -1.401707455282574344e+00 -1.483970685041543724e+00 -1.560624014150345573e+00 -1.632085238213190292e+00 -1.699948176500599262e+00 -1.762116802918616498e+00 -1.818088935708970899e+00 -1.870460789514671429e+00 -1.917214247058901089e+00 -1.962560826811828862e+00
4.786638435159165650e-02 1.784173242674965132e-01 2.837805873861707351e-01 3.894722798099397032e-01 4.931231327841479328e-01 5.947077088583105908e-01 6.963668504342666044e-01 7.903343399914530831e-01 8.805837463419832201e-01 9.676956398338052434e-01 1.048878097029177781e+00 1.124159339918913370e+00 1.197537055476808110e+00 1.264823626110856081e+00 1.326027545184189194e+00 1.383966286180067229e+00 1.438138048094763644e+00 1.488476518834809026e+00 1.534554276993661981e+00 1.578719521900092237e+00 1.614788199638772292e+00 1.651312649936976573e+00 1.683599849405480242e+00 1.713725028709984999e+00 1.743734112270915571e+00 1.772752928278997109e+00 1.797924881159497890e+00 1.824932338731912296e+00 1.853150669905812453e+00 1.893983312614815784e+00
-1.270412206734161317e-03 -8.090632504253127480e-03 -1.456440705698688193e-02 -2.109199774782597250e-02 -2.712399182914264351e-02 -3.253421479959144047e-02 -3.711126120951172003e-02 -3.931704537516510223e-02 -4.073500841804221506e-02 -4.078176362376784159e-02 -3.994544067494490425e-02 -3.766381111190059139e-02 -3.640483778315992819e-02 -3.531605851969302906e-02 -3.534694274624142901e-02 -3.626388884206791646e-02 -3.973982768916241304e-02 -4.552678525408677956e-02 -5.515719876272102973e-02 -6.636770261379559832e-02 -8.193263389010510545e-02 -1.004885941837549701e-01 -1.208927735802047404e-01 -1.450141137420703219e-01 -1.718170843547133508e-01 -2.011372433468407717e-01 -2.323752492446118645e-01 -2.657784477901981024e-01 -3.013280873788560799e-01 -4.035768795151980504e-01
