2.451857254886894225e-02 8.556817795306768948e-02 1.388838361733566173e-01 1.909944742355663139e-01 2.455930075430074189e-01 2.951277128046559395e-01 3.509943079277454414e-01 4.035832478603932350e-01 4.559382230054889185e-01 5.004233697231186273e-01 5.533883037338697131e-01 5.970486325190972332e-01 6.394817292562844369e-01 6.767838522206943708e-01 7.151434792899910020e-01 7.399277979965749319e-01 7.642669648891418088e-01 7.837236514031076240e-01 7.962797891323385446e-01 8.020486493677427831e-01 8.035533266274623720e-01 7.945137705698515074e-01 7.836306588520236538e-01 7.729727217852555565e-01 7.540248458158744782e-01 7.319134047814521704e-01 7.086241063189375744e-01 6.830621840874392392e-01 6.521501328246601670e-01 5.572102096209099464e-01
8.219690138394021919e-03 6.245385503578225472e-02 1.046113440644616255e-01 1.432344698922102255e-01 1.826632952748689087e-01 2.187317598223789128e-01 2.557008843831309886e-01 2.888086812317398611e-01 3.204886840554272420e-01 3.442446751194613297e-01 3.717480675003204116e-01 3.928883274775260559e-01 4.120303745330624601e-01 4.258205491412185850e-01 4.384609499403881450e-01 4.456773470855589503e-01 4.517690562925621434e-01 4.550570279053242073e-01 4.558503966411167063e-01 4.529131764940895755e-01 4.485333148368945144e-01 4.400369742894156277e-01 4.310817834008149330e-01 4.234809914920519835e-01 4.121764198317527939e-01 3.999343149457122992e-01 3.887463014125382976e-01 3.765311067118177757e-01 3.625574178185317908e-01 3.257423165660480180e-01
-2.711675424716635321e-03 -2.125827660005303460e-02 -3.398936728716674127e-02 -4.540699918372785582e-02 -5.593768837224042528e-02 -6.517322641017131435e-02 -7.223881785501409802e-02 -7.763462046938490735e-02 -8.057001548816584979e-02 -8.118037003169087384e-02 -7.858123150778037469e-02 -7.511006194798286462e-02 -6.952950554235963476e-02 -6.045239064712980975e-02 -4.874619117459307038e-02 -3.785732292086217698e-02 -2.407097505245511804e-02 -8.575249296450666164e-03 7.289291962350100476e-03 2.430354780041499296e-02 4.105275585162968671e-02 6.001258037489746316e-02 7.788413272691463440e-02 9.515191542443568462e-02 1.141596956701044774e-01 1.314474789232527308e-01 1.500258514791605047e-01 1.663879096740926156e-01 1.832964906919191117e-01 2.177285634974697459e-01
2.946192975309316203e-04 1.068232434926718460e-02 1.779234324019780128e-02 2.339477296006788054e-02 2.906019936000919790e-02 3.442445505281986617e-02 3.984141527419268747e-02 4.449070143914252151e-02 4.995720971117922210e-02 5.323095694366411501e-02 5.916301078349672782e-02 6.349656666677039318e-02 6.850284666975181569e-02 7.305913980963912868e-02 7.875620926299961577e-02 8.312197489358209845e-02 8.888186299678849100e-02 9.535238859555729418e-02 1.021540453029901041e-01 1.091254372688770097e-01 1.162208508233149862e-01 1.244832347421932356e-01 1.325585433236232125e-01 1.409411921854392680e-01 1.500522288391992198e-01 1.581484926674126823e-01 1.678731474024207082e-01 1.759053627173985113e-01 1.843471370904375684e-01 2.026372660691194705e-01
2.967700027000703955e-03 2.598274974595499859e-02 4.108628854187999779e-02 5.377890664315565505e-02 6.595898425076623939e-02 7.709860760419148806e-02 8.844494593707059871e-02 9.861402168408338331e-02 1.083636066155616862e-01 1.152942191595591193e-01 1.248275931497876690e-01 1.313447615535341118e-01 1.378937695991943879e-01 1.415031907361760655e-01 1.458191861386048394e-01 1.458451991676804060e-01 1.466209191777798626e-01 1.446705817876966227e-01 1.418577560735493348e-01 1.353669417257279683e-01 1.285174249220311649e-01 1.185805305774460527e-01 1.079539706783620989e-01 9.759693521310136566e-02 8.419159131368886273e-02 6.897403167243587596e-02 5.322746107252335213e-02 3.676790643270645004e-02 1.755532757788329928e-02 -3.635106136049742753e-02
6.424370511821313190e-02 1.210792565979725566e-01 1.770236216760099068e-01 2.321536279226786847e-01 2.924134970988588877e-01 3.464014237728190726e-01 4.150379339877006135e-01 4.818721259358707543e-01 5.536729164354460275e-01 6.218047660692481715e-01 7.074014020350769538e-01 7.844841527341526177e-01 8.652689938484459109e-01 9.521147817542607861e-01 1.047522369008270449e+00 1.127271381259913330e+00 1.213004096951215915e+00 1.304430816469857257e+00 1.387868558677832764e+00 1.475405673240896443e+00 1.555680429642621654e+00 1.632275894933810090e+00 1.705533235589053787e+00 1.777555745462569448e+00 1.847348507707549992e+00 1.913237688222897193e+00 1.981739853863373035e+00 2.039953291587437434e+00 2.097165958421946197e+00 2.186453690934050620e+00
2.540308122966142973e-02 9.311760921809400515e-02 1.479852999886501763e-01 1.991087791203526025e-01 2.521106010946426723e-01 3.003197137629692870e-01 3.528202288366942274e-01 4.012028311496298461e-01 4.488942053505248220e-01 4.884400243728241886e-01 5.350519260364653418e-01 5.738286441109091696e-01 6.112873719152238650e-01 6.451282324823196523e-01 6.797786984926057485e-01 7.058388355190643448e-01 7.320702339145670479e-01 7.570991907663522369e-01 7.777381956109573613e-01 7.960984074675246935e-01 8.110999383609120983e-01 8.212375940028426857e-01 8.304147275147996110e-01 8.404074131945962201e-01 8.461220955057542348e-01 8.502110269538776244e-01 8.559317771316861112e-01 8.579315122913480085e-01 8.582358442388643427e-01 8.419270814440393824e-01
-6.442514631274673907e-03 1.241119305385332203e-03 5.204279465219147083e-03 7.609170568722697578e-03 1.042083857957976784e-02 1.356104375017215362e-02 1.562861729623283083e-02 1.687789750597587166e-02 1.853720211311941229e-02 1.815992712575110329e-02 1.918675247495585726e-02 1.992577595760593873e-02 2.095149774506957496e-02 2.246641826320361357e-02 2.483268165680828712e-02 2.936523240328556966e-02 3.527984955645175474e-02 4.393052184507860447e-02 5.419576958552132367e-02 6.715652615432299299e-02 8.047726152142016531e-02 9.826282382688147909e-02 1.162857828850959313e-01 1.355012967484023056e-01 1.573725015425332940e-01 1.795387440603279372e-01 2.055136283682580112e-01 2.292152470044376278e-01 2.561486321357286933e-01 3.244162704571958988e-01
3.536094035494811993e-03 1.863386943581978039e-03 2.756584745018194997e-03 3.766103919687940199e-03 6.298379875838514344e-03 8.893950058782053303e-03 1.416319294636582751e-02 1.982293465990406928e-02 2.768418815124735338e-02 3.570721781603359429e-02 4.819159201819649130e-02 6.007871433764168378e-02 7.385461649087485259e-02 9.047013487438453072e-02 1.097893388675689613e-01 1.278023659442905913e-01 1.487014805724406197e-01 1.724963892395421639e-01 1.961054241578685242e-01 2.222396703547745433e-01 2.477084852214951338e-01 2.756214116394155589e-01 3.027679051983362402e-01 3.297952778424591003e-01 3.590956446159780380e-01 3.871273687855750212e-01 4.175861410442647248e-01 4.448775000845743288e-01 4.735671755420613471e-01 5.352761267959269542e-01
5.641935322728424546e-03 2.396864460221041770e-02 3.609814321783789276e-02 4.611752316103243793e-02 5.625571299882414084e-02 6.547222924551153456e-02 7.555070158323773377e-02 8.476327429108132527e-02 9.383965445778184866e-02 1.007627173842467749e-01 1.108151457729706080e-01 1.183313163667225748e-01 1.260572082240721259e-01 1.326075605460772522e-01 1.398516690180242605e-01 1.444107178598344754e-01 1.502438951639935016e-01 1.545866644570293991e-01 1.587944205731592340e-01 1.611604718181262330e-01 1.630559485847366541e-01 1.634645233906097672e-01 1.631443077169726641e-01 1.634961124695920309e-01 1.620946052189946585e-01 1.592078637393572471e-01 1.567008037865355308e-01 1.526822896795252404e-01 1.469660790152325647e-01 1.240987797641785739e-01
7.466206171017937196e-03 5.888026525972278602e-02 9.444540676486837261e-02 1.239393282740506308e-01 1.531491758901948330e-01 1.798557049297977717e-01 2.043048065676454084e-01 2.244190740703609910e-01 2.438017291228361527e-01 2.554000729767568201e-01 2.695510646751049233e-01 2.801039751986614812e-01 2.898806067856614099e-01 2.974871894158824248e-01 3.052615079064018300e-01 3.146547366878583718e-01 3.247218207875115503e-01 3.392155617193980954e-01 3.552712542273337992e-01 3.757918443854897927e-01 3.965807578259636368e-01 4.232099624574355845e-01 4.509654693685000160e-01 4.806309061221935575e-01 5.141066314331285136e-01 5.488400272932607571e-01 5.891690982379269581e-01 6.260614295546307329e-01 6.678571625280185220e-01 7.742309725681123522e-01
8.366643688061652789e-04 -5.000720749724816422e-02 -8.943595939479723200e-02 -1.258733559327079032e-01 -1.622074016212808056e-01 -1.953359958406212238e-01 -2.248951403270933458e-01 -2.497689690497926773e-01 -2.698363073855513106e-01 -2.819961819190872077e-01 -2.899588563388759699e-01 -2.938190731078106355e-01 -2.928682170920398065e-01 -2.841463876680926370e-01 -2.700095123481059400e-01 -2.566708497348902940e-01 -2.376721511367278494e-01 -2.159089473584956953e-01 -1.930204032404479186e-01 -1.679576352141901319e-01 -1.428839646397504493e-01 -1.147698063316093531e-01 -8.886400726585441667e-02 -6.452810352357574164e-02 -3.789287200296470592e-02 -1.435533808417598090e-02 8.577091472231991587e-03 2.865313537083689216e-02 4.741185239442223531e-02 7.299334762856792003e-02
1.882044828325533242e-02 4.592645890250898061e-02 7.136810047667546675e-02 9.672372206672140427e-02 1.238252568403628989e-01 1.484103157260011630e-01 1.783729197306408443e-01 2.073402625091938511e-01 2.375136613903717775e-01 2.645659779803156697e-01 2.988604826741876885e-01 3.278337110155792322e-01 3.573963809519319357e-01 3.856362155079798848e-01 4.161478297459602627e-01 4.371171560884081764e-01 4.595296553310353471e-01 4.791549050768473261e-01 4.945077424338067407e-01 5.056453603278033837e-01 5.137236810890256633e-01 5.154633650260556088e-01 5.149659836046935890e-01 5.142734712759272631e-01 5.082456039420585325e-01 4.991707878429673118e-01 4.888324593131952445e-01 4.761783950498901796e-01 4.591000310162158815e-01 3.964996255428057115e-01
9.023526901788708407e-03 -1.374632102820931220e-02 -2.561476534210013062e-02 -3.447476194849874442e-02 -4.120747515436992692e-02 -4.719827284780428456e-02 -4.737836107663580265e-02 -4.515766018952122041e-02 -3.886480217567028772e-02 -2.922797722564050849e-02 -1.298643832376776552e-02 3.055283680607968205e-03 2.250704476347035327e-02 4.677677961788876543e-02 7.565349184141580141e-02 9.932725867504806072e-02 1.270983509195515448e-01 1.563928786752319944e-01 1.836184301135230512e-01 2.113208795610466706e-01 2.373216932855230776e-01 2.624594761193875803e-01 2.853813424303532909e-01 3.069791466279773173e-01 3.284301790388818865e-01 3.467413474440356191e-01 3.648807900130403015e-01 3.797865245429814518e-01 3.928974868244535790e-01 4.051625175305749726e-01
-1.110577645058683297e-02 -3.017876767560973700e-02 -4.457091534173650282e-02 -5.798837616181266169e-02 -7.107191749536559411e-02 -8.255591935663801617e-02 -9.402385915475280909e-02 -1.042835331795031600e-01 -1.127919540249036345e-01 -1.199917982722829290e-01 -1.255655056169824868e-01 -1.299960491108921590e-01 -1.327932955351199817e-01 -1.335980802124410449e-01 -1.326560700446685892e-01 -1.307054266703043810e-01 -1.265784149901182098e-01 -1.207810490451863561e-01 -1.136004704840587048e-01 -1.052247841967742376e-01 -9.621408504882814072e-02 -8.364425836914396450e-02 -7.186052515496083037e-02 -5.992377101943981155e-02 -4.548021269672883338e-02 -3.190252905153392882e-02 -1.664659593764599571e-02 -2.422270539322791960e-03 1.326990121007259188e-02 5.386781703007476746e-02
2.223556338295024776e-02 5.725463849481504663e-02 8.641416122380984888e-02 1.134375561240957286e-01 1.419129795949041206e-01 1.675372325580182231e-01 1.978207829614692659e-01 2.263981218970803622e-01 2.564833322380085656e-01 2.828700415590706951e-01 3.165648063036602400e-01 3.456417753371955337e-01 3.756806505166572219e-01 4.065403915622627928e-01 4.402311447625973928e-01 4.676362673185578966e-01 4.974414355400010868e-01 5.286382617075889856e-01 5.573703037331165788e-01 5.866904938135801828e-01 6.136636893515582392e-01 6.392555428827064734e-01 6.636880748848108524e-01 6.882589981298961046e-01 7.115307437594522444e-01 7.329307872073650421e-01 7.561100538010417926e-01 7.748542977394843323e-01 7.930352175815106319e-01 8.189137220936251182e-01
-3.344940718321118278e-02 -5.521321167345094594e-02 -7.356322112617341702e-02 -9.109801444732565368e-02 -1.095729471203803207e-01 -1.252667595568064396e-01 -1.457271722581318374e-01 -1.658584883496567741e-01 -1.863117731906338559e-01 -2.075427305633449904e-01 -2.319477214376487739e-01 -2.549165657778801330e-01 -2.784502950617667727e-01 -3.042320781011177977e-01 -3.316046541432614014e-01 -3.547869369914904425e-01 -3.785959412956666492e-01 -4.039076370881961031e-01 -4.257014825991135565e-01 -4.494593846294123729e-01 -4.704396521338356507e-01 -4.876953553879062042e-01 -5.044704916911424419e-01 -5.201951941003252200e-01 -5.340070144749735626e-01 -5.471071424096213276e-01 -5.583486669228232557e-01 -5.673647303124789154e-01 -5.741954744294012203e-01 -5.664691772357935973e-01
-3.011492131335080993e-03 2.049374352310274344e-02 3.624205042296742979e-02 4.966706187154729113e-02 6.269840922446298648e-02 7.490407176494701114e-02 8.627131286044428804e-02 9.609016341212428536e-02 1.048426165751332600e-01 1.100141749006432190e-01 1.164491061867986288e-01 1.202046447507812699e-01 1.230901395032043266e-01 1.230061208199416112e-01 1.225194947439544602e-01 1.201538595592622216e-01 1.177191209197483990e-01 1.134686307935240945e-01 1.090679487516347385e-01 1.021607210474667349e-01 9.514060218778587485e-02 8.735581253315337358e-02 7.894110928621154988e-02 7.183123363319707244e-02 6.281151410343825681e-02 5.312974873713702945e-02 4.437654641571730368e-02 3.517755460326214834e-02 2.511917716133718614e-02 8.669334758346566860e-04
-2.937929104769916588e-02 -5.137585126299504257e-02 -7.335438872177409142e-02 -9.554670222552381909e-02 -1.197744820119448494e-01 -1.410438632196196751e-01 -1.670288588342169755e-01 -1.919733652580301320e-01 -2.181284301773101231e-01 -2.430764633031969324e-01 -2.716945579576369174e-01 -2.988116761660451481e-01 -3.261500530788115082e-01 -3.566693688977263244e-01 -3.886006194089252075e-01 -4.185305166589964321e-01 -4.488901712576288117e-01 -4.836658987850668279e-01 -5.157122618114220458e-01 -5.530078641414746254e-01 -5.875494470418425319e-01 -6.220081685684694106e-01 -6.571224542275883040e-01 -6.913455278061296783e-01 -7.269195563568277008e-01 -7.631968489052249893e-01 -8.007873336323637625e-01 -8.349195266549715999e-01 -8.711277477646510725e-01 -9.435267916993426152e-01
1.755976002111937773e-02 8.730177381844433926e-02 1.442886629204628290e-01 1.984670761154336271e-01 2.538073177376212186e-01 3.042766541435029670e-01 3.580121792232213718e-01 4.074059418818373746e-01 4.544833250800293101e-01 4.919454821935874134e-01 5.351333101145523408e-01 5.682909567753696711e-01 5.985610714751875561e-01 6.198868984866308107e-01 6.397073719638305400e-01 6.468619736954487331e-01 6.516451717205843375e-01 6.478616494948803428e-01 6.381949222626314144e-01 6.180918107579038701e-01 5.948352148796285377e-01 5.592633903997838996e-01 5.219117177186003431e-01 4.858050219264274938e-01 4.391473040164514674e-01 3.898544629421463181e-01 3.379766274119694880e-01 2.864436605459235174e-01 2.274959872762096214e-01 7.155865778858805371e-02
5.766852707010275414e-02 1.297206567704445312e-01 1.994732839375031874e-01 2.683988464902742899e-01 3.429368136100404696e-01 4.106769243348742382e-01 4.919151839341996957e-01 5.699291957762950833e-01 6.513192410809567345e-01 7.259106365538592343e-01 8.169644396685193932e-01 8.978086878143687333e-01 9.805408566882836130e-01 1.065986982335807909e+00 1.158220180514681674e+00 1.234672822790738422e+00 1.315206992816233988e+00 1.399572943660002844e+00 1.475692134034457759e+00 1.554080183032160001e+00 1.624913122108889274e+00 1.691059597454904750e+00 1.754340686226603996e+00 1.817257702494090355e+00 1.876476757083719971e+00 1.933022427891121442e+00 1.992996505876551083e+00 2.043677426980993861e+00 2.093915166322000143e+00 2.173607504037124993e+00
-2.314552339140141593e-02 -5.166900626229962296e-03 4.322705201511513676e-03 1.111234729583708905e-02 1.687095011119436883e-02 2.318519017022043632e-02 2.416560064333565794e-02 2.294596235636554155e-02 1.915905583648685670e-02 1.052089667458176378e-02 -1.167500649960309667e-03 -1.403591769222525820e-02 -2.927031470734391821e-02 -4.935094010220033439e-02 -7.228650015973259180e-02 -9.148902802346167706e-02 -1.125017129089141421e-01 -1.349974657763919894e-01 -1.548025948189627465e-01 -1.762406449459224256e-01 -1.957930950525750280e-01 -2.123640212319697906e-01 -2.279475795948183170e-01 -2.412654310986257211e-01 -2.539115377418025288e-01 -2.651265673130793754e-01 -2.732089671196815672e-01 -2.800930940100669342e-01 -2.844297317803447522e-01 -2.743406966320829365e-01
1.113001298736171485e-01 2.847365588340110554e-01 4.415534038063838596e-01 5.937949659958445814e-01 7.541223479744016966e-01 8.996115772344377426e-01 1.066372210642215101e+00 1.223662283588824451e+00 1.384374124092373037e+00 1.526821098076978744e+00 1.695505808794651514e+00 1.843744733031806415e+00 1.991440745529948320e+00 2.140239826638339782e+00 2.297578872286795804e+00 2.427977007676455301e+00 2.561476835072340918e+00 2.701640639383464659e+00 2.826471209365415405e+00 2.954941850933710867e+00 3.069086129915181260e+00 3.176346937699987549e+00 3.278561512156943358e+00 3.381745198542165376e+00 3.477409780494395530e+00 3.570943713543347720e+00 3.671347741323657043e+00 3.756911834049511789e+00 3.843476251562796264e+00 3.990993790975419842e+00
5.230544042600838300e-02 1.372723918693640743e-01 2.133918405670566509e-01 2.866143643062811219e-01 3.637140634741362066e-01 4.334986288719810954e-01 5.128377997811297551e-01 5.869475169508318046e-01 6.636932882799673195e-01 7.296605414795575006e-01 8.095836296332091786e-01 8.787835560854364569e-01 9.482491587797253763e-01 1.017713670786592361e+00 1.091716328639722455e+00 1.152415801714200771e+00 1.215268028356327967e+00 1.282375914981395804e+00 1.342385548871647627e+00 1.404926460330299776e+00 1.461184186209052882e+00 1.514906501504205583e+00 1.566930053443767790e+00 1.619017742004684957e+00 1.668945132502311246e+00 1.716938894000107574e+00 1.769165399499232683e+00 1.813238980770694564e+00 1.858482989811462760e+00 1.939181806724810109e+00
-1.752300776728839271e-02 -3.065607793801680692e-02 -4.421875001413874684e-02 -5.822541761642665431e-02 -7.282024034572251447e-02 -8.558582933134388504e-02 -1.003359398012910464e-01 -1.141473183540245850e-01 -1.282726867399639481e-01 -1.412570739575179923e-01 -1.548862770372124442e-01 -1.676005633777398751e-01 -1.797896843904339126e-01 -1.926076069913983113e-01 -2.054130784218178851e-01 -2.166583505815606880e-01 -2.268502291914435420e-01 -2.388460039572488647e-01 -2.485094776641696979e-01 -2.601752262490888423e-01 -2.703115689910310926e-01 -2.794206235304388941e-01 -2.887557499632335545e-01 -2.975648496601336346e-01 -3.061756729742260985e-01 -3.155553198217303512e-01 -3.244638227947118647e-01 -3.327946045525106977e-01 -3.414593925573137234e-01 -3.567219861619812526e-01
2.627720974548833355e-02 7.703678531808375030e-02 1.205077913696226133e-01 1.620959618601831853e-01 2.056855975919224533e-01 2.449800582777358626e-01 2.896122622911496136e-01 3.313209900300864152e-01 3.735704564274183737e-01 4.092212063911618292e-01 4.532096837138760437e-01 4.895759485978893322e-01 5.257620628869774659e-01 5.590054864049794903e-01 5.940983781084008264e-01 6.187166846769142081e-01 6.441393078295937213e-01 6.674383729800639209e-01 6.857377008202159008e-01 7.005139111389264706e-01 7.117941087162580338e-01 7.163878658779215813e-01 7.190737733862326841e-01 7.223880901912079766e-01 7.200611075228824376e-01 7.151895973166835230e-01 7.100251687438926540e-01 7.018908865804984742e-01 6.900213588324184411e-01 6.412571534173016063e-01
-2.753115770789260619e-02 -5.507372472440780209e-02 -7.950282812009623612e-02 -1.032536028646006132e-01 -1.283453960077260425e-01 -1.504141905354026698e-01 -1.761694722491447263e-01 -2.004493803844825117e-01 -2.249600820199623152e-01 -2.476959192481499317e-01 -2.731089226833121053e-01 -2.964883129497567493e-01 -3.194243910421384891e-01 -3.436694219769242942e-01 -3.683620973081258576e-01 -3.905494481548774655e-01 -4.123315063331113861e-01 -4.363522036993158215e-01 -4.575783981523031674e-01 -4.816771670532422056e-01 -5.033340671429668012e-01 -5.231183466726353481e-01 -5.431432504335296230e-01 -5.628185756698607101e-01 -5.819031748600305143e-01 -6.016157773679768894e-01 -6.213437988060461770e-01 -6.390080399172164416e-01 -6.568227302211970819e-01 -6.858111518221402525e-01
-2.220827935096040401e-02 -4.338015741745158971e-02 -5.962175190974729894e-02 -7.348197891269536708e-02 -8.767378307686679584e-02 -9.990713625934397046e-02 -1.125767758990180306e-01 -1.235426898128169360e-01 -1.351596796269822764e-01 -1.452405809141738835e-01 -1.559012032294083416e-01 -1.672176018115272833e-01 -1.785626702636639584e-01 -1.935954462138168020e-01 -2.091479761031846685e-01 -2.287396747739653680e-01 -2.486122228113354371e-01 -2.760778574772714267e-01 -3.041701112378962790e-01 -3.413076876948186733e-01 -3.775908971420446347e-01 -4.199669257136261491e-01 -4.642614032850928552e-01 -5.081794976849913770e-01 -5.577882989068830843e-01 -6.097239678508481475e-01 -6.652473805095734383e-01 -7.173493599818081545e-01 -7.751929882060430987e-01 -9.117417409660640848e-01
-2.454199591388421531e-03 3.421879370949477972e-02 5.537876867813720794e-02 7.163572707501200676e-02 8.605963812448169659e-02 9.915850150963688436e-02 1.091473715158904345e-01 1.165021713293449557e-01 1.214590754003136569e-01 1.212918893153711458e-01 1.212196245621740831e-01 1.177206394967486996e-01 1.126546942141639501e-01 1.019982340730211656e-01 8.965771761789560756e-02 7.583003261723252064e-02 6.128149241623406795e-02 4.256531654401723985e-02 2.491481359244547208e-02 2.663380578928793707e-03 -1.872680139305981165e-02 -4.250796417943306094e-02 -6.628792507363091835e-02 -8.854042087094725344e-02 -1.140993376947180143e-01 -1.402761636832836611e-01 -1.667233521375443006e-01 -1.924924418464579456e-01 -2.207013680369768194e-01 -2.876717328623885628e-01
2.005594101754137187e-02 6.291072519703305721e-02 9.587391662167160655e-02 1.255812909295849489e-01 1.562359998122670734e-01 1.837447552951913532e-01 2.147378321005998791e-01 2.434670189898258674e-01 2.730451951871756266e-01 2.980006180521996839e-01 3.296547118756095740e-01 3.564349342642977869e-01 3.839557149180662377e-01 4.106542760711864859e-01 4.398313671289212912e-01 4.627687496133295886e-01 4.877478186596462817e-01 5.135649438859783977e-01 5.369952976391414445e-01 5.604129415524374824e-01 5.818892692490833518e-01 6.014035140045479455e-01 6.201027993897587631e-01 6.390866089122054783e-01 6.566081311139614352e-01 6.722968818056104245e-01 6.894489522749365218e-01 7.028346608507389792e-01 7.152362908186971069e-01 7.291905491446959431e-01
-3.011254703642988334e-02 -5.291748766582383967e-02 -7.598850833054227039e-02 -9.928224261080265123e-02 -1.241767889890648680e-01 -1.461486051707088230e-01 -1.725732331005280784e-01 -1.977003204144103798e-01 -2.243513964880685663e-01 -2.492491458772695401e-01 -2.777927271528303210e-01 -3.044085694346511106e-01 -3.312748490534572765e-01 -3.603666878402106422e-01 -3.909575525619151115e-01 -4.181167011389534949e-01 -4.453291609481021540e-01 -4.763909263074321832e-01 -5.038788487503840230e-01 -5.354189988258044597e-01 -5.642103167179488565e-01 -5.920530196403464007e-01 -6.200320104275239830e-01 -6.470179361086567660e-01 -6.745262893972552298e-01 -7.023243550149905756e-01 -7.304662383808090409e-01 -7.559005860131369214e-01 -7.820730378557061435e-01 -8.299785679778436398e-01
-3.864098047260046409e-02 -9.238018673948639181e-02 -1.392997602753425490e-01 -1.848350441427040469e-01 -2.319429262509878631e-01 -2.737872952247738523e-01 -3.208459161992813780e-01 -3.648144693017417173e-01 -4.086617676337339633e-01 -4.471607961083231553e-01 -4.909600490579256737e-01 -5.289162642304501283e-01 -5.659935719481499206e-01 -6.010610340024045151e-01 -6.369952363247850524e-01 -6.645049076383389153e-01 -6.908490873989745484e-01 -7.172498771966978603e-01 -7.379210554237268793e-01 -7.584156111298804293e-01 -7.749886587903977997e-01 -7.849578972690938183e-01 -7.946041819373459436e-01 -8.038365583637596679e-01 -8.087728531333482351e-01 -8.134815303401539133e-01 -8.166506733970566589e-01 -8.179153168560205911e-01 -8.166587887710742288e-01 -7.933846765523202560e-01
-8.022934816738044178e-03 5.402494937802344854e-02 9.774356359677732753e-02 1.359674656871343035e-01 1.732532326099664455e-01 2.078816354800391009e-01 2.381858589973934737e-01 2.633318171684851938e-01 2.845429012556280890e-01 2.955375239008224408e-01 3.056779729482047570e-01 3.100092217344304624e-01 3.103099244227613962e-01 3.017454910225340070e-01 2.891884152090088422e-01 2.756766763393111441e-01 2.588875356529199423e-01 2.380395292975195365e-01 2.174631874866881920e-01 1.922837358686370623e-01 1.674773327719637495e-01 1.410241977639827282e-01 1.154402538908806120e-01 9.238562924738868976e-02 6.637967587694065807e-02 4.136924804570286940e-02 1.857049260566312129e-02 -3.169540770027706733e-03 -2.471344026516046621e-02 -6.261148698105137300e-02
2.936944309551677013e-02 7.381568953179711012e-02 1.134173182928414070e-01 1.507939834960153047e-01 1.909401964224768100e-01 2.274973403427215657e-01 2.702061384549226952e-01 3.104116971652672863e-01 3.527213977269595957e-01 3.902504409091329118e-01 4.367569298404876399e-01 4.779561629751535312e-01 5.202429291135213241e-01 5.646534031497585371e-01 6.127397088556838511e-01 6.544440948343561715e-01 6.989496843394434888e-01 7.477096736214927652e-01 7.931708980383098684e-01 8.420787534126837892e-01 8.875540733382863978e-01 9.336605693173281040e-01 9.785773152583054912e-01 1.023656467737885656e+00 1.069094882786700840e+00 1.113235382085553837e+00 1.161262579068432554e+00 1.203055672382581598e+00 1.246594278749026063e+00 1.332393357640353049e+00
8.682721799275894617e-03 3.681552805600072503e-02 6.032729251752829563e-02 8.199009737733571612e-02 1.047516222406547071e-01 1.258470877121977138e-01 1.488494636931498860e-01 1.701556858856981824e-01 1.918271530274360259e-01 2.098221737096521711e-01 2.321363978084909907e-01 2.509970954487134032e-01 2.701346661281087136e-01 2.881915746436503611e-01 3.077438007247550456e-01 3.235894631150895706e-01 3.406889932853556235e-01 3.585729444376597463e-01 3.750533340858279163e-01 3.916276363325528198e-01 4.068750978406431296e-01 4.219250387406661695e-01 4.364761475579557182e-01 4.513120805616014364e-01 4.656783339127198995e-01 4.791120836876912037e-01 4.946631976797254970e-01 5.075075050368034191e-01 5.208331093552265312e-01 5.460865091447605346e-01
-4.010962751813962335e-02 -8.400509172076052467e-02 -1.258794979954806492e-01 -1.674610798007642731e-01 -2.122185967835743536e-01 -2.521218628965077313e-01 -2.985741399444502009e-01 -3.425966052100840042e-01 -3.878964836179809028e-01 -4.292263493469749558e-01 -4.768748395203405988e-01 -5.204869492379564644e-01 -5.642156542647893680e-01 -6.101687362989270946e-01 -6.584109288112527381e-01 -7.014491681642758270e-01 -7.447402195496831689e-01 -7.937609686785027652e-01 -8.374873865795450234e-01 -8.873624022101007647e-01 -9.327461010627293714e-01 -9.768655273749261569e-01 -1.021217964085915808e+00 -1.064973858970575060e+00 -1.109234914979103870e+00 -1.154096255628171752e+00 -1.200917719274901430e+00 -1.243081133522809356e+00 -1.287493471596373507e+00 -1.374826900489115156e+00
-1.339465451871028195e-02 -3.144707617257566645e-02 -4.414251001950619813e-02 -5.633556459882422401e-02 -6.814089407671933274e-02 -7.820104190513230136e-02 -8.933348928339310269e-02 -9.992690792731198646e-02 -1.091918334394169493e-01 -1.180894552284524751e-01 -1.263282099282060089e-01 -1.336843524649994619e-01 -1.398817847698509143e-01 -1.446438955787971437e-01 -1.485178356923257947e-01 -1.500682494045331439e-01 -1.499832420133414557e-01 -1.479085115514120752e-01 -1.435883319664386648e-01 -1.375896339970248961e-01 -1.302733425322543936e-01 -1.181272769823540347e-01 -1.059453357960042641e-01 -9.379550235298961258e-02 -7.781222642988006033e-02 -6.216799215605346013e-02 -4.386157230786466577e-02 -2.650959406595145354e-02 -6.279300910957366644e-03 5.202177139883559787e-02
-6.224902882156375244e-02 -1.087532222726349529e-01 -1.568503820464453025e-01 -2.060601185444331240e-01 -2.594141157986472601e-01 -3.069082652629960273e-01 -3.665882993625221853e-01 -4.249521368532522825e-01 -4.867971792037438794e-01 -5.465559106036446124e-01 -6.174913660100342927e-01 -6.829762948751915141e-01 -7.503435624392822412e-01 -8.222969056075950522e-01 -8.997270044679258616e-01 -9.648341864898742903e-01 -1.032223752002349393e+00 -1.104943965996905142e+00 -1.168663117428095255e+00 -1.237232356652656629e+00 -1.298799248299388864e+00 -1.354790189716403193e+00 -1.409366387633194995e+00 -1.461568822757257635e+00 -1.511400499643089201e+00 -1.559267259528408500e+00 -1.606844638935909453e+00 -1.647499106826745274e+00 -1.686528830406169188e+00 -1.734833594874829021e+00
-3.727247712324306683e-03 -1.386112000139271862e-02 -2.122643801802662211e-02 -2.811990635302696537e-02 -3.463858281129347794e-02 -4.026528803811543766e-02 -4.497475687461398308e-02 -4.882955716755151693e-02 -5.109709619777862838e-02 -5.272055813407994229e-02 -5.167552450085192289e-02 -5.060292001870668466e-02 -4.814596547948878785e-02 -4.391684929193558767e-02 -3.788261821175302468e-02 -3.239216917264085144e-02 -2.466052486479275441e-02 -1.628817207299200487e-02 -6.867300148582633837e-03 2.773500503508323500e-03 1.241054774343370443e-02 2.407441299340837282e-02 3.498314237749830524e-02 4.579901154348704762e-02 5.771847103431179682e-02 6.841357946550842561e-02 8.043205939265214710e-02 9.075756507222440539e-02 1.016918820696250392e-01 1.247196714116854954e-01
-1.575586802336781389e-02 -1.660231395328576331e-02 -2.181151483393534152e-02 -2.874857033173890478e-02 -3.748245549931008419e-02 -4.509688650717568609e-02 -5.643046246610460004e-02 -6.825356722891072481e-02 -8.069347298693460568e-02 -9.482202303439209168e-02 -1.100741824676064184e-01 -1.256848341231870392e-01 -1.413572394887698258e-01 -1.600457025167250358e-01 -1.792255159962738431e-01 -1.976180024498362386e-01 -2.158537182963342627e-01 -2.361657547075447783e-01 -2.542873420903608572e-01 -2.752231026609345266e-01 -2.942422522199364399e-01 -3.120342815264224856e-01 -3.300540891865088589e-01 -3.471613836312130164e-01 -3.644838937515535449e-01 -3.823058314598680729e-01 -3.999910495170000968e-01 -4.163013024516211691e-01 -4.331785404768813130e-01 -4.638921880340129977e-01
7.333845261257165848e-02 1.954753339111220678e-01 3.029144045310088185e-01 4.055838878546827453e-01 5.135922230612596229e-01 6.113905905432308607e-01 7.220312442719893919e-01 8.254462118839539508e-01 9.320971061322957940e-01 1.024532559934500764e+00 1.135386324190089891e+00 1.232665829157189474e+00 1.330347193612799739e+00 1.429158167424038561e+00 1.534273405886197317e+00 1.623612035806170528e+00 1.716032233676926921e+00 1.816539350972872002e+00 1.908125283096486102e+00 2.006177142022219861e+00 2.095766739062982165e+00 2.184310216503854818e+00 2.271163339112514556e+00 2.358533519689741009e+00 2.445084051518557899e+00 2.530406999515076194e+00 2.622946083651285676e+00 2.703800186273762840e+00 2.788324125527724018e+00 2.954922398945709183e+00
-5.812689299764623937e-03 -1.523135132722753041e-02 -2.310641606843336776e-02 -3.069792063611107014e-02 -3.799612340879226363e-02 -4.430801068291981282e-02 -5.008179695081591692e-02 -5.492231946776069546e-02 -5.848994512739525559e-02 -6.129956182621973393e-02 -6.192355725813665501e-02 -6.225300265857276055e-02 -6.123445846945581306e-02 -5.856863547655861285e-02 -5.402001572631130039e-02 -4.961398781555141635e-02 -4.302623999823791678e-02 -3.538588031221167468e-02 -2.673403807488907227e-02 -1.741787285301251917e-02 -7.959515982489940439e-03 3.714566813167945181e-03 1.484966254866169552e-02 2.616911084392641376e-02 3.866302190409443007e-02 5.010053031359056747e-02 6.321439740597033230e-02 7.453794150199599677e-02 8.682420284873271221e-02 1.141356237199608603e-01
3.359034720156086132e-03 1.162393901000127912e-02 2.033718509776601818e-02 2.898157734798911117e-02 3.940371740378671023e-02 4.942903909231501081e-02 6.201411134338313119e-02 7.435503152898789714e-02 8.837127684090986812e-02 1.010522427579226556e-01 1.183679879778381377e-01 1.343618630061242936e-01 1.516774649522656393e-01 1.711425466630472347e-01 1.933883698439316789e-01 2.143096282047333712e-01 2.378548955831349676e-01 2.647220307985101995e-01 2.913985404663785306e-01 3.210872623278158700e-01 3.496935860967857468e-01 3.813494353440076701e-01 4.125957314281314958e-01 4.443663239630576411e-01 4.782215030692208990e-01 5.115811800989241709e-01 5.487013789171651945e-01 5.819545922430302554e-01 6.179172709746366676e-01 6.980763749961075293e-01
1.196095068771627079e-02 -1.572238349117460743e-03 -1.073054694891300599e-02 -1.857611765279169186e-02 -2.558355551841798997e-02 -3.220783827912659936e-02 -3.354734589038817216e-02 -3.236599946114662729e-02 -2.860031189858961917e-02 -2.087128985388225083e-02 -7.030484939836524616e-03 6.111012878617230054e-03 2.240026896728026726e-02 4.188821658460155362e-02 6.571094269729196857e-02 8.283033323838477624e-02 1.040394215240990350e-01 1.234263284888593160e-01 1.410421093062264875e-01 1.558547176664581702e-01 1.689591273054520115e-01 1.779925258573007707e-01 1.845137711772623645e-01 1.897138601992623408e-01 1.915327910067163297e-01 1.895415008385590017e-01 1.851771160348767986e-01 1.783739761361859411e-01 1.668089777662853102e-01 1.126248271517922006e-01
7.552477538927527753e-03 5.514879475677639947e-02 9.150872423761524654e-02 1.250398519955338572e-01 1.593526100290695580e-01 1.908579552748516373e-01 2.236684497042046582e-01 2.535894409329415011e-01 2.823895895365902686e-01 3.046758221233348829e-01 3.308588543149598715e-01 3.516005553966488062e-01 3.709299986620276934e-01 3.857834386637609136e-01 4.003512220617200246e-01 4.095952314756914348e-01 4.184177587401165521e-01 4.247980989505852345e-01 4.288138420820750696e-01 4.296531458692529060e-01 4.290167591468225794e-01 4.243121440713493731e-01 4.191895654531245241e-01 4.155336806633001534e-01 4.079857368959626251e-01 3.995114093262769339e-01 3.921240126097140788e-01 3.831981797513300814e-01 3.723598643912072736e-01 3.385001612666100335e-01
-1.327982400712109275e-02 -1.555883390427199864e-02 -2.114317342473308672e-02 -2.757738603499860705e-02 -3.465157010475839600e-02 -4.062802596973043301e-02 -4.848909109395867917e-02 -5.614713125384546838e-02 -6.398910318189798829e-02 -7.247850608682382401e-02 -8.091056126425220929e-02 -8.925493208493993913e-02 -9.733432072620407105e-02 -1.066540938965430396e-01 -1.156331957545076172e-01 -1.238209868305602535e-01 -1.310715759879130249e-01 -1.392674576639027217e-01 -1.458159919793786397e-01 -1.536470780168540384e-01 -1.603771038067051680e-01 -1.659684563980203809e-01 -1.716220419134913966e-01 -1.762923358486817027e-01 -1.809909257175493780e-01 -1.862401767143547215e-01 -1.903523114579074860e-01 -1.946637997046928303e-01 -1.989150325711812606e-01 -2.061279103928257972e-01
-7.125716613471072547e-02 -1.542228368360957225e-01 -2.335640523325382412e-01 -3.119455553928551228e-01 -3.955971422509325652e-01 -4.708282154537210551e-01 -5.580395466269242322e-01 -6.405939926853734256e-01 -7.263535406767515079e-01 -8.035142822641043736e-01 -8.941095867082728965e-01 -9.758267956155253220e-01 -1.058236706350687673e+00 -1.143363663748522052e+00 -1.233396255461654878e+00 -1.311240032779958264e+00 -1.390535907204602628e+00 -1.478083957387186453e+00 -1.556531208513976416e+00 -1.643211323306354554e+00 -1.722038374099324809e+00 -1.797800527787230429e+00 -1.873662115809098916e+00 -1.947887700825662982e+00 -2.022005288223042818e+00 -2.095930620433707148e+00 -2.173286572464006472e+00 -2.241648146011531839e+00 -2.312449419676270157e+00 -2.442470037896260493e+00
-7.302659292179905504e-02 -6.345542506946008632e-02 -8.027648463822029123e-02 -1.054235489845700424e-01 -1.378645157705920277e-01 -1.666733356820939704e-01 -2.153838129098392673e-01 -2.676267826174525966e-01 -3.279994808524342442e-01 -3.944904531300852391e-01 -4.776200288858002407e-01 -5.573765355945937694e-01 -6.429940964682757665e-01 -7.409221378906027944e-01 -8.490025937079404006e-01 -9.401392975290667753e-01 -1.037452114691898686e+00 -1.140841247545078652e+00 -1.233198158149704238e+00 -1.330817264033231861e+00 -1.419041932155475028e+00 -1.499984029965844679e+00 -1.577108551670778791e+00 -1.649103096419971326e+00 -1.718334401166439873e+00 -1.782889526577385642e+00 -1.845006390703670673e+00 -1.898036274503924759e+00 -1.947125752339750271e+00 -1.996781495414613694e+00
4.740039659156561336e-02 1.739756589502987616e-01 2.792744845934246323e-01 3.785531498620814395e-01 4.816267483929987936e-01 5.754019741229772222e-01 6.766360120118110055e-01 7.696747403218330286e-01 8.617569793902368769e-01 9.379029519974155793e-01 1.025857811858626345e+00 1.100163018005475557e+00 1.171481158697611491e+00 1.237036972212303798e+00 1.303570114014928505e+00 1.356645911660278925e+00 1.408658053993377957e+00 1.461891959573223154e+00 1.506806735228212180e+00 1.551304177550890007e+00 1.589400838268027361e+00 1.621800812523201074e+00 1.653016634808693208e+00 1.686211612430267737e+00 1.714365301035108757e+00 1.741730197586484064e+00 1.773661574311759415e+00 1.799194653621329909e+00 1.824899886788984738e+00 1.865963678138370607e+00
1.805217834916807151e-05 -5.560827032031258679e-03 -1.085744291322631241e-02 -1.562606821289216213e-02 -2.083623798881648406e-02 -2.567158358366308790e-02 -2.870248558280463422e-02 -3.055903586279731798e-02 -3.141515298818567392e-02 -3.141591140421530481e-02 -2.806211569538490103e-02 -2.648753596116934159e-02 -2.345728812449333900e-02 -2.196036627985886724e-02 -1.846859697125833449e-02 -2.145462065887984368e-02 -2.265310055558569791e-02 -2.881457632226432086e-02 -3.626772774731265581e-02 -5.005111975557820225e-02 -6.417416827095408227e-02 -8.415092939132817751e-02 -1.058944300589087922e-01 -1.282143959404580258e-01 -1.555905585068353691e-01 -1.862610051569371095e-01 -2.201964567064257361e-01 -2.538619745002578254e-01 -2.933316415177363301e-01 -4.022393613677253121e-01
