3.157726834564636431e-02 8.557971229118280232e-02 1.296381309530120207e-01 1.740908680298823841e-01 2.188840010287878834e-01 2.636396695375650689e-01 3.079000898798261998e-01 3.512157941160418684e-01 3.934903367409716135e-01 4.341878792678453558e-01 4.730643870258933736e-01 5.095007159387022755e-01 5.433084165324059134e-01 5.740955453138032460e-01 6.011751058516319191e-01 6.243637038360536629e-01 6.431214104676490351e-01 6.573641891248823699e-01 6.668162508351940243e-01 6.715618590595635595e-01 6.717743993062944563e-01 6.675490675300845833e-01 6.594736443724336095e-01 6.478846730476570670e-01 6.332955221881516605e-01 6.161641196763633088e-01 5.969454116357353346e-01 5.758962870933819200e-01 5.533258155998734829e-01 4.789056277753543922e-01
1.292552701871160781e-02 6.114963818738371193e-02 9.622923645620032329e-02 1.299910583207884995e-01 1.627672827338108030e-01 1.942334324457570816e-01 2.239106294080277781e-01 2.514066176105001493e-01 2.765858111920086460e-01 2.991363653871220718e-01 3.189884050378726799e-01 3.359870266367297464e-01 3.501781160770988111e-01 3.617226543508915149e-01 3.703989628467507789e-01 3.763512381162039122e-01 3.796162161301760429e-01 3.803380205378936174e-01 3.785648801657927054e-01 3.745775764255415696e-01 3.685529237856244311e-01 3.606232494170326652e-01 3.512063119535293598e-01 3.404847114826105581e-01 3.287543057815331959e-01 3.162472253032997394e-01 3.031735432942287978e-01 2.896868836217503240e-01 2.759946620390911765e-01 2.383716360091114317e-01
-3.935202933857854385e-03 -2.161333358896887213e-02 -3.318963456312785942e-02 -4.357821879391610143e-02 -5.282177058014903698e-02 -6.071627082647771539e-02 -6.709262530984246020e-02 -7.175478080668176717e-02 -7.465461503633627482e-02 -7.565970651455142248e-02 -7.484338792102435134e-02 -7.231314880957834257e-02 -6.804455138227763489e-02 -6.224285531862550069e-02 -5.498229079671533570e-02 -4.644754913574421912e-02 -3.674631913064381472e-02 -2.603612895677187913e-02 -1.442531135373672016e-02 -2.140611563428679309e-03 1.073523216490658572e-02 2.412759854026886100e-02 3.776589915096085354e-02 5.164758940060550085e-02 6.556120701872547585e-02 7.947046682353664515e-02 9.322081279304558765e-02 1.067239611109802033e-01 1.198511039827755420e-01 1.489071098559054951e-01
-1.819122783948965913e-03 4.840773946021871554e-03 8.849941559479709147e-03 1.240056840689452745e-02 1.576905132026818618e-02 1.901019494995928594e-02 2.206725636475855012e-02 2.494552629044174963e-02 2.763193532225272087e-02 3.017640473074154409e-02 3.258446924262838051e-02 3.488817765818038458e-02 3.722383983179456540e-02 3.972173072132800797e-02 4.241811876427244860e-02 4.538189805238442703e-02 4.874992430202242100e-02 5.257234328048563526e-02 5.689995503944241667e-02 6.175794934555253746e-02 6.715416871817705968e-02 7.309237759460962547e-02 7.947834072883989964e-02 8.632042812677251375e-02 9.348616502207671153e-02 1.009542867713660863e-01 1.086037840490609169e-01 1.163822173300974455e-01 1.242368065238456526e-01 1.443989049335455133e-01
4.145157137319581062e-03 2.439773614159074233e-02 3.669221261967960113e-02 4.765320557451273309e-02 5.783751817010884810e-02 6.739399386918233648e-02 7.626316004273711591e-02 8.444688370002102762e-02 9.188834125172334888e-02 9.852299293665203739e-02 1.042276031411765308e-01 1.088806418877182741e-01 1.124414370835279953e-01 1.148538810445895175e-01 1.159465277347512258e-01 1.156000309799853909e-01 1.138369420096602969e-01 1.105653547232444966e-01 1.057923458576837672e-01 9.958275705718939996e-02 9.198816109356139359e-02 8.303599138104690580e-02 7.287636634877313335e-02 6.152851760471867576e-02 4.915063529404663928e-02 3.579856807932174645e-02 2.151439224232844574e-02 6.371325681793525014e-03 -9.602055009489622595e-03 -5.493005564504455096e-02
7.454026574494929114e-02 1.286225942907553432e-01 1.778979360681987587e-01 2.284957088806713055e-01 2.807017170003218709e-01 3.347767726870150562e-01 3.909944433876936243e-01 4.491915807033758368e-01 5.098735467778400254e-01 5.727472058238168851e-01 6.378941132351760857e-01 7.045278376680996768e-01 7.728991075027376034e-01 8.424465120520716610e-01 9.124818117867722345e-01 9.830069354706384432e-01 1.052879571384679913e+00 1.122181278726976483e+00 1.190116722122724457e+00 1.256176870454248196e+00 1.320260646370028157e+00 1.382074838524898430e+00 1.441423512632274084e+00 1.498633276752650900e+00 1.553189624261960944e+00 1.605464690513881854e+00 1.655452612622948294e+00 1.702831877863346222e+00 1.747466490428252417e+00 1.816980782839895614e+00
3.222777946394826676e-02 9.217600124473396273e-02 1.381076076142244147e-01 1.829258152052012365e-01 2.270464643981945085e-01 2.702356762524751321e-01 3.121381956712355743e-01 3.523410445058002272e-01 3.908769911508406247e-01 4.273900776694477543e-01 4.618900466494197388e-01 4.940761076607684821e-01 5.240928179884670746e-01 5.520149057220330446e-01 5.775120420718252712e-01 6.007852792973029654e-01 6.216100598621232542e-01 6.401988167793870588e-01 6.564026482594330636e-01 6.703807356198875356e-01 6.822603464162102505e-01 6.920839361782284982e-01 7.001632215292771244e-01 7.067313384135429644e-01 7.118826225968124533e-01 7.159004982793648608e-01 7.189455866539311568e-01 7.210467513952780738e-01 7.223360164286649621e-01 7.118984889482781186e-01
-3.830059958491820876e-03 1.364270701072244421e-03 4.360704387066555859e-03 6.786646345132530539e-03 8.908940936985021430e-03 1.073072666540932085e-02 1.217692811857918125e-02 1.323012922772225271e-02 1.391491132187277699e-02 1.436098595769921306e-02 1.469837957321341350e-02 1.511356024759342651e-02 1.591188465781321476e-02 1.745307945617607243e-02 1.995436088129424329e-02 2.368750123063437241e-02 2.893433366998197920e-02 3.589993068286979200e-02 4.469692269016795061e-02 5.538358451683025874e-02 6.794730846172934713e-02 8.238121136422693613e-02 9.845271011896519764e-02 1.161458537278511755e-01 1.351283180080390389e-01 1.553175691619989029e-01 1.764664734313449168e-01 1.984306885454933389e-01 2.210969252608190605e-01 2.823929915609739161e-01
5.606253838993480870e-03 3.072708093707315728e-03 2.690125466894790866e-03 2.856414754264239436e-03 3.711994203923020541e-03 5.442655765832837486e-03 8.185619741214499381e-03 1.205011560875448792e-02 1.715199757662497909e-02 2.359258187746757218e-02 3.140706062766325524e-02 4.052038042341927354e-02 5.109802040213253654e-02 6.309869850242161293e-02 7.649526370605044812e-02 9.129298020188122975e-02 1.074060640042243109e-01 1.248392785642331027e-01 1.434752369293783580e-01 1.631417100060340297e-01 1.837624944718614373e-01 2.052477752545393275e-01 2.273002161271501231e-01 2.499370858374897197e-01 2.728160145845104356e-01 2.959076205241570889e-01 3.190067293583550567e-01 3.419483961740710787e-01 3.645791625472380448e-01 4.153746672565902798e-01
3.873550950070766760e-03 1.786596998024186922e-02 2.669120239839070999e-02 3.471262885269966320e-02 4.235504753836876607e-02 4.976016488657084708e-02 5.690694285472821384e-02 6.382008256984446348e-02 7.048055829871927025e-02 7.686554468181386324e-02 8.289313308051414475e-02 8.845752641337127631e-02 9.357217781782734001e-02 9.819107960402917445e-02 1.021844028628885043e-01 1.054711250733721961e-01 1.080538581102602480e-01 1.098704790416653865e-01 1.109036735785671191e-01 1.111637866147890258e-01 1.106730398026957163e-01 1.094334801440400295e-01 1.074820043867039804e-01 1.048390414626030054e-01 1.015362704514557735e-01 9.760746302095882343e-02 9.303312595890607384e-02 8.782831941103591555e-02 8.197966760583635937e-02 6.235485497039702091e-02
1.117537169417077113e-02 5.622391057640942214e-02 8.689244757171225852e-02 1.148491726746623254e-01 1.408680508427990752e-01 1.648042107941728174e-01 1.863714183148001413e-01 2.052755252352413406e-01 2.216045671402373241e-01 2.353901621416353562e-01 2.469848878487481136e-01 2.567437855041262429e-01 2.652683605478967643e-01 2.734264057745744436e-01 2.815917436526951811e-01 2.905178188706981635e-01 3.007025985507090771e-01 3.127552479571059640e-01 3.268929792490751218e-01 3.434396570359515843e-01 3.624602523512254759e-01 3.839852415675046871e-01 4.078676832117254514e-01 4.341285423290690004e-01 4.622925806610611588e-01 4.922964176053966634e-01 5.238307061282098109e-01 5.566529592635705015e-01 5.906549063711525882e-01 6.805773341363483553e-01
-2.707163820082129219e-03 -4.816171762419625690e-02 -8.204230513612768838e-02 -1.147412409378007064e-01 -1.458858854652541615e-01 -1.745715440796211659e-01 -1.999845349619682744e-01 -2.214140015805410866e-01 -2.386063754908145373e-01 -2.511554336499206563e-01 -2.591781285883489883e-01 -2.628604566471160475e-01 -2.622715739813233360e-01 -2.580078327587231879e-01 -2.501902013867026153e-01 -2.393574537022054582e-01 -2.258352554223175546e-01 -2.100819062573009988e-01 -1.924003509311429383e-01 -1.733773335052670728e-01 -1.532881155507221094e-01 -1.323997778953318605e-01 -1.113633437867189713e-01 -9.036386917618229042e-02 -6.987079165668794167e-02 -5.010433371983085554e-02 -3.144649095042681419e-02 -1.415029222156253055e-02 1.378861630019191653e-03 2.592926929056713070e-02
2.277161604060545103e-02 4.862401467885132944e-02 6.979638261014285694e-02 9.124138745428181374e-02 1.131608856888918629e-01 1.356519374165952585e-01 1.586883031267690980e-01 1.822097352147593330e-01 2.062408170128018081e-01 2.305469288153232654e-01 2.549122784371422590e-01 2.788410176305705646e-01 3.021651543693261721e-01 3.244167248084985355e-01 3.450592917553576000e-01 3.637741126790990931e-01 3.800809738769719837e-01 3.937567701548746468e-01 4.045065820670005752e-01 4.122053942330667908e-01 4.168830554768263585e-01 4.185124693788329631e-01 4.173104613413234909e-01 4.134353992285484947e-01 4.071116712946254435e-01 3.985781144532780096e-01 3.880298065793161832e-01 3.755626279927655187e-01 3.612499020994011101e-01 3.068262194179811608e-01
1.009944434741310432e-02 -4.620456111161927101e-03 -1.242213559677318203e-02 -1.853853672600604130e-02 -2.296773061287170001e-02 -2.532096121726238810e-02 -2.524984990869928378e-02 -2.247859305680326159e-02 -1.685646880020139071e-02 -8.309370501715450386e-03 3.014587628084083870e-03 1.675288981914781553e-02 3.281499571344594773e-02 5.065882989407629461e-02 6.994835680631666941e-02 9.028865564167261326e-02 1.112125817642369285e-01 1.324061084794472820e-01 1.535275214183359216e-01 1.741692307921107463e-01 1.941995626489823046e-01 2.134653827284937466e-01 2.316927952609447727e-01 2.489182786891817600e-01 2.649437727087944894e-01 2.798105578574243135e-01 2.934196609806517531e-01 3.056622864990513611e-01 3.163741246917420313e-01 3.271517241879599025e-01
-1.165789645064104624e-02 -2.842941424874527792e-02 -4.050486689155194386e-02 -5.181093101808515594e-02 -6.237750684196172180e-02 -7.211316567544936995e-02 -8.097150942585987221e-02 -8.881788291821210435e-02 -9.567311599937436406e-02 -1.013897095787170410e-01 -1.060058683930338030e-01 -1.094863212017716525e-01 -1.117530175578615725e-01 -1.128136849342565029e-01 -1.126069219621772255e-01 -1.111965915506577390e-01 -1.084825510810778632e-01 -1.045336875613028932e-01 -9.932011546786576051e-02 -9.294889913994774933e-02 -8.546397384260090435e-02 -7.688698869518388601e-02 -6.745278074202154528e-02 -5.717961672006609264e-02 -4.625700729144967271e-02 -3.475232180057349907e-02 -2.283274907374158169e-02 -1.056249887564464016e-02 1.963911287622452373e-03 3.632578078366916624e-02
2.549914508816399430e-02 5.674498942785022315e-02 8.174432489826169435e-02 1.064442078497645633e-01 1.312045889077026461e-01 1.561010648056238292e-01 1.811115996610309087e-01 2.061261544416408409e-01 2.312760356951950869e-01 2.564316168434266352e-01 2.816189853184249969e-01 3.065799411654657192e-01 3.314689518379709265e-01 3.562193654251473718e-01 3.805910534906061793e-01 4.046501679618230707e-01 4.281321993043107899e-01 4.511196099498542278e-01 4.733990617386870658e-01 4.948997894863559899e-01 5.156202921267831751e-01 5.354956538644066733e-01 5.544952552353807906e-01 5.727457543313945187e-01 5.900726160119683650e-01 6.066126706114658429e-01 6.223305123742232103e-01 6.371228909516983840e-01 6.509454900889994899e-01 6.711362268990592739e-01
-3.642993035800480561e-02 -5.939923091508284708e-02 -7.863675442406578564e-02 -9.749296912326368969e-02 -1.161579248115707785e-01 -1.348297344870855452e-01 -1.537804992210725641e-01 -1.729908306887615876e-01 -1.927467449553861290e-01 -2.129258519809242856e-01 -2.336551485364192493e-01 -2.546933669765601427e-01 -2.760540157883369372e-01 -2.975370096938250164e-01 -3.189168534765602359e-01 -3.402336582204961712e-01 -3.609947125128460943e-01 -3.812680852587486124e-01 -4.007077928943598155e-01 -4.191729334665549311e-01 -4.365805906654248170e-01 -4.527862430730372756e-01 -4.677764835629273921e-01 -4.815817289980903193e-01 -4.940597285862947108e-01 -5.052907173141202302e-01 -5.153060991677587133e-01 -5.239587845763029605e-01 -5.311504681903342906e-01 -5.293732112606815976e-01
-3.107908854323710238e-03 1.667761545041661353e-02 2.906397219341173149e-02 4.029698030913479029e-02 5.073670105488800597e-02 6.029969849036737051e-02 6.874146662190050439e-02 7.593865310229988563e-02 8.177061290264160676e-02 8.617108566058506725e-02 8.908353535229371345e-02 9.052947404622010974e-02 9.057004149382452685e-02 8.938197441971407198e-02 8.694703723980548582e-02 8.333339292539862497e-02 7.875178699932863791e-02 7.325645368043179340e-02 6.698048805168448083e-02 6.010047445368796315e-02 5.270952236457328299e-02 4.489264580816886008e-02 3.680301931927477954e-02 2.848301041565392405e-02 2.005365413925823057e-02 1.156266021061655089e-02 3.033560196624585786e-03 -5.456303478348821512e-03 -1.383382320670440563e-02 -3.216297712609610115e-02
-3.201261523726168373e-02 -4.880016606280523916e-02 -6.636061675818602512e-02 -8.470026307288955336e-02 -1.035751563820916654e-01 -1.229016655027153904e-01 -1.427963476603834048e-01 -1.631029477832515451e-01 -1.841077120437051573e-01 -2.056964881214054242e-01 -2.281232197143349127e-01 -2.512637206079042507e-01 -2.753090030699693602e-01 -3.002804655688054436e-01 -3.261228915070872314e-01 -3.531267866242977504e-01 -3.809019048765739934e-01 -4.097200251213165556e-01 -4.392926423872178243e-01 -4.695054572205595300e-01 -5.002825283852578853e-01 -5.314989600652560986e-01 -5.629958390582292527e-01 -5.948636696913419675e-01 -6.267344856345294923e-01 -6.586806079481504206e-01 -6.906491411435149441e-01 -7.224063201647283883e-01 -7.538516592027963981e-01 -8.196868157682040135e-01
2.403565983922690413e-02 8.822771201367841931e-02 1.365815721576312258e-01 1.841090348551215339e-01 2.309724864477137873e-01 2.767201024973622858e-01 3.207181682413768331e-01 3.624433022193476184e-01 4.016392986465861514e-01 4.376890749178139473e-01 4.702412669582082261e-01 4.987186029613920324e-01 5.227981069251359525e-01 5.421445855652465839e-01 5.560455158108481566e-01 5.642556672939335050e-01 5.664116248513944019e-01 5.623739977418027447e-01 5.520229042356392668e-01 5.356364050499364815e-01 5.134854703368391116e-01 4.857677139490442775e-01 4.533690821495146017e-01 4.166120850471556891e-01 3.763626775136660330e-01 3.331076435177944828e-01 2.874601552053369091e-01 2.398538183565402937e-01 1.907334155548714993e-01 5.440865944089483264e-02
7.079800034653989382e-02 1.358709208809200930e-01 1.945038503383174633e-01 2.548103796369073359e-01 3.167485558752339836e-01 3.801526365843654887e-01 4.449233747600843114e-01 5.106138751576511092e-01 5.775836041347193195e-01 6.453677709972759358e-01 7.140315358932298739e-01 7.828087687468980871e-01 8.519385455836629983e-01 9.210079323093803838e-01 9.893208012835019716e-01 1.057004956254414152e+00 1.123012471349323027e+00 1.187535103109793599e+00 1.249875891587713950e+00 1.309716405395046745e+00 1.367060902957288882e+00 1.421738747991222462e+00 1.473797240560208444e+00 1.523671247988733768e+00 1.571059633125755806e+00 1.616456461924673516e+00 1.660014387167110916e+00 1.701544216417911759e+00 1.741079987222232006e+00 1.804045002614869775e+00
-2.208274510914853828e-02 -7.207200142330224407e-03 6.529891596447796875e-05 5.880830445996259107e-03 1.045542816825551467e-02 1.342740388363656591e-02 1.429209841608016993e-02 1.280015371988525545e-02 8.683857255831765182e-03 1.927090102290555593e-03 -7.458620433833206345e-03 -1.915067177360984391e-02 -3.297766183813709284e-02 -4.837123363722969915e-02 -6.505656219583552669e-02 -8.272588871948920175e-02 -1.007516009788856914e-01 -1.189074606144956275e-01 -1.367803196715582370e-01 -1.539824238755465313e-01 -1.703481068828863187e-01 -1.856828418009115744e-01 -1.997982240710269863e-01 -2.126719949214415095e-01 -2.241624654052811194e-01 -2.342847771438832383e-01 -2.430475831998031855e-01 -2.503268391564993922e-01 -2.559762021294100798e-01 -2.517425678069133421e-01
1.342057834952951334e-01 2.785434808373952742e-01 4.031043434952424342e-01 5.294466439389333701e-01 6.575521081932351741e-01 7.866843241045855528e-01 9.163397207982073578e-01 1.045319244499441691e+00 1.174202950537018175e+00 1.301991561868920622e+00 1.428915364206607475e+00 1.553787246430210045e+00 1.677188786112655983e+00 1.798720944420052037e+00 1.917344135665510318e+00 2.033654133777996975e+00 2.145919582125348501e+00 2.254809823875010277e+00 2.359263364852939304e+00 2.458946794486244425e+00 2.554036536519055378e+00 2.644321965643892103e+00 2.730236674043978518e+00 2.812628507816298029e+00 2.891157148845310054e+00 2.966826238504660207e+00 3.040086848902307182e+00 3.110689584470151647e+00 3.178894992883296133e+00 3.293352275106090410e+00
5.964406613762864018e-02 1.318177348073227562e-01 1.919242912015704516e-01 2.519885245271578089e-01 3.122994957438038344e-01 3.726206727525871454e-01 4.327201683483684613e-01 4.920956005921539589e-01 5.510455839307075721e-01 6.091864951723657828e-01 6.667327106527817238e-01 7.232503906666386539e-01 7.791680878183349090e-01 8.345546395099432413e-01 8.890465622857054440e-01 9.430861179350098489e-01 9.960970022654728195e-01 1.048512585082474580e+00 1.099913908559682518e+00 1.150242534055711419e+00 1.199546948745449981e+00 1.247727645688032183e+00 1.294813522142442608e+00 1.341147902583230689e+00 1.386346816520358516e+00 1.430770111588310689e+00 1.474440758281178487e+00 1.517137006696511081e+00 1.558874677508635509e+00 1.638570640610204743e+00
-1.823182011185138854e-02 -2.945912089100321055e-02 -4.021248728513925064e-02 -5.120337728788486309e-02 -6.224882214101707528e-02 -7.325845197247987661e-02 -8.427249694117680545e-02 -9.517269680475809457e-02 -1.060881827373829911e-01 -1.169041785699111574e-01 -1.277361619221508982e-01 -1.385029018228912667e-01 -1.492234026244581013e-01 -1.598681827546447609e-01 -1.703768958126353761e-01 -1.808726640783622219e-01 -1.911127689094802018e-01 -2.012201427369443851e-01 -2.110462241349806145e-01 -2.205698049110777215e-01 -2.297735007887788949e-01 -2.386124097606252548e-01 -2.471289652956667471e-01 -2.553705826656025302e-01 -2.632871291568729122e-01 -2.709446024663069719e-01 -2.784158989735229794e-01 -2.856438975946880010e-01 -2.926394779089300791e-01 -3.035578508707200140e-01
3.241556229864029498e-02 7.961290772145883377e-02 1.161184969611777501e-01 1.519699838717763485e-01 1.875984616569245367e-01 2.230128683037225223e-01 2.580752907070182900e-01 2.925697528925247926e-01 3.265579521657267503e-01 3.597304272713540696e-01 3.919798363475983649e-01 4.228582957459091629e-01 4.523443134733599047e-01 4.801884905882734533e-01 5.059077488670020717e-01 5.294132730417178134e-01 5.502869220050918830e-01 5.685026682807421405e-01 5.837908712398677258e-01 5.961427015087037429e-01 6.056260468851970558e-01 6.122248760212571916e-01 6.162093741014538217e-01 6.177742529700473995e-01 6.170744140923907217e-01 6.143823576524535257e-01 6.098804172599093798e-01 6.036182401095209205e-01 5.956838349145976430e-01 5.562526557782374592e-01
-3.167379206157538984e-02 -5.505024803682370682e-02 -7.610219648385666003e-02 -9.738295741619729107e-02 -1.187728715452063266e-01 -1.401953757801207845e-01 -1.617138106229225047e-01 -1.831517608005552855e-01 -2.047270878532178873e-01 -2.262595377827653076e-01 -2.479109453206982672e-01 -2.694987876350301570e-01 -2.910965557595336373e-01 -3.126456018426774230e-01 -3.339948091581902423e-01 -3.553227984370145309e-01 -3.762310375676525265e-01 -3.969033079497986671e-01 -4.170734856467582241e-01 -4.366849238241343745e-01 -4.557066083902071574e-01 -4.740538367590029223e-01 -4.917536106814383023e-01 -5.089002360624381716e-01 -5.253549673396978870e-01 -5.412360178964047419e-01 -5.566100575864674216e-01 -5.713551370138051366e-01 -5.854512242412405199e-01 -6.071640647849991801e-01
-2.488635528816520587e-02 -4.199714541816047114e-02 -5.617140283698797421e-02 -6.938086420592606829e-02 -8.182114626808198454e-02 -9.353423210435513058e-02 -1.047097621319957039e-01 -1.152598805787283104e-01 -1.255300696359002433e-01 -1.356155819133932905e-01 -1.459929659163560212e-01 -1.569106339822734508e-01 -1.688563988944714045e-01 -1.823406879229045041e-01 -1.977268555853529952e-01 -2.156501792425641328e-01 -2.361609745718700748e-01 -2.597953022478970420e-01 -2.864889473788598817e-01 -3.162682602030720269e-01 -3.490269627122545293e-01 -3.846274724044899673e-01 -4.226772598381461910e-01 -4.631220882933383409e-01 -5.052818125363565116e-01 -5.490099441358475829e-01 -5.939845531716767546e-01 -6.398236924649591817e-01 -6.862977064768042146e-01 -7.992619092481019205e-01
-2.998850320357746360e-03 2.757997138499717824e-02 4.405517028862945828e-02 5.766105111268893246e-02 6.929093121649818054e-02 7.905375685172538747e-02 8.676345794857071025e-02 9.235236876635904979e-02 9.568972797823224741e-02 9.672699150593576378e-02 9.539376767396597068e-02 9.177967433604780623e-02 8.591693982636322557e-02 7.805820833892423982e-02 6.821101394193744560e-02 5.642985525144471326e-02 4.305246939424187125e-02 2.811439969765271163e-02 1.182313467827617037e-02 -5.555981481734417748e-03 -2.391090250768088121e-02 -4.314829912269270429e-02 -6.302337177841260685e-02 -8.356386718429412164e-02 -1.045529585252862048e-01 -1.259902594222020722e-01 -1.478516675205133468e-01 -1.700349606994732421e-01 -1.924755838088791637e-01 -2.466587779174846951e-01
2.534882760277085839e-02 6.017109053402942831e-02 8.720216224775603764e-02 1.136231800664567054e-01 1.398608111114061081e-01 1.659806330910508776e-01 1.919309946371495768e-01 2.175800571584670939e-01 2.430403764720500681e-01 2.681653507024954752e-01 2.929712237547243969e-01 3.172087932494497275e-01 3.410222008454339981e-01 3.643689944326243269e-01 3.870066665209241918e-01 4.090062957925093556e-01 4.301341386181299353e-01 4.504781603562344472e-01 4.698495370181552944e-01 4.882172323945537240e-01 5.055977640944795404e-01 5.219426421864248322e-01 5.372742486988285604e-01 5.517170586457059711e-01 5.651488531678131588e-01 5.777118363061320983e-01 5.893917989175561090e-01 6.001087282320076710e-01 6.098362569481575735e-01 6.201731957643494830e-01
-3.298312089017381432e-02 -5.272215767682986165e-02 -7.202670601070684797e-02 -9.193931727612293658e-02 -1.122604827985296816e-01 -1.329218098657709846e-01 -1.540288275597916368e-01 -1.754235182963835016e-01 -1.973648905912134266e-01 -2.196993581022831932e-01 -2.426215881328412927e-01 -2.659472342164733716e-01 -2.897906189837266000e-01 -3.140900092079228489e-01 -3.387107890817563915e-01 -3.638583739207756351e-01 -3.890983540426932175e-01 -4.146372114740634052e-01 -4.401740132545254314e-01 -4.656043347955008960e-01 -4.908709209998701195e-01 -5.158629417015376806e-01 -5.405180093657309115e-01 -5.649329707716863602e-01 -5.888648449228254256e-01 -6.124173385156319593e-01 -6.356076328161461841e-01 -6.582607063403722591e-01 -6.803153676313036247e-01 -7.211341785521805381e-01
-4.370318072699067025e-02 -8.924699941420285998e-02 -1.274265023166528954e-01 -1.655856852876979868e-01 -2.036257007704481981e-01 -2.413364941007422049e-01 -2.786133227847492622e-01 -3.151050323731630631e-01 -3.509891805792060282e-01 -3.858776359551581714e-01 -4.198543847932616480e-01 -4.525446343030802288e-01 -4.839206913133908827e-01 -5.138151116868345802e-01 -5.418419063002726244e-01 -5.681326812033186124e-01 -5.921170449537793701e-01 -6.139609647219872457e-01 -6.333214050867884692e-01 -6.502154392996267740e-01 -6.646871152092164170e-01 -6.766953680533176474e-01 -6.865428081864455301e-01 -6.944265482701732495e-01 -7.004507867704531376e-01 -7.048915184318329530e-01 -7.080147885427560128e-01 -7.098041653686404384e-01 -7.103654919233922671e-01 -6.918745254525860977e-01
-5.521615732421292569e-03 4.405300535948156182e-02 7.700697925501133467e-02 1.075172382305972923e-01 1.359925065728177507e-01 1.618859747043819297e-01 1.844652473980896712e-01 2.032238120614717203e-01 2.178714178353649555e-01 2.281505412084242346e-01 2.340620836511398684e-01 2.357851267690123376e-01 2.334771013894586522e-01 2.277434681394480132e-01 2.186719631186120061e-01 2.066635414090147727e-01 1.922386961697404861e-01 1.757269170475299069e-01 1.574989880034647904e-01 1.381086758024361039e-01 1.178196388821323576e-01 9.688464424001462516e-02 7.580702127823818470e-02 5.471742979017810149e-02 3.398167654347140909e-02 1.374835057462592616e-02 -5.801685430658204412e-03 -2.444944166063280078e-02 -4.191119890800672904e-02 -7.318362652519067035e-02
3.703533038100599584e-02 7.657162218161732425e-02 1.098642069900956780e-01 1.431638567028040432e-01 1.767781812606328273e-01 2.107269463075074067e-01 2.449904348863152226e-01 2.793744446339117560e-01 3.141233465705450811e-01 3.490937853083700970e-01 3.844392720455452883e-01 4.198935518948087586e-01 4.557859000662866089e-01 4.921507677752205989e-01 5.287830591093513055e-01 5.659414257129157244e-01 6.032746127629142752e-01 6.410319107573420050e-01 6.789196017215370915e-01 7.168210817034981197e-01 7.547133477753343866e-01 7.924838409118868388e-01 8.299752981460735146e-01 8.673666848058682044e-01 9.042427141179252281e-01 9.407640475568321836e-01 9.768163863295539207e-01 1.012171363908886956e+00 1.046735681161585552e+00 1.115741005085897353e+00
1.326492400525625115e-02 3.973542511073883954e-02 5.969885403937998103e-02 7.907506549906725968e-02 9.819204546299985237e-02 1.170303914205102491e-01 1.354556561944671722e-01 1.533342678898170774e-01 1.706935048680198186e-01 1.874315246855831063e-01 2.035569755100085643e-01 2.189465892002260272e-01 2.337380580838336608e-01 2.480026666641926281e-01 2.616130551554909367e-01 2.746710022431961273e-01 2.871281832727672900e-01 2.990826070539730486e-01 3.104731826228109282e-01 3.213415186532548318e-01 3.317262734030904658e-01 3.416276787190428710e-01 3.510774021580379545e-01 3.601721845483237816e-01 3.688340324883651600e-01 3.771599297353270264e-01 3.851262338633601456e-01 3.926919479923715040e-01 3.998571824177536982e-01 4.111356085637130064e-01
-4.880566325168594899e-02 -8.559102702818116581e-02 -1.206058012997738293e-01 -1.566875356654309770e-01 -1.934811537886828581e-01 -2.307339343795632436e-01 -2.684348498961576235e-01 -3.062351058524862002e-01 -3.444762156766362771e-01 -3.828850495019076039e-01 -4.217549981855548968e-01 -4.608095761818858382e-01 -5.002940712513007648e-01 -5.402220174740008929e-01 -5.803865119588523802e-01 -6.211863587546884169e-01 -6.620349102522034013e-01 -7.033170375404773633e-01 -7.446166700600993504e-01 -7.858404626851134278e-01 -8.269413144493358292e-01 -8.677909281595479474e-01 -9.083179149829442300e-01 -9.487253953248370175e-01 -9.886286787291775902e-01 -1.028226595655754139e+00 -1.067535951133464556e+00 -1.106295101305678319e+00 -1.144434978448435114e+00 -1.219628659599107268e+00
-1.733203841017340666e-02 -3.191927684473780391e-02 -4.285874365487397919e-02 -5.323533606808079216e-02 -6.311595080096848998e-02 -7.254893592971060901e-02 -8.162287326485881400e-02 -9.029151117968825524e-02 -9.863228007468258229e-02 -1.065069172837019573e-01 -1.139083201888387298e-01 -1.206826629491712100e-01 -1.266857802840727631e-01 -1.317357610715523264e-01 -1.356505564323746971e-01 -1.383549172274161077e-01 -1.395760672083145304e-01 -1.392739788819883640e-01 -1.373009305190582563e-01 -1.336561797229351700e-01 -1.283416312455064601e-01 -1.213289465367910491e-01 -1.128273207763720587e-01 -1.028468088875184872e-01 -9.158304064125799560e-02 -7.911849737349031797e-02 -6.562913963874539292e-02 -5.116960439318021803e-02 -3.579478689232086508e-02 1.184977905661361089e-02
-7.327511590944241204e-02 -1.144432654037969566e-01 -1.554395063194049520e-01 -1.983260573274913396e-01 -2.428080311837893523e-01 -2.889516180595775863e-01 -3.370640429022514484e-01 -3.869510225452457153e-01 -4.391296785853279205e-01 -4.932367629937309816e-01 -5.494350773461333937e-01 -6.070021495951050117e-01 -6.659871234975474064e-01 -7.258181076921943475e-01 -7.858382048813252752e-01 -8.460817493899817077e-01 -9.053548272174045675e-01 -9.637787101395067779e-01 -1.020543043372228897e+00 -1.075257971394123935e+00 -1.127790181752011289e+00 -1.177875594452119756e+00 -1.225424138008742503e+00 -1.270685473032787449e+00 -1.313291571635624821e+00 -1.353550147423220995e+00 -1.391549919901420296e+00 -1.426979756204186378e+00 -1.459675881799575858e+00 -1.499071775128455464e+00
-6.074323564490382785e-03 -1.540494175706658836e-02 -2.230615178454760719e-02 -2.876937784633273876e-02 -3.469437140895161031e-02 -3.993794722057200652e-02 -4.443560066583632229e-02 -4.805881863013199834e-02 -5.081264706578493551e-02 -5.259341755119417011e-02 -5.346152910972864353e-02 -5.344886040637407409e-02 -5.251134180572224891e-02 -5.071608637609906906e-02 -4.808275414802717918e-02 -4.471363707172302387e-02 -4.058176867904432494e-02 -3.578196990596978905e-02 -3.032898634082751427e-02 -2.433156292126391340e-02 -1.782759526640682185e-02 -1.084727723602375501e-02 -3.565917904759654394e-03 4.009245516001708198e-03 1.174054570142430559e-02 1.959195801086205738e-02 2.743620618502707470e-02 3.522281364214119304e-02 4.286744821904817093e-02 6.125327546348194319e-02
-2.010450170696433808e-02 -2.129197145583114695e-02 -2.707582364740716147e-02 -3.431863485169274475e-02 -4.255087056945924817e-02 -5.167641244153702018e-02 -6.179974606020119388e-02 -7.283946087141252024e-02 -8.496059666733304927e-02 -9.804739951218333083e-02 -1.121815659803980514e-01 -1.271705919891238934e-01 -1.429881753478648709e-01 -1.594234322280999594e-01 -1.763244552459134473e-01 -1.937105834766363055e-01 -2.111570919760122345e-01 -2.287072631797638367e-01 -2.460968400399696221e-01 -2.631697033657013352e-01 -2.798692429575682095e-01 -2.961126094082705551e-01 -3.118645835228536223e-01 -3.272077901850271031e-01 -3.420407847711207650e-01 -3.564617219166570927e-01 -3.705475676648121719e-01 -3.842174854801969630e-01 -3.974581306596013386e-01 -4.207307664572920158e-01
8.695834421884895971e-02 1.911849947350090506e-01 2.786973652888522501e-01 3.663571096938716964e-01 4.544306609719696577e-01 5.424420311053054222e-01 6.300061146132285295e-01 7.163098818836277637e-01 8.017894061743282563e-01 8.858740404142815272e-01 9.689299779405844415e-01 1.050405371072277383e+00 1.130964071007870775e+00 1.210787803284950837e+00 1.289440944148666279e+00 1.367677896312545771e+00 1.444673126606691671e+00 1.521147218477226115e+00 1.596528351784419097e+00 1.670743973057930765e+00 1.743889810845522081e+00 1.815832473759883658e+00 1.886638058086245184e+00 1.956823658639061492e+00 2.025822150982340641e+00 2.094171399107719100e+00 2.161935458215358263e+00 2.228788407927553727e+00 2.294794584431750994e+00 2.427593501859548919e+00
-7.494993751796643310e-03 -1.725785853874212128e-02 -2.480876643163339168e-02 -3.208090153993850557e-02 -3.894121977175163396e-02 -4.524668334349885024e-02 -5.093219950795485618e-02 -5.586781079607092831e-02 -6.005275625418590724e-02 -6.335791911157578893e-02 -6.581136205152032792e-02 -6.739263229366887487e-02 -6.801409576577983895e-02 -6.767191359963767305e-02 -6.632541615799977808e-02 -6.402422414728256572e-02 -6.067867983258100339e-02 -5.634179110267332341e-02 -5.099546841290181903e-02 -4.472776725698324185e-02 -3.757845671608787963e-02 -2.957601826930447014e-02 -2.092940391280306150e-02 -1.166136843744791651e-02 -1.956487867106847939e-03 8.121931062187313227e-03 1.840867260586065424e-02 2.883190019178469982e-02 3.929128149519570123e-02 6.637252602766284537e-02
8.673984172848408364e-03 1.584527258017806237e-02 2.360570863722280185e-02 3.192501562534776072e-02 4.084931322716799096e-02 5.037467578857914019e-02 6.048213249947850811e-02 7.112808987324963084e-02 8.242040759571771236e-02 9.440039528410890113e-02 1.071763864965483426e-01 1.207176700865705138e-01 1.352943474591576378e-01 1.510332528830584109e-01 1.679605738843510943e-01 1.862641675303966515e-01 2.059132714030497135e-01 2.270664854197680382e-01 2.496420583893891043e-01 2.735525180410437462e-01 2.987593087453414009e-01 3.252039605458655891e-01 3.526204518198181592e-01 3.810799216374930465e-01 4.101939600799310859e-01 4.399725311815801954e-01 4.702176074671581829e-01 5.007483037662511238e-01 5.314505653402641361e-01 6.045938917938122881e-01
1.249726343083196189e-02 2.377009744710348316e-03 -4.590593859632943405e-03 -1.085844213693195476e-02 -1.606073018739467145e-02 -1.957553834200031345e-02 -2.092972317244571473e-02 -1.972672615132606971e-02 -1.582868268824327157e-02 -9.174330404924272570e-03 -2.293213806688759737e-05 1.116539856263566027e-02 2.414170134465887588e-02 3.817662005877082987e-02 5.279578523885913865e-02 6.739129604832287679e-02 8.142948795591002653e-02 9.442490195397101882e-02 1.060053118051399457e-01 1.157551583228129954e-01 1.235433162949337721e-01 1.292061095068736121e-01 1.325938525108812382e-01 1.336892646556175346e-01 1.324892691302922698e-01 1.290326086378423276e-01 1.232933491975760909e-01 1.152386827498454586e-01 1.047110235403125311e-01 5.709324226086134185e-02
1.413563110372832027e-02 5.646113603964282579e-02 8.743379447291034501e-02 1.172937382996799976e-01 1.463890982542185581e-01 1.745097614644966766e-01 2.012950775316068031e-01 2.264422398890253985e-01 2.498644846481274939e-01 2.713017735042123624e-01 2.906860863489644231e-01 3.078382457453903154e-01 3.228018745903650788e-01 3.356618071660759650e-01 3.461858654939941604e-01 3.544648741219015853e-01 3.604735261238231070e-01 3.643106915500238241e-01 3.659722027019249868e-01 3.656554839010806024e-01 3.634955458854729482e-01 3.595819300144650343e-01 3.542381441745372506e-01 3.476223950903923887e-01 3.399508738875362535e-01 3.314260539469586764e-01 3.222081210641328797e-01 3.124059949908113420e-01 3.021703296208104184e-01 2.709046675730457099e-01
-1.311966256706264058e-02 -1.758388697963445338e-02 -2.385881413221133465e-02 -3.087285369729891524e-02 -3.826770635212861649e-02 -4.589178442232560995e-02 -5.374882700080074738e-02 -6.171990080791144723e-02 -6.988620101212000835e-02 -7.812615192825567156e-02 -8.650354871419640990e-02 -9.491994109729212648e-02 -1.033315316514246268e-01 -1.116462933582082484e-01 -1.197801118875281290e-01 -1.277867073509558749e-01 -1.354147934132554076e-01 -1.427288891721717745e-01 -1.495928622227600813e-01 -1.559739507187875296e-01 -1.618659931922373230e-01 -1.672462560863701431e-01 -1.721910334622706873e-01 -1.767601041413749130e-01 -1.809799815326514350e-01 -1.849326490289745772e-01 -1.887349373065695668e-01 -1.923786738991271617e-01 -1.959110887949855606e-01 -2.001981622943453387e-01
-8.393322827312343914e-02 -1.578171250551193838e-01 -2.254047814628843405e-01 -2.945891435781730072e-01 -3.648933857676781023e-01 -4.358436688644166113e-01 -5.072883845132818426e-01 -5.785713827416074651e-01 -6.502024748430649259e-01 -7.216455256863983925e-01 -7.932945970841549510e-01 -8.645725854651592490e-01 -9.358617412587868500e-01 -1.007137097629940969e+00 -1.077902478286902888e+00 -1.148768335629762882e+00 -1.218726211044905083e+00 -1.288382205004850789e+00 -1.357029086652834948e+00 -1.424553251905295026e+00 -1.490929690987929934e+00 -1.555975841438020701e+00 -1.619691538002408615e+00 -1.682472092861380997e+00 -1.743783649683478654e+00 -1.804034969583740100e+00 -1.863301910317274546e+00 -1.921186545021071446e+00 -1.977593324677056508e+00 -2.080631565205284250e+00
-8.204434542968574995e-02 -8.062615853424712209e-02 -9.793009235281817382e-02 -1.213256340163749447e-01 -1.496494487157883357e-01 -1.832203863544136779e-01 -2.227919048662773127e-01 -2.685116191522318174e-01 -3.210359710697153757e-01 -3.800264837277846919e-01 -4.453973848471596275e-01 -5.158560340322826399e-01 -5.911237892650478276e-01 -6.696520178084062191e-01 -7.502970271098108324e-01 -8.324298161944099217e-01 -9.140524753903351840e-01 -9.947795984724594476e-01 -1.073311950664718406e+00 -1.148673330222746092e+00 -1.220563508979370049e+00 -1.288540105266644531e+00 -1.352250294180201040e+00 -1.412001840820817700e+00 -1.467354619422986062e+00 -1.518697500746994500e+00 -1.566159699342743794e+00 -1.609379918696261402e+00 -1.648064598853710372e+00 -1.683786731942200410e+00
6.303389840605624905e-02 1.751018373972767495e-01 2.640182915738298886e-01 3.517543317161407890e-01 4.385916162335946056e-01 5.237192436716627819e-01 6.063313160960777104e-01 6.854359315039028067e-01 7.611386534254019898e-01 8.327117298431998549e-01 9.003515335916580931e-01 9.636163353962593492e-01 1.022921210380451473e+00 1.078609254551828878e+00 1.130238959446922431e+00 1.178486190322941329e+00 1.222928521712135286e+00 1.264222187854525226e+00 1.302114319851249924e+00 1.336954735388398152e+00 1.369004418832308279e+00 1.398363384853523295e+00 1.425605255108888469e+00 1.451226965890118681e+00 1.475295752073011668e+00 1.498382602236458361e+00 1.520816020318241923e+00 1.542608209267867236e+00 1.564070431042005271e+00 1.598363931291404416e+00
-2.195833477297901189e-03 -5.958166046659562481e-03 -1.059028314347505891e-02 -1.529189019309896459e-02 -1.973587873894661060e-02 -2.357987650774278146e-02 -2.667615552802952289e-02 -2.879397300710087246e-02 -3.001678763324246504e-02 -3.036780700501660532e-02 -3.017591689358428697e-02 -2.976452485718614899e-02 -2.945539952255011792e-02 -2.977816416150057613e-02 -3.112266449221438511e-02 -3.404135208752295805e-02 -3.876391052471027387e-02 -4.573848906460786096e-02 -5.508836700071299136e-02 -6.696502356130226707e-02 -8.137063121146395628e-02 -9.831507722360811885e-02 -1.176517299417554063e-01 -1.393869478540042950e-01 -1.631867368692803133e-01 -1.889822922076470069e-01 -2.166443894936815329e-01 -2.460089820383695725e-01 -2.770496093627315415e-01 -3.645569919842819306e-01
