1.170799408829028242e-02 7.475149683611351237e-02 1.313805206225988620e-01 1.896597493357777553e-01 2.494012134358286337e-01 3.095177623562336833e-01 3.690960395015224771e-01 4.284334711972321297e-01 4.864388252051744521e-01 5.426279678605595569e-01 5.965828137731445935e-01 6.486513080158083921e-01 6.969723436412245121e-01 7.415469053127574650e-01 7.815265501707905349e-01 8.166592959906114890e-01 8.460505851164621394e-01 8.684970240194194169e-01 8.850220396122189248e-01 8.944865907435330943e-01 8.973340318135998306e-01 8.940753564480572457e-01 8.851948253813662904e-01 8.714459213021741313e-01 8.528739819142902023e-01 8.309191416403685082e-01 8.064580844288272710e-01 7.794872098348372136e-01 7.504320135119761925e-01 6.534293491572272794e-01
2.529091137462734576e-03 6.485377654419097193e-02 1.120783227981340946e-01 1.581335436361729907e-01 2.035063107628695411e-01 2.472660911791557670e-01 2.883821567666637886e-01 3.271869036913950257e-01 3.625079503144277293e-01 3.942515844583890372e-01 4.221924884920105203e-01 4.469389024160948520e-01 4.676511896883735475e-01 4.847461416007570190e-01 4.981995494382502887e-01 5.081741644018624715e-01 5.144630910049327044e-01 5.168158351873289869e-01 5.162994976201498165e-01 5.122318709638375989e-01 5.051643952009915450e-01 4.956416546487870667e-01 4.838645202754711105e-01 4.703859838640866986e-01 4.551857358039740342e-01 4.390111952094335468e-01 4.223489589355293727e-01 4.051267278917905501e-01 3.876268723755944556e-01 3.378517189509642193e-01
-4.515019128874503407e-03 -2.783818362756167869e-02 -4.352428089250787863e-02 -5.778887484168351851e-02 -7.076053882085814317e-02 -8.194655893139127234e-02 -9.069146366144503757e-02 -9.705252580019969877e-02 -1.005251006039641626e-01 -1.010032070901997342e-01 -9.872732135506745443e-02 -9.362980777999301008e-02 -8.568111762295445299e-02 -7.533458888123703567e-02 -6.277233656771125103e-02 -4.786105427423353875e-02 -3.117901236490951133e-02 -1.288336663780184979e-02 6.572238533680344053e-03 2.717832206130915002e-02 4.861299292449729192e-02 7.046019546484222351e-02 9.260081594955274498e-02 1.145175016648145444e-01 1.367080330898707008e-01 1.584437393859715049e-01 1.796843436217578638e-01 2.002996054579949392e-01 2.200748612591260644e-01 2.596944342484622803e-01
-3.259819817450966897e-03 7.807614683574166936e-03 1.418614129153182579e-02 1.981741863470458387e-02 2.516211121383902377e-02 3.025631914835242783e-02 3.511729355502440919e-02 3.988314717400488763e-02 4.440868409347842327e-02 4.886126591832856692e-02 5.310316883479383049e-02 5.753596506012252643e-02 6.218122012125420345e-02 6.711015045622981123e-02 7.249949694631305230e-02 7.866424011330791499e-02 8.540673978022864099e-02 9.284301076966670896e-02 1.011396176840922284e-01 1.101784718588398604e-01 1.199806479039364354e-01 1.304826330677935076e-01 1.415606977484307472e-01 1.529829518226524243e-01 1.650339036018132755e-01 1.772528233622597815e-01 1.896302762015182053e-01 2.019989895810011260e-01 2.142613993502027747e-01 2.415634402181487950e-01
2.257585748342626902e-03 2.865081230385220848e-02 4.515135931593580731e-02 6.000048162531879115e-02 7.388890164281385065e-02 8.697562106562160833e-02 9.928746162512210038e-02 1.109704469087996886e-01 1.217664766751767602e-01 1.317587112492570045e-01 1.405792317297107075e-01 1.484449228353898198e-01 1.551527779243025151e-01 1.603840048716493327e-01 1.640330639335373375e-01 1.661582590123514835e-01 1.663394792149363588e-01 1.644372418737108654e-01 1.606794924128752411e-01 1.547230408351972508e-01 1.468096577804293701e-01 1.369658934691384833e-01 1.253778177187437892e-01 1.121111018058119219e-01 9.727647133819326830e-02 8.091418436207288567e-02 6.334265174720958569e-02 4.448547679886615674e-02 2.431992521446731809e-02 -3.640543910481044976e-02
4.293808386562936175e-02 1.076321011789006243e-01 1.718783331408811899e-01 2.381844963027744955e-01 3.077311631120663304e-01 3.800903407445196946e-01 4.556333509641558588e-01 5.353527422065788022e-01 6.190755676872701230e-01 7.061450348155381418e-01 7.968760761744637655e-01 8.922019038056271389e-01 9.892630323451254704e-01 1.088881942441588313e+00 1.189992764597369357e+00 1.292793512697517189e+00 1.395928164279856443e+00 1.497185560982696284e+00 1.597552986972759825e+00 1.695602529669673730e+00 1.790696836070210463e+00 1.882444473883097213e+00 1.970519158327536102e+00 2.054363142046856883e+00 2.134585602699665685e+00 2.211276089330377559e+00 2.284505616991616250e+00 2.353527477050128436e+00 2.418312476010564982e+00 2.520454408188408824e+00
1.449520112880572920e-02 9.153618828452494971e-02 1.531047853447387030e-01 2.137424199072890940e-01 2.743043939857887636e-01 3.337782759030852864e-01 3.912047692525348341e-01 4.472155832127247543e-01 5.006190667086145574e-01 5.511805013543568110e-01 5.988889534033046136e-01 6.445850699899755565e-01 6.867879080783068080e-01 7.262894982501113539e-01 7.628963120855152269e-01 7.968299991000307170e-01 8.277178648946343920e-01 8.548454145391360948e-01 8.795314898648877167e-01 9.008344805677531708e-01 9.190776242821641073e-01 9.347465288743719292e-01 9.478451288952269849e-01 9.587315932203037683e-01 9.674976883148007634e-01 9.748183480934213829e-01 9.810824380672511502e-01 9.859872972618443088e-01 9.897510984279724866e-01 9.795199817054597302e-01
-4.696213491824938711e-03 7.010976807050548279e-03 1.305334484223095136e-02 1.798120070778027463e-02 2.241267294906046717e-02 2.625390434331995732e-02 2.940969792523780157e-02 3.212450249607048947e-02 3.418225834875107672e-02 3.585788067488597519e-02 3.720627150941770156e-02 3.888259952358780192e-02 4.106374399819012755e-02 4.423876191675177316e-02 4.888952824712815282e-02 5.556653209909116070e-02 6.431835194157742297e-02 7.550681040492950025e-02 8.941741186416880816e-02 1.060498037397031579e-01 1.253413818554107162e-01 1.472441530392231135e-01 1.713816126302622755e-01 1.973601585706822592e-01 2.255167981853521963e-01 2.550639827477623189e-01 2.857605484986699418e-01 3.173370443651737927e-01 3.496373913271599854e-01 4.318367333930930307e-01
1.350213417074055261e-03 -1.096722417897091559e-03 -1.539888958614074946e-03 -1.518978163195138648e-03 -6.654289136197519272e-04 1.302021998304467298e-03 4.812193518322328833e-03 1.005112604078425842e-02 1.725866714575279709e-02 2.653087293913498554e-02 3.783198555788780393e-02 5.153677174162979435e-02 6.743076279998999611e-02 8.556303637393682104e-02 1.059133515278544296e-01 1.287895869922756620e-01 1.537682573924236684e-01 1.806549376957897191e-01 2.094013194665607092e-01 2.398692282329409342e-01 2.717439037939947122e-01 3.047007240897042224e-01 3.384640819919671473e-01 3.724580918413269992e-01 4.071619787360494791e-01 4.418018632956334235e-01 4.762132669674551400e-01 5.101079447959090407e-01 5.432635641135559190e-01 6.138119381410584996e-01
1.352823270257794835e-03 1.988253896490370376e-02 3.188533406083636501e-02 4.285628379797094129e-02 5.335264022688514240e-02 6.354051062038179598e-02 7.352261359418472975e-02 8.345370209642352655e-02 9.318748853512522079e-02 1.028167202885100218e-01 1.120527258493292933e-01 1.211617839221740822e-01 1.299342048084207446e-01 1.381576084543119920e-01 1.457547334345565826e-01 1.528503711827969014e-01 1.590362318612279502e-01 1.641734931815492515e-01 1.684305711712108522e-01 1.715270524207446190e-01 1.735686603219209201e-01 1.745067672450296981e-01 1.744049480225679238e-01 1.731758562416212954e-01 1.710190029087347574e-01 1.677762716890668360e-01 1.636432347069230742e-01 1.584987218298692380e-01 1.522830345680880881e-01 1.267558535130966502e-01
4.414679768896671505e-03 7.245922261452977797e-02 1.175057510529137206e-01 1.584205767490534655e-01 1.969736276833144450e-01 2.323763000165184889e-01 2.636931492816049771e-01 2.917308028982585899e-01 3.153660772848155269e-01 3.349327833063932003e-01 3.508729659682485735e-01 3.645820172853135865e-01 3.758611263935924818e-01 3.863737377929088446e-01 3.971196744054172889e-01 4.090519676783004877e-01 4.227463246097269978e-01 4.387412101627782279e-01 4.583839042927260743e-01 4.814230931922368062e-01 5.080520299534376782e-01 5.386638605612694697e-01 5.725797586016427854e-01 6.095757533243425508e-01 6.497964396616433547e-01 6.925645471059280744e-01 7.374786632412972942e-01 7.840008123497751447e-01 8.320446810842379026e-01 9.552361222775583860e-01
3.806079480282938826e-03 -5.665607668863199137e-02 -1.032372880534826454e-01 -1.489217381755425229e-01 -1.933007778612294003e-01 -2.344065109464007757e-01 -2.700785378018438765e-01 -3.004355306960906913e-01 -3.237415062748419947e-01 -3.397755802057221830e-01 -3.488775764613150643e-01 -3.514436588007801010e-01 -3.470706338448814043e-01 -3.370721711515713981e-01 -3.219544260683366854e-01 -3.017716877547580445e-01 -2.775690618730539683e-01 -2.497367965866088557e-01 -2.197238239550655670e-01 -1.872914178148287201e-01 -1.533030562157085552e-01 -1.188951979861928299e-01 -8.428655633704845718e-02 -5.070985720955929060e-02 -1.743669054598129264e-02 1.390204297057737182e-02 4.304759822774339301e-02 6.974435273894338816e-02 9.333791063876097083e-02 1.257214164043725102e-01
1.142312946004385779e-02 3.926498946618106611e-02 6.535159828931727533e-02 9.235892007176452201e-02 1.204451913308824673e-01 1.495762478792314609e-01 1.798631324330354497e-01 2.115072036864504013e-01 2.443141793886909330e-01 2.780354171142648267e-01 3.122440838054961754e-01 3.470568520762304376e-01 3.813098409557461044e-01 4.145310170937270833e-01 4.459667724069479311e-01 4.754077927178119167e-01 5.018854585010135150e-01 5.244195910612529099e-01 5.432777498226839530e-01 5.577188050411930886e-01 5.678005756214276056e-01 5.734998620563750427e-01 5.751228474402038104e-01 5.727881218942624253e-01 5.667196658546714838e-01 5.574062327365633118e-01 5.453986454618224844e-01 5.305892576650252934e-01 5.130417961472039101e-01 4.419764090965282999e-01
5.437890884327273647e-03 -1.768178382325614334e-02 -2.988135792636288646e-02 -3.983952798202384377e-02 -4.764091199256156178e-02 -5.252719238996542139e-02 -5.345036657654282652e-02 -5.040283984525338601e-02 -4.260781882995634540e-02 -3.014649919908074863e-02 -1.332127209235907730e-02 7.772121218336664611e-03 3.261664936675266052e-02 6.045736920182898100e-02 9.063280814934487895e-02 1.230503283201587056e-01 1.566847227029664336e-01 1.907659374078532477e-01 2.247115967555226301e-01 2.582600588745794790e-01 2.909095392776740452e-01 3.220550075767976139e-01 3.516890199226243574e-01 3.791870491125476361e-01 4.051162723167308632e-01 4.288934524042531393e-01 4.506050239039644523e-01 4.700512989488254689e-01 4.869631897469495208e-01 5.029049335510964447e-01
-9.890841117217049477e-03 -2.994010006638849961e-02 -4.538073895244373879e-02 -6.004180999332216218e-02 -7.400777349086362644e-02 -8.695177478237921254e-02 -9.846923923620948260e-02 -1.086538071181691323e-01 -1.171938415063695088e-01 -1.238930195454765459e-01 -1.289582367464165991e-01 -1.322387956321621205e-01 -1.334208222886659745e-01 -1.327889174833062902e-01 -1.302620118846965769e-01 -1.255921353495219606e-01 -1.190996094166389269e-01 -1.106123403734921989e-01 -1.004696502542145181e-01 -8.856412723496298600e-02 -7.507519742838264509e-02 -6.029902856902411012e-02 -4.437082236498932075e-02 -2.771622313757646922e-02 -9.905737211606344822e-03 8.318365794563666038e-03 2.686720115380605151e-02 4.565599891306328095e-02 6.451533405692248813e-02 1.109638744464996885e-01
1.307059182219741551e-02 5.298992029028385536e-02 8.626322776105678491e-02 1.192377327012213994e-01 1.526840856100390442e-01 1.863697532977885707e-01 2.202031958959676794e-01 2.546703860256194218e-01 2.893983263024845209e-01 3.242811564827744464e-01 3.593034033699342156e-01 3.950886087071464603e-01 4.305906860069688702e-01 4.662021571600625247e-01 5.016990146065763989e-01 5.373187196428272916e-01 5.725348783201343883e-01 6.066906032562888740e-01 6.404230711575167323e-01 6.731036247562209862e-01 7.046509925109341044e-01 7.350543088204638531e-01 7.641649798411018768e-01 7.917734496919729414e-01 8.181887712512869726e-01 8.433273452328542419e-01 8.672978685299430612e-01 8.897418573104228789e-01 9.106234002914934678e-01 9.405033943165693744e-01
-2.781289553157822655e-02 -5.369086010010896970e-02 -7.739519198268501876e-02 -1.006926301690115599e-01 -1.241699083820711480e-01 -1.478139981011897253e-01 -1.717357412424120600e-01 -1.963710029992075667e-01 -2.217480438595266778e-01 -2.475316104271050033e-01 -2.741497963930895621e-01 -3.016221303563352829e-01 -3.289067353506296421e-01 -3.564982536951766257e-01 -3.840026012632817287e-01 -4.111840217030939826e-01 -4.379999409383829034e-01 -4.636107381222306367e-01 -4.883939320520628846e-01 -5.119686585372014154e-01 -5.340493092028452127e-01 -5.546599948012909120e-01 -5.736513315099728283e-01 -5.909618491599198942e-01 -6.063771494994302236e-01 -6.202812839679855417e-01 -6.325783336120935907e-01 -6.430124873695125531e-01 -6.515234405777603488e-01 -6.503547701575296269e-01
-4.964376898152851082e-03 2.255761167129766848e-02 4.007323973495975633e-02 5.621713264925461140e-02 7.144217113518458451e-02 8.548746979492471976e-02 9.796133228636705326e-02 1.089772367460824787e-01 1.179981411781946127e-01 1.251589984181458726e-01 1.302009525963068459e-01 1.335125056169906288e-01 1.350557480348343886e-01 1.348753353463953419e-01 1.331456469968568257e-01 1.300952916800483805e-01 1.255970801752028521e-01 1.198184126434700125e-01 1.131768959078668924e-01 1.054391700580991631e-01 9.693587764094743764e-02 8.786294193866062141e-02 7.831053868484291747e-02 6.843556427507041517e-02 5.833580054371444862e-02 4.805314568887484455e-02 3.782088037841189326e-02 2.759626088239373193e-02 1.744697260846184844e-02 -7.325132725997138966e-03
-2.086941397383321184e-02 -4.052367561043675181e-02 -6.291101223116260521e-02 -8.635147739237328257e-02 -1.109801443589338715e-01 -1.362815831883333884e-01 -1.619859723046538358e-01 -1.885389408819989621e-01 -2.157876771561929030e-01 -2.434004112271375697e-01 -2.720603139798140613e-01 -3.020480889917239731e-01 -3.323240705216482516e-01 -3.639678193418308672e-01 -3.968590580340612961e-01 -4.310248146971671357e-01 -4.667014265185779331e-01 -5.032547024658530210e-01 -5.412616833521580739e-01 -5.804614283641515993e-01 -6.204655948164190526e-01 -6.613794407117300489e-01 -7.027750671867228904e-01 -7.444747406731002659e-01 -7.864037200326386978e-01 -8.287057539741260470e-01 -8.710233693769818819e-01 -9.130353054127657852e-01 -9.547254843076931063e-01 -1.045443019102151316e+00
8.012647171396911766e-03 8.483308949979340152e-02 1.478102145909868104e-01 2.110061756539211020e-01 2.743236483146774818e-01 3.365722532797805755e-01 3.965137600360919001e-01 4.543547853242672074e-01 5.086604282011053524e-01 5.590024471128088868e-01 6.047178642821212646e-01 6.460370659888751144e-01 6.813245454939842460e-01 7.103210929475671787e-01 7.322315522823900080e-01 7.466723413132970721e-01 7.528539542855310351e-01 7.498088964873657059e-01 7.386892752405580520e-01 7.183319519155841881e-01 6.895959064002974426e-01 6.532599247893392524e-01 6.101043824274753336e-01 5.613479640519423164e-01 5.067729909205846983e-01 4.483128980952840181e-01 3.871375109417459770e-01 3.234395751955778664e-01 2.577934854113798635e-01 7.635053233437705256e-02
3.597549355664252102e-02 1.148911799571481207e-01 1.919137040831157548e-01 2.718130219539557357e-01 3.552788541750909190e-01 4.410771719691856663e-01 5.287692579100017332e-01 6.192872425195763419e-01 7.118336984002953116e-01 8.056524781324740925e-01 9.010783873897465490e-01 9.991574935673924740e-01 1.096856442320282676e+00 1.195330955168794507e+00 1.293598291436532488e+00 1.391864228015997185e+00 1.488975767120959581e+00 1.582830929590725466e+00 1.674826020593129350e+00 1.763433655580851411e+00 1.848300251486221457e+00 1.929453518729924433e+00 2.006676630354360391e+00 2.079864547802134922e+00 2.149513035461769306e+00 2.216295143906258147e+00 2.280462593766338308e+00 2.341398834595088019e+00 2.399309527047456925e+00 2.493794249653833006e+00
-1.895027755648391252e-02 6.736392151336324449e-03 1.965764801824319147e-02 3.063798727731345539e-02 3.993886556627591899e-02 4.689505600171860189e-02 5.059616473265896031e-02 5.103969500863395764e-02 4.734182913221333250e-02 3.982919271601370603e-02 2.831186659986950627e-02 1.333815199356601366e-02 -4.496897103713173166e-03 -2.481302231780106379e-02 -4.689660188332457624e-02 -7.027064790301576491e-02 -9.454079086257027864e-02 -1.188322809877594699e-01 -1.425859714080467688e-01 -1.657377461487243020e-01 -1.877113090107044024e-01 -2.080886048490690476e-01 -2.268543551303932038e-01 -2.436691204160933155e-01 -2.585266553413665958e-01 -2.714671584518195679e-01 -2.823791069455601765e-01 -2.911863284025233423e-01 -2.977184757662159065e-01 -2.923745466186729591e-01
7.094079105222268755e-02 2.584661121835913900e-01 4.309460549494528725e-01 6.073412491757912424e-01 7.892374786474348758e-01 9.730735241301229355e-01 1.156890899028828912e+00 1.342591538228055992e+00 1.527704507164836523e+00 1.710651956111156835e+00 1.892407017678751302e+00 2.075216024799432901e+00 2.253408124734607831e+00 2.430068466442098618e+00 2.603753264875170892e+00 2.775026521678058966e+00 2.942447724473180148e+00 3.102473412422241061e+00 3.258398600589511140e+00 3.407322496903687270e+00 3.549096117289578078e+00 3.684351859858979950e+00 3.812647444691757759e+00 3.934745196969675174e+00 4.051073514339448067e+00 4.163784962187908611e+00 4.273355902381427818e+00 4.378853447423541212e+00 4.481128662952453823e+00 4.661966691726598278e+00
3.001948050481523939e-02 1.239608249979773508e-01 2.052589620620225985e-01 2.867927354078561031e-01 3.698198506449787426e-01 4.529750660244586391e-01 5.353668010177430325e-01 6.180582898941127112e-01 6.998528221637312363e-01 7.802925159160857271e-01 8.598588319229369947e-01 9.399158578734871927e-01 1.018035199641559974e+00 1.095898862510117144e+00 1.173202578790193851e+00 1.250467452065568086e+00 1.327177442627274662e+00 1.401985070492330676e+00 1.476634027630704171e+00 1.549853019783584696e+00 1.621521594237478103e+00 1.691934216350843734e+00 1.760641474128381567e+00 1.827583648202641520e+00 1.893102191568076131e+00 1.957581685093515711e+00 2.021052983235394507e+00 2.082859093440674769e+00 2.143177146795749000e+00 2.258884796759432767e+00
-1.290670644073647379e-02 -2.537714418470378083e-02 -3.882348874333260702e-02 -5.271967050573485303e-02 -6.701239527785227135e-02 -8.134206583604002005e-02 -9.544733655173244513e-02 -1.095083984873805594e-01 -1.233850373435624315e-01 -1.368197610100740924e-01 -1.501992423389282294e-01 -1.634932786453939246e-01 -1.761278711802614083e-01 -1.886336610788836854e-01 -2.008713428283336877e-01 -2.126874720643963657e-01 -2.243225723578743946e-01 -2.354024373283639116e-01 -2.462469985794381311e-01 -2.567247866530414924e-01 -2.667297422386962769e-01 -2.764239326838054955e-01 -2.857122604548452682e-01 -2.947377597375497871e-01 -3.032514417530128292e-01 -3.117113174694944866e-01 -3.200114724485308981e-01 -3.280983928629868096e-01 -3.360636532491544926e-01 -3.513847902119565658e-01
1.715098943002401830e-02 7.439678687955206260e-02 1.216978056984319295e-01 1.686808107820557123e-01 2.160430801151217439e-01 2.633691122009343411e-01 3.103332743591082354e-01 3.574090092996256018e-01 4.039423774984712279e-01 4.496625981520603887e-01 4.943419571089269215e-01 5.384577279248276005e-01 5.805638577693702507e-01 6.207811784513243003e-01 6.585578237885569841e-01 6.938692841883473683e-01 7.259606749454327046e-01 7.538492833632772783e-01 7.783528401078465553e-01 7.985478523695435094e-01 8.146025469444172495e-01 8.267024767035259236e-01 8.350208554588707255e-01 8.397579909880995563e-01 8.410726206501498714e-01 8.395583121618440670e-01 8.357092983195798519e-01 8.292799547327580623e-01 8.203936556778119726e-01 7.700608546199725346e-01
-2.113560488752310590e-02 -4.807007685155275517e-02 -7.457860903436605571e-02 -1.016021344905538165e-01 -1.293108047384006754e-01 -1.572083612536422648e-01 -1.849633772349539851e-01 -2.129598295434294020e-01 -2.409371481197309650e-01 -2.685323817236541788e-01 -2.962513522151110079e-01 -3.242305046964041870e-01 -3.514194410309431360e-01 -3.786138478548086161e-01 -4.055636457098676928e-01 -4.321363248562604675e-01 -4.584803164508949869e-01 -4.839074609226684531e-01 -5.089997698089532285e-01 -5.334091550939995541e-01 -5.569474306547391729e-01 -5.798066091281270928e-01 -6.018007454232534581e-01 -6.230137115692763183e-01 -6.432307057709536480e-01 -6.629685805364320395e-01 -6.821050650137794324e-01 -7.004387833062450941e-01 -7.180388635911333362e-01 -7.482577955139765313e-01
-1.924235141607178595e-02 -4.543801324627180782e-02 -6.545258592695304967e-02 -8.359888676467286395e-02 -1.009056956399105587e-01 -1.170325971840393553e-01 -1.316967968895085273e-01 -1.455414379695114668e-01 -1.583502864785514830e-01 -1.701387037508834965e-01 -1.818501092975693401e-01 -1.941717032189581582e-01 -2.067544534376799525e-01 -2.212694749743948641e-01 -2.383252729948273640e-01 -2.584018207622405527e-01 -2.823118356549997321e-01 -3.101510568026621395e-01 -3.426584668010708712e-01 -3.799074162756305717e-01 -4.214781904602425966e-01 -4.674952479171603503e-01 -5.171046258565069609e-01 -5.698301493868340728e-01 -6.255941123651388436e-01 -6.837757406972743146e-01 -7.435874883267752367e-01 -8.045447937237300007e-01 -8.664835161496468041e-01 -1.019909819676933616e+00
-1.312163329227891348e-03 4.205772580198851446e-02 6.581257039737398173e-02 8.580027648375861127e-02 1.032116620871956908e-01 1.180698824406315184e-01 1.300401181803907402e-01 1.393238307304154322e-01 1.453086643240038556e-01 1.482221283271002998e-01 1.477453700667676895e-01 1.442512457826222172e-01 1.379166981771698386e-01 1.286787100123052141e-01 1.168285049922690860e-01 1.025807836183837418e-01 8.590252834003528348e-02 6.710055483365050255e-02 4.667520081510360963e-02 2.437172167730109959e-02 7.035018076546710464e-04 -2.410193581410408764e-02 -4.984937099106216685e-02 -7.630600869195067193e-02 -1.035284968902797226e-01 -1.314384478693013114e-01 -1.597429468483167747e-01 -1.884973679353771359e-01 -2.176735148363301287e-01 -2.909004770884235369e-01
1.302607380372883782e-02 5.739739843905495437e-02 9.318196520689904505e-02 1.283136544765255127e-01 1.636394044468024167e-01 1.988904895054418309e-01 2.339036204138948694e-01 2.691619999526436713e-01 3.042110885632836048e-01 3.389472200314219141e-01 3.733358730007256820e-01 4.079960495667364073e-01 4.419088178882153439e-01 4.754613589617692204e-01 5.084519515444682058e-01 5.411081780155357901e-01 5.729336435880465483e-01 6.033077862454738760e-01 6.329191764185189140e-01 6.611221194324717887e-01 6.879079527038136632e-01 7.133210220560061154e-01 7.372534476299656969e-01 7.595729223697063048e-01 7.805451789791779671e-01 8.001672163374524693e-01 8.185898771966333420e-01 8.354727982777478967e-01 8.507962415887255769e-01 8.675530322694986474e-01
-2.172384088323009443e-02 -4.403765910534757771e-02 -6.818739140344033667e-02 -9.325839980356108450e-02 -1.193759623581841373e-01 -1.460579314815440566e-01 -1.730489358650182108e-01 -2.007609169750939615e-01 -2.290204945678496196e-01 -2.574638358127561699e-01 -2.866679478393519553e-01 -3.168189624153092132e-01 -3.468224126094955895e-01 -3.775685675938508234e-01 -4.088171738024928836e-01 -4.404866373948975733e-01 -4.727173481903473862e-01 -5.047915919639753835e-01 -5.372599751967791493e-01 -5.698009754589082876e-01 -6.021067365653268721e-01 -6.343109154630176549e-01 -6.661223748679057088e-01 -6.974913161495890357e-01 -7.282784488117233224e-01 -7.588354911509989087e-01 -7.889425404140434361e-01 -8.183398214579881147e-01 -8.470506821681906828e-01 -9.038093228047224814e-01
-2.751766142946363708e-02 -8.098304491609431555e-02 -1.297410002358191372e-01 -1.790548781761890362e-01 -2.291021547169601602e-01 -2.789787606069525361e-01 -3.279402385515995388e-01 -3.764805124583469054e-01 -4.238972888226520963e-01 -4.696324196909287263e-01 -5.141029872198080719e-01 -5.574968675986883282e-01 -5.981382358936749855e-01 -6.368668444164413689e-01 -6.731686673201764393e-01 -7.067509927828041771e-01 -7.376038194410907689e-01 -7.646431084583197313e-01 -7.888811058162286116e-01 -8.095852530982621253e-01 -8.268041332086371042e-01 -8.409719528886409057e-01 -8.521462703240515468e-01 -8.607806080468112242e-01 -8.665001719993913332e-01 -8.705243707062195746e-01 -8.730365921003744312e-01 -8.738613865797302260e-01 -8.732415423520651920e-01 -8.506474696276422609e-01
-9.990978039286967094e-03 5.935218505287291613e-02 1.061431455853528855e-01 1.500664743038663818e-01 1.917341569769718534e-01 2.298645499242733536e-01 2.628719550199611898e-01 2.910326873078453724e-01 3.127322933768885149e-01 3.281275180569696026e-01 3.370391531642093486e-01 3.402692372203421356e-01 3.376841008671257471e-01 3.300452780233386063e-01 3.179419889171841707e-01 3.017880480811593324e-01 2.819681142095726289e-01 2.590318401400038550e-01 2.342676123040772773e-01 2.072864341821063772e-01 1.789784526392178832e-01 1.501842213901373735e-01 1.210473838140670999e-01 9.237735910417904650e-02 6.397014582304091923e-02 3.653767559253334740e-02 1.048108578700045201e-02 -1.415275438917376616e-02 -3.698824118958852353e-02 -7.862495239269327862e-02
1.907118401355788195e-02 7.069423894275853049e-02 1.154174546347047914e-01 1.601263110004116919e-01 2.058244221447496913e-01 2.520029300217691004e-01 2.984457960394825138e-01 3.458660967623555793e-01 3.937649492566152043e-01 4.419612838499291652e-01 4.907184393960813407e-01 5.409869248945977649e-01 5.913344786160792399e-01 6.427224494380632258e-01 6.950001262218589160e-01 7.486120957225610439e-01 8.030865565642645310e-01 8.575846574022968349e-01 9.130574410959664267e-01 9.687393022794930086e-01 1.024387643647378221e+00 1.079974105023063125e+00 1.135100311536088480e+00 1.189375705360119051e+00 1.243211705554256419e+00 1.296371005948929289e+00 1.348753983709560789e+00 1.399817504937073576e+00 1.449511779979381965e+00 1.546969751267320614e+00
5.086001700246371021e-03 4.006342821453952319e-02 6.706428523395295549e-02 9.336975982795087114e-02 1.196108856237330514e-01 1.454912741095880646e-01 1.707469731833800020e-01 1.957217028628696898e-01 2.199444511292464322e-01 2.434146730945249970e-01 2.660551228243373534e-01 2.884282894858194446e-01 3.099193640141260087e-01 3.308582208706704053e-01 3.512325022890767645e-01 3.713117333801972952e-01 3.907791850520167531e-01 4.093555230639899234e-01 4.276179971134003721e-01 4.451173506905443111e-01 4.619336882741018613e-01 4.781589116202279444e-01 4.937017144297294324e-01 5.084883956478993827e-01 5.227549295161397769e-01 5.364275464156754714e-01 5.496284896897648542e-01 5.621118142868130052e-01 5.738725954792504025e-01 5.912741502381709813e-01
-2.916732774736101319e-02 -7.287463080166310669e-02 -1.179306130932813723e-01 -1.647171994981012910e-01 -2.133698680268426850e-01 -2.628173199018574713e-01 -3.123773327783269105e-01 -3.627283757338293779e-01 -4.133058770690772321e-01 -4.635842401476182317e-01 -5.143816360555197864e-01 -5.662491459349413558e-01 -6.173887179442605344e-01 -6.693318906327490048e-01 -7.218046967307113482e-01 -7.748572376640592285e-01 -8.286390727424557401e-01 -8.821063232432804213e-01 -9.363476165203723500e-01 -9.907476270871078405e-01 -1.044926311367476712e+00 -1.099200614311581115e+00 -1.153068743816257680e+00 -1.206491398726042386e+00 -1.259384829444574194e+00 -1.312241606715762732e+00 -1.364778211843171718e+00 -1.416540255914703339e+00 -1.467594956584763244e+00 -1.572549317283616466e+00
-1.493528167815403630e-02 -3.045625536945707409e-02 -4.354247843510156146e-02 -5.613581880303099292e-02 -6.835169440425697962e-02 -8.012991176281680783e-02 -9.138934858303510156e-02 -1.022353281999465180e-01 -1.125959439829657960e-01 -1.222205541790832989e-01 -1.312423512287243521e-01 -1.393895354965491995e-01 -1.461727535298807945e-01 -1.516148533565954137e-01 -1.553903644409239393e-01 -1.571215243163260888e-01 -1.568706359550926244e-01 -1.541922373054608331e-01 -1.492474977114723877e-01 -1.418444055852894070e-01 -1.320387310858915919e-01 -1.199865094556766265e-01 -1.058683355961396455e-01 -9.001669206116742761e-02 -7.205066208204194411e-02 -5.270018589290506594e-02 -3.211899869545507130e-02 -1.036459977134334548e-02 1.245595370538861435e-02 7.738883834720891586e-02
-4.717229600941091200e-02 -9.037650821048850980e-02 -1.409128888527803602e-01 -1.945842999819793473e-01 -2.515295525696379930e-01 -3.111298480462133531e-01 -3.733611170201764917e-01 -4.390428384250707472e-01 -5.080570652184032143e-01 -5.795960883426349852e-01 -6.543362935936090086e-01 -7.325677939187742460e-01 -8.115629743932303297e-01 -8.923205017359177038e-01 -9.737584250771751382e-01 -1.055538591105341206e+00 -1.137047101497111523e+00 -1.216244493639753177e+00 -1.294005911953717947e+00 -1.369296087298517817e+00 -1.441430726432658460e+00 -1.510472611601921145e+00 -1.576009873474113476e+00 -1.637858195028731423e+00 -1.696031923818544618e+00 -1.751203129724668184e+00 -1.803279942449631079e+00 -1.851666909329759081e+00 -1.896271509676249689e+00 -1.954957979986261307e+00
-5.684508158784563198e-03 -1.699810612705345003e-02 -2.583685367895379933e-02 -3.421599059259741726e-02 -4.205900901906801936e-02 -4.902387005577216877e-02 -5.471363116343765792e-02 -5.915441291138245211e-02 -6.209539866654868734e-02 -6.339073280978768654e-02 -6.327952897798511112e-02 -6.161153334362989842e-02 -5.826432384879218218e-02 -5.356281620446762953e-02 -4.753145812016811717e-02 -3.998572497381549379e-02 -3.133464148864387178e-02 -2.156651872728581817e-02 -1.092777765981487077e-02 5.602428172006186646e-04 1.275841240817135805e-02 2.539532445298995494e-02 3.840387224475703964e-02 5.141504537090111487e-02 6.481723190068819362e-02 7.801818157125864350e-02 9.101330485942395188e-02 1.036931787115065451e-01 1.158984701726054889e-01 1.408758983997255021e-01
-1.289566291374504535e-02 -1.011658070250235839e-02 -1.591750290732854220e-02 -2.382303229446789197e-02 -3.334231563254871911e-02 -4.417937335088045758e-02 -5.628690106631752815e-02 -6.977712876672616249e-02 -8.475754044816745381e-02 -1.008857757490776857e-01 -1.185288235516365890e-01 -1.375446270383162140e-01 -1.571769157725569355e-01 -1.777984532607458645e-01 -1.990423429296845348e-01 -2.206680458194177075e-01 -2.426960286559058377e-01 -2.645145362310787895e-01 -2.862265606157205489e-01 -3.076909400153748364e-01 -3.286121687226752908e-01 -3.490124620306660486e-01 -3.687826841601958838e-01 -3.879398222796003326e-01 -4.063644306297607978e-01 -4.244532038759184500e-01 -4.420907031270661092e-01 -4.592201604898732414e-01 -4.759013759971413848e-01 -5.084907276727664849e-01
4.411338558154788425e-02 1.822344046337639467e-01 3.027963115448943365e-01 4.240627345231412493e-01 5.477318071298660218e-01 6.714704915430992349e-01 7.937559548790602548e-01 9.161089468668084379e-01 1.036672461335687467e+00 1.154684510221702043e+00 1.271049757695672522e+00 1.387750724104237943e+00 1.501258121400095735e+00 1.614325434610530463e+00 1.726590305574137840e+00 1.838843837089528144e+00 1.950573707334599671e+00 2.059879125868639527e+00 2.169383076642200425e+00 2.277290208615568634e+00 2.383462416626069835e+00 2.488398823992731046e+00 2.591405038823018536e+00 2.692579205729710878e+00 2.792283693812861234e+00 2.891300472207058547e+00 2.989564195842829619e+00 3.086210437262116635e+00 3.181627341945381104e+00 3.375870061511351938e+00
-6.330290649692925029e-03 -1.728673786899247861e-02 -2.673709908357940757e-02 -3.603230751427266565e-02 -4.499941986591382559e-02 -5.329048705142726966e-02 -6.052058732754434650e-02 -6.670424701938748591e-02 -7.159883839711864151e-02 -7.501803840283324809e-02 -7.715690489371408722e-02 -7.781579855668807610e-02 -7.677089212907453608e-02 -7.425892679632287163e-02 -7.020112717636958766e-02 -6.434771814962744751e-02 -5.702357140728063489e-02 -4.811392091864991061e-02 -3.784677116892164184e-02 -2.619442890675445848e-02 -1.329988475843542177e-02 5.631182341276595726e-04 1.527193269256348074e-02 3.041478265978650453e-02 4.638359119149787491e-02 6.248483994407350028e-02 7.864650214455411181e-02 9.474223049936536523e-02 1.105925959465837854e-01 1.465735381703746065e-01
1.170270153552085274e-03 1.231423857740433954e-02 2.338862635086024627e-02 3.499377552467635571e-02 4.749399118671092379e-02 6.071538266199426326e-02 7.466636478575260083e-02 8.965056267712129268e-02 1.055523516496028880e-01 1.224411638351892428e-01 1.404254303411966165e-01 1.601390218528960518e-01 1.811698532064373035e-01 2.040308100334884411e-01 2.288532984022091377e-01 2.560905118040965323e-01 2.854985595477800286e-01 3.169261691958198401e-01 3.506949737362973774e-01 3.865907838830106580e-01 4.243662404259666010e-01 4.638806105799889168e-01 5.047524720715751423e-01 5.464977349666227946e-01 5.895711462482831067e-01 6.333105621741872415e-01 6.775023225281190387e-01 7.218091549316490996e-01 7.660979016556976884e-01 8.678209225495858714e-01
1.037321795571939306e-02 -8.036172740159972655e-03 -1.975655528029321775e-02 -3.050891360555216952e-02 -4.001694612082410535e-02 -4.707944361198626582e-02 -5.034017770107207523e-02 -4.980505325582248316e-02 -4.455094811223846152e-02 -3.464692343160304805e-02 -2.062402984486185614e-02 -2.818262106995653854e-03 1.828572282481385688e-02 4.142052422749013113e-02 6.571070626717782914e-02 9.083765640470281566e-02 1.155676259423642216e-01 1.389980848343219111e-01 1.603846289973505645e-01 1.793874739662387474e-01 1.956160573089679722e-01 2.084118790258723264e-01 2.179966673893897200e-01 2.238556153396195347e-01 2.264282289659540481e-01 2.253089475625733584e-01 2.207991383541366703e-01 2.127563266400031017e-01 2.008716973783057358e-01 1.379901238108397488e-01
4.259342953368369655e-03 5.871260290411477872e-02 1.002633073362566019e-01 1.407965402253496257e-01 1.808464410166130965e-01 2.196970008894478243e-01 2.565867005225009323e-01 2.918484115756962427e-01 3.245357210041934781e-01 3.545657979682503846e-01 3.817242534566992473e-01 4.065718897585672842e-01 4.282956411475849490e-01 4.472129307444906443e-01 4.632428610854701367e-01 4.765389660352523649e-01 4.868049600329470983e-01 4.937291557391870755e-01 4.982043508290731060e-01 4.995951294660017639e-01 4.983149564605847681e-01 4.947717947263990945e-01 4.891129200959233314e-01 4.817307916219011887e-01 4.726733227940994042e-01 4.624880917079285947e-01 4.515967891066919870e-01 4.398799078929826467e-01 4.275292517060351738e-01 3.872369781701190949e-01
-8.760164182997121768e-03 -1.207780426907108587e-02 -1.950632571725285230e-02 -2.810825256127971739e-02 -3.749562313592229995e-02 -4.728143811125187779e-02 -5.720647332399609458e-02 -6.732595939314657552e-02 -7.755213563542279198e-02 -8.761156151781480939e-02 -9.780997441941767512e-02 -1.079922918743854154e-01 -1.176650601637894422e-01 -1.271802744307799216e-01 -1.363299729657553860e-01 -1.448872477208595355e-01 -1.530427338200759935e-01 -1.604449401936597630e-01 -1.672694769443225649e-01 -1.734360649900399398e-01 -1.788606229348974064e-01 -1.837027649961552600e-01 -1.879531515574021650e-01 -1.918310774679949093e-01 -1.950914639797962646e-01 -1.982835443996184832e-01 -2.013684724632137657e-01 -2.043829589204005370e-01 -2.074550917358113644e-01 -2.131942240538420297e-01
-4.869582940333178761e-02 -1.382529287671726559e-01 -2.268815509084224358e-01 -3.184958801046008925e-01 -4.133694668587673537e-01 -5.094776403142187160e-01 -6.054786816852226750e-01 -7.025963525683565081e-01 -7.995733774144149208e-01 -8.955249731097487675e-01 -9.915834089276247543e-01 -1.088875031100833723e+00 -1.184068658711317612e+00 -1.279612210247474513e+00 -1.374934272916366940e+00 -1.470167072788657769e+00 -1.565255648269526123e+00 -1.658305956326621811e+00 -1.751385109286717423e+00 -1.843172397243774796e+00 -1.933199401327144962e+00 -2.022122251926514735e+00 -2.109159172237253799e+00 -2.194395189030187154e+00 -2.277769692025885195e+00 -2.360230851094736515e+00 -2.441524273517218457e+00 -2.520819983143430587e+00 -2.598221236285359392e+00 -2.745155871179476126e+00
-5.265693210980752076e-02 -2.954227071417304604e-02 -4.403738975465941452e-02 -6.767027905915432018e-02 -9.893347134894484030e-02 -1.380492587548624028e-01 -1.863469220730698539e-01 -2.442922202064757853e-01 -3.130849905221742557e-01 -3.915996307724455283e-01 -4.801230440908057506e-01 -5.781923955906723700e-01 -6.823995632175365866e-01 -7.924468456919049331e-01 -9.060700656419684584e-01 -1.022354491935921539e+00 -1.139505199641925426e+00 -1.254391066838411728e+00 -1.366750130662350182e+00 -1.475466968555926739e+00 -1.579161599945656524e+00 -1.677191114470928612e+00 -1.769226536198836630e+00 -1.854613411323245309e+00 -1.933809184989876861e+00 -2.007212898639987309e+00 -2.074818165112961132e+00 -2.136082012613185643e+00 -2.190696701197746510e+00 -2.247197617458227548e+00
2.733272222715024680e-02 1.744021923681957631e-01 2.958216297746836254e-01 4.166331017817359594e-01 5.380016122745259199e-01 6.572924987483994563e-01 7.721121115563376325e-01 8.837445861044908035e-01 9.896466225262400274e-01 1.089234279486285040e+00 1.182950293457326829e+00 1.272498857526859650e+00 1.354913938242517712e+00 1.432504118224868783e+00 1.505088147316832492e+00 1.573161848407119479e+00 1.636552565456117936e+00 1.694004383337351261e+00 1.748298006922209158e+00 1.797777181868185359e+00 1.842993678990652917e+00 1.885119902608208164e+00 1.923892928589376661e+00 1.960233880988353716e+00 1.994125258759799291e+00 2.027137464060863259e+00 2.059758655692348395e+00 2.091480439587732665e+00 2.122931745828088079e+00 2.176395261246420798e+00
-6.496018123973738498e-04 -9.825830948471100945e-03 -1.782992251938992495e-02 -2.564575475837420349e-02 -3.325904035738835168e-02 -3.988946401253894852e-02 -4.479948415593425215e-02 -4.817782542063925311e-02 -4.960385826265528708e-02 -4.906410266807574583e-02 -4.727241706830902918e-02 -4.460687507245220118e-02 -4.115710247187447102e-02 -3.824193701819408875e-02 -3.649510511852117889e-02 -3.625596362995441024e-02 -3.845431504949663876e-02 -4.352222493175503942e-02 -5.200462230394624352e-02 -6.415330790340746658e-02 -7.988001811413829312e-02 -9.948334440565272108e-02 -1.224862641383103745e-01 -1.488734383780083714e-01 -1.784604574859257609e-01 -2.111525757141264614e-01 -2.464251004532495848e-01 -2.841614783025739888e-01 -3.244511679680426863e-01 -4.418715481141535228e-01
