5.389711404510235532e-02 1.216825711839914781e-01 1.515711478530931133e-01 2.125570937648739722e-01 2.735785318416282808e-01 3.373431098028983888e-01 3.693993371695442618e-01 4.342447649963074308e-01 4.472476905866319408e-01 4.666094827302308401e-01 5.479472893078730644e-01 5.444149093292177666e-01 5.723213334510546257e-01 5.931182833872148397e-01 6.013423411014706677e-01 5.704168932081253862e-01 5.719886097901221156e-01 5.555289407356298614e-01 5.401781461764918468e-01 5.252612856672536079e-01 5.318831851026587509e-01 4.690450512783406189e-01 4.490528180210537901e-01 4.017266008685032030e-01 3.886471897277578025e-01 2.953334144259853744e-01 2.797077298311237969e-01 2.215283691172665603e-01 2.094784455956862357e-01 9.533276909349627792e-02
-2.069887238852060815e-03 5.810266501502223124e-02 5.913425070068021455e-02 7.381021961618391969e-02 9.564066013242998598e-02 1.176869064859435154e-01 1.740456368589067826e-01 1.765874598846453591e-01 2.235991557222680448e-01 1.605268910167693130e-01 2.267818178919541738e-01 2.075286831582013325e-01 2.009345992430555949e-01 2.413387186239263349e-01 2.074108084574933786e-01 2.210473088380279505e-01 2.024540918183374838e-01 1.753507116064440541e-01 2.071289580022461219e-01 1.652074657886552500e-01 1.758176675814869805e-01 1.501260908707273689e-01 1.336333647291503834e-01 9.391683007970781649e-02 1.047975202561923225e-01 1.097140959133125621e-01 5.120795191081968512e-02 8.968158957785681007e-02 4.396742436212205951e-02 1.520744644779262189e-02
-4.919010606885770506e-03 -3.949761095501547192e-02 -3.834032931366117974e-02 -4.701942757575422460e-02 -4.286727351359537891e-02 -5.703985166160144976e-02 -6.968438923586023348e-02 -8.192862245518206521e-02 -6.899861043659122339e-02 -5.861594421985555359e-02 -8.257712156305718754e-02 -5.650569054172676492e-02 -5.002926510060920484e-02 -5.941212052161316814e-02 -2.408812323563502833e-02 -3.763749342371713186e-02 7.827908985005155307e-05 4.398690113667988455e-04 1.895907491360518393e-02 3.268039055773261370e-02 4.119818407364965462e-02 8.317518654422756397e-02 9.369856488018021845e-02 1.204261785807957397e-01 1.193573798183968221e-01 1.469976443000812760e-01 1.926497517919193436e-01 2.023117995356329968e-01 2.256414497671379304e-01 2.972483087203940944e-01
-1.955640408393496260e-02 -3.236721546671936928e-02 -4.900572329174596176e-02 -5.440633080912246622e-02 -5.715861616666122885e-02 -7.346762727873540344e-02 -5.725433943925126168e-02 -6.062296456472143769e-02 -4.333542268704751455e-02 -5.897827983296961840e-02 -5.878573637097465887e-02 -4.035483471759980512e-02 -4.350619454626802884e-02 -4.241179912272043107e-02 -3.649323536200358570e-02 -2.845488265592471810e-02 -2.366334555100720050e-02 -2.307062336553625248e-02 -3.062378575152124860e-04 -6.066413404303916401e-03 4.127195178191038483e-03 3.343383861150128755e-03 5.982537412168920099e-03 -2.127155762322030519e-03 2.983297942941859349e-04 3.533716746299257055e-02 2.392128563121292961e-02 5.352695043146450671e-02 3.801365952479118099e-02 4.684210982766281312e-02
-1.466166238438057143e-03 -1.080395397260678139e-02 -7.385713342097726362e-03 -1.405418451707019650e-02 -1.744069972093318863e-02 -4.369203813319866292e-02 -1.836060321352923908e-02 -5.035393821734588521e-02 -1.278829112195301043e-02 -3.008723638482003332e-02 -2.691193990441088230e-02 -2.475332294994588705e-02 -3.739982578075271014e-02 -1.803488917712364747e-02 -1.019973825324491795e-02 -4.351939173314764431e-03 1.311651565042690204e-03 -1.968090313609352493e-03 1.005320000622854371e-02 5.388695142406238481e-03 1.021715059225643263e-02 1.492802504413660858e-02 -1.182469221020440719e-02 -2.032131278369855854e-02 -1.564910802764631070e-02 -2.875751142878152367e-02 -1.388348423380679486e-02 -3.107384947069732894e-02 -3.997712486792362463e-02 -7.447685767255152189e-02
1.201121188099613657e-01 1.726668110681592039e-01 2.044684569137480423e-01 2.589753233314009973e-01 3.372203715504594745e-01 3.655486156742389636e-01 4.415811259525296850e-01 5.070332188043971122e-01 5.852651773245687306e-01 6.205953677533847523e-01 7.133441145854831911e-01 7.683226839964276689e-01 8.245576299448417190e-01 9.453701727974732627e-01 1.025950375431970096e+00 1.103126559112774352e+00 1.174898754951611224e+00 1.261442351037296516e+00 1.377714080836478727e+00 1.413813271205107691e+00 1.519306854491708991e+00 1.630808432886501569e+00 1.712533696837627017e+00 1.768884477039820879e+00 1.884996985107600720e+00 1.974589126002125994e+00 2.092304444440197031e+00 2.220622301388447184e+00 2.262398109315212569e+00 2.402401851396677390e+00
6.392287261254640807e-02 1.415130174074387126e-01 1.637604191359078032e-01 2.186343797903338437e-01 3.019255538358461832e-01 3.490705421965516475e-01 3.977364697296956186e-01 4.740190139426329052e-01 5.374132732034032633e-01 5.403477660832699536e-01 6.042060326086491351e-01 6.624136382227235886e-01 7.186715688130562718e-01 7.603320532388797570e-01 8.154734730789543473e-01 8.212543768026184798e-01 8.611204728197465741e-01 8.816788070130293642e-01 9.488278316800227152e-01 9.332465460515584343e-01 9.714752421317324194e-01 9.875566984565840034e-01 1.016649921416219682e+00 9.976646571370415550e-01 1.027878164720858800e+00 1.046473489691302827e+00 1.041279340155288669e+00 1.088462346330967501e+00 1.077235219541502698e+00 1.041061007118306403e+00
-3.040140278384243985e-02 -5.352779982182913343e-03 -1.472744528176564774e-02 -2.507830192780884093e-02 -3.722597997465207365e-02 -3.110836001524620864e-02 -1.990432514461925803e-02 -3.883765530082006201e-02 -3.111703867125014539e-02 -7.749236877760379283e-02 -5.759107396181283034e-02 -7.274047412405755531e-02 -8.266333620491279899e-02 -8.484198521758971878e-02 -1.140287827920198338e-01 -1.121877761462938550e-01 -1.226304178132913980e-01 -1.441963922572919166e-01 -1.251502650026464769e-01 -1.421192201428803092e-01 -1.350716660217246845e-01 -1.516844731958867099e-01 -1.562709783526225471e-01 -1.797565168204272590e-01 -1.812870844965905059e-01 -1.460301901387406343e-01 -1.717437742809065637e-01 -1.427539054743337810e-01 -1.649830475838592325e-01 -1.723869232088457992e-01
3.106860799947060159e-02 1.649951483507313202e-02 1.822217964636489371e-02 3.595026516763336066e-02 8.264106404087026569e-02 6.132016596580631973e-02 7.190279051547432410e-02 8.699688162705619676e-02 1.269622324299997107e-01 1.518015924218836799e-01 1.249635834727345074e-01 1.726682396038880241e-01 1.875265614098119427e-01 1.707291657567058252e-01 2.413182698382962954e-01 2.005322226232399141e-01 2.424769281211297811e-01 2.271214088953808774e-01 2.520830694965402463e-01 2.360250245894783827e-01 2.377091515066490635e-01 2.406959806390419621e-01 2.320642191764180906e-01 2.075909121168638127e-01 2.099018072662514889e-01 2.040348948579217558e-01 2.252549049003919057e-01 2.253573680920245570e-01 2.038424923368591657e-01 1.540322360618474329e-01
1.108611213720890956e-02 -5.313603379334176993e-03 -2.928160237539816774e-03 1.143206562029151427e-03 2.402580117589794492e-02 2.295392351442039798e-03 1.014715896037466508e-02 1.225456433105294278e-02 5.204351786540924174e-02 5.406379236032294450e-02 2.865258957190223305e-02 7.292839729875796873e-02 8.139474730190389418e-02 6.800455454418645462e-02 1.214718777226873186e-01 9.587744070165322985e-02 1.360587640807490728e-01 1.235477278838425647e-01 1.461030399713978134e-01 1.386812744861629643e-01 1.391436549052039173e-01 1.501516711374406288e-01 1.476979924259329280e-01 1.360905790228643941e-01 1.240966568718589597e-01 1.386519402833790160e-01 1.241135093493540842e-01 1.267157156611282143e-01 1.070880493641450104e-01 6.951809082771581716e-02
6.079329437834293803e-02 7.075320185875436096e-02 7.129779064416699730e-02 9.002126582986753889e-02 1.095840065174599059e-01 1.012841542129446076e-01 1.159993654353502907e-01 1.438340325420122690e-01 1.487091142514627984e-01 1.613821217761114979e-01 1.847674787210288327e-01 1.667230825284725104e-01 1.641241035463393283e-01 2.044231795890478209e-01 2.315785629166565995e-01 2.574467477159543827e-01 2.749703864786736118e-01 3.025699234159469619e-01 3.324496556564122129e-01 3.461932011301552814e-01 3.868639757358152131e-01 4.329017250343877299e-01 4.417800300810936776e-01 4.824707996325698911e-01 5.416508452967360165e-01 5.579290151936151521e-01 6.534421811720093620e-01 6.892362420641254817e-01 7.128831914877737930e-01 8.105650129360973954e-01
-2.996125852563253159e-03 -4.857337040479146884e-02 -5.481800093582327865e-02 -8.175178191279183770e-02 -1.150925943847776883e-01 -1.670478669070189492e-01 -1.923813442114363226e-01 -2.344372816039650698e-01 -2.503524249269831192e-01 -2.462445714899549887e-01 -2.940374271479244683e-01 -3.204439967362019415e-01 -3.522509801739631685e-01 -3.672621481719887671e-01 -3.447999346409503785e-01 -3.558735174476819196e-01 -3.359972283882275979e-01 -3.382922949931624901e-01 -3.474677455988567365e-01 -3.318099915455816618e-01 -3.265935450459955813e-01 -2.894022058128709607e-01 -3.101989469843868252e-01 -2.772695457829416066e-01 -2.636397948730195284e-01 -2.578099833989833112e-01 -1.724073251234405080e-01 -1.885339071917736531e-01 -1.607934014200029793e-01 -9.717155612333008841e-02
-1.503613966718775341e-04 4.672847825687668349e-03 6.997894685990557057e-03 8.478857132976691524e-03 -8.772843427665797528e-03 1.605557715228730919e-04 2.230394211357249537e-03 1.485303598785503790e-02 3.222861125927130310e-03 -1.306080686107940342e-02 2.176175749416867436e-02 2.966257743504903399e-03 1.064416714645038259e-02 2.789013916740933074e-02 2.046005868606953076e-02 3.828962464914452413e-02 4.787685989357482602e-02 6.086067610888561824e-02 7.693770508243003015e-02 8.458877056484685741e-02 1.091190405536321961e-01 1.188901507870471913e-01 1.262350451712674348e-01 1.447898912388216885e-01 1.472538018827099227e-01 1.667892086413054475e-01 1.730278814598493753e-01 1.747371109729540795e-01 1.954720129833731335e-01 2.045867341181776267e-01
2.501930159400356235e-02 2.501511611106226052e-03 8.872061624594335116e-03 1.683747205424904886e-02 2.433665797257378305e-02 1.422358876373437664e-02 1.801852372861219298e-02 3.634215407728025315e-02 3.812398975967554171e-02 6.772302651361437886e-02 7.291338081953670225e-02 1.067745103107070187e-01 1.396687058328549003e-01 1.378684123751718338e-01 1.956247767646279168e-01 1.821349697178585858e-01 2.349406427725956037e-01 2.489323128445828925e-01 2.759250702916456466e-01 2.845827630849576684e-01 3.215458818947384279e-01 3.263751791071010100e-01 3.504795503178648186e-01 3.462217935970418603e-01 3.510695754847492633e-01 3.793423905943197338e-01 3.778922700697485704e-01 3.914400485967114984e-01 3.949030946819893639e-01 3.354492883971816886e-01
-1.933198641879865093e-02 -1.965581385391441602e-02 -1.340839526822126468e-02 -1.422142285088899560e-02 -1.356935141495544880e-02 -1.776169445463939706e-02 1.982799366005131431e-02 -4.518521654798043213e-03 4.915830595686280363e-02 1.128060788680762191e-02 3.899551080469233766e-02 5.461200420268799705e-02 5.875996970920307344e-02 7.686129940486906287e-02 7.028590366115559929e-02 8.574397591839079402e-02 8.446938733853701087e-02 7.937604360148230176e-02 1.164709684755030200e-01 9.848558751250015286e-02 9.764555906647967576e-02 9.687644916270640727e-02 9.640681933735704978e-02 8.210972175672726081e-02 7.257710145070433994e-02 1.007867903191249082e-01 5.204768351582116787e-02 7.922324860645010847e-02 4.497923918000588939e-02 1.205306237578356726e-02
2.065612158123800168e-03 1.865121091069626633e-02 2.504159949845983363e-02 4.341867744451458760e-02 4.766788095556533100e-02 7.675618800560980726e-02 1.213078717708206411e-01 1.345280863521558512e-01 1.598580615784217229e-01 1.377988264155322051e-01 2.158151070977003816e-01 2.064289655733000384e-01 2.094330839255861831e-01 2.599548036119675998e-01 2.342318204804972048e-01 2.750094854368928532e-01 2.741856862951466134e-01 2.809175974915446572e-01 3.149678684681982421e-01 3.219065138342684929e-01 3.520165367089487796e-01 3.571628442899851263e-01 3.882952068894769404e-01 3.913989510449659148e-01 4.084417442233159168e-01 4.596835565234378973e-01 4.357503312653190908e-01 4.993864707064803454e-01 4.912790009933519220e-01 5.574329244422597807e-01
-7.419999771963883828e-02 -1.117983278650191981e-01 -1.307967012575412258e-01 -1.631033467914369262e-01 -2.147484166577396103e-01 -2.463292309687099280e-01 -2.980708113748594124e-01 -3.297500922157922121e-01 -3.629349712628487934e-01 -4.140320828749132764e-01 -4.665630142498130017e-01 -5.096613365700389808e-01 -5.414317973400283313e-01 -6.138710237764543054e-01 -6.534604292272050419e-01 -6.877007987197549799e-01 -7.226587844815393069e-01 -7.696549643420669273e-01 -8.056489373884733185e-01 -8.359737226402867982e-01 -8.951022957833675298e-01 -9.247187427396258430e-01 -9.822593375902551882e-01 -9.907297200408993199e-01 -1.049306559024534291e+00 -1.066706146715587611e+00 -1.095374719329331725e+00 -1.156260544687141678e+00 -1.164553124697156994e+00 -1.206484935405647052e+00
2.367255017154674263e-02 5.610714512028944223e-02 8.094762660337520566e-02 1.037482410782502029e-01 1.243883802682839157e-01 1.330835336736289620e-01 1.601685512042507198e-01 1.605305742136921843e-01 2.088554537034343905e-01 1.769167611290462516e-01 2.057698369746848166e-01 2.005590508163224706e-01 1.880645031484182161e-01 1.986259083463996489e-01 2.018161884638920434e-01 2.008116197258770774e-01 1.999707527998470513e-01 1.850577247135198888e-01 2.087463787959343842e-01 1.961644031242196218e-01 1.906614001468706632e-01 1.886154550569692223e-01 1.887694232568469244e-01 1.773037953648054776e-01 1.770874339262669128e-01 1.963978117707537441e-01 1.806033021116740800e-01 2.027472043495278653e-01 1.653550193264880508e-01 1.353537421757056158e-01
-4.123876741071094698e-02 -1.152032585051327579e-01 -1.222468479336176472e-01 -1.431615561381889834e-01 -1.674648920200906277e-01 -2.245908279997917145e-01 -2.574807698425687352e-01 -2.916151724375274368e-01 -2.968764810858928183e-01 -3.002058713195466799e-01 -3.740465794750262307e-01 -3.847711161258934309e-01 -4.225888674197572081e-01 -4.861954563560983988e-01 -4.588209121516756972e-01 -5.308052343332078093e-01 -5.146243933154917016e-01 -5.701533576976813844e-01 -6.141548455421013131e-01 -6.352571772790409632e-01 -6.871765210352207554e-01 -7.137386808333457955e-01 -7.776499846335331867e-01 -7.990057948742783633e-01 -8.658060488996315307e-01 -9.254501015958725985e-01 -9.288641705043445551e-01 -1.028860909767976617e+00 -1.034759506230870318e+00 -1.121888221851329304e+00
5.962140643528120870e-03 8.035295454883678579e-02 1.249274738747398750e-01 1.829312999640268778e-01 2.447364626322307557e-01 3.246925729016080231e-01 3.793986458151452634e-01 4.140675277906561425e-01 4.873758774604299848e-01 4.524356850219578563e-01 5.484378841762478363e-01 5.821254894580085715e-01 6.146131955280160764e-01 6.256684695130576568e-01 5.966003462845428373e-01 5.777257831312752057e-01 5.514205531289395612e-01 5.180767219378804578e-01 5.290236086875532706e-01 4.928672195392919120e-01 4.654816546056199655e-01 3.818782239088194252e-01 3.743578050625042675e-01 2.968144980646234554e-01 2.431679991127167484e-01 1.994197257503350362e-01 7.786959338038473843e-02 5.191883670654712235e-02 -1.584021357694070931e-02 -2.016990311417631299e-01
1.074622655415832656e-01 1.690172475403655394e-01 2.190790833282448558e-01 2.850849631575380072e-01 3.532579095147050374e-01 4.116528701890841968e-01 5.082302651328785004e-01 5.568752747912224521e-01 6.350642805514685740e-01 6.810552011757229351e-01 8.137176396732537231e-01 8.605102325111217976e-01 9.133963505351750944e-01 1.033070584392055569e+00 1.093746998041714713e+00 1.162668539498139531e+00 1.225181601114637253e+00 1.299163012693703267e+00 1.389715987247389428e+00 1.438258479428781156e+00 1.536649807918801125e+00 1.598851676105772057e+00 1.699838875602741162e+00 1.732024742708226039e+00 1.816762468668530861e+00 1.892869892039431789e+00 1.933153781342969779e+00 2.062801842505253447e+00 2.066059590490370468e+00 2.172015277189100591e+00
-3.193974612406040581e-02 -2.998502635091941648e-02 -5.078365045244712106e-02 -6.513454766916751404e-02 -8.578379395388385786e-02 -9.000974839480320455e-02 -8.793117635192058967e-02 -1.026654022020806328e-01 -1.120249566230204080e-01 -1.549935594726311039e-01 -1.428243391403973828e-01 -1.772664923520719249e-01 -2.090307708642886730e-01 -2.033463386166893261e-01 -2.456695078409473765e-01 -2.297181297996375715e-01 -2.500141232786310952e-01 -2.675444857073036586e-01 -2.610548634624800246e-01 -2.655482327058029668e-01 -2.575961925055659796e-01 -2.531374323626923717e-01 -2.584843697585715860e-01 -2.500742759649263736e-01 -2.369701989210347415e-01 -1.962150913820459863e-01 -1.803198881753973470e-01 -1.409710616674213490e-01 -1.423993405889736052e-01 -4.417399216575000620e-02
2.118135851192758934e-01 3.640377293783235713e-01 4.716950651641992343e-01 6.182434481019304373e-01 8.031005010553771140e-01 9.230966863318856852e-01 1.090901406582197586e+00 1.224591027349387851e+00 1.406824443802960456e+00 1.487061298915925756e+00 1.696502457472521819e+00 1.827324657586927081e+00 1.957533163983240287e+00 2.138686121239160798e+00 2.294969189515075669e+00 2.369232644323236325e+00 2.495708554939159107e+00 2.606946734311155645e+00 2.783110878086571205e+00 2.820937293857178396e+00 2.953049947091874294e+00 3.056605744129833546e+00 3.215538494760867838e+00 3.232319230254790288e+00 3.353077470632322754e+00 3.445499842648509947e+00 3.477049236825558332e+00 3.670011200621014602e+00 3.657032153767220350e+00 3.715266508938935175e+00
1.074313474843184291e-01 1.221886730688040018e-01 1.656717232779581495e-01 2.391309955892864936e-01 3.288676613367580992e-01 3.729181664940003360e-01 4.267513514400999020e-01 5.049753401200842706e-01 5.543532441684474454e-01 6.526431476554819255e-01 7.206766710394896247e-01 7.877078565286914635e-01 8.447548583780253306e-01 9.010378243296253142e-01 1.025912859714815273e+00 1.014968260156236868e+00 1.119698980798892851e+00 1.159326444364967568e+00 1.211623990058711131e+00 1.254208853768674192e+00 1.321987456614398315e+00 1.373726652998433995e+00 1.461374771722671273e+00 1.490722341931487893e+00 1.530944445583843461e+00 1.555717852109468113e+00 1.598766480916794075e+00 1.673562013362453582e+00 1.683915776382856722e+00 1.788213858715460347e+00
-3.985034010337623611e-02 -2.913013629721159306e-02 -3.683737162067504678e-02 -5.659590287064951430e-02 -8.795571247832204009e-02 -7.598209737579583734e-02 -7.908573121417294960e-02 -1.036406260817862024e-01 -1.221535489586037387e-01 -1.758037991494392216e-01 -1.475345961012096141e-01 -1.947983106567669764e-01 -2.183659238082308052e-01 -2.149096537767627157e-01 -2.633032995799040599e-01 -2.616066153503350256e-01 -2.656097298899350312e-01 -3.008762456443595523e-01 -2.959502485166213281e-01 -3.040587051946135322e-01 -2.892851747515824967e-01 -2.909332105300784788e-01 -2.865666322234201036e-01 -2.867944882731306433e-01 -2.883916062974599681e-01 -2.381572869806380666e-01 -2.604250605608293689e-01 -2.185800135900532459e-01 -2.197301398954301654e-01 -1.459141309947672716e-01
3.516760941309862720e-02 4.481920219637103991e-02 5.153447945464601637e-02 8.374987157652201419e-02 1.134152204535001374e-01 1.072510125508647633e-01 1.580653262858474073e-01 1.914254667736685622e-01 2.385580627800018561e-01 2.537879510918514825e-01 2.833077978636059369e-01 3.334915786755841549e-01 3.584425727065918554e-01 3.669706425723684995e-01 4.225529248661129555e-01 4.138364613650959978e-01 4.475054871687025315e-01 4.466768552922188440e-01 4.715669502591167683e-01 4.618041569918076572e-01 4.807630358756006528e-01 4.316249997308596598e-01 4.426511845677347234e-01 3.857955839491615802e-01 3.727650786782661929e-01 3.802101388008688465e-01 2.779739239256195926e-01 2.917422458489512538e-01 2.236249654217757343e-01 5.705290056576112212e-02
-6.131944198572888971e-02 -9.221646809282338375e-02 -9.742990961901534797e-02 -1.189965751824639262e-01 -1.411333986719798816e-01 -1.570629213288387560e-01 -1.862226014011936215e-01 -2.138046854674504338e-01 -2.082618509583638589e-01 -2.436105888114819262e-01 -2.756191635750602220e-01 -2.809369067673812004e-01 -2.851439087708958486e-01 -3.181009144701377744e-01 -3.385476421955400661e-01 -3.432832790415407676e-01 -3.693675620380827973e-01 -3.687573639088052024e-01 -3.669729854040291728e-01 -3.843993775357687492e-01 -4.286030969049138273e-01 -4.025336026747440288e-01 -4.379327130511571631e-01 -4.067533171457592966e-01 -4.391152591983521480e-01 -4.551990783788102957e-01 -4.130845367379697430e-01 -4.562689807183485380e-01 -4.276046428767134033e-01 -3.868589661388762702e-01
-4.053995483634026398e-02 -3.170318028253837211e-02 -5.753269038800424423e-02 -7.809416619967089745e-02 -9.655263880985566483e-02 -1.118779881151566874e-01 -1.200115726348977563e-01 -1.310205192243534822e-01 -1.306097849738660222e-01 -1.940632164450575847e-01 -2.071468114753380885e-01 -2.158475175642314281e-01 -2.215578959447836171e-01 -2.519263123053896436e-01 -2.922886965413826199e-01 -3.030831262048370167e-01 -3.367924632398254792e-01 -3.747349310798100408e-01 -3.821479147525334019e-01 -4.239920001989483933e-01 -4.474305505777754211e-01 -5.017495028657862344e-01 -5.588994853892065295e-01 -6.044277085882747702e-01 -6.376225292478342466e-01 -6.577342854474305112e-01 -7.357419275434230466e-01 -7.774606127189942484e-01 -8.166371713416571421e-01 -9.495329003915651267e-01
2.303050013515667988e-02 7.315445590286542843e-02 1.205579083353884168e-01 1.603241533426771337e-01 2.103252493670319523e-01 2.636262480937631714e-01 2.772930603159589058e-01 2.809527941065234624e-01 3.301406921269789407e-01 3.021913581993848630e-01 3.447395880856741202e-01 3.445795477434138165e-01 3.468304129377639544e-01 3.320905890857620557e-01 3.205298592212640907e-01 2.775419509591567913e-01 2.662830108797635265e-01 2.212136042149757675e-01 2.262791363815633006e-01 1.986775281529343240e-01 1.671727154832121087e-01 1.369352900304713905e-01 1.330580503384044544e-01 1.050105909945453220e-01 7.384704336076575171e-02 5.244873848311143449e-02 2.310850072424297519e-02 1.912339920333203103e-02 -2.666532632229415278e-02 -7.972631401496189929e-02
5.030677070529244316e-02 1.061797847436340286e-01 1.232708248682685692e-01 1.463500198553221998e-01 1.678335095197502347e-01 2.013114893920334714e-01 2.304482494506710499e-01 2.553622419075004535e-01 2.603288782291074965e-01 2.608088247944154725e-01 3.251676822256906463e-01 3.190282951881188156e-01 3.234499913704410035e-01 3.685932687974837196e-01 3.840777535947788035e-01 3.935379929616176220e-01 4.360764265563719655e-01 4.383407997446734372e-01 4.702212014672095819e-01 4.921073056107670984e-01 5.613254445828874672e-01 5.717535382414323797e-01 6.142053579736116431e-01 6.047913953818978561e-01 6.506120026667748801e-01 7.083669856979533108e-01 7.373137797786956105e-01 8.016058760579374276e-01 8.107344029542968844e-01 8.459369093634500070e-01
-2.443994609681764130e-02 -4.630828685091581409e-02 -4.567979263101527160e-02 -6.450443807381503469e-02 -1.103586111453873642e-01 -1.206693839356933889e-01 -1.351311439175874318e-01 -1.618179132029400891e-01 -2.002390440133285099e-01 -2.118720535038977060e-01 -1.997939176535605821e-01 -2.399086050015394322e-01 -2.527582047939102572e-01 -2.578385422093838475e-01 -2.789839349299306215e-01 -2.813514767616174250e-01 -2.824145477184927255e-01 -2.828654635009965057e-01 -2.985766274893353889e-01 -2.910930728052902872e-01 -2.745205046650737168e-01 -2.847779758415801554e-01 -2.941594632068773030e-01 -2.833714560666963367e-01 -2.895418235844686716e-01 -2.901378841619464133e-01 -2.687727442588503934e-01 -2.899049904386254983e-01 -2.668322656021233641e-01 -2.754724796903019191e-01
-5.722433174790618471e-02 -7.832544247564668383e-02 -9.670224561296761334e-02 -1.425795113684276694e-01 -2.203515778193374519e-01 -2.406053436531399581e-01 -2.941676191668859963e-01 -3.545149484043416122e-01 -4.261744023284336769e-01 -4.791442894940595165e-01 -5.013451952166078085e-01 -6.034252178588286331e-01 -6.709031752589067477e-01 -7.034335523733865614e-01 -7.802307337915719287e-01 -7.804626915987136204e-01 -8.189251317985989376e-01 -8.515713219930798328e-01 -8.847601228418382480e-01 -8.766522821780797781e-01 -8.837511096547476797e-01 -8.719714749998046521e-01 -8.912949866082309214e-01 -8.533691179267668403e-01 -8.467493939212632492e-01 -8.051235759263404290e-01 -7.322967777320493754e-01 -7.188444553524880876e-01 -6.898847456538474976e-01 -5.417539894590011063e-01
1.249794700950249485e-02 7.386129574709826562e-02 1.069558706553977584e-01 1.417909205647360504e-01 1.804939526218120871e-01 2.279303542394860160e-01 2.710671751895064041e-01 2.811866247035103017e-01 3.412851354892340039e-01 2.914505762113656084e-01 3.636436180666223761e-01 3.604979232244157061e-01 3.672092317894769531e-01 3.886505468570685684e-01 3.644944706706256254e-01 3.601457647518723770e-01 3.470630223485766663e-01 3.180830625536924527e-01 3.520458925551017138e-01 3.190509677930679633e-01 3.115346694229015334e-01 2.852719270252537798e-01 2.862374927293220850e-01 2.485236276121010057e-01 2.362968405333920607e-01 2.451611345393418240e-01 1.938121927161874924e-01 2.172848005109440650e-01 1.724052807645413410e-01 1.061466823982737534e-01
4.749992115199860171e-02 7.751881969496059177e-02 7.358641231477174027e-02 9.709685706713885867e-02 1.301859710250298785e-01 1.496075663392903710e-01 1.560710814861008822e-01 2.230184099274796494e-01 2.208392516467548861e-01 2.485336557129357860e-01 2.706497484178346236e-01 3.166794675257957881e-01 3.598734667749289295e-01 3.727922431877903064e-01 4.396982059011073640e-01 4.406971863460560357e-01 5.098788031563644685e-01 5.316398491017779726e-01 5.751962663730363357e-01 5.989964988647120681e-01 6.628601500498021437e-01 6.839899627281490480e-01 7.360235077513472834e-01 7.403618121254519346e-01 7.683812748489435851e-01 8.326135289051144195e-01 8.266620508390898348e-01 8.833903771374895797e-01 8.906952647619446051e-01 9.060979246173032076e-01
4.144631140398685049e-02 7.025917476960580332e-02 7.932895328327296824e-02 9.672422611940109660e-02 1.285191505222507413e-01 1.310522566402361200e-01 1.454500840380800741e-01 1.690945528254917951e-01 1.969768687529389051e-01 2.014070418213741442e-01 2.126051252434844607e-01 2.387499521629223298e-01 2.588113587414367922e-01 2.756823469562412754e-01 3.165372198301836804e-01 3.193470628578932713e-01 3.468010032027719070e-01 3.643205320388237523e-01 3.941409025168595148e-01 3.978163560082413897e-01 4.246277682946110188e-01 4.459397995133720372e-01 4.501017876410443042e-01 4.566930925369716565e-01 4.817082410074194354e-01 4.865236545304936211e-01 5.182204659318803142e-01 5.286831731047394456e-01 5.299890108755149765e-01 5.187474401648637379e-01
-4.945110702928583873e-02 -1.139688518592261030e-01 -1.352580668058973590e-01 -1.756027452753133322e-01 -2.241245562452524043e-01 -2.695066412879324469e-01 -3.219820792187873537e-01 -3.631075793700425658e-01 -3.977840865620477784e-01 -4.267667790822751162e-01 -4.897251507953208627e-01 -5.268569483948993826e-01 -5.530631959792715602e-01 -6.084933952986013583e-01 -6.282472326803403284e-01 -6.625126865653176989e-01 -6.781181780504079715e-01 -7.158315913301578348e-01 -7.578703667546748957e-01 -7.738613881495370883e-01 -8.160159331564830199e-01 -8.276356953077111944e-01 -8.912923240570318484e-01 -8.718381016652779758e-01 -9.209473044087640448e-01 -9.702417726561037847e-01 -9.776569906252521314e-01 -1.060813053412189122e+00 -1.057737010686531365e+00 -1.076516690986087266e+00
-1.464714340974027779e-02 -2.905972261505121793e-02 -2.728552044477049188e-02 -2.437359815793160855e-02 -3.030411126680904871e-02 -4.641848507906751881e-02 -2.945933159942791882e-02 -3.158882230978090483e-02 -1.968674771256576084e-03 -1.918963777933485604e-02 -1.273963402558380559e-02 4.356094624112440139e-03 1.375972623587753962e-03 2.251670979791703386e-03 1.139345262148855342e-02 1.857552979038254448e-02 2.496686523202834573e-02 2.364082149506301078e-02 3.968003798550230610e-02 3.780849382088498356e-02 3.585812693592725642e-02 2.694600323970904043e-02 2.177986914186631762e-02 6.421256743030609448e-03 -9.010638801831005740e-03 1.282704707994623827e-02 -1.625119285303057437e-02 -1.862881341093464149e-02 -3.684150928137325254e-02 -9.787734527528395290e-02
-1.178420554640598056e-01 -1.681558624135502389e-01 -1.939877077085588875e-01 -2.546754703044282753e-01 -3.385303598017517235e-01 -3.704106448449520639e-01 -4.580184262738338785e-01 -5.177784401604138553e-01 -5.738672200637897625e-01 -6.644439073504198046e-01 -7.352738785640439145e-01 -8.105592686563422022e-01 -8.616416309084483638e-01 -9.481560510679527543e-01 -1.035513482290385090e+00 -1.062004732935466489e+00 -1.121935892904416754e+00 -1.174967052840868220e+00 -1.213113044161690190e+00 -1.245806193546478369e+00 -1.322798235462609329e+00 -1.321116548638621824e+00 -1.390031698063310728e+00 -1.363684270561554168e+00 -1.430292277017916280e+00 -1.428258951941625332e+00 -1.406592479661890938e+00 -1.477489732815863377e+00 -1.444537324093589703e+00 -1.402091517274883348e+00
-2.818483778552980865e-03 -7.256045868739634946e-03 -4.879448965183758209e-03 -4.741938638225508262e-03 -6.029682793810789421e-03 -1.436104508807001592e-02 3.467922143195131118e-03 -1.812890682098248704e-02 8.289135063976642986e-03 -6.868684111650006849e-03 3.147417215054234413e-04 6.495296743078284030e-03 -5.557133686714163523e-03 -7.269105870640182876e-03 -8.161352332164355239e-03 -1.235329600676199693e-02 -1.062875771157013177e-02 -2.842449392302822189e-02 -2.228764955426951189e-02 -2.353599205523829521e-02 -2.375258892591912419e-02 -4.179337665199647778e-02 -4.650860265494941720e-02 -6.652155537508894212e-02 -7.502831478898733253e-02 -6.022613911198675812e-02 -8.910485369213638762e-02 -7.823190671262224283e-02 -1.131570773393667240e-01 -1.423553555760183609e-01
-3.106041335945347939e-02 -4.981707935479635224e-02 -6.862461538666288219e-02 -7.607980793371110773e-02 -8.553886038303458450e-02 -1.214904804197492333e-01 -1.179894725229930497e-01 -1.267780862827084520e-01 -1.243677521111145323e-01 -1.475956304510487316e-01 -1.793053642184510299e-01 -1.810186008595867091e-01 -2.003636623927101679e-01 -2.512717089610340682e-01 -2.326969305941271327e-01 -2.900440036182194703e-01 -2.819173159439175569e-01 -3.405462470628989324e-01 -3.597954002606137403e-01 -4.031446280289514572e-01 -4.278009270583641999e-01 -4.980269570827757231e-01 -5.377772591450673545e-01 -6.027951547929208953e-01 -6.507499479744220938e-01 -6.711929882929665858e-01 -7.764357158932722047e-01 -8.020099443225148228e-01 -8.723334583361879169e-01 -1.018444554674086566e+00
1.217983169807708155e-01 2.057307063020976934e-01 2.323824961500481068e-01 2.754661703902779313e-01 3.148163482967182292e-01 3.398021863784571051e-01 4.314408716583904568e-01 4.660788687386334672e-01 4.961129448274033127e-01 5.284914075965952973e-01 6.461576455574717937e-01 6.367380505805733115e-01 6.374825534763504109e-01 7.636105084065796245e-01 8.253944497862748531e-01 8.747371518552913283e-01 9.675615842258580290e-01 1.004457874217808522e+00 1.084854990456852519e+00 1.133054289566793216e+00 1.282627481220388388e+00 1.332955880782355162e+00 1.424375728290874221e+00 1.414389722414553185e+00 1.544603627978931693e+00 1.663213631623170041e+00 1.751899676023521701e+00 1.908833901966742630e+00 1.927402821120675291e+00 2.026971017553523158e+00
-6.284898089153240913e-03 -1.643780787774949681e-02 -1.928215572426327309e-02 -1.938001864042614500e-02 -2.029844747506659094e-02 -9.769225823952364107e-03 -3.467283890464736146e-02 -2.714853146565593747e-02 -5.105487235407166202e-02 -3.162420748030336098e-02 -4.135486322039002433e-02 -3.366159737574381250e-02 -2.627393014877829613e-02 -5.118535103704274780e-02 -3.214020490021393672e-02 -4.795362760496973964e-02 -2.580311911302924505e-02 -2.456384347206455945e-02 -2.794817651581380999e-02 -4.136770285216039705e-03 8.148060827116672400e-03 2.341280542515649515e-02 4.967986633524799911e-02 7.825798949616410982e-02 7.728165467610187411e-02 1.053974521171401751e-01 1.288867149268509427e-01 1.548068276999727266e-01 1.646767960013412191e-01 2.632579208391359060e-01
1.640721504780656703e-02 5.244451533610671595e-02 4.513906749169255272e-02 6.071830836795223674e-02 9.014148962856481651e-02 1.186436148976270782e-01 1.462806649328437791e-01 1.749991012926691569e-01 1.935869672449488377e-01 1.881895982826239377e-01 2.268023283265351853e-01 2.599260225549848147e-01 2.783174134830336266e-01 2.998204047287739704e-01 3.105210683280280048e-01 3.252308514208895884e-01 3.462545806245650448e-01 3.513451939712022298e-01 3.870667976638081931e-01 3.964775192204373910e-01 4.393080580630582821e-01 4.418585008669307923e-01 4.849516336274234951e-01 4.790969795432252210e-01 5.054689915383576704e-01 5.687445811718588873e-01 5.404678789870676070e-01 6.242190623181176345e-01 6.001942800798291122e-01 6.628229392904674278e-01
2.496843320874662236e-02 -9.064815591020652930e-03 -1.612321486694259787e-02 -1.908620099346682031e-02 -3.738576138421784850e-02 -8.216521367741437543e-02 -3.695230516215472494e-02 -4.960468686077770806e-02 -3.328501529317118290e-02 -2.439340091684006478e-02 3.458550686262419627e-03 -1.837034969362663639e-02 -3.070776524804388202e-02 2.177506610086093336e-02 5.335184593117806018e-02 7.262118402784931148e-02 1.103282441597722152e-01 1.130968853006144859e-01 1.268199748116678183e-01 1.335736849783456526e-01 1.772017683851340453e-01 1.788861241579949857e-01 1.634872836221254178e-01 1.567435528941540368e-01 1.804892881661057380e-01 1.724166439006481755e-01 1.651978059169406932e-01 1.619142851221846702e-01 1.538929527768337358e-01 1.160251322695738385e-01
3.800291239078597283e-02 8.519138731881271964e-02 1.162201157705558957e-01 1.550573656922649146e-01 2.123044513918413700e-01 2.525762880289358359e-01 2.833247733151259551e-01 3.102063288671014218e-01 3.721420606061197067e-01 3.701988133470537345e-01 4.110192531561688289e-01 4.543216498229651901e-01 4.775666106263373734e-01 4.997316075611647479e-01 5.217906895573876103e-01 5.258070083752733881e-01 5.378998453874435093e-01 5.453744969714310331e-01 5.733496182039488076e-01 5.793212367957853992e-01 5.842555731583085610e-01 5.974208545958542560e-01 6.168918341617694034e-01 6.191796111628902199e-01 6.248499263501599010e-01 6.296098266549070566e-01 6.257226316198734040e-01 6.509864205631195055e-01 6.308166859873816090e-01 6.483433217192637876e-01
-3.526728539360271530e-03 -3.792265034028591275e-02 -4.871069935496200043e-02 -5.742489969406430750e-02 -7.296456614134770591e-02 -1.192790387211073305e-01 -1.173222273955861761e-01 -1.401525303111220144e-01 -1.287166682544893803e-01 -1.365288110541009181e-01 -1.667624784105020130e-01 -1.839869820102786047e-01 -2.137811319799877707e-01 -2.286246638223226602e-01 -2.126102613143999731e-01 -2.228864856147241835e-01 -2.217375847805388434e-01 -2.400859817506086902e-01 -2.480416096655561342e-01 -2.551353773241176182e-01 -2.710962950998321297e-01 -2.739008189158396167e-01 -3.050591588694223089e-01 -3.058133160946177598e-01 -3.115762027182151783e-01 -3.208784696612165255e-01 -3.190613224812785531e-01 -3.321428643632542421e-01 -3.580673872163643301e-01 -3.618918412604965607e-01
-9.036517107319766429e-02 -1.304288185830696500e-01 -1.700409203779846279e-01 -2.293003641126960535e-01 -2.943421116815248539e-01 -3.565233723527914123e-01 -4.259198484046927691e-01 -4.951406652690606980e-01 -5.580059342474548156e-01 -6.189066371776977826e-01 -7.201949810931170814e-01 -7.806362156035029365e-01 -8.438835347761193262e-01 -9.558359442364895431e-01 -1.006112292418499754e+00 -1.097211656820706427e+00 -1.144027596953017145e+00 -1.241708338057583072e+00 -1.332807097251706985e+00 -1.389312379670859965e+00 -1.460234918927122205e+00 -1.557136125915055125e+00 -1.676540387298484092e+00 -1.739820818016171611e+00 -1.818308559470513508e+00 -1.909705093538420106e+00 -1.961557272596032853e+00 -2.091379389472388439e+00 -2.129009625049287813e+00 -2.296313298089663668e+00
-8.914226040285855301e-02 -3.321509709821977852e-02 -4.756714585794254158e-02 -9.085653705969552740e-02 -1.430735297861848443e-01 -1.330860157124131304e-01 -1.714909671692290416e-01 -2.563102077463969564e-01 -2.716053422597276557e-01 -4.181448064990218039e-01 -4.325665522930628448e-01 -5.488467942387186271e-01 -6.459047442658030214e-01 -6.909721619783988356e-01 -8.494772240456429646e-01 -8.622388306009236558e-01 -9.805872539913268460e-01 -1.066738427034499948e+00 -1.113976778179537108e+00 -1.162300622616659229e+00 -1.240631471795043295e+00 -1.281005022200952803e+00 -1.374775326005912568e+00 -1.389219106835484219e+00 -1.426520994157983280e+00 -1.455883005842200317e+00 -1.439380428910836729e+00 -1.490807101684931579e+00 -1.513799418492150162e+00 -1.466658274610781687e+00
7.008987742290564982e-02 1.683559831995839473e-01 2.180366813250065872e-01 2.801314220396445842e-01 3.518635692678626081e-01 4.498488471840416114e-01 5.313781633567791207e-01 5.830752592157646408e-01 6.531356354150278376e-01 6.569983819296167926e-01 8.047921109407347728e-01 8.422147959285185559e-01 8.919846814454185369e-01 1.000507998941063903e+00 1.011393893380588604e+00 1.074355303834741093e+00 1.111842335519009906e+00 1.165364986067371822e+00 1.255497396235374596e+00 1.289890076876798242e+00 1.374763349719064331e+00 1.431812186553973021e+00 1.532616455397891375e+00 1.559655516188766855e+00 1.628855750360288512e+00 1.718511717981074494e+00 1.755968204273629096e+00 1.890952667609129279e+00 1.908026072969075893e+00 2.053141621719799748e+00
-5.571889438050681154e-02 -8.308647571793054132e-02 -9.997867058246195926e-02 -1.263663209876557392e-01 -1.620045594821646340e-01 -1.951662124369031581e-01 -2.022978496120334257e-01 -2.376829560347288595e-01 -2.493005002229785050e-01 -2.819228021224490788e-01 -3.101346588069991417e-01 -3.371956926999395421e-01 -3.811587390405906661e-01 -4.108815535381220574e-01 -4.181932085362084495e-01 -4.590734541251378364e-01 -4.474553243921637891e-01 -5.011982385920011884e-01 -5.313841393490627008e-01 -5.469834225747949308e-01 -5.623831430386454500e-01 -5.930199387281658296e-01 -6.309557679071646774e-01 -6.619420170510310619e-01 -7.031512661553122046e-01 -7.139183294352220432e-01 -7.519837815172919493e-01 -7.878630522467932051e-01 -8.008268965316309718e-01 -8.291948497121033324e-01
