-9.237364826403752366e-04 6.521005488406243777e-02 1.266527211146667720e-01 1.924567777554997694e-01 2.601048504386839211e-01 3.262901397149284288e-01 3.938552382317525025e-01 4.600593576341466817e-01 5.288447676931605779e-01 5.915837000190898864e-01 6.550946311384409082e-01 7.128744323321176690e-01 7.683045086733972795e-01 8.170399339914768966e-01 8.651312084609825703e-01 9.050929325699063055e-01 9.399408862026199518e-01 9.651121357981605753e-01 9.829418019236468851e-01 9.938711808509580470e-01 9.981433067112969182e-01 9.869909017132645346e-01 9.799616360288447847e-01 9.603983132488289609e-01 9.357700986966781542e-01 9.123214351591633076e-01 8.802769186088100772e-01 8.498357488292446194e-01 8.134357686185134106e-01 6.949400617580447914e-01
-2.666830186019207224e-03 6.753287750891341645e-02 1.215671124425130450e-01 1.757665590735483785e-01 2.294054034771390027e-01 2.784446728980341512e-01 3.262238133404319895e-01 3.699597094074623116e-01 4.143349246967981681e-01 4.502859855538186573e-01 4.839003541401770137e-01 5.119641418420596279e-01 5.354318481917146322e-01 5.550509610141066696e-01 5.716268866026035234e-01 5.846511585733451533e-01 5.925429273212245995e-01 5.953886000735334472e-01 5.946022812416510428e-01 5.913644414983553199e-01 5.845319389124189469e-01 5.702148417593433383e-01 5.601800269125096765e-01 5.434250244696119392e-01 5.248059639391973175e-01 5.085897951273431472e-01 4.881841855356283122e-01 4.700371080111211963e-01 4.487290673681005315e-01 3.883582996960585065e-01
-6.389803103692390934e-03 -2.911602751656448482e-02 -4.541899794006697133e-02 -6.061858860507013391e-02 -7.515451864604688614e-02 -8.678310844800668500e-02 -9.533924684200839605e-02 -1.020652569698221601e-01 -1.068184636385614839e-01 -1.076928573206200751e-01 -1.050138666420861316e-01 -9.903792380255523053e-02 -9.105484054911200387e-02 -7.898144207849279452e-02 -6.613882158725027660e-02 -4.915155321318131348e-02 -2.908135245819479242e-02 -8.969989154397523673e-03 1.491163543791255985e-02 3.806342387486828099e-02 6.229394440409680156e-02 8.807047406253051824e-02 1.134536345380678657e-01 1.406693147730666837e-01 1.678621832676999437e-01 1.917374355562965205e-01 2.187573634304597336e-01 2.426686273273625793e-01 2.668352082024856298e-01 3.150320553788623634e-01
-3.316774761710526015e-03 9.766033069336493497e-03 1.710046968725507932e-02 2.366791914322843166e-02 2.937726908997574660e-02 3.444614897061816505e-02 4.002682541298535623e-02 4.485816678486500425e-02 5.045783190177257488e-02 5.506813123791336195e-02 6.032375533424806646e-02 6.598736625100985742e-02 7.090017518616145709e-02 7.779245924807907941e-02 8.397350529702649058e-02 9.282198546619851998e-02 1.024476786330814904e-01 1.117624300629328632e-01 1.237935477182328242e-01 1.360617732611723030e-01 1.488925678447016177e-01 1.626985289657199574e-01 1.781398195254729477e-01 1.941198355084846616e-01 2.105858245637368953e-01 2.257222970263227657e-01 2.430823706246104943e-01 2.588269364396887373e-01 2.745729414450926442e-01 3.086122324528712824e-01
1.294032384656291709e-03 2.962680074737826519e-02 4.810882642767871920e-02 6.548921379129224452e-02 8.161338037759202635e-02 9.644139562272552313e-02 1.111756966582209960e-01 1.247832672959477696e-01 1.387547266510644750e-01 1.505789925840126942e-01 1.621269124481379276e-01 1.719065390188084796e-01 1.799956916348183222e-01 1.877084415961284281e-01 1.925612372962376972e-01 1.977918642265764360e-01 1.996350174981453562e-01 1.979168896882470829e-01 1.960382892304212143e-01 1.902804000259751271e-01 1.825642926478650008e-01 1.709428886026456151e-01 1.605535687986616999e-01 1.458713544163565412e-01 1.287133625550164195e-01 1.119994331692429901e-01 9.197700355654098159e-02 7.219582845964725437e-02 4.922599265896233228e-02 -2.084605559275745645e-02
2.171082812711791141e-02 8.687982318490647393e-02 1.552750936916482694e-01 2.284518687335937714e-01 3.034895225111056138e-01 3.829822798540166717e-01 4.679719780507083371e-01 5.555578629686372949e-01 6.509054587367439915e-01 7.475727449031239757e-01 8.530769779081144311e-01 9.616698369646694555e-01 1.072611730537479602e+00 1.183359283018594832e+00 1.302964364260627894e+00 1.416524529686881806e+00 1.542679268190655151e+00 1.659177149667946605e+00 1.775295857859945370e+00 1.889252142062218587e+00 2.001347615309017502e+00 2.097355640396247445e+00 2.201102439540959299e+00 2.297690969730156851e+00 2.390991312300442484e+00 2.474910402620634553e+00 2.559285101920303784e+00 2.633820075099069680e+00 2.705412844553251261e+00 2.813556432676864283e+00
2.950183416127259706e-03 8.618688617250386264e-02 1.532776960575238656e-01 2.212311982752960815e-01 2.891766670640871784e-01 3.532380525309458119e-01 4.170635163334876494e-01 4.771890272002644595e-01 5.396472966545415861e-01 5.939436051214922463e-01 6.476595838364409552e-01 6.968458215325180616e-01 7.421146198790676829e-01 7.837918011311022504e-01 8.254430394209610888e-01 8.620594334392185365e-01 8.974204375092867947e-01 9.271628084480754151e-01 9.534887343163109819e-01 9.785781889092159957e-01 1.000408120237533449e+00 1.012484719299972857e+00 1.030713752780843206e+00 1.041981622904399440e+00 1.051776006974087574e+00 1.061689927230171415e+00 1.068810338124520420e+00 1.075638157360467195e+00 1.079699887096541300e+00 1.069620340995744989e+00
-6.594864437142050617e-03 1.114981268644069622e-02 2.005569254642912760e-02 2.747507448219215637e-02 3.414702619247277776e-02 3.875639068245795987e-02 4.340384483803651217e-02 4.618127313267698236e-02 4.958741619802546630e-02 5.079376551713497140e-02 5.190375534420211406e-02 5.338585409928595094e-02 5.381121238363686943e-02 5.724062324215122011e-02 6.050865133355182168e-02 6.762743707502924528e-02 7.701067621984290790e-02 8.866064796689310246e-02 1.038541085490550520e-01 1.228719210061316180e-01 1.437560098377135831e-01 1.686399903594271443e-01 1.957386152872630236e-01 2.265400203993798156e-01 2.599523548057964817e-01 2.918045085049208454e-01 3.290861599544059324e-01 3.646017763799310751e-01 4.020908317443218638e-01 4.977396847782561973e-01
-1.660329900305398260e-03 -3.675454275406843038e-03 -4.294926263173163075e-03 -4.433089667665797082e-03 -4.372416125786465074e-03 -2.325021344460016098e-03 2.053480076460202641e-03 7.887555852180164195e-03 1.564181619524524294e-02 2.605699558856211517e-02 3.966891424709100694e-02 5.584851638354476622e-02 7.378604290166347612e-02 9.501643854120300769e-02 1.180276441674948523e-01 1.439627450467884096e-01 1.744255887270695360e-01 2.044842677802460595e-01 2.379941858322913717e-01 2.719518561949674784e-01 3.070795545602775234e-01 3.423977687841114337e-01 3.789777856349962892e-01 4.169829562696685255e-01 4.551209150757477007e-01 4.895514688922565916e-01 5.273084448369801391e-01 5.612734702200627979e-01 5.956364641724547493e-01 6.649291655499757203e-01
-1.104089263265502219e-03 1.942955701845888380e-02 3.285341607127684194e-02 4.560162919822295657e-02 5.758524534040423970e-02 6.873868391044546389e-02 8.030187591883528042e-02 9.122043663260601121e-02 1.028294498807505591e-01 1.131536710791822276e-01 1.238937170271437460e-01 1.337414074961937871e-01 1.428060279264019850e-01 1.522202084980188996e-01 1.600022354741472141e-01 1.689180923264905210e-01 1.761694166078033030e-01 1.811482573324382506e-01 1.867307801149145352e-01 1.900651157712634765e-01 1.922627300978080322e-01 1.922397120732486364e-01 1.932789226501566704e-01 1.919553029556870793e-01 1.891954212516623324e-01 1.858988745052293778e-01 1.813990408258432108e-01 1.763210369028558877e-01 1.692248004853684762e-01 1.399752230131539321e-01
3.250024969673141056e-04 8.011478586270368019e-02 1.322916197120099779e-01 1.805381066036423621e-01 2.263713454744848974e-01 2.651438668276138166e-01 3.010143352875741529e-01 3.308475339614992961e-01 3.610606429432799969e-01 3.817062963481546167e-01 3.990513380086622708e-01 4.136056282299643838e-01 4.231480496069437436e-01 4.338792281977200682e-01 4.443998714242964887e-01 4.564757779821757011e-01 4.710957444795039195e-01 4.882464659503045201e-01 5.082272862922838641e-01 5.358461030823141735e-01 5.656973163714414943e-01 5.980479975231102197e-01 6.377477581091519632e-01 6.805665894997530163e-01 7.280322727099797220e-01 7.751940107763449772e-01 8.289484417144876716e-01 8.812128194607510290e-01 9.364224685017150662e-01 1.078476741857693044e+00
5.791386264709191128e-03 -5.789683646759732905e-02 -1.097870803097955039e-01 -1.620449860851652102e-01 -2.147167209779570207e-01 -2.595577828646500329e-01 -2.990224462003388539e-01 -3.319601574982077308e-01 -3.620804016555744242e-01 -3.795375643703217672e-01 -3.892058210569632193e-01 -3.900352326353428989e-01 -3.843261617160924626e-01 -3.707650909421200125e-01 -3.541286431480960006e-01 -3.297518312351538916e-01 -2.983388890438714025e-01 -2.667749401703436996e-01 -2.272828798797605354e-01 -1.912344412366618895e-01 -1.527267015275591833e-01 -1.108618754885084129e-01 -7.279123497543248111e-02 -3.115879645474860932e-02 8.410520051262776464e-03 4.049009524805959048e-02 7.579129651940405554e-02 1.038055404307489521e-01 1.309572422280597115e-01 1.624198053308508194e-01
3.917893741089500947e-03 3.369042953825569786e-02 6.204135953514447466e-02 9.251380154219887575e-02 1.236964729832745469e-01 1.559426459652589469e-01 1.902962674918554642e-01 2.257426156966393371e-01 2.634186523284980375e-01 3.009850077031138715e-01 3.412089301319492507e-01 3.799334342693684863e-01 4.193057662642361016e-01 4.562705832431498409e-01 4.935939045225649635e-01 5.277418770606552290e-01 5.603998312383159375e-01 5.864435984599101204e-01 6.097326002324522376e-01 6.271470622032621067e-01 6.406714508493014382e-01 6.446250413808007895e-01 6.499815297838493766e-01 6.476009739864664327e-01 6.409474107261402542e-01 6.325286309927019568e-01 6.188785502389507753e-01 6.038465791868423693e-01 5.842601841588062062e-01 5.033935224245780216e-01
1.244844366972043190e-03 -2.459319934657976797e-02 -3.958040785878246676e-02 -5.232211876061893668e-02 -6.397627484439732948e-02 -7.006095092917788425e-02 -7.131637079285689518e-02 -6.846702187911135606e-02 -6.211958597017194772e-02 -4.887501410316565098e-02 -2.929575195403209126e-02 -4.937872429410010422e-03 2.335227391572639033e-02 5.537355963029221700e-02 9.002325365486205100e-02 1.273734459735251234e-01 1.694186726221215411e-01 2.085491835164136887e-01 2.508987983389089904e-01 2.894206761782973647e-01 3.278998641760806354e-01 3.635379947021130653e-01 3.982897915528708643e-01 4.321841535011965441e-01 4.635337356491767147e-01 4.894681592778716839e-01 5.160928046073050002e-01 5.376562606165170566e-01 5.574156190954350221e-01 5.730737236806994206e-01
-1.059603932472747041e-02 -3.136784226102896922e-02 -4.835167299911551086e-02 -6.507444302765566513e-02 -8.175230829941249056e-02 -9.674025728310257921e-02 -1.096856767610594890e-01 -1.217353538259951379e-01 -1.326535830408679117e-01 -1.410379213127012366e-01 -1.472008177891850900e-01 -1.506984799102864259e-01 -1.531664504830444751e-01 -1.515141498526247910e-01 -1.502639108448165506e-01 -1.441039220905858120e-01 -1.359830107880267702e-01 -1.268311542709085749e-01 -1.134913081507672034e-01 -1.000019390495040517e-01 -8.486112369007435541e-02 -6.627122413247885091e-02 -4.776510354729274210e-02 -2.653642286818263391e-02 -4.397251634959412764e-03 1.558568995309672633e-02 3.961853016529137683e-02 6.152375417631190946e-02 8.427779554130820916e-02 1.403405981636744460e-01
5.207396209567045561e-03 4.722177863383834884e-02 8.297631961010830393e-02 1.194595355865925440e-01 1.559111719622958969e-01 1.922516516823163935e-01 2.300575327912801615e-01 2.674411424067156817e-01 3.076859958929720751e-01 3.461033005818413555e-01 3.868929367354507209e-01 4.275758989901362606e-01 4.677842215167413165e-01 5.080561794250837426e-01 5.500812742168180725e-01 5.908653661954228475e-01 6.345316760464212447e-01 6.744492189499511348e-01 7.147746977264228807e-01 7.542069420727912643e-01 7.927211650214015526e-01 8.252121259666447273e-01 8.619675476201965614e-01 8.953862791856443959e-01 9.278334408444721682e-01 9.571930772493174588e-01 9.868764587566916102e-01 1.013083164650111723e+00 1.037735949777251143e+00 1.071622355941660443e+00
-2.195160498518208825e-02 -5.027350386741681609e-02 -7.767714204838011005e-02 -1.051237550959612105e-01 -1.324102084671044122e-01 -1.601318190491802795e-01 -1.872015124338729242e-01 -2.149500052005932638e-01 -2.439994439264688286e-01 -2.728119911812787457e-01 -3.027318136586359398e-01 -3.328437902817562577e-01 -3.637508475183783840e-01 -3.918618665859460171e-01 -4.241338779224375632e-01 -4.511095343836234450e-01 -4.820462895506184564e-01 -5.107464422614365063e-01 -5.370134888975524046e-01 -5.638608425720256223e-01 -5.900463268262889915e-01 -6.104081223433247549e-01 -6.329501953571454731e-01 -6.526515591897619206e-01 -6.717119408892473498e-01 -6.885170288958869511e-01 -7.035128322655058719e-01 -7.157522296005733864e-01 -7.272636483187131518e-01 -7.334059648919351027e-01
-5.855454250379903830e-03 2.492574209642615252e-02 4.406832727093000501e-02 6.234058243616407563e-02 7.975411514767773158e-02 9.455392383642445553e-02 1.089134013421970415e-01 1.208919330213581722e-01 1.329288475562073191e-01 1.408267667617479901e-01 1.473844236807091423e-01 1.514703571498007550e-01 1.529459511144051487e-01 1.539503230152555191e-01 1.521602067652010892e-01 1.511360186587987764e-01 1.465065002179052334e-01 1.401848139845275065e-01 1.338194097919701842e-01 1.259527807703156865e-01 1.167594492782752652e-01 1.059925779596496420e-01 9.686759059307119279e-02 8.548769284269269741e-02 7.331685598271009408e-02 6.251824172964622062e-02 5.045640556182285491e-02 3.969547518712342182e-02 2.736120976248127695e-02 -4.427078363140192485e-03
-1.396247977874467798e-02 -3.516487222285166053e-02 -6.050717275951469215e-02 -8.747713003138170296e-02 -1.156877936030616394e-01 -1.446637816676048516e-01 -1.738778699336468447e-01 -2.034709895614761621e-01 -2.351629172815435931e-01 -2.664016091223271321e-01 -2.992645450707190902e-01 -3.332121524367176457e-01 -3.680898196207493256e-01 -4.015640317231621292e-01 -4.409208028698679005e-01 -4.755779654853063421e-01 -5.175238120428194977e-01 -5.594769892060753591e-01 -5.999727082279557866e-01 -6.447275746723776235e-01 -6.905009101790330339e-01 -7.327488233482872815e-01 -7.783057978416902944e-01 -8.245009534357503611e-01 -8.724540913777949491e-01 -9.174676538591131081e-01 -9.647759772955872837e-01 -1.008705327259425300e+00 -1.054861580996186543e+00 -1.155056113082832070e+00
-1.439607984271062957e-03 8.002793882706488171e-02 1.484136046561013167e-01 2.196164108801014203e-01 2.914852118575906870e-01 3.592514614047933041e-01 4.264886605544280784e-01 4.902385408217807550e-01 5.550000638014074283e-01 6.103538385758463525e-01 6.635987980009767639e-01 7.082570636471752223e-01 7.480408491979331220e-01 7.792097543781307811e-01 8.061473295466359268e-01 8.242705463230507457e-01 8.316110555955483763e-01 8.283396653713305247e-01 8.159186638448793216e-01 7.944464059962184077e-01 7.646723997101663173e-01 7.187992381369564532e-01 6.764861840922697933e-01 6.190289700351825353e-01 5.554600206615228908e-01 4.962075489550026863e-01 4.248516865098188600e-01 3.582251784993831234e-01 2.838944692950204352e-01 7.973613150905632663e-02
1.254489465809854182e-02 9.350050254075849276e-02 1.752814264354781715e-01 2.632393518273814514e-01 3.541800248919396710e-01 4.472132452737248021e-01 5.449490822512983446e-01 6.432401238835750990e-01 7.486559909812832148e-01 8.511460539029395145e-01 9.602607886848346652e-01 1.069214277562011706e+00 1.178593738816446690e+00 1.285009150181033455e+00 1.399614007287390605e+00 1.505622369087505019e+00 1.621196445052353940e+00 1.727396315984554676e+00 1.830359758245475810e+00 1.932159028542860701e+00 2.030884179078153551e+00 2.112578269664564523e+00 2.203037498658078963e+00 2.285138781578746059e+00 2.364767470516250025e+00 2.437739267367097007e+00 2.510363904150514358e+00 2.576102756188458631e+00 2.639475386127681400e+00 2.740922800336897058e+00
-1.633184715107073234e-02 1.562489345000357861e-02 3.213097039931708809e-02 4.714364679460265883e-02 6.087554956321541977e-02 6.925897819890525220e-02 7.548441311825092315e-02 7.706284265271076683e-02 7.694598557004984907e-02 6.932965056284515204e-02 5.745889294283333670e-02 4.141666907499221006e-02 2.060158606959851604e-02 -7.325893416895191967e-04 -2.678875901077478264e-02 -5.082311784238578017e-02 -8.049718035066602551e-02 -1.091046648251237927e-01 -1.372640674564938879e-01 -1.639723938124795222e-01 -1.911408094162272975e-01 -2.151061577214343490e-01 -2.371281033574490216e-01 -2.588081575492736652e-01 -2.788359668721638873e-01 -2.948592413462999273e-01 -3.097929090397131824e-01 -3.208266768382821432e-01 -3.313115750143137972e-01 -3.323638300143629820e-01
2.714935874530479548e-02 2.340149703854066399e-01 4.266465786329843302e-01 6.301929284930456454e-01 8.384417516065787446e-01 1.044166122681608577e+00 1.255296404085635587e+00 1.462269086331460466e+00 1.680556411169749742e+00 1.884203966952249010e+00 2.095175435856737600e+00 2.301350133775065476e+00 2.502515336022253845e+00 2.694407626790760624e+00 2.900464861637721103e+00 3.085568280738207214e+00 3.286408045084488805e+00 3.469551172682461715e+00 3.642881058410491590e+00 3.818033688480443999e+00 3.985803390945520164e+00 4.121969381830136392e+00 4.277573385511724169e+00 4.416431047163111856e+00 4.552965546315452805e+00 4.680962942900795731e+00 4.809056707716750978e+00 4.928430929084304246e+00 5.044447721324331724e+00 5.253834111831028331e+00
1.018237494457855871e-02 1.094544238698573341e-01 1.967776942986553257e-01 2.869403466920973922e-01 3.782808205574721416e-01 4.677146695318328273e-01 5.589977227004505611e-01 6.478457637811629866e-01 7.420344935196299119e-01 8.293414680604540568e-01 9.197558105412455554e-01 1.008358210017107348e+00 1.094900739739948836e+00 1.179007920699843615e+00 1.269274788659736863e+00 1.352853066489789757e+00 1.444415614713716156e+00 1.529997122654496833e+00 1.613614075018444449e+00 1.699833185026913052e+00 1.784542427847006563e+00 1.857135473078831867e+00 1.939553709649725732e+00 2.016730831477453023e+00 2.094095225668488602e+00 2.166741257723632685e+00 2.241524325497509906e+00 2.310863339047393605e+00 2.379684993295041018e+00 2.512523625652109960e+00
-1.084723373783356981e-02 -2.176921181643181810e-02 -3.553967583541317588e-02 -5.014770829724328471e-02 -6.539364957052565264e-02 -8.090693836300844044e-02 -9.585208325651450867e-02 -1.109203897370681369e-01 -1.264940088670657437e-01 -1.414642656724243164e-01 -1.564757332775843501e-01 -1.713643067704072043e-01 -1.863905068922733221e-01 -1.992959122973805841e-01 -2.148893915989529280e-01 -2.264822095553538917e-01 -2.406261845317129722e-01 -2.542397079782270919e-01 -2.655765363459189898e-01 -2.783683666184419980e-01 -2.910680432728943723e-01 -3.009163300605123825e-01 -3.118131663538558085e-01 -3.220497788350788482e-01 -3.325501396006126931e-01 -3.426856969835381794e-01 -3.520695512793713400e-01 -3.608623913082476542e-01 -3.702368344557356306e-01 -3.885336663774138222e-01
8.135065057154696258e-03 6.860029898722591613e-02 1.192540550020615986e-01 1.711090326898982161e-01 2.229111672471978112e-01 2.738289605545504712e-01 3.258936317145783579e-01 3.768840655650771976e-01 4.306584140395955940e-01 4.806836312452292814e-01 5.322824035983237945e-01 5.812472394103165296e-01 6.285058148236021269e-01 6.728464277552175243e-01 7.173294588464953492e-01 7.573505274812729615e-01 7.961371584345731112e-01 8.275784523398346249e-01 8.560478549260845949e-01 8.795737423446141623e-01 8.992568756965633181e-01 9.074269323521840791e-01 9.197425837994387399e-01 9.233766225914936676e-01 9.231363849350783246e-01 9.217727909120365659e-01 9.150862793170571052e-01 9.070020121318391748e-01 8.942697245219634050e-01 8.287773238383008279e-01
-1.491341883949192162e-02 -4.356400164449587831e-02 -7.389406682703411611e-02 -1.056358541725048311e-01 -1.382450351210374739e-01 -1.708023097010592795e-01 -2.027106403473205032e-01 -2.347132169665296364e-01 -2.678170149147481305e-01 -2.993810622034350777e-01 -3.313867625533679639e-01 -3.626598941753588767e-01 -3.941748420102021422e-01 -4.223870021247783657e-01 -4.549476678165747523e-01 -4.813635795163487829e-01 -5.118478703846576217e-01 -5.407846051317273250e-01 -5.665072827918223863e-01 -5.942944323026498887e-01 -6.215189573778217014e-01 -6.432609777872491108e-01 -6.680376898380181450e-01 -6.904798875162616589e-01 -7.133630769483171319e-01 -7.349136066241799270e-01 -7.557442407721657318e-01 -7.748051380919447340e-01 -7.943581092766065499e-01 -8.300775258204469154e-01
-1.745225913395982015e-02 -4.749780533672134930e-02 -7.080234364504292555e-02 -9.182012017745111443e-02 -1.116834976952156833e-01 -1.298188254867293778e-01 -1.455731743501746667e-01 -1.600703969267494586e-01 -1.748173193643848544e-01 -1.877147801733382582e-01 -1.998122017062899103e-01 -2.133245317262868479e-01 -2.265443576180828922e-01 -2.406408235657718220e-01 -2.599263214726004190e-01 -2.777340379251627134e-01 -3.046654892362312683e-01 -3.356242403847452538e-01 -3.687419319584791522e-01 -4.107899921166240365e-01 -4.568439331373277401e-01 -5.057574340924899658e-01 -5.594363056546449720e-01 -6.183136659502479482e-01 -6.821936632299251402e-01 -7.433240721911613669e-01 -8.111475855412653146e-01 -8.748303083589591411e-01 -9.435182487865110268e-01 -1.113317443159848708e+00
-1.463228316587992378e-03 4.777059157821385987e-02 7.459439103573585472e-02 9.820630662148427392e-02 1.193643918277001309e-01 1.358002183433418275e-01 1.502977462910255191e-01 1.608526153799143821e-01 1.707017853371983196e-01 1.741268730257397590e-01 1.743958341732591288e-01 1.707649253620405760e-01 1.627113325428359014e-01 1.534175634068390970e-01 1.393253833371242978e-01 1.258594024502763531e-01 1.056912041274202796e-01 8.333364087689787425e-02 6.053511633563390254e-02 3.502496471646882048e-02 7.509766302206455357e-03 -2.213564643977225521e-02 -5.000019587122557507e-02 -8.157191025540404261e-02 -1.147974344562218696e-01 -1.449781203915875838e-01 -1.787672340503544677e-01 -2.099032342104090731e-01 -2.440721599775602657e-01 -3.300779355007551485e-01
5.830179024082940073e-03 5.310945870690208376e-02 9.256106973718979114e-02 1.323332388633255696e-01 1.716020749846691729e-01 2.102249049670166514e-01 2.497145168919384373e-01 2.884451523083900182e-01 3.296561620439640294e-01 3.683574252525099180e-01 4.088850722913895952e-01 4.487421129188253199e-01 4.876562805947383117e-01 5.261524848291929679e-01 5.657592560143409610e-01 6.038872126595615786e-01 6.441431353280758776e-01 6.801892444274455496e-01 7.164062566341165006e-01 7.513646320842768400e-01 7.851535653137544646e-01 8.126549552677125865e-01 8.446477028371819351e-01 8.725804926704183728e-01 8.994048496011015636e-01 9.235713439307442485e-01 9.475326088765783084e-01 9.683262229035606294e-01 9.872058752554450090e-01 1.008595126911748796e+00
-1.497209376770175862e-02 -3.646278101187922643e-02 -6.183550791722264989e-02 -8.885366088103732740e-02 -1.171715831377889289e-01 -1.462336548419025384e-01 -1.755316648133189994e-01 -2.052937764793544284e-01 -2.369687145189419697e-01 -2.682455924023622873e-01 -3.010154829331485593e-01 -3.343237088329883422e-01 -3.685819526408462554e-01 -4.007314414212074793e-01 -4.381244219905289228e-01 -4.702834332063088318e-01 -5.081433553452778806e-01 -5.451780216274970670e-01 -5.797845488018342763e-01 -6.171780747771168363e-01 -6.546644909441318161e-01 -6.874636865958789755e-01 -7.228711204608398999e-01 -7.574719352568043407e-01 -7.928983973197372137e-01 -8.257912330263978973e-01 -8.593157096341830226e-01 -8.900634332056348574e-01 -9.219400319540311806e-01 -9.844628759855258426e-01
-1.673510955243231665e-02 -6.937279815372104919e-02 -1.201658806977162208e-01 -1.732103762503374722e-01 -2.275195508074059347e-01 -2.808484121159529057e-01 -3.335485761699276686e-01 -3.852176940561792828e-01 -4.387777272643056392e-01 -4.879621234235775873e-01 -5.372083428711811326e-01 -5.836068333264277097e-01 -6.287904887880118032e-01 -6.679932930028467108e-01 -7.108447044858435815e-01 -7.445844060319869451e-01 -7.796241879283417608e-01 -8.100891999399817411e-01 -8.343355856481373678e-01 -8.581051157849755029e-01 -8.790876177038364769e-01 -8.892728205132790498e-01 -9.032771460730937285e-01 -9.109864478076183936e-01 -9.171326088962106216e-01 -9.231821200446153064e-01 -9.246886795430899753e-01 -9.258400294019903942e-01 -9.251930315212999467e-01 -9.028642113776188527e-01
-1.244721567657963365e-02 6.618738013575661827e-02 1.183843664896315484e-01 1.688512435145929635e-01 2.178933573366802212e-01 2.586428582029320355e-01 2.962323578151343506e-01 3.262729167505165617e-01 3.554409863983299944e-01 3.715092956901092092e-01 3.817002018018039733e-01 3.844733484006832569e-01 3.793535674367458088e-01 3.706086965921795429e-01 3.561149092326456600e-01 3.398386507889638031e-01 3.147488808880052891e-01 2.878782017074872912e-01 2.580141158956428815e-01 2.282383679452294201e-01 1.957239724062531661e-01 1.605338843595484899e-01 1.299091552345455480e-01 9.512115853878479188e-02 6.087485484869718799e-02 3.232236750845062651e-02 1.463124025436475517e-03 -2.398379889359365802e-02 -5.105631679611945251e-02 -1.007595316689456066e-01
7.346352150449391230e-03 6.546668583082851378e-02 1.149277158233212026e-01 1.654326858011980206e-01 2.161985148295709480e-01 2.667234352043439394e-01 3.192208400889713360e-01 3.707921963887475525e-01 4.264983801674464559e-01 4.794556077955343665e-01 5.356560878329871267e-01 5.923821669128244150e-01 6.484892570688118862e-01 7.051414880971006438e-01 7.660679016921014828e-01 8.248672035503303857e-01 8.903556955361604519e-01 9.523786471763011630e-01 1.015455400918073625e+00 1.080064284331760049e+00 1.144676747049417243e+00 1.202387321499220008e+00 1.266628135030809954e+00 1.328519627355902344e+00 1.390562838536127943e+00 1.448128291618085983e+00 1.508350006167584745e+00 1.563351464684674674e+00 1.618024616173460828e+00 1.722162868738850161e+00
-6.404860072756392991e-04 4.004985750403042277e-02 7.168621185640598747e-02 1.036607241104980232e-01 1.354671250237868829e-01 1.654884682439932697e-01 1.959130411127249227e-01 2.247261622001241188e-01 2.549978469334742703e-01 2.815996771049834035e-01 3.085393563090451652e-01 3.337438859486138720e-01 3.573052871415747234e-01 3.802366993301243836e-01 4.031287032095525191e-01 4.252002327166312101e-01 4.472493854810932756e-01 4.667573082898090475e-01 4.860923172392176972e-01 5.050893540532555015e-01 5.228036847921974095e-01 5.367272789686718948e-01 5.540807896408201927e-01 5.686835327956798469e-01 5.828575152553053806e-01 5.961479776565242750e-01 6.093782941184484603e-01 6.215317697965315746e-01 6.325062866449545629e-01 6.461691789381209805e-01
-1.757391747476852797e-02 -6.055682674568869245e-02 -1.098723251425705594e-01 -1.623876000386909879e-01 -2.169652198756729933e-01 -2.718238858250464629e-01 -3.266217142357777936e-01 -3.816361077756723619e-01 -4.393250524120985157e-01 -4.947933759784456376e-01 -5.520658108500614558e-01 -6.089192411523697279e-01 -6.666903123143358423e-01 -7.209633673922593022e-01 -7.824743702777942067e-01 -8.363641165832372826e-01 -8.989734692205328948e-01 -9.597948996918204134e-01 -1.017090832370095566e+00 -1.079523521119047036e+00 -1.141996441636482507e+00 -1.197379473761933655e+00 -1.258305448831769757e+00 -1.317774609615339099e+00 -1.379177170965719457e+00 -1.436788811303224778e+00 -1.496484738897874145e+00 -1.551927656206357309e+00 -1.609552324245165700e+00 -1.731183667804541138e+00
-1.391652763117915553e-02 -2.939542881682584777e-02 -4.333831265520332598e-02 -5.701197514027443042e-02 -7.030158650932744058e-02 -8.336057727868055600e-02 -9.512099080419850194e-02 -1.069543243209630512e-01 -1.185229661350264974e-01 -1.292692724704463392e-01 -1.392457971168754582e-01 -1.478939599849269093e-01 -1.562097085127959195e-01 -1.610194591921272345e-01 -1.665396704908400083e-01 -1.673678005438284933e-01 -1.669368630518877628e-01 -1.641230144646065869e-01 -1.577646369691972084e-01 -1.494099265302554769e-01 -1.393431713077913914e-01 -1.242268791732770994e-01 -1.092383012770511280e-01 -9.023480938535802243e-02 -6.934202133140440760e-02 -4.956674715039612045e-02 -2.499909278324100384e-02 -1.297001668522430873e-03 2.438614839147387053e-02 9.601773319478310031e-02
-3.078194785820304036e-02 -7.198234885564896990e-02 -1.259597133295640992e-01 -1.848436449383090152e-01 -2.466245688933901281e-01 -3.124641903729966641e-01 -3.808542508650051839e-01 -4.524310871476866502e-01 -5.294530582715858413e-01 -6.081694876720971088e-01 -6.927892559994536237e-01 -7.791272346707557306e-01 -8.688590710395106553e-01 -9.546630310067488745e-01 -1.050224046079100360e+00 -1.135886714359833682e+00 -1.232076041909909714e+00 -1.322173029884559536e+00 -1.407743361606375476e+00 -1.493735596958350786e+00 -1.578002451837394959e+00 -1.647720230310305345e+00 -1.723306023907552387e+00 -1.792571397217419538e+00 -1.860468128435776913e+00 -1.921192919310069636e+00 -1.980376697199881075e+00 -2.031970044316597335e+00 -2.082468534613346023e+00 -2.148787208362678669e+00
-6.314275840894995398e-03 -1.829675000707969151e-02 -2.858946325175266284e-02 -3.848414497756620645e-02 -4.821999288208637935e-02 -5.643753986534859324e-02 -6.254630208830136429e-02 -6.773438530791445200e-02 -7.167823862561245596e-02 -7.344741706502608269e-02 -7.298204115856374297e-02 -7.055468479946055971e-02 -6.711695152541070908e-02 -6.056442926422304918e-02 -5.422302327310534603e-02 -4.420613858804321727e-02 -3.285856477058581027e-02 -2.156714959434520573e-02 -7.224158205559529089e-03 6.314095711438292430e-03 2.047073868230506188e-02 3.602922832871109649e-02 5.144328754493478206e-02 6.803601778558371338e-02 8.448801080744205994e-02 9.881379382298893788e-02 1.153591969155409458e-01 1.299734495640041676e-01 1.445094491027757722e-01 1.723634833551550283e-01
-8.367979804469750579e-03 -7.585223353862007717e-04 -4.986417952582197083e-03 -1.177320228790667417e-02 -2.031102766739643212e-02 -3.123491165871095793e-02 -4.300983496777354559e-02 -5.668645781883557139e-02 -7.159081855110238646e-02 -8.861384247243460355e-02 -1.075483235290802669e-01 -1.277570439474070563e-01 -1.500656787329962272e-01 -1.708282645708702197e-01 -1.959430752362093242e-01 -2.170487754209350362e-01 -2.427851914641577791e-01 -2.680089382782230856e-01 -2.912139385004644532e-01 -3.158008397687599444e-01 -3.405500434915205155e-01 -3.623008064052483657e-01 -3.845467205465910587e-01 -4.064874358037318669e-01 -4.287239915158649328e-01 -4.491262744383158201e-01 -4.696881930174325870e-01 -4.884123160989515822e-01 -5.082182038134686053e-01 -5.492907344726187802e-01
1.372585210365103760e-02 1.641711484070056681e-01 2.977147833075975969e-01 4.363588487912140601e-01 5.769833303481002318e-01 7.140101372387546164e-01 8.533584148239667933e-01 9.880644969614174045e-01 1.130488088177864725e+00 1.260766447264392909e+00 1.394818281542484550e+00 1.525899953734987324e+00 1.652493985298636225e+00 1.774747405918169596e+00 1.906458417288088514e+00 2.027005952643599951e+00 2.159662610200236976e+00 2.283800802502887528e+00 2.404434985629854360e+00 2.530387300747348966e+00 2.654182273620699029e+00 2.760693051177501633e+00 2.882724728226806032e+00 2.997356189152745820e+00 3.113533876801896305e+00 3.223666423397625991e+00 3.338235938955589344e+00 3.445746791476429038e+00 3.553523618798688943e+00 3.775631386157282776e+00
-6.270736057154864887e-03 -1.588650323708055631e-02 -2.604781935302305507e-02 -3.635846790231034298e-02 -4.679627354292986707e-02 -5.614089254030224518e-02 -6.373156888320766211e-02 -7.083616667933528843e-02 -7.687124154141357357e-02 -8.126413071107210784e-02 -8.391045305638128449e-02 -8.467047331906343843e-02 -8.485139854630951994e-02 -8.158104851123212931e-02 -7.867088520224979620e-02 -7.170160031314803950e-02 -6.320503209854477777e-02 -5.412780409120213077e-02 -4.146746520213325654e-02 -2.886594185199657658e-02 -1.514404865423271337e-02 7.220658379528469006e-04 1.680473906179381915e-02 3.485284481562239689e-02 5.313172607494572042e-02 6.971616686859843925e-02 8.888595899274198686e-02 1.063028082550309117e-01 1.240790055800618796e-01 1.625196837325107446e-01
-3.679666811247550746e-03 8.326754234010719236e-03 2.005019523744682591e-02 3.267564893555365002e-02 4.576632994248693020e-02 5.967855113237563458e-02 7.558278729122597239e-02 9.159028907858009216e-02 1.100065491466669237e-01 1.286280530353161033e-01 1.498642312787124287e-01 1.729484356412735180e-01 1.965696439402014328e-01 2.231311661510659572e-01 2.519572963545329003e-01 2.828979991214609635e-01 3.191894751003774844e-01 3.555491721990359788e-01 3.951595184007851702e-01 4.371556138711354955e-01 4.807674333896229113e-01 5.243876656350949794e-01 5.711940485578897997e-01 6.199524555873657805e-01 6.701607888179464956e-01 7.169296941974818704e-01 7.684816995975269904e-01 8.162531820978200514e-01 8.655590149666299027e-01 9.760114201014696844e-01
6.956618213667012385e-03 -1.574130734755918581e-02 -3.052728835588414819e-02 -4.416185350737403259e-02 -5.749419939327090473e-02 -6.539733894964451510e-02 -6.911248569664976693e-02 -6.827158998753551922e-02 -6.465631971874366557e-02 -5.355035883555078757e-02 -3.662421186161005787e-02 -1.604640778060243897e-02 8.720537444814661227e-03 3.581325547434735523e-02 6.387214149547240649e-02 9.381948918792085146e-02 1.251918947142600935e-01 1.517728400372449771e-01 1.800191738404493258e-01 2.010556630859150762e-01 2.204252090220842342e-01 2.344201795300224767e-01 2.462774326162589511e-01 2.540478505589399694e-01 2.569317145524049328e-01 2.553253812408920465e-01 2.501567248351287409e-01 2.409000992485192949e-01 2.272920167973923045e-01 1.530504233878726139e-01
-1.701254398947997168e-03 5.582388600146599711e-02 1.012978429945643050e-01 1.474986860570624558e-01 1.934435439863637640e-01 2.362180487750182301e-01 2.786060225222191100e-01 3.181317678993335618e-01 3.586880099855199178e-01 3.928043679118559117e-01 4.258375937065597139e-01 4.546263016869263041e-01 4.800245218778615430e-01 5.022550882939395001e-01 5.225294643915742165e-01 5.397131143957794031e-01 5.530845834745915512e-01 5.615936456138916899e-01 5.672752632655441163e-01 5.702413817527562934e-01 5.699160193314867229e-01 5.625716786857803964e-01 5.588777668505942042e-01 5.489159081393307771e-01 5.370530259051043975e-01 5.264141650668346939e-01 5.122002053313216008e-01 4.991349737921951801e-01 4.831213126694794413e-01 4.318247334018773809e-01
-6.087501924409466011e-03 -8.725750388313953040e-03 -1.704212968993094532e-02 -2.684499154842457519e-02 -3.794390024737378381e-02 -4.930434110820174770e-02 -6.026036708983396190e-02 -7.137358264879742342e-02 -8.272179669452209283e-02 -9.359022751952977837e-02 -1.042517115894288360e-01 -1.144056623305414466e-01 -1.249173610700361758e-01 -1.331269116636193961e-01 -1.436468232705861992e-01 -1.502124304308360969e-01 -1.583104170907592700e-01 -1.664736946901621550e-01 -1.717323178127212746e-01 -1.784861025131075085e-01 -1.849619129790859018e-01 -1.891356918802299392e-01 -1.937606488331010124e-01 -1.978627767796143910e-01 -2.024806600047091565e-01 -2.072923750591926517e-01 -2.114234572991137151e-01 -2.158086200172522062e-01 -2.210067575624728442e-01 -2.342941824705934151e-01
-2.719156693162881958e-02 -1.189173555453501840e-01 -2.159619234316122738e-01 -3.189079981850527212e-01 -4.253764935090555421e-01 -5.316914342667724558e-01 -6.389371691727933067e-01 -7.452744954923242737e-01 -8.577373552244559329e-01 -9.641065930617520596e-01 -1.074048530788595190e+00 -1.182566203916705305e+00 -1.290905525565772427e+00 -1.393314251146227090e+00 -1.506544467637456641e+00 -1.607154006502534926e+00 -1.720171979198012568e+00 -1.827872149200906016e+00 -1.929455934018539320e+00 -2.037256966887717180e+00 -2.143651500579249802e+00 -2.234839904935752131e+00 -2.336712331607062598e+00 -2.433501178098707030e+00 -2.532254737431788971e+00 -2.624452434118103028e+00 -2.718545432995597366e+00 -2.805471763512174643e+00 -2.894252981272999570e+00 -3.063803138665369019e+00
-3.250650185810645409e-02 4.566293716330240698e-03 -6.073859420767560580e-03 -2.766085391491502135e-02 -5.566694742342519209e-02 -9.779144075784225454e-02 -1.485040347716313769e-01 -2.108400004359530788e-01 -2.816257347147281265e-01 -3.668997771860620372e-01 -4.664015880413538984e-01 -5.742568593118906328e-01 -6.935074955633675486e-01 -8.111760516907028373e-01 -9.435373572989738111e-01 -1.066947643263385315e+00 -1.207330406408463563e+00 -1.338802414217215020e+00 -1.467046332706911649e+00 -1.591174341119138580e+00 -1.713244821550773844e+00 -1.818421170537223519e+00 -1.924956835602123828e+00 -2.025016365922627681e+00 -2.120775919011627764e+00 -2.202840313513962922e+00 -2.283267281797946247e+00 -2.350763278951380819e+00 -2.416298720389984389e+00 -2.487030337504004152e+00
3.165536646594134182e-03 1.613607724835008916e-01 2.949666631492504631e-01 4.325441696298665817e-01 5.715931615571392399e-01 7.026089976905870449e-01 8.327856684237622265e-01 9.553762970950299138e-01 1.082407615137514156e+00 1.192105731564130355e+00 1.300086367182221148e+00 1.399081145473595189e+00 1.490316637653956722e+00 1.572929246695835115e+00 1.658470476208707023e+00 1.731338829454010630e+00 1.804412274856614928e+00 1.868737523742912909e+00 1.924870754393838812e+00 1.983014554870964785e+00 2.035591755867304897e+00 2.070848475493141105e+00 2.119273052022129011e+00 2.156225813874700581e+00 2.193310261998319799e+00 2.230927651186877192e+00 2.266278619441229658e+00 2.301592762202411713e+00 2.334718358329599397e+00 2.392929788619249543e+00
-5.800958056326353460e-04 -1.159802801292028618e-02 -2.114424124236240210e-02 -3.064409624251918443e-02 -4.071966521375055409e-02 -4.844235850926552345e-02 -5.444160010439973857e-02 -5.795866750089989639e-02 -6.115250540246539024e-02 -6.064452116314336672e-02 -5.799163893561001121e-02 -5.516368829943522206e-02 -5.060813297643529385e-02 -4.603901192897743438e-02 -4.424808181908131827e-02 -4.107136721492637976e-02 -4.217917269972130956e-02 -4.805442768154702393e-02 -5.420077830836664973e-02 -6.826644025848754849e-02 -8.508811232390259272e-02 -1.063422369925967337e-01 -1.300759285863263837e-01 -1.592381684913756201e-01 -1.933531075729182369e-01 -2.280089354259037249e-01 -2.683325165786076827e-01 -3.087196817348871747e-01 -3.541415983678165569e-01 -4.869058252643941875e-01
