3.355849488696052707e-02 6.976050344798298553e-02 1.045542924130111045e-01 1.419975438214673424e-01 1.815114657728710001e-01 2.233530694534533179e-01 2.656936744656239746e-01 3.082074653838701161e-01 3.500258192859789230e-01 3.902737331680296018e-01 4.293232905970273405e-01 4.663751413428436909e-01 5.000281567571065455e-01 5.311758998280233790e-01 5.591703846050288806e-01 5.832983228298883605e-01 6.029217959925508019e-01 6.190050703173797242e-01 6.298452433480490331e-01 6.364438714247442341e-01 6.381452500803239669e-01 6.351467010345688280e-01 6.279841717248387800e-01 6.172679740685580452e-01 6.038743652026719033e-01 5.882115357840422831e-01 5.714897866002079940e-01 5.550958582163036947e-01 5.397969481477477016e-01 4.983500756717034741e-01
2.517125274593965886e-02 6.152651337581883928e-02 9.377084308505437282e-02 1.257153905415172024e-01 1.567509185925107795e-01 1.872623472697498848e-01 2.159869786133143954e-01 2.427436544341685098e-01 2.672981063190712492e-01 2.889964436256825531e-01 3.084956901747251679e-01 3.251523091101599094e-01 3.387894920586823622e-01 3.496225229616867214e-01 3.580213209504975458e-01 3.635505573864654671e-01 3.663780800984288155e-01 3.671786307934671312e-01 3.652427205649969588e-01 3.615364067468209708e-01 3.556945554525711151e-01 3.482423538781788119e-01 3.391707643927248661e-01 3.289032482746154229e-01 3.179713564783357982e-01 3.064552434638868617e-01 2.947260968259597380e-01 2.834630299652444174e-01 2.727148122310554257e-01 2.417420986085828116e-01
-2.008481977831993656e-03 -2.656509605052531295e-02 -4.080716409904552866e-02 -5.318945701611846322e-02 -6.372944564616986329e-02 -7.272391870603850395e-02 -7.979952158281014563e-02 -8.480854289869294016e-02 -8.770826153126985714e-02 -8.851201798896604633e-02 -8.717392524897643602e-02 -8.385931980609862002e-02 -7.857449652147836805e-02 -7.150698352632811616e-02 -6.290638766411918437e-02 -5.279560009502216877e-02 -4.152989572577873989e-02 -2.903310069284397582e-02 -1.555420058197596982e-02 -1.276900587984620278e-03 1.343783211880870965e-02 2.886452665446698554e-02 4.464746761504267275e-02 6.100385592876421403e-02 7.760935246517811081e-02 9.447238718849929051e-02 1.116018091811931956e-01 1.290009510466197384e-01 1.466113343792029289e-01 2.011768994831089341e-01
7.730456797857235274e-03 8.896137853921473604e-03 1.281726366124031832e-02 1.636909057847387924e-02 1.947678851174119291e-02 2.219505535704296290e-02 2.458106298830759970e-02 2.673329365316575584e-02 2.887258202780980734e-02 3.082768122942537020e-02 3.302592269395407398e-02 3.518834758951185082e-02 3.767320473818133730e-02 4.025606570150666585e-02 4.326113167584587360e-02 4.664392182958659178e-02 5.050984207280676680e-02 5.508600644207766600e-02 6.028281414778134673e-02 6.633116902442572071e-02 7.290473745388172111e-02 8.052867035409870533e-02 8.869306564297460560e-02 9.762749381079376121e-02 1.071213959898360268e-01 1.170290791221130083e-01 1.271596055523377400e-01 1.374179566641099970e-01 1.474366533055663786e-01 1.729963414008111600e-01
4.792430288232035762e-03 2.472049404809369480e-02 3.568206240099054682e-02 4.539241801993224718e-02 5.423191980287287578e-02 6.266601321707786221e-02 7.034604036314566489e-02 7.734401628917564331e-02 8.363750982668846645e-02 8.900476313718913568e-02 9.369115034489181038e-02 9.738386032522489133e-02 1.000838829991048951e-01 1.016848925343117882e-01 1.024041338650857474e-01 1.019387567738956613e-01 1.002774771673621279e-01 9.768060596581336352e-02 9.375675423299377476e-02 8.883826527391555650e-02 8.262909201280252414e-02 7.547278536293447471e-02 6.706757982150411690e-02 5.755663771738443041e-02 4.715644500200949496e-02 3.569095749555885322e-02 2.309315125495627063e-02 9.470590186455483950e-03 -5.637825392824744042e-03 -6.534508716980799714e-02
6.049930054669180185e-02 9.748112316269139099e-02 1.405554848005682311e-01 1.847803546201262914e-01 2.313832954073314907e-01 2.806479340334174788e-01 3.325362308243967613e-01 3.871857996385272838e-01 4.444369181249046008e-01 5.035150347806287563e-01 5.656142032382256435e-01 6.299871695256027415e-01 6.950103407438695813e-01 7.624379905383299461e-01 8.306610655048585201e-01 8.998116396714362919e-01 9.684511871806307237e-01 1.038081251483295775e+00 1.106481916287607836e+00 1.174462187332095287e+00 1.240042544573150884e+00 1.304099476703181937e+00 1.365863139441589880e+00 1.426206638818455330e+00 1.483955883690259103e+00 1.538748679125867103e+00 1.591291139968883606e+00 1.641213697240670344e+00 1.688131673057122306e+00 1.768717210187441324e+00
4.047038331928381333e-02 8.741109983943906592e-02 1.307623706643444850e-01 1.735251149261130277e-01 2.156135935528639136e-01 2.575047723688090873e-01 2.981685540701550230e-01 3.374897239627260292e-01 3.753035955876481422e-01 4.108483134089859767e-01 4.450964498289143867e-01 4.773241905750286174e-01 5.069848769125588905e-01 5.348046453707648862e-01 5.607229400399023067e-01 5.844585801868112940e-01 6.058323920637990190e-01 6.258562844014580184e-01 6.433671846649855475e-01 6.594499871945618263e-01 6.732431994909483519e-01 6.854599165982185882e-01 6.958177464761343689e-01 7.048967956831305726e-01 7.127664464890401952e-01 7.193217605352857369e-01 7.250200203466143911e-01 7.302278345486072908e-01 7.347934193160646776e-01 7.287302651718385871e-01
5.780459715446691418e-03 2.349550849395622143e-03 7.720887043085549947e-03 1.253498417577279811e-02 1.634706833484408234e-02 1.904479039220126346e-02 2.088108323961503435e-02 2.196108258998068913e-02 2.276204129294387077e-02 2.308552166308714890e-02 2.365571239902154038e-02 2.414208801546549946e-02 2.537747161281879438e-02 2.697286741794005169e-02 2.957646615906202314e-02 3.333164950929887183e-02 3.862256448509870932e-02 4.569960817942012032e-02 5.475041910569854176e-02 6.612913746270436544e-02 7.945853207763457771e-02 9.550115971644260182e-02 1.135307096541251226e-01 1.338224919318594663e-01 1.558736030833586528e-01 1.794363686225398657e-01 2.041230929395144722e-01 2.295889834666328400e-01 2.553451994707595096e-01 3.310665369710453776e-01
1.159075892326290672e-02 2.302538072462428226e-03 1.302669825071389037e-03 8.623261539121573893e-04 1.203802302832381044e-03 2.202027101298608888e-03 4.315161599599966549e-03 7.722576367182619472e-03 1.266466936950350411e-02 1.901518476761248494e-02 2.721289735449331296e-02 3.700971017897797255e-02 4.849767944753065330e-02 6.168530965437413194e-02 7.642284356688575087e-02 9.282389092740403469e-02 1.106107438146001487e-01 1.300896982552245673e-01 1.509374603548963301e-01 1.732072258309710067e-01 1.962881834702847605e-01 2.207272517234554199e-01 2.458750937168575068e-01 2.720408435170810213e-01 2.986141791360866771e-01 3.254117130268540103e-01 3.523140416678018361e-01 3.790169686803990245e-01 4.051611851403972842e-01 4.715184439397515082e-01
7.037146294570952032e-03 1.884478669237508314e-02 2.642322271549685242e-02 3.328195340563842863e-02 3.973225416943279575e-02 4.606815038812500651e-02 5.214091214951514092e-02 5.804387873051207458e-02 6.381453599233616325e-02 6.925781426367244586e-02 7.465886278974616375e-02 7.972767558217423722e-02 8.448226026875055306e-02 8.884893353793757442e-02 9.295146289536762585e-02 9.659177531834298169e-02 9.969377782134811183e-02 1.025251574349138745e-01 1.047235340009102650e-01 1.065370205653498326e-01 1.076090500802354688e-01 1.083303609345409035e-01 1.083186792388164121e-01 1.077670530040870656e-01 1.066905479574980914e-01 1.049350368640020736e-01 1.024316852357232549e-01 9.921031802733965010e-02 9.486995662197592050e-02 6.945752961968637562e-02
3.031667834132589778e-02 6.579359376625044942e-02 1.035758868694802715e-01 1.375550430930554402e-01 1.673731934368570262e-01 1.933697074426649065e-01 2.156437088137063973e-01 2.342918967417444986e-01 2.501996131094764708e-01 2.628871663508562939e-01 2.739434527391826357e-01 2.828144300916825005e-01 2.907891757616495876e-01 2.977069150975382716e-01 3.048331569619701087e-01 3.124837864632535878e-01 3.215511523359786961e-01 3.327329724224510898e-01 3.462510890738442759e-01 3.631554348263326126e-01 3.827477199955053866e-01 4.063652257825899339e-01 4.327836817993332419e-01 4.624246683994381879e-01 4.944505915615320379e-01 5.282294490505154982e-01 5.630602074159917203e-01 5.981152388692844157e-01 6.322853766805489606e-01 7.114088565950372756e-01
-1.573035222000168654e-02 -5.094495130119201798e-02 -8.548392763022807928e-02 -1.200862704979890200e-01 -1.528636659503783690e-01 -1.838235913951923317e-01 -2.112181207763679236e-01 -2.344873154960848138e-01 -2.532897934991613642e-01 -2.670971165134631287e-01 -2.762652610683079546e-01 -2.805300835637818957e-01 -2.799923605430103546e-01 -2.748935184004890342e-01 -2.660117917408880150e-01 -2.531189240571070642e-01 -2.370834628000854649e-01 -2.181715938341367012e-01 -1.965308153871843377e-01 -1.731593664226498963e-01 -1.486179055862346110e-01 -1.227977995589187576e-01 -9.662065308921236051e-02 -7.018178511713570045e-02 -4.448010637799926920e-02 -1.998740854987701362e-02 2.733082516951368390e-03 2.268246565422519373e-02 3.890353610153964720e-02 5.013633819907022116e-02
1.422687633587593065e-02 3.314276077488136074e-02 4.883211532777181896e-02 6.597930685900701975e-02 8.487909448275257618e-02 1.058229467491070275e-01 1.280356465375477870e-01 1.514837181772371311e-01 1.756538264352096590e-01 2.000994862834827304e-01 2.249765680190194406e-01 2.497991427857595426e-01 2.735390715600120037e-01 2.967574574883856675e-01 3.187666543510159767e-01 3.391155774764687547e-01 3.570859188427645270e-01 3.732868666938568003e-01 3.864417265551003400e-01 3.969767957449233386e-01 4.042429006034250483e-01 4.084060878590129451e-01 4.095461140618240070e-01 4.080425783853577348e-01 4.042087407156819134e-01 3.981363708630302201e-01 3.904633268674422841e-01 3.817996824079614715e-01 3.722841760207308837e-01 3.305959133938387584e-01
6.402391575649736544e-03 -1.140545565268895334e-02 -2.326669987012303792e-02 -3.305857664288643083e-02 -3.999763362343362882e-02 -4.421140683392667248e-02 -4.522616086778254163e-02 -4.283144780751366176e-02 -3.717350800635618735e-02 -2.827825646131618131e-02 -1.621875808435133126e-02 -1.148988694656950110e-03 1.622534817341323571e-02 3.617946935947650988e-02 5.778275403968040347e-02 8.097190190353102668e-02 1.048153367131632596e-01 1.295548140127363856e-01 1.543630007654001046e-01 1.789453587219094755e-01 2.026150483961358661e-01 2.255261077007132964e-01 2.473266934320392241e-01 2.682718847283019348e-01 2.879441763711506619e-01 3.062967085431782532e-01 3.235629944165741012e-01 3.397045828634517872e-01 3.546185400962573175e-01 3.830992256660382678e-01
-1.584140298361999544e-03 -2.543143820750316114e-02 -3.939985805244240746e-02 -5.209533339808618269e-02 -6.377501606999977368e-02 -7.474229699666572191e-02 -8.465936822861008793e-02 -9.340766965859972903e-02 -1.008206841951392180e-01 -1.069050785400905423e-01 -1.115499674532172136e-01 -1.149111229798585321e-01 -1.166299700646064585e-01 -1.171265904653305545e-01 -1.162707865804891577e-01 -1.140709613259594524e-01 -1.105728900905115775e-01 -1.057893419580027972e-01 -9.966659584020690077e-02 -9.233034639026709012e-02 -8.397450351897109422e-02 -7.425331627718724514e-02 -6.356085442624778703e-02 -5.172288665887783687e-02 -3.897817988063160405e-02 -2.532474719410736722e-02 -1.090178699991155992e-02 4.288777516266807643e-03 2.014414344179975627e-02 7.595390894203726817e-02
3.005088246522588311e-02 5.364244091856321117e-02 7.744358944717344428e-02 1.008865009413021652e-01 1.244201982039345455e-01 1.483251435062345469e-01 1.724477118685761035e-01 1.968721988357793884e-01 2.216433052014479543e-01 2.463266644551905804e-01 2.716619120762017170e-01 2.971747456291184974e-01 3.224514467643128102e-01 3.480421737092789236e-01 3.736368801427270014e-01 3.991860374955099600e-01 4.242892235600311812e-01 4.496864392990209680e-01 4.744601674350589215e-01 4.991524551732053894e-01 5.228657314279553381e-01 5.462503929139321812e-01 5.687328505543223223e-01 5.907801642681673737e-01 6.119731894108761949e-01 6.320800767026019118e-01 6.512722540783211223e-01 6.694387789432487690e-01 6.861865803384951112e-01 7.096915389114216710e-01
-1.042808154737426447e-02 -4.215234912911736131e-02 -6.521622204403261513e-02 -8.671173313901518742e-02 -1.077550566441227708e-01 -1.287512101441026791e-01 -1.498792490070749994e-01 -1.711755844649015812e-01 -1.925803552666119911e-01 -2.140568855162146011e-01 -2.358139804420257557e-01 -2.579569783645820347e-01 -2.796621648222982204e-01 -3.019532418730951351e-01 -3.240400007704464236e-01 -3.461806568715675714e-01 -3.678818849879181840e-01 -3.895220954491231402e-01 -4.104837647848041948e-01 -4.309088757058694430e-01 -4.503273926612556544e-01 -4.685901465009267297e-01 -4.856883494970156145e-01 -5.016000621737560783e-01 -5.158367549931734963e-01 -5.280988656913743196e-01 -5.385521218621636130e-01 -5.466416121676372919e-01 -5.521037426917443369e-01 -5.290962859482732927e-01
7.717025585295661516e-03 2.139876858936446899e-02 3.262121294920552333e-02 4.317236250854569746e-02 5.271574178706237013e-02 6.148194514315875187e-02 6.896678243660508967e-02 7.515492504330395507e-02 8.009115535186814294e-02 8.348405617674868606e-02 8.571835176509448595e-02 8.642474050301991728e-02 8.591964531276867489e-02 8.393595961847769016e-02 8.101334111195224175e-02 7.688971090912521955e-02 7.184468247315375922e-02 6.613195724712206403e-02 5.961186017341732479e-02 5.274610905807135264e-02 4.538323124045718499e-02 3.797228891194609490e-02 3.026158008815676981e-02 2.246286089821628029e-02 1.483320100764098926e-02 7.327080855088340117e-03 -1.143218799353196147e-04 -7.227961320576341275e-03 -1.424354144974947223e-02 -3.327603049839437249e-02
-2.947521921887044649e-02 -4.748578849079610614e-02 -6.807288947979436844e-02 -8.812536870700157787e-02 -1.082793445552112377e-01 -1.285293428879464850e-01 -1.492849553612526359e-01 -1.705443513377175035e-01 -1.924277788621182872e-01 -2.148492388400731479e-01 -2.382532372818074728e-01 -2.627326032815424650e-01 -2.876567997066551419e-01 -3.140793995952754214e-01 -3.412416569013755341e-01 -3.696225722669289615e-01 -3.987889110405681281e-01 -4.291824499450193064e-01 -4.603454583932456434e-01 -4.924033878757667626e-01 -5.248224064960411717e-01 -5.576611281941542542e-01 -5.907556914415950100e-01 -6.242518844692892532e-01 -6.573520626161385438e-01 -6.898783291013041996e-01 -7.220298145422039404e-01 -7.532309237272634128e-01 -7.834735946161639486e-01 -8.474525466513558314e-01
2.300072917953573798e-02 7.213496134360281031e-02 1.103384476992294028e-01 1.501067246956843682e-01 1.907277771515830389e-01 2.327611826673320894e-01 2.738662293361026068e-01 3.136505483749911227e-01 3.511033900996895496e-01 3.853447844219163865e-01 4.165702808534235135e-01 4.439665162930689912e-01 4.663036742023566328e-01 4.841923503034009091e-01 4.974122703459719075e-01 5.049925302263496008e-01 5.066268330387220242e-01 5.031343380371245955e-01 4.929980353771577506e-01 4.773541182541765626e-01 4.559124576374157245e-01 4.287268379909167093e-01 3.965921488162374997e-01 3.599636045505920645e-01 3.202902181504852508e-01 2.780285190756465741e-01 2.343083406283307524e-01 1.907792148660389375e-01 1.481499789575676240e-01 2.995827225204818894e-02
6.855596901024191281e-02 1.078357353026844767e-01 1.575857877487469028e-01 2.097402831983347093e-01 2.645950191048568323e-01 3.222607929112644709e-01 3.819985918561831229e-01 4.437218071237544192e-01 5.070697058077611175e-01 5.710216905918830133e-01 6.368500390791935750e-01 7.036265246203988744e-01 7.696913609162524539e-01 8.368037009189417397e-01 9.035580691759992344e-01 9.699077545140306622e-01 1.034615065157975300e+00 1.099290029424051740e+00 1.161646171929484828e+00 1.222822352323086559e+00 1.280987147928619230e+00 1.337015049618115903e+00 1.390492611729150063e+00 1.442421660709108266e+00 1.492078658307676386e+00 1.539385340096145249e+00 1.585403768022194182e+00 1.630375292296310397e+00 1.674460411677983984e+00 1.769050098178429620e+00
3.349598308215117129e-03 7.578929131104382433e-03 1.494708044394651991e-02 2.164536266798082129e-02 2.636191374684501015e-02 2.908472246456749247e-02 2.914504818668656183e-02 2.642595462130015518e-02 2.116562744167243409e-02 1.306177752668792255e-02 2.607894177907653377e-03 -1.058527348003802937e-02 -2.541182857146666307e-02 -4.268659526938881066e-02 -6.109687384725165371e-02 -8.086921660016876956e-02 -1.010747807874738668e-01 -1.216610145861370396e-01 -1.421067750603393076e-01 -1.618249678326988406e-01 -1.805703117731916885e-01 -1.977698271647778117e-01 -2.136256488691593847e-01 -2.279692322109307390e-01 -2.403582476938905532e-01 -2.507213031990401242e-01 -2.593287071133432153e-01 -2.657839142047808689e-01 -2.701712719885345226e-01 -2.564973406729584848e-01
1.190783533263596455e-01 2.007038465183361708e-01 2.955665476499456101e-01 3.929746495482588919e-01 4.929418370758982260e-01 5.957952797163617031e-01 6.999180299759659718e-01 8.050335140350119989e-01 9.106255737638985215e-01 1.014937547913903337e+00 1.120246103671269866e+00 1.225015008466834976e+00 1.326969148883248462e+00 1.428883683416210637e+00 1.529007841518295940e+00 1.627327498386427429e+00 1.722382503550870858e+00 1.816772396413965263e+00 1.907128649079355087e+00 1.995694196781342189e+00 2.079733562926765700e+00 2.160689449269460383e+00 2.238096133382266650e+00 2.313481925749692358e+00 2.385824148549668955e+00 2.454956791259411020e+00 2.522449542292319880e+00 2.588596116191159258e+00 2.653585876496894702e+00 2.789849238569875212e+00
6.897535795747694598e-02 1.181074984840260189e-01 1.738138647564707318e-01 2.295349953813665134e-01 2.854667032394443416e-01 3.418799224559617711e-01 3.982079549407241403e-01 4.543977097177921975e-01 5.104908971357329239e-01 5.655252547491265158e-01 6.210739516787961989e-01 6.762493629938395312e-01 7.302088308830795294e-01 7.843277296944269894e-01 8.379935594329596116e-01 8.912989453393458383e-01 9.436525394129500199e-01 9.965554667290640323e-01 1.048344043593794517e+00 1.100297302867830229e+00 1.150786991240470236e+00 1.200956532995841819e+00 1.250053984188136624e+00 1.298994297127033182e+00 1.346952748852474846e+00 1.393638770886664435e+00 1.439619219630070113e+00 1.484777119414162128e+00 1.528827557916199842e+00 1.621651091941368250e+00
-9.324776525502172925e-03 -2.398322011899285677e-02 -3.684976592264947726e-02 -4.943212841223540432e-02 -6.197456513906058478e-02 -7.452689578561606798e-02 -8.705491115511425348e-02 -9.947050864968735862e-02 -1.116784282789784755e-01 -1.236560499773454169e-01 -1.354555638814378404e-01 -1.472043854355613302e-01 -1.584130375912306543e-01 -1.697263059073807479e-01 -1.807008930876334296e-01 -1.915316161597742650e-01 -2.020309215198124730e-01 -2.123515607762535562e-01 -2.222769879522123182e-01 -2.318877519469241533e-01 -2.411016323210224410e-01 -2.496944093538323861e-01 -2.579052864694151292e-01 -2.656975732012794023e-01 -2.729005537327029995e-01 -2.795020437748502173e-01 -2.857286612997417818e-01 -2.914243888959074935e-01 -2.967733582323067720e-01 -3.022001459782113764e-01
3.070592454292937062e-02 7.080915822075650734e-02 1.035759098472623096e-01 1.360879679679484200e-01 1.688477824158968466e-01 2.024012796831376193e-01 2.359405226381660614e-01 2.694413488188855954e-01 3.025856143328100045e-01 3.347859535649270191e-01 3.666301869676873437e-01 3.975348934182237337e-01 4.265949354866139798e-01 4.545787324632467596e-01 4.810068695553664231e-01 5.055270384919663407e-01 5.275935328838027294e-01 5.480685600720841544e-01 5.656239972371484015e-01 5.810007514919929283e-01 5.933406117937755075e-01 6.031003874704985446e-01 6.100740025484487905e-01 6.147314599046527217e-01 6.171808032578944836e-01 6.173149156473354271e-01 6.156351115722550338e-01 6.124892551255214368e-01 6.076891896235250279e-01 5.661984743998845770e-01
-2.188302440130164561e-02 -4.773601350793622855e-02 -7.112199314203124234e-02 -9.393072458848417128e-02 -1.167036737038798372e-01 -1.395988582265785538e-01 -1.625930025816443303e-01 -1.856156474933377543e-01 -2.085778561657131991e-01 -2.313374657048151706e-01 -2.541858547196859108e-01 -2.771654853863147472e-01 -2.995139394761006102e-01 -3.222418512338581786e-01 -3.446522608550367517e-01 -3.670103071202963085e-01 -3.889265691915628764e-01 -4.108175747521409793e-01 -4.321287366195456503e-01 -4.530943421342121802e-01 -4.733227943899931955e-01 -4.927259290761556443e-01 -5.114022557863147078e-01 -5.294422367873321544e-01 -5.464538357317815231e-01 -5.623358075114641697e-01 -5.774086415534288586e-01 -5.913879697366812849e-01 -6.043610249233475340e-01 -6.198435579133114715e-01
-1.533559923320326063e-02 -3.486185767119714257e-02 -5.850191189552823162e-02 -7.918112883352251830e-02 -9.726777952465801014e-02 -1.128140658998040280e-01 -1.267234104528438265e-01 -1.391204076581993854e-01 -1.507534772654776367e-01 -1.616549703617136680e-01 -1.727479692042999393e-01 -1.841705509722962320e-01 -1.964451894136847454e-01 -2.101128665931247252e-01 -2.253532859569119806e-01 -2.429637407828568185e-01 -2.632698072027608860e-01 -2.866022774041654952e-01 -3.133199135936940438e-01 -3.436842268132935252e-01 -3.772672259408056950e-01 -4.145386811688327455e-01 -4.547791937252654848e-01 -4.980444837705798600e-01 -5.430195816976224332e-01 -5.891571699497637482e-01 -6.359304933329024134e-01 -6.820221288645200719e-01 -7.267522246740417691e-01 -8.284944042133836062e-01
6.866263403879354493e-03 4.123107980486617752e-02 5.841822368794304110e-02 7.197559304193743013e-02 8.245454072064820061e-02 9.062796166721165392e-02 9.617849604422012977e-02 9.921672499160054393e-02 9.997408075328793886e-02 9.827467478482523888e-02 9.451647929270183546e-02 8.842697087996193028e-02 8.053942264541602558e-02 7.047070087803568306e-02 5.903328392160668570e-02 4.595066444732420763e-02 3.166833176066439354e-02 1.636179374989807367e-02 4.328792029135303254e-05 -1.683232303447339956e-02 -3.438938703791605267e-02 -5.213444360318974374e-02 -7.058632603323330978e-02 -8.972125430772817656e-02 -1.092735821856071488e-01 -1.296134608383012754e-01 -1.512058725011858895e-01 -1.742081054774826110e-01 -1.995184957849686636e-01 -2.960351611040812903e-01
2.863273775042230601e-02 5.634022815551645302e-02 8.251996593941435254e-02 1.080499246669723024e-01 1.333432241556588016e-01 1.587437427613667962e-01 1.839922456796460326e-01 2.091508949811281548e-01 2.342586736350457111e-01 2.588534244792540795e-01 2.836931762761650266e-01 3.082789476315921373e-01 3.322483725565502644e-01 3.561150452036295211e-01 3.796728161660586354e-01 4.028323362037925515e-01 4.252759444868960403e-01 4.477457899791641993e-01 4.693460029036051195e-01 4.906906218823270383e-01 5.109157600941377497e-01 5.306782452457781130e-01 5.494292671919751569e-01 5.676194165530709101e-01 5.849224345561118144e-01 6.010910573383531075e-01 6.162856562871095178e-01 6.304329867376602392e-01 6.431136193287689817e-01 6.547133435804088908e-01
-2.445507176194246929e-02 -4.545410262349738884e-02 -6.707524226767014319e-02 -8.842910430390013565e-02 -1.100783247068313764e-01 -1.320757417524551502e-01 -1.545698481648300204e-01 -1.775150267870343468e-01 -2.008685355250381388e-01 -2.245064823919050156e-01 -2.487664896266988390e-01 -2.737002464877467678e-01 -2.985391970546922291e-01 -3.243427850266428769e-01 -3.503091113363416276e-01 -3.767930635983348653e-01 -4.033279306120041152e-01 -4.303536867118700204e-01 -4.573002993752871004e-01 -4.843486788120648923e-01 -5.110258208530294999e-01 -5.372872951768566940e-01 -5.631534902921455643e-01 -5.887536546405096605e-01 -6.135217497834334344e-01 -6.373475083556752185e-01 -6.605474605217436235e-01 -6.827446983590623741e-01 -7.040347924658598711e-01 -7.436560008058175075e-01
-3.277164131019882909e-02 -7.825221904902134040e-02 -1.165320868338270838e-01 -1.545553975941769409e-01 -1.927957604078155973e-01 -2.316157826180190726e-01 -2.702768886712066942e-01 -3.085660025837759779e-01 -3.460451272499361908e-01 -3.823065500470073097e-01 -4.176876549106409153e-01 -4.520281687063014142e-01 -4.840379579461541182e-01 -5.150921187534674983e-01 -5.442679311185497637e-01 -5.715947970146564305e-01 -5.965100233738562796e-01 -6.197088132104473512e-01 -6.400998581429802048e-01 -6.582712447324212679e-01 -6.737230036198085248e-01 -6.863061535593222295e-01 -6.964339400588894780e-01 -7.043196316121871359e-01 -7.099886099345900092e-01 -7.134804207688534294e-01 -7.155250549966938323e-01 -7.163012678467739480e-01 -7.161615370891183385e-01 -6.918646183117853621e-01
1.508289958843005846e-02 5.051449993379907022e-02 8.339139234702083736e-02 1.150801170860591971e-01 1.440392723749711057e-01 1.705740846125844978e-01 1.931682782234129536e-01 2.115410334011512128e-01 2.256844425634214613e-01 2.349335675755010733e-01 2.400993670265719748e-01 2.405028316459916771e-01 2.368957171529673666e-01 2.288760759610656004e-01 2.177935139169251411e-01 2.032100214821684070e-01 1.861105995570670191e-01 1.669627808251414880e-01 1.457990847930620004e-01 1.238115817880607872e-01 1.010852669619184130e-01 7.829398745853569097e-02 5.544847580993551850e-02 3.288254003436937717e-02 1.138216851159777609e-02 -8.944597741643758870e-03 -2.804121750359067633e-02 -4.514936030362004526e-02 -6.024233024401486059e-02 -8.331070610303012436e-02
4.414492938374185715e-02 7.040195416884004187e-02 1.028919558455814176e-01 1.352205395975652480e-01 1.677532310022258610e-01 2.006480341018653801e-01 2.338795365054276432e-01 2.675314759759593319e-01 3.017823616696665434e-01 3.360526833166453953e-01 3.714721173078572858e-01 4.074444938508519076e-01 4.435571390943122694e-01 4.806181833220520838e-01 5.182119369320052904e-01 5.564858886424235429e-01 5.949809163721463401e-01 6.346963803161707052e-01 6.745577548861725337e-01 7.153040264252190639e-01 7.557050571255590210e-01 7.966883921513377986e-01 8.374509353760056785e-01 8.786439750853836106e-01 9.194416076196650911e-01 9.595353962112196378e-01 9.991222196362377073e-01 1.037882481830251225e+00 1.075376126982767966e+00 1.155454222548503607e+00
2.285616005703414166e-02 4.174247400257995871e-02 6.090910181979670990e-02 7.965085962170234679e-02 9.802458879742628750e-02 1.162556166980171224e-01 1.340532447610323641e-01 1.514556165497800422e-01 1.685294143115553256e-01 1.848846743663759007e-01 2.011609660531535615e-01 2.169153080081744900e-01 2.320696656512161171e-01 2.468426131872118734e-01 2.612930481223986190e-01 2.753114617932057029e-01 2.887970268198321588e-01 3.023106669206002683e-01 3.152714222447193237e-01 3.282101806761854590e-01 3.405269845916571447e-01 3.528223254754683236e-01 3.646398489218740102e-01 3.763609969543063594e-01 3.878093837675202771e-01 3.988395388884481974e-01 4.095253852876043488e-01 4.199009816544107543e-01 4.296593133297340605e-01 4.452412269205142659e-01
-4.469789374045697594e-02 -7.584018844401999027e-02 -1.124901927790780409e-01 -1.493646309157993235e-01 -1.868604634670992803e-01 -2.249689397747686170e-01 -2.636548713580940673e-01 -3.028053032960530966e-01 -3.423656673325070066e-01 -3.819504795678456133e-01 -4.223118070875826469e-01 -4.633109549759215628e-01 -5.038953457775920963e-01 -5.455899910194235147e-01 -5.873626807973812980e-01 -6.296616804095258590e-01 -6.718616015413909626e-01 -7.148059929755348207e-01 -7.575178257118893033e-01 -8.005049186334285416e-01 -8.429285975461544567e-01 -8.849811784229405509e-01 -9.265966136539589559e-01 -9.681663074288326953e-01 -1.008890720330981150e+00 -1.048685750972754072e+00 -1.088124087423086861e+00 -1.126872492467107412e+00 -1.165181465336224020e+00 -1.251882363089085404e+00
7.787041228148283006e-03 -1.477910169058050532e-02 -2.751639617980548153e-02 -3.950316807653993234e-02 -5.111676602658636603e-02 -6.267804410958738304e-02 -7.382302524852452086e-02 -8.445373516237170142e-02 -9.427328897957502896e-02 -1.032957143291238500e-01 -1.113120050325167587e-01 -1.184629638237035681e-01 -1.241396273350448831e-01 -1.288754963745747939e-01 -1.322862098247814533e-01 -1.343320709583353534e-01 -1.348514249158953571e-01 -1.338905432639876381e-01 -1.311822657623430977e-01 -1.268132718822517768e-01 -1.208913313550503965e-01 -1.129690552442472462e-01 -1.035308426613190114e-01 -9.239717937888794475e-02 -7.980012691042116801e-02 -6.573576681201159788e-02 -5.044956675004870494e-02 -3.397031836749409700e-02 -1.642647277729099992e-02 4.866377206630082691e-02
-4.902969961087806638e-02 -8.745684032110243034e-02 -1.264399225127582627e-01 -1.664532960068698109e-01 -2.089347967653512606e-01 -2.540692492164937089e-01 -3.018859838374419180e-01 -3.523437113406572285e-01 -4.050294580253084864e-01 -4.595287105144502116e-01 -5.163781357776697778e-01 -5.754251538178964953e-01 -6.345480876109433899e-01 -6.959328681938643513e-01 -7.574935973753446072e-01 -8.195835954888333053e-01 -8.807029863909846545e-01 -9.419258516463455688e-01 -1.001377034409458355e+00 -1.059405804606689205e+00 -1.114709742293402917e+00 -1.167270552857720300e+00 -1.217099143559402963e+00 -1.264672553287816470e+00 -1.309104166137605940e+00 -1.350280985553844015e+00 -1.389181665088671691e+00 -1.425509645142994941e+00 -1.459538683073809295e+00 -1.509692618020334276e+00
1.539621295918556718e-03 -1.298793358686794672e-02 -2.196894243893936921e-02 -3.019399693486054734e-02 -3.761987352483456976e-02 -4.437071919439873613e-02 -5.017697366842826384e-02 -5.490565526242468380e-02 -5.843859744867892919e-02 -6.081505062510522697e-02 -6.190682239635819650e-02 -6.188979455205857738e-02 -6.058398368889603841e-02 -5.826707259273673084e-02 -5.491620457535315025e-02 -5.058462314997921871e-02 -4.541691810561308135e-02 -3.934645680748723173e-02 -3.249551898531266581e-02 -2.493613309897938640e-02 -1.694935715385792463e-02 -8.197837542892955770e-03 9.096515992983913307e-04 1.055035161578207065e-02 2.051921517283050722e-02 3.075953040138568531e-02 4.116156286628235711e-02 5.169700235157464324e-02 6.215582806355121614e-02 9.321350879182241367e-02
-1.014715827230557900e-02 -1.130067194889461737e-02 -1.718906440997773621e-02 -2.452738791915920827e-02 -3.344032565829951897e-02 -4.371838054274324037e-02 -5.537844907691158447e-02 -6.832075193703926463e-02 -8.228962713068729840e-02 -9.727109988859489187e-02 -1.131732115712056619e-01 -1.301347799634674507e-01 -1.473253514114520879e-01 -1.655515367926028991e-01 -1.839524288388155737e-01 -2.027316948787120932e-01 -2.213824296783837853e-01 -2.400762388614751108e-01 -2.583824061328170441e-01 -2.762218240696900917e-01 -2.934380471260329415e-01 -3.096936141857223879e-01 -3.253647406850995738e-01 -3.404928575516737443e-01 -3.548402974111366515e-01 -3.685633143433499903e-01 -3.821314486574179936e-01 -3.955590215806252252e-01 -4.093536259704844138e-01 -4.463501459664475646e-01
9.674121890249413880e-02 1.618371631214282069e-01 2.382586962149055021e-01 3.149663854025069321e-01 3.919811791338583817e-01 4.695667683227581213e-01 5.469037556839970726e-01 6.238645006664383930e-01 7.005019186853196356e-01 7.755058349483814339e-01 8.510199451364448553e-01 9.258768014866961549e-01 9.989840005924901511e-01 1.072239333519896087e+00 1.144832948150667162e+00 1.216972999153881574e+00 1.287943512741234198e+00 1.359745471899602265e+00 1.430232156586519476e+00 1.501179597450815528e+00 1.570450863598794156e+00 1.639545058540066380e+00 1.707568004165376463e+00 1.775737182825665617e+00 1.842901791630247477e+00 1.908717564563977787e+00 1.973970748634318317e+00 2.038476786923501649e+00 2.101972713430041662e+00 2.243492312779557185e+00
1.042689040527972760e-03 -1.372042332308193863e-02 -2.242978902930671536e-02 -3.066683312233156600e-02 -3.843227557230832758e-02 -4.585903897971530668e-02 -5.260579215717717250e-02 -5.852783996109863635e-02 -6.341800482061503430e-02 -6.730569267082769924e-02 -6.999391049231734607e-02 -7.165338427866603521e-02 -7.194828169284407660e-02 -7.122215032709475202e-02 -6.932816344618542015e-02 -6.627110692852195006e-02 -6.209505915920239538e-02 -5.674756208262442259e-02 -5.023723360654662462e-02 -4.262065977962985197e-02 -3.416795339468048365e-02 -2.447798222441589788e-02 -1.403955246127489530e-02 -2.680542052069434869e-03 9.324068170363339347e-03 2.187555711719647161e-02 3.477396660672864293e-02 4.790125675730607518e-02 6.097450544958502028e-02 9.988555217670440356e-02
2.258247497966921549e-02 1.796224750113061333e-02 2.532783719360234484e-02 3.344792516447590847e-02 4.214825337069916938e-02 5.121608926889269220e-02 6.091215736529430325e-02 7.133223275123989904e-02 8.275154232222493855e-02 9.488314963262123314e-02 1.084310249957130545e-01 1.230207908959881913e-01 1.388256096897340919e-01 1.559483588523359054e-01 1.743678676584559106e-01 1.942402062343685509e-01 2.154231909218109198e-01 2.383871451016569276e-01 2.627769108893434069e-01 2.888985118958421472e-01 3.160599601843935291e-01 3.449801652269468555e-01 3.749885157482780729e-01 4.065244065888271585e-01 4.389445757838764117e-01 4.721055082095451105e-01 5.059753380470850548e-01 5.403400282914421204e-01 5.749596131937830812e-01 6.718937279885268676e-01
-4.366958655388750860e-03 -8.981100945162693444e-03 -2.000266102974388935e-02 -3.036853254625217213e-02 -3.858675651850511368e-02 -4.435888168729798520e-02 -4.725443832177250725e-02 -4.698730698673492245e-02 -4.380406525818704433e-02 -3.762374845159367071e-02 -2.876132671279288400e-02 -1.728961945386611049e-02 -4.092263144237440198e-03 1.108913715376137060e-02 2.726571506343009391e-02 4.420870877949235195e-02 6.089824784932605650e-02 7.747805330363263798e-02 9.302165741973901503e-02 1.071410105154946280e-01 1.192151913034327493e-01 1.292166904214585021e-01 1.368310257539604446e-01 1.421440760095741274e-01 1.449643794003133423e-01 1.451042167287046880e-01 1.426942057724197577e-01 1.376217044159884217e-01 1.294602968828180156e-01 7.338461541949650724e-02
2.311025132272444271e-02 5.558626393065510540e-02 8.411644616815380782e-02 1.123099155555437739e-01 1.398269352965997581e-01 1.670389337852364597e-01 1.929415962471466017e-01 2.174160060404096151e-01 2.402784820179389991e-01 2.609519457253548502e-01 2.800507001210372771e-01 2.969887468844264466e-01 3.115497655278022249e-01 3.239732838355647293e-01 3.344876840368830040e-01 3.427228417984113373e-01 3.487227749583527991e-01 3.531295111516791763e-01 3.552129567949532385e-01 3.558059738981476094e-01 3.544624525363856415e-01 3.516953985482235701e-01 3.473917921518256957e-01 3.419521782139431920e-01 3.357435367084486977e-01 3.287733646765437223e-01 3.213583386166407041e-01 3.140149713614435178e-01 3.066878482921469584e-01 2.801332742581394419e-01
-5.245317224966013908e-03 -1.114600149777064848e-02 -1.804363468591197589e-02 -2.569076330570532057e-02 -3.403273006566912007e-02 -4.296855330627773195e-02 -5.231590693554644123e-02 -6.193299148775927021e-02 -7.158897148938364596e-02 -8.126980414860816848e-02 -9.085071717087331300e-02 -1.004681378009361220e-01 -1.095620817606851732e-01 -1.186935908860727029e-01 -1.273706460330541468e-01 -1.357054158892406215e-01 -1.434789105918778951e-01 -1.507567523139528853e-01 -1.573337639011052336e-01 -1.632189463194396173e-01 -1.684660367399027914e-01 -1.727169234385737551e-01 -1.764245607781571856e-01 -1.795384538824912890e-01 -1.820820231349969953e-01 -1.842057037742391157e-01 -1.862736985464593653e-01 -1.883876139306588371e-01 -1.910044224504336974e-01 -1.996607400599588744e-01
-7.418590642327346774e-02 -1.289261704207076420e-01 -1.929628421684942419e-01 -2.580282208290100021e-01 -3.244894968566190974e-01 -3.923733607116451916e-01 -4.611504296893251809e-01 -5.305742621318385588e-01 -6.003957814868503551e-01 -6.697537079877818877e-01 -7.399833640062485340e-01 -8.105891985271583833e-01 -8.798012839611469849e-01 -9.500009272375079528e-01 -1.019589675406482154e+00 -1.089062502217490680e+00 -1.157376584786187435e+00 -1.226068294407645753e+00 -1.293249436751863435e+00 -1.360002077432054257e+00 -1.424838995305600875e+00 -1.488260765885508485e+00 -1.550164526453263303e+00 -1.611380376206964282e+00 -1.670919898908093337e+00 -1.728757524575318172e+00 -1.786021518641101480e+00 -1.842591391400180800e+00 -1.898991048918194036e+00 -2.029129539362681367e+00
-4.284525188972373999e-02 -3.953733592354802262e-02 -4.809216741323123212e-02 -6.264370786012646297e-02 -8.512734390419765540e-02 -1.151535857878723951e-01 -1.531266818494358140e-01 -1.990605565387530418e-01 -2.519294061411491148e-01 -3.115183022717423200e-01 -3.775112142000912607e-01 -4.499642168503508177e-01 -5.253097259414838405e-01 -6.062582059925930578e-01 -6.890731985329476839e-01 -7.739916756056737235e-01 -8.581682055418373700e-01 -9.425570336021998896e-01 -1.024435289452549025e+00 -1.103305893798210757e+00 -1.177645486199166758e+00 -1.246813796095897597e+00 -1.311273660345850356e+00 -1.371592898712979736e+00 -1.426838355742027886e+00 -1.477351464249820889e+00 -1.524884757366440802e+00 -1.569643537431452351e+00 -1.612770898827223576e+00 -1.696830570891158851e+00
8.273887000947469095e-02 1.610788342877195189e-01 2.414624409012112172e-01 3.215756562921164852e-01 4.006243690864669249e-01 4.791006297999793606e-01 5.551733320405305427e-01 6.284875934062550407e-01 6.988126275744036553e-01 7.647720470524284053e-01 8.282116277471781585e-01 8.879369005580989294e-01 9.430604587187729759e-01 9.950705546933489298e-01 1.043887024085423221e+00 1.089250120388749465e+00 1.131033333471502811e+00 1.171032504522506956e+00 1.207424385780668352e+00 1.242214452753859444e+00 1.273995768485778113e+00 1.303954456604636380e+00 1.331806730374953007e+00 1.358579310964935782e+00 1.384225543904949784e+00 1.408685824110638141e+00 1.432889761422356134e+00 1.457468451417941457e+00 1.482550494500330718e+00 1.535415930004859320e+00
-1.306057870809433988e-02 -1.442237685142040357e-02 -2.444157816165998948e-02 -3.367494899940735864e-02 -4.151712169392134805e-02 -4.766629120656780405e-02 -5.242835438415116567e-02 -5.571078077633272174e-02 -5.792594238940122070e-02 -5.908833760329403051e-02 -5.965189895718682467e-02 -5.977019771649573487e-02 -5.998208263227511328e-02 -6.045494561535157130e-02 -6.155776510497485560e-02 -6.379790341172489332e-02 -6.767984491732786934e-02 -7.323468139366870466e-02 -8.105958779626841471e-02 -9.131133608956068515e-02 -1.041134316522560610e-01 -1.196103268832982847e-01 -1.377015457864148584e-01 -1.583796414904325156e-01 -1.811034449726240114e-01 -2.058223702381515308e-01 -2.323267963556371607e-01 -2.601477976868283859e-01 -2.893778139904343294e-01 -3.833649433860079614e-01
