4.389286819260392741e-02 7.106994037705210987e-02 9.736101080476242120e-02 1.261799767608343947e-01 1.560801735501238241e-01 1.876646515597290565e-01 2.196510514616645815e-01 2.519752466336745433e-01 2.840978911043033905e-01 3.147497733856088886e-01 3.444778184246330421e-01 3.724103592599045109e-01 3.985716703181342302e-01 4.225192688551953069e-01 4.432537515867699951e-01 4.613754960833483798e-01 4.764987783887613682e-01 4.880684629890466031e-01 4.958677253611195046e-01 5.001413312991733751e-01 5.013568854610389591e-01 4.988118805143753054e-01 4.931791619613081767e-01 4.849477951715231994e-01 4.750395003675772498e-01 4.636039199890634732e-01 4.513408563374685656e-01 4.393284486897031105e-01 4.282032904799948914e-01 3.972645980668444432e-01
3.268399574823371845e-02 5.796081376203122276e-02 8.097295210154728529e-02 1.042852333191450764e-01 1.267904942541840385e-01 1.489350220840819361e-01 1.698911541840945061e-01 1.894920071766973968e-01 2.076824198537035870e-01 2.236247327761777814e-01 2.377931831031407373e-01 2.497787969436857936e-01 2.601067924597500469e-01 2.681822405514577845e-01 2.737377825733182668e-01 2.774837584882507424e-01 2.793602770384421841e-01 2.793204122302097581e-01 2.773798267629838943e-01 2.737843863212022222e-01 2.688784727933957730e-01 2.625580756075893696e-01 2.550954604599962594e-01 2.467848841188014508e-01 2.379430233091631708e-01 2.288634451930336711e-01 2.196419479917637307e-01 2.106613638929344667e-01 2.022572489274153396e-01 1.780967880803110415e-01
-2.464797641485733798e-03 -2.622744139091615773e-02 -3.988857373905962955e-02 -5.165532070911101059e-02 -6.172175543818647636e-02 -7.035260122680900285e-02 -7.746931590386675615e-02 -8.278814243458175459e-02 -8.633676617015501042e-02 -8.811070448515950781e-02 -8.813503262220725998e-02 -8.655399327168865342e-02 -8.342023974348225512e-02 -7.890214026329700481e-02 -7.285776534791735259e-02 -6.581367496867085443e-02 -5.782753656322289770e-02 -4.879945660373992411e-02 -3.904817456926142072e-02 -2.861918506457909045e-02 -1.782405038832724983e-02 -6.229704969422449404e-03 5.772477524115162545e-03 1.823340426436889650e-02 3.111973353099953959e-02 4.429151533798505319e-02 5.773126618308438429e-02 7.161919332537328153e-02 8.597621892091492080e-02 1.329962622961815555e-01
9.577961632045092766e-03 5.636258685322931977e-03 5.697502357071455859e-03 6.028508896220715826e-03 6.304848726331344078e-03 6.548116296080690873e-03 6.697454277873394687e-03 6.895334454065349047e-03 7.293968195361256318e-03 7.747675054284612270e-03 8.418559261678754124e-03 9.220397248237444457e-03 1.052277840931975517e-02 1.196049152841560832e-02 1.377642366847181381e-02 1.593300531475686302e-02 1.847606805264527877e-02 2.165903562607026517e-02 2.533132329687502390e-02 2.956216813628759210e-02 3.419478516212505481e-02 3.968394407175769578e-02 4.568070784201362644e-02 5.224841441964205024e-02 5.924475340083866504e-02 6.664490035187077555e-02 7.424004021422060673e-02 8.200446765886153233e-02 8.987069982798610857e-02 1.116463629621418513e-01
5.057509909368380907e-03 1.769480497485187084e-02 2.399495453015010327e-02 2.952088569551148192e-02 3.450657768941068487e-02 3.926897819083111085e-02 4.360658032586934435e-02 4.751029719400945428e-02 5.105424431955032927e-02 5.394380281728269888e-02 5.630454023599257979e-02 5.795517628455146286e-02 5.912097119728267069e-02 5.941565287564930936e-02 5.876635774062345663e-02 5.730289911940555925e-02 5.501389791914208099e-02 5.186306543012370734e-02 4.772881953642633956e-02 4.264119959711262786e-02 3.668993011205132909e-02 2.986515229626717990e-02 2.216855505116588354e-02 1.362679439261794967e-02 4.400723433490488778e-03 -5.501231908334333620e-03 -1.622890733313318845e-02 -2.781816103176996263e-02 -4.045712412645324774e-02 -8.865207028377874998e-02
8.311927885212652689e-02 1.093968825951003865e-01 1.428302984100998929e-01 1.789321026999831643e-01 2.161404233732233671e-01 2.556695929873444295e-01 2.967323979564016612e-01 3.406116674582901904e-01 3.868264334169947416e-01 4.341511702049595800e-01 4.838081872622526092e-01 5.346840949673294929e-01 5.871390103649456460e-01 6.409764547659467793e-01 6.954041498347175443e-01 7.504707657141935773e-01 8.055111646269734749e-01 8.606070666108418532e-01 9.148553244747918978e-01 9.685616339523877016e-01 1.021225991528432520e+00 1.072835990507523096e+00 1.122693114029678085e+00 1.171291730672170184e+00 1.218888404110250789e+00 1.263954301150709503e+00 1.306991944359852997e+00 1.348843915812321104e+00 1.388890661301358964e+00 1.462436536574944324e+00
5.391422568497116624e-02 8.734421084720468687e-02 1.194229603929984479e-01 1.520430720408499359e-01 1.838421065131841392e-01 2.156219051577486501e-01 2.464842514523293282e-01 2.766621412114336209e-01 3.060186699818298051e-01 3.335199901529314337e-01 3.599490196277788101e-01 3.846799111073874178e-01 4.083360685900975229e-01 4.303894961682243059e-01 4.504048881498793344e-01 4.690810099289622337e-01 4.862002836195361555e-01 5.018002312326019787e-01 5.156623433111531263e-01 5.281030770910235539e-01 5.392624292751847515e-01 5.490530908941742005e-01 5.574744527205710565e-01 5.649018554253782964e-01 5.716288634631555565e-01 5.774097766125355635e-01 5.824499546186413523e-01 5.872447143072245801e-01 5.918405417176152428e-01 5.901839633169967403e-01
9.863143245698513181e-03 1.007849295332884781e-03 1.938248132205498339e-03 3.295438953968233761e-03 4.244619835497105351e-03 4.681453069354826052e-03 4.596446232355947542e-03 4.190528769037166201e-03 3.755530792092960646e-03 3.183641261367043535e-03 2.761787703577057648e-03 2.497844684414341973e-03 3.069550333307996537e-03 4.006315623232874906e-03 5.870089590298759735e-03 8.713654472228951620e-03 1.267003073255840509e-02 1.827716560924232819e-02 2.546073167326797296e-02 3.433832912656650804e-02 4.465012404849809380e-02 5.722374911168533890e-02 7.144958991992512998e-02 8.739576203869574289e-02 1.046247369954400180e-01 1.231105236918865198e-01 1.424905766718541633e-01 1.626286222254720859e-01 1.834702069797925494e-01 2.472411633153200894e-01
1.573336172625650412e-02 3.691659062348976589e-03 4.471444895059566160e-04 -1.583984532902258865e-03 -2.821598650430042973e-03 -3.235976297306042415e-03 -2.799238962003576525e-03 -1.046783454249002043e-03 2.075748253638256755e-03 6.440595084831399197e-03 1.228609081790612428e-02 1.941800632820931197e-02 2.809208750189736911e-02 3.807065356075740870e-02 4.954751451568599474e-02 6.219606144772918399e-02 7.594415373268392777e-02 9.108913408567473335e-02 1.072658549674575801e-01 1.245237907067889283e-01 1.424609862368903801e-01 1.616410676809423574e-01 1.814557823539113546e-01 2.019974281370133795e-01 2.230816500199983565e-01 2.443251951820612500e-01 2.656227267655151270e-01 2.870648577833109227e-01 3.084496289130365665e-01 3.651601359619839338e-01
8.314084604162261249e-03 1.413336299549788205e-02 1.770767365670196034e-02 2.105853796542885362e-02 2.423647578901959657e-02 2.746856750051181878e-02 3.061003215532521679e-02 3.376221306830740065e-02 3.699220846791699546e-02 4.005393944689707164e-02 4.309259158370242621e-02 4.592882070559428653e-02 4.878344058761537039e-02 5.132249857354469202e-02 5.353495190941021109e-02 5.543106919306259317e-02 5.699050752369567985e-02 5.825864232290537542e-02 5.905445251557651931e-02 5.941788675603661141e-02 5.931698811027843327e-02 5.888604391817786610e-02 5.798279291264887142e-02 5.665559075276348916e-02 5.498477300453551153e-02 5.289570152407567505e-02 5.026069009708265117e-02 4.709037916342635743e-02 4.321989995907107168e-02 2.314450609384597485e-02
4.172273833245009056e-02 6.243509202626665311e-02 8.830137212449659656e-02 1.126474407161524721e-01 1.340402404620042731e-01 1.529429235246947683e-01 1.691429419967350745e-01 1.829643065574905469e-01 1.949569216715859310e-01 2.046934466988338808e-01 2.129974550234168262e-01 2.198540919593690024e-01 2.267181098860249766e-01 2.328474080942637414e-01 2.389866254968234516e-01 2.458800270434132740e-01 2.537323554328070330e-01 2.634857113533096151e-01 2.751689883539349957e-01 2.891268038883709202e-01 3.051176404808622622e-01 3.241962881965221310e-01 3.454875060559142730e-01 3.691327616383725529e-01 3.943769964692727115e-01 4.209578600141610227e-01 4.482414536393545257e-01 4.758157791369850287e-01 5.032875955570007553e-01 5.687196015224925683e-01
-2.255694440359543029e-02 -5.341078846814529407e-02 -8.226725497926982988e-02 -1.110104447124428129e-01 -1.379486951058044863e-01 -1.631956458426060963e-01 -1.858485278210929570e-01 -2.051499082705037780e-01 -2.209955757551163580e-01 -2.327810361584001786e-01 -2.408020655413870004e-01 -2.450416560532821808e-01 -2.459194678363199327e-01 -2.432574028405272704e-01 -2.368274053219761033e-01 -2.279256406952088754e-01 -2.166503113075772535e-01 -2.028765543079852907e-01 -1.872730191363653762e-01 -1.701335195953041501e-01 -1.522149583642426474e-01 -1.330379007160784888e-01 -1.134954946798729103e-01 -9.386799868205640551e-02 -7.438301159351461134e-02 -5.594967579192006157e-02 -3.889120781743538036e-02 -2.358097702536926174e-02 -1.101769516546249536e-02 -1.107026170145547495e-04
2.018851551080562412e-02 3.342933168001083200e-02 4.453876666838266218e-02 5.711479290809069742e-02 7.079383170032838013e-02 8.604286523021753563e-02 1.022444755198448074e-01 1.195812748919312940e-01 1.377200318576081717e-01 1.559454251417247417e-01 1.745586324525048583e-01 1.929498591455880707e-01 2.110120529599888162e-01 2.284765958080890169e-01 2.446882360753774022e-01 2.597049840984673175e-01 2.732181411915874381e-01 2.848517701628247578e-01 2.942512275554022838e-01 3.014926294396691464e-01 3.066919013218217804e-01 3.094458395466606060e-01 3.099697577725085695e-01 3.085002579266659106e-01 3.056308867607242519e-01 3.011432836497239807e-01 2.954025137526644640e-01 2.890032633565408626e-01 2.819944463104444576e-01 2.506840827577431208e-01
7.107736233072280141e-03 -9.803370548593719550e-03 -2.075107093902611721e-02 -2.966233239759528961e-02 -3.633133032382171446e-02 -4.069993846994970910e-02 -4.272239140813323399e-02 -4.185017571552346327e-02 -3.830798179479118215e-02 -3.221861266141377855e-02 -2.353865655989973577e-02 -1.264403158576992911e-02 1.441956613629190309e-04 1.481237817096274847e-02 3.111785893311481282e-02 4.834941232315755066e-02 6.623877781413300969e-02 8.467728500824975302e-02 1.030868568701805710e-01 1.213829252891747701e-01 1.391685530386036762e-01 1.565692530783143188e-01 1.732010346646720711e-01 1.891342301614944432e-01 2.045745218174712665e-01 2.189751340951311687e-01 2.325137432175948260e-01 2.455319807907998531e-01 2.577870131867848746e-01 2.835352393324428455e-01
-3.036791745528446759e-03 -2.681521401048776038e-02 -4.076070102930584582e-02 -5.329152588514971672e-02 -6.463273233647509608e-02 -7.513473409312339257e-02 -8.468518194334864746e-02 -9.313514495061525622e-02 -1.003974830404027463e-01 -1.063977674230063425e-01 -1.112006771461088034e-01 -1.148227726305318941e-01 -1.171696655872175030e-01 -1.184924227721396162e-01 -1.184647184919245533e-01 -1.175032906018843998e-01 -1.155621520449388456e-01 -1.124324717246914102e-01 -1.083126643630083485e-01 -1.032306094033986626e-01 -9.745136654354738526e-02 -9.040975219442351496e-02 -8.249431113892280454e-02 -7.367637529608495051e-02 -6.410619247976502566e-02 -5.371266347250743672e-02 -4.264286043625463429e-02 -3.084834931817076464e-02 -1.822886579761445747e-02 2.871875341351955851e-02
4.002795824320599938e-02 5.527037242564769581e-02 7.229756940430535905e-02 8.995286115937138616e-02 1.075044599680873847e-01 1.255423455047267878e-01 1.436559799361628309e-01 1.623461127201325516e-01 1.815449327034939497e-01 2.006331191959974114e-01 2.201974745726556493e-01 2.397600012841268058e-01 2.597505114820591876e-01 2.798227128216841386e-01 2.997823912000775470e-01 3.197695048229988180e-01 3.395739575890143191e-01 3.593651493317817636e-01 3.787531044117799506e-01 3.979142686278988594e-01 4.166492393557872931e-01 4.351559985164736855e-01 4.530442535648064317e-01 4.705440667872231586e-01 4.877134651522679887e-01 5.040327434199981527e-01 5.195531074294938989e-01 5.345463308166302774e-01 5.487443109952251374e-01 5.710965189609600312e-01
-1.980742308933404472e-02 -5.039143932255160663e-02 -7.238194543898704425e-02 -9.323025597348802429e-02 -1.130648461173306835e-01 -1.326783746804347797e-01 -1.519912420996813451e-01 -1.714634989819593947e-01 -1.909062795285643155e-01 -2.100720194678402097e-01 -2.293939992266208483e-01 -2.486289849975246991e-01 -2.677304511969264555e-01 -2.870709944771103750e-01 -3.061562443636540731e-01 -3.252288379030694454e-01 -3.440248103926638046e-01 -3.624498996621682290e-01 -3.803476016040495122e-01 -3.977849183757656282e-01 -4.146854789258164753e-01 -4.305466996952977965e-01 -4.453079923061599166e-01 -4.589935247607286328e-01 -4.716756059636978415e-01 -4.824775470850006798e-01 -4.916181976623087424e-01 -4.991169872705242816e-01 -5.043355974292542676e-01 -4.857602307995017021e-01
8.830940100037668050e-03 1.537161790529732036e-02 2.139575959502884595e-02 2.725091370422396894e-02 3.255072959016427209e-02 3.738821444881232359e-02 4.146742339185884724e-02 4.464663747164453189e-02 4.705917124394756734e-02 4.839184838718096904e-02 4.879638442538479504e-02 4.816490264797319149e-02 4.690337113740856989e-02 4.452973667286228704e-02 4.115805513305609287e-02 3.706212095162197961e-02 3.232066094315085708e-02 2.703555403631380250e-02 2.121960684473008993e-02 1.497486947575755491e-02 8.428345310835770599e-03 1.785532467377854565e-03 -4.954042539798791250e-03 -1.169719618872785971e-02 -1.840611331670126416e-02 -2.480105633852234745e-02 -3.105205167654567083e-02 -3.713424888163775056e-02 -4.292038874909376300e-02 -5.723433908376503870e-02
-4.086090413531799637e-02 -5.926683702628159078e-02 -7.883697632058628280e-02 -9.848610645055164148e-02 -1.176093743684632070e-01 -1.368013359171128540e-01 -1.559667044741048225e-01 -1.757187802873639293e-01 -1.958634537882080751e-01 -2.161757785636425067e-01 -2.371867932935846635e-01 -2.586742261549326294e-01 -2.807204543424469678e-01 -3.037332276329959280e-01 -3.274196275432654790e-01 -3.519217865743444196e-01 -3.769907351134139106e-01 -4.027996290315660199e-01 -4.291344035152352965e-01 -4.561403322804561400e-01 -4.835356527128241710e-01 -5.112179844473510038e-01 -5.388597231628772244e-01 -5.666044660837195046e-01 -5.943239365587988932e-01 -6.211747065274557666e-01 -6.474533467673191378e-01 -6.733248251659821326e-01 -6.984439954895511615e-01 -7.507389076412602780e-01
2.979344042204698506e-02 6.742702823553056724e-02 9.606290493576546963e-02 1.259765146953942261e-01 1.561115755656833637e-01 1.870853041688222973e-01 2.175285128235027177e-01 2.469659742154034499e-01 2.749318037521657487e-01 3.001475725827053020e-01 3.230054822834773631e-01 3.427397427262030005e-01 3.593732636478679243e-01 3.723427002243623885e-01 3.806135399652296192e-01 3.850689066434159757e-01 3.854466389407137372e-01 3.810113854324821969e-01 3.717904253208973997e-01 3.580101297026214713e-01 3.404840647918959684e-01 3.182214080413955926e-01 2.923052973313017278e-01 2.631569911635299741e-01 2.318410765359755765e-01 1.989112172636893494e-01 1.649497540191869893e-01 1.308862239527707194e-01 9.743801195037567198e-02 3.585601818881956060e-03
9.196454190864121470e-02 1.193450731313753232e-01 1.574472358019083362e-01 1.992519397331165010e-01 2.424096926177257694e-01 2.879991998520386454e-01 3.348453384478469186e-01 3.839473518740451063e-01 4.347279986306850641e-01 4.857043604003757897e-01 5.381404963979043998e-01 5.908419824052061342e-01 6.442373369040338416e-01 6.979975855588241851e-01 7.512185075666674150e-01 8.042650547038531217e-01 8.564783150242953891e-01 9.078369175249201284e-01 9.576040706629886934e-01 1.006178486851030396e+00 1.053304134111284984e+00 1.098862074545208456e+00 1.142480132054707331e+00 1.184804696747602470e+00 1.226269159487859195e+00 1.265767620535953597e+00 1.304007881451593853e+00 1.342152878956668349e+00 1.380138832114463643e+00 1.464807315037541802e+00
1.583513811410943578e-03 -1.304340539908209473e-03 4.608557456227194149e-04 2.060143458957962304e-03 2.629081615701566246e-03 1.852047453459983867e-03 -5.460933260791247384e-04 -5.048184793276871973e-03 -1.131335701351210768e-02 -1.950710645721214637e-02 -2.958866821047299520e-02 -4.139953630564931208e-02 -5.426438648937383785e-02 -6.883837121905528322e-02 -8.458630972722606944e-02 -1.010269282637383803e-01 -1.178509569184403305e-01 -1.347430748131623057e-01 -1.513872497186725119e-01 -1.676375910816484405e-01 -1.832540920194618839e-01 -1.976930962276065018e-01 -2.109197067023025340e-01 -2.228522359172755984e-01 -2.336962898711899550e-01 -2.426393747118283928e-01 -2.500440054817276714e-01 -2.560313344229927512e-01 -2.600915696702131297e-01 -2.490200678519316480e-01
1.561853307183997952e-01 2.163446433186079765e-01 2.901683733413907840e-01 3.687218175464128667e-01 4.478810963035017578e-01 5.294521468205379833e-01 6.114115960144486106e-01 6.950925388736280963e-01 7.796832985835053798e-01 8.626864167597610988e-01 9.463094452910058019e-01 1.028762749166216572e+00 1.111071403808984837e+00 1.192596815775651464e+00 1.272031666928802096e+00 1.350543802277585970e+00 1.427208067805335823e+00 1.502070519390258152e+00 1.574311751434968487e+00 1.644668156230330247e+00 1.713017434806930694e+00 1.779068918241516029e+00 1.842442438950944839e+00 1.904183887761077276e+00 1.964816008804907810e+00 2.022791584122706876e+00 2.079073534620900610e+00 2.135333689734411955e+00 2.191484526561271462e+00 2.313607879119693678e+00
9.136671969918541691e-02 1.252726076976898861e-01 1.672046316499326557e-01 2.110536298489013030e-01 2.545299237041643847e-01 2.987292651138196975e-01 3.426423402009872166e-01 3.871510169496106268e-01 4.320068653522793900e-01 4.758967346452558367e-01 5.201189081458839070e-01 5.637564372353687236e-01 6.076888354733009923e-01 6.514275132293861903e-01 6.945142641125749972e-01 7.375704622716375836e-01 7.801658463520260156e-01 8.226349114437815357e-01 8.644387224263865299e-01 9.060239859095696735e-01 9.471294112669781384e-01 9.879958032802109713e-01 1.028051692219269952e+00 1.067853970905247252e+00 1.107469904806177574e+00 1.145954112622844079e+00 1.183641871869515860e+00 1.221255095498020138e+00 1.258598061726504014e+00 1.340220173285173288e+00
-1.517267136594405499e-02 -3.100681197380223547e-02 -4.413061236374248020e-02 -5.699589983204268739e-02 -6.937334500244463076e-02 -8.159769968996434530e-02 -9.355848203008773623e-02 -1.054112936719781013e-01 -1.169867607019450945e-01 -1.281656053341952983e-01 -1.391654775454554682e-01 -1.498983602354575506e-01 -1.602748349898891755e-01 -1.706278711180649887e-01 -1.806492227502257963e-01 -1.905703007567117746e-01 -2.002546159794229563e-01 -2.096257674720566344e-01 -2.187106668987661151e-01 -2.275720731478008962e-01 -2.362423737206500174e-01 -2.443641349585718991e-01 -2.520466231334015372e-01 -2.593434450185457818e-01 -2.663015968535913380e-01 -2.725790643332605123e-01 -2.784249298399684713e-01 -2.839470833530869376e-01 -2.890378366616388472e-01 -2.938670324342495532e-01
4.095592705719949822e-02 7.067868844226486702e-02 9.527953085960344515e-02 1.203189454379203771e-01 1.451830923387287253e-01 1.706918602846149990e-01 1.961262720224898892e-01 2.217953793796478001e-01 2.474706500257256581e-01 2.722621099934894873e-01 2.967638769491223183e-01 3.203229412828255684e-01 3.432032169885848027e-01 3.650372470315541573e-01 3.852167409456688230e-01 4.041124413989217179e-01 4.214295093131652514e-01 4.369950071318137730e-01 4.504576275745466596e-01 4.620098303318986299e-01 4.717462699921133873e-01 4.793577305691563151e-01 4.849004191467308766e-01 4.886585987695959976e-01 4.910788679256324896e-01 4.917605796422919173e-01 4.909542977751230053e-01 4.891318561616891936e-01 4.861325703072504334e-01 4.551985057116459954e-01
-3.174531905330456316e-02 -5.711270880961867580e-02 -7.913190271118566987e-02 -1.008956249246023285e-01 -1.219504618850439648e-01 -1.429275947486036702e-01 -1.635927942725896866e-01 -1.843284303010367664e-01 -2.049041075285473190e-01 -2.249971246152001891e-01 -2.450710152630571348e-01 -2.648767755019411085e-01 -2.844293865436436919e-01 -3.040682745966538092e-01 -3.233475312063663343e-01 -3.425844987119297524e-01 -3.615379212172210588e-01 -3.801780505529823717e-01 -3.984018095517882774e-01 -4.163417095229395848e-01 -4.339477321765392581e-01 -4.508373451226795336e-01 -4.669948376270797175e-01 -4.825516473364054315e-01 -4.975724118073648894e-01 -5.114133657650452580e-01 -5.244006923831476819e-01 -5.367359561586212413e-01 -5.481529484493650184e-01 -5.611981715847482732e-01
-2.821303566968705323e-02 -4.511263790179137478e-02 -6.566891551073436584e-02 -8.473549282209928701e-02 -1.015633406059276572e-01 -1.166130966259131263e-01 -1.301287430500345232e-01 -1.427199670573195966e-01 -1.546464685065718214e-01 -1.659644515302688972e-01 -1.773060238488217144e-01 -1.888086595656573441e-01 -2.011676876955336146e-01 -2.145937525497209619e-01 -2.294915533554148790e-01 -2.462045851149563813e-01 -2.647643156761314009e-01 -2.858861018364894369e-01 -3.095648939017793255e-01 -3.360004712459851994e-01 -3.647554263558808185e-01 -3.963690148984461703e-01 -4.300346576987111313e-01 -4.657570557124517396e-01 -5.027860881532238979e-01 -5.402517278558260916e-01 -5.779104892107912450e-01 -6.153546174600420526e-01 -6.519151004467789168e-01 -7.347279113858904420e-01
4.427378394918097398e-03 2.806110554247014111e-02 3.886061788116362825e-02 4.691202204606451792e-02 5.281209939087869176e-02 5.698519582817868773e-02 5.936950782855527492e-02 5.979656801916437975e-02 5.860214505959888964e-02 5.561331972887410824e-02 5.094759015616630304e-02 4.463328972746225670e-02 3.719584282831851774e-02 2.812841516145202572e-02 1.760728584035935185e-02 6.019329380759951692e-03 -6.469206297500154634e-03 -1.972534422638600946e-02 -3.369434683734915531e-02 -4.831846354706006985e-02 -6.342149521513118504e-02 -7.891046069626242443e-02 -9.481632411982511555e-02 -1.112148718203974096e-01 -1.281540660317819769e-01 -1.454989946733282191e-01 -1.637321728364982687e-01 -1.832916392353916013e-01 -2.045814184108617761e-01 -2.839589026738746913e-01
3.830450012930558534e-02 5.664484125883646748e-02 7.520998668062783832e-02 9.414850056921421351e-02 1.127624196295710646e-01 1.316722833679140892e-01 1.504370599206145132e-01 1.694954069744494252e-01 1.887954711700296218e-01 2.076964199254628662e-01 2.267830884476360054e-01 2.455863656250454607e-01 2.645546084682229848e-01 2.833194789887563125e-01 3.016681142810593297e-01 3.198161324814379203e-01 3.375717720895813900e-01 3.550792554891528674e-01 3.719870399049041154e-01 3.884797300831759892e-01 4.044165724658632111e-01 4.199434534185044754e-01 4.347345143636490161e-01 4.490138007344889881e-01 4.628681821239550298e-01 4.758241425727650631e-01 4.879181365242084567e-01 4.994025247792438504e-01 5.100105911832465422e-01 5.214184117866536017e-01
-3.567015079398389021e-02 -5.709716775584290638e-02 -7.771497488330719738e-02 -9.844681379903014173e-02 -1.187378867642276820e-01 -1.392008548963837022e-01 -1.596383198302823991e-01 -1.805511632077812512e-01 -2.016897521776310764e-01 -2.227483720562419556e-01 -2.442262306168329344e-01 -2.658562534146914347e-01 -2.876468854545169984e-01 -3.099720447601739259e-01 -3.324183440330337191e-01 -3.552023808727026166e-01 -3.780519703797666220e-01 -4.010008791262761330e-01 -4.238754627564494393e-01 -4.468105929643447771e-01 -4.696490912877888668e-01 -4.921119756267455791e-01 -5.140574513118312261e-01 -5.356351856921404142e-01 -5.568553837213012780e-01 -5.769741288747061159e-01 -5.963425067984585715e-01 -6.151922502088575939e-01 -6.332424784076605695e-01 -6.657124920840499227e-01
-4.616048436725513071e-02 -8.811282098903970572e-02 -1.221127244574682635e-01 -1.560629678713533197e-01 -1.892427111982246668e-01 -2.225970482885683555e-01 -2.554581298725386862e-01 -2.881145333692720634e-01 -3.201361128730476069e-01 -3.507877120343778632e-01 -3.806936291955576590e-01 -4.093489468315269497e-01 -4.367090946724999090e-01 -4.630489968597991668e-01 -4.874968197700507155e-01 -5.106788818513797734e-01 -5.322123461931719257e-01 -5.518042227363202379e-01 -5.693457761831139941e-01 -5.850464977077585171e-01 -5.990995878315583667e-01 -6.107025360897907484e-01 -6.202058104166540131e-01 -6.278796250609380847e-01 -6.341510612434447802e-01 -6.384498370926809940e-01 -6.413597410750742078e-01 -6.433867796901656666e-01 -6.444366778009985586e-01 -6.246486116853153803e-01
1.942772195904978599e-02 4.182639490827347317e-02 6.381167346907688775e-02 8.536878955990774565e-02 1.050360387868991829e-01 1.229352934174518519e-01 1.382511772481259671e-01 1.503966705655501446e-01 1.595888017208013654e-01 1.651257083720263918e-01 1.673836882214829735e-01 1.662590037743865989e-01 1.626419201783767254e-01 1.557038979252037270e-01 1.456348203668053343e-01 1.334865112144678068e-01 1.194842841607842432e-01 1.038043141831822835e-01 8.683954634094381841e-02 6.888743796711374601e-02 5.049176649950067736e-02 3.183659393797456244e-02 1.328716886255688900e-02 -4.911022211424267980e-03 -2.270999919415193219e-02 -3.922940162384443152e-02 -5.467561712395049844e-02 -6.892855165659622640e-02 -8.135866053706719558e-02 -1.004031703135644105e-01
5.918810147859175641e-02 7.529112058617079550e-02 9.894501565980776125e-02 1.239455195009816768e-01 1.488718870864595700e-01 1.744259790408799193e-01 2.000835931488082475e-01 2.266008325917498456e-01 2.538881295815688666e-01 2.811549454389389857e-01 3.092777596032887932e-01 3.376572228955647681e-01 3.669389416548324845e-01 3.967525936426545830e-01 4.269391440566795426e-01 4.577128946666962905e-01 4.887998376840527737e-01 5.205569452520424356e-01 5.524984296985733234e-01 5.849074300106684721e-01 6.174281752454743311e-01 6.504629250496065662e-01 6.833618790235858054e-01 7.164682169819471813e-01 7.496996335927432753e-01 7.822665538357974624e-01 8.142713539800978673e-01 8.461079337551651314e-01 8.774722034081516853e-01 9.471748346260601137e-01
2.920324261112447126e-02 3.993747609164758489e-02 5.254693242023300570e-02 6.556778421279735314e-02 7.831514653659893410e-02 9.115764784241273122e-02 1.037270345349696754e-01 1.162703640760585355e-01 1.288102581875010255e-01 1.408535877800292102e-01 1.528224483922991928e-01 1.643946511470388838e-01 1.760145551942814968e-01 1.872832628769592611e-01 1.981492588693312129e-01 2.088148271829323166e-01 2.191929484886571133e-01 2.294535922061598510e-01 2.393711870933333263e-01 2.491055336273985121e-01 2.585722349989043600e-01 2.680125402354030517e-01 2.771686141795199343e-01 2.862252727111704864e-01 2.952129062761102984e-01 3.039350095803435292e-01 3.123621954513566834e-01 3.206793503433392756e-01 3.288087579585551312e-01 3.435400034070250630e-01
-6.343715156721005388e-02 -9.264112766490055495e-02 -1.253248776544275134e-01 -1.589748131380346874e-01 -1.921733340937271384e-01 -2.257892417555255049e-01 -2.593192243478190662e-01 -2.935062382129448033e-01 -3.279930842068270458e-01 -3.621264016139355002e-01 -3.967755417437732746e-01 -4.314456400304843564e-01 -4.663469209907992186e-01 -5.018165245181526180e-01 -5.373024655824623075e-01 -5.732157719642037019e-01 -6.091544226924303640e-01 -6.452669800851449367e-01 -6.812586383703334025e-01 -7.174155750126907094e-01 -7.534915968961415356e-01 -7.892829130362514212e-01 -8.245082613410229522e-01 -8.595086216921805633e-01 -8.943032789296422314e-01 -9.279154828966797997e-01 -9.608859360895264379e-01 -9.937218304817935222e-01 -1.026223265784015348e+00 -1.098126922855582555e+00
4.970228552236121561e-03 -1.830685203754869872e-02 -3.152299730563764418e-02 -4.368196919889560936e-02 -5.509652719113622421e-02 -6.615717179654283242e-02 -7.672574917426788765e-02 -8.671490549460178499e-02 -9.594764400870532672e-02 -1.042945167456718336e-01 -1.118248435348488251e-01 -1.184650151365808368e-01 -1.239802015875144242e-01 -1.286599954470031837e-01 -1.320340488369599052e-01 -1.344359639490572411e-01 -1.357447353104919985e-01 -1.356261287111260594e-01 -1.342082196959833995e-01 -1.314905302270182319e-01 -1.277372594795520289e-01 -1.222453310116736469e-01 -1.154473866041194480e-01 -1.073106452586743836e-01 -9.809233077751354501e-02 -8.759638359376714645e-02 -7.603737877070107509e-02 -6.344999582110014136e-02 -4.964540610100821871e-02 4.747169717376533912e-03
-6.985160719102881388e-02 -1.070314240132648198e-01 -1.427940803581640161e-01 -1.800926751855763119e-01 -2.179958034036462433e-01 -2.577856006046264636e-01 -2.988629627904803576e-01 -3.423355795582442296e-01 -3.875164951774194289e-01 -4.335345865962970668e-01 -4.813509457392211033e-01 -5.301090160799575290e-01 -5.795686871427723208e-01 -6.302981663718154604e-01 -6.811478613677244276e-01 -7.322383237181792071e-01 -7.828538035569179154e-01 -8.327867135534432474e-01 -8.813723842492299232e-01 -9.288302317266974306e-01 -9.748172424615493270e-01 -1.018649932384328327e+00 -1.060104888356426800e+00 -1.099566600844144260e+00 -1.137464774998795392e+00 -1.172252913988811374e+00 -1.204819527538250057e+00 -1.235980814509903603e+00 -1.265223959627063133e+00 -1.308012004995874999e+00
8.287126973151922454e-04 -1.493893100103357505e-02 -2.455538237268113655e-02 -3.320070515071450734e-02 -4.093490793838600039e-02 -4.792083261990086329e-02 -5.408833977379316066e-02 -5.925149415860544999e-02 -6.334710593251731414e-02 -6.637305792158469664e-02 -6.834430725624546232e-02 -6.934132203691623086e-02 -6.927704277290558377e-02 -6.838918648633064701e-02 -6.647972763321473300e-02 -6.390431598102831734e-02 -6.065900234151068438e-02 -5.659540180582572216e-02 -5.195121319242625157e-02 -4.674936699513237287e-02 -4.122509936491592503e-02 -3.495425514441147935e-02 -2.828414734922621993e-02 -2.118735696269394286e-02 -1.373623703550976016e-02 -5.971094676926882311e-03 1.984585914225033866e-03 1.017827395101585097e-02 1.858888332781075819e-02 4.586174669672886395e-02
-1.633874341535498237e-02 -2.182063678151923217e-02 -2.965325218177943672e-02 -3.862325005894218233e-02 -4.830495801968161945e-02 -5.890462029840375091e-02 -7.027088057142681643e-02 -8.266688578482657423e-02 -9.576012339364889381e-02 -1.094034461291104599e-01 -1.237817676470739370e-01 -1.386941102490118760e-01 -1.538241390853656299e-01 -1.696040304876699212e-01 -1.855882450056728639e-01 -2.017784576885512104e-01 -2.179283908783790635e-01 -2.338582378687203978e-01 -2.494684373981307657e-01 -2.647995983095655093e-01 -2.797925618355896482e-01 -2.940607974384206180e-01 -3.077086614415801558e-01 -3.208535078306390398e-01 -3.336600340490195604e-01 -3.457101130880191331e-01 -3.574656419826982567e-01 -3.692898327613439169e-01 -3.812259540277329606e-01 -4.113663795390916089e-01
1.269044578440884086e-01 1.730806098042689811e-01 2.315755351031295040e-01 2.927722512658553766e-01 3.533526269183750457e-01 4.147369491426411425e-01 4.755445357902040593e-01 5.369291342302894288e-01 5.985370727437002714e-01 6.585908230474928349e-01 7.188907326696870603e-01 7.782316296645812592e-01 8.378323758612939987e-01 8.970774893315176524e-01 9.553900416603922086e-01 1.013711763418735146e+00 1.071476185108683143e+00 1.129157608225265896e+00 1.186127858431759163e+00 1.243012319179701564e+00 1.299503073801306030e+00 1.355908261131103743e+00 1.411501698872323018e+00 1.467055606327524409e+00 1.522582190929284263e+00 1.576856601046098927e+00 1.630328853944759793e+00 1.683979095591858099e+00 1.737599718988715569e+00 1.860057222947566480e+00
3.842620816641908327e-04 -1.601075156914131409e-02 -2.568622710772908158e-02 -3.456708525519257974e-02 -4.274478288401957482e-02 -5.040544235504430121e-02 -5.743129628360539585e-02 -6.363371262191799826e-02 -6.888733789849235678e-02 -7.315281481658314489e-02 -7.642870300874760048e-02 -7.874677327521741044e-02 -7.993586460953430728e-02 -8.026271786508801243e-02 -7.942985093554083553e-02 -7.777031983706564344e-02 -7.524445262449487581e-02 -7.162563123377990726e-02 -6.712675214498538268e-02 -6.175809441320370685e-02 -5.578413848703267508e-02 -4.868118677700659924e-02 -4.086842617377730441e-02 -3.233110882102788186e-02 -2.323063054105323905e-02 -1.360634558655944570e-02 -3.655563803566546331e-03 6.596285200690417752e-03 1.709017134128109489e-02 5.045846602228283573e-02
2.966756173611772782e-02 2.060045463618894943e-02 2.362660016622630810e-02 2.828505153870761527e-02 3.353628303365334407e-02 3.943951459171834983e-02 4.582843465996838672e-02 5.317310549268066538e-02 6.152065338594515931e-02 7.056724056055282968e-02 8.072635020100595027e-02 9.174679015616218902e-02 1.040915933215279671e-01 1.174270429862392939e-01 1.319858233553139470e-01 1.476480955409248119e-01 1.643384396184127405e-01 1.824662988493361837e-01 2.017111124986852022e-01 2.222119062133398049e-01 2.435899321327908429e-01 2.665225454932937943e-01 2.903729201057771991e-01 3.153358016088848026e-01 3.411741131222271739e-01 3.675781315952176276e-01 3.944869773215464726e-01 4.221043349220287011e-01 4.504085477822583061e-01 5.321111644490440495e-01
-6.164942434545551964e-03 -1.105353533476037195e-02 -2.085085632368828545e-02 -3.013612333491067635e-02 -3.776590813536173652e-02 -4.344661816205277333e-02 -4.702623080508296083e-02 -4.803417797347778878e-02 -4.667535500706240098e-02 -4.301467868671977890e-02 -3.713260845859608916e-02 -2.939023584613507240e-02 -2.026523135299640455e-02 -9.737088654332289386e-03 1.780831109261696993e-03 1.357208922856960667e-02 2.536250269262615986e-02 3.683561132290127937e-02 4.741164187756571891e-02 5.691748330027158326e-02 6.508399560348190893e-02 7.169676699710483825e-02 7.655535812409612617e-02 7.960235087946535004e-02 8.120311142700946394e-02 8.074042591296276550e-02 7.829823452530970673e-02 7.401379442292282951e-02 6.730730858210964840e-02 2.337305184509767819e-02
2.973378928786379188e-02 5.168985011461720014e-02 7.171890416654330691e-02 9.206664576570464109e-02 1.118217679259488340e-01 1.314359303029373482e-01 1.502031647514942281e-01 1.680718299154939643e-01 1.849882469246344474e-01 2.002040865616599996e-01 2.141639524542676143e-01 2.264636713528018486e-01 2.375582527650927367e-01 2.469220498993182911e-01 2.542959081929606624e-01 2.602315841833263699e-01 2.646452238058036865e-01 2.675018106261479178e-01 2.687350251458064943e-01 2.685587092067905912e-01 2.672098733862965370e-01 2.646170925498549931e-01 2.609386846727367315e-01 2.564334508531743717e-01 2.513820198072792000e-01 2.459153939011245182e-01 2.401158662410349254e-01 2.343240998951840459e-01 2.287350906004944062e-01 2.087511457842209095e-01
-9.213821126146434087e-03 -1.841680004249571928e-02 -2.691729870459623475e-02 -3.583127804707526842e-02 -4.485812304999446665e-02 -5.415658038824161524e-02 -6.356397665594895607e-02 -7.311756836650386282e-02 -8.257586426722575423e-02 -9.182935569858333147e-02 -1.009817244512666856e-01 -1.099429208199608210e-01 -1.184830645657962006e-01 -1.269409040585312565e-01 -1.349650784722681018e-01 -1.427233493223892813e-01 -1.500740170821460162e-01 -1.568326244171835138e-01 -1.630617482382911154e-01 -1.687961870990663249e-01 -1.741333604361033627e-01 -1.786545063264031730e-01 -1.826144422277927171e-01 -1.860850747821095330e-01 -1.892151674808467687e-01 -1.918503145180824598e-01 -1.943347700323429794e-01 -1.968992519686547926e-01 -1.996589212763837384e-01 -2.065800858080033275e-01
-1.049865361942623060e-01 -1.532830471169373543e-01 -2.080158793667221118e-01 -2.650038079285643722e-01 -3.216393139051778038e-01 -3.793591515289482241e-01 -4.370452668119824691e-01 -4.958117366931966141e-01 -5.550120920772427802e-01 -6.133070205453619028e-01 -6.721636328274045447e-01 -7.306166428411104974e-01 -7.890589318101574046e-01 -8.477793753387747877e-01 -9.057890946052660208e-01 -9.638283978488570991e-01 -1.021206703452428588e+00 -1.078084839016872243e+00 -1.133930483942232392e+00 -1.189247084227236018e+00 -1.243736291320352905e+00 -1.297072315991933955e+00 -1.348916184082394665e+00 -1.399930537576024037e+00 -1.450356600463346135e+00 -1.498830870593284015e+00 -1.546309900130615977e+00 -1.593846190295475918e+00 -1.641365029288907040e+00 -1.748851829496477439e+00
-6.142246088933157183e-02 -6.835790986314511930e-02 -8.210401834287001099e-02 -1.009780946168956778e-01 -1.244142067000986313e-01 -1.534168137794413855e-01 -1.874449028336790668e-01 -2.279843815071916358e-01 -2.737671804265566222e-01 -3.239970351648177038e-01 -3.793216074627028256e-01 -4.385361140329143148e-01 -5.003277778066175241e-01 -5.657605611991796124e-01 -6.330558822219313209e-01 -7.013198934148423547e-01 -7.694491110878960427e-01 -8.367010641762780976e-01 -9.018789094823802532e-01 -9.650137352513618039e-01 -1.025459460211036955e+00 -1.082160731240545015e+00 -1.134979330892933458e+00 -1.184395027926944399e+00 -1.231392999558330814e+00 -1.274062113692818743e+00 -1.313985429667443139e+00 -1.352697226817234366e+00 -1.389913858708355932e+00 -1.462661118679186911e+00
1.082210673980188165e-01 1.653326023076112095e-01 2.263887610941774930e-01 2.890879082799206468e-01 3.502611126394131191e-01 4.111949990524629284e-01 4.702273961340805997e-01 5.277674683412357792e-01 5.835222048985521104e-01 6.356661210966085829e-01 6.857037291123642131e-01 7.325959200647818026e-01 7.775398031529837661e-01 8.197557756297879639e-01 8.585605815763543980e-01 8.953812710976654099e-01 9.298412192555982614e-01 9.621409941576097857e-01 9.920568475652192797e-01 1.020218833199412201e+00 1.046877612356214460e+00 1.071948844435343329e+00 1.095432155594268764e+00 1.118066284476638694e+00 1.140187151831182577e+00 1.161414785295972196e+00 1.182233089638169199e+00 1.203611273562988471e+00 1.225890595509636194e+00 1.274270342112622467e+00
-1.897605744484446438e-02 -2.170813771654193230e-02 -3.133267582443102078e-02 -4.070245354615206756e-02 -4.887743659199319385e-02 -5.581486668091142911e-02 -6.158030061737174848e-02 -6.627233821449884932e-02 -7.003011347322876667e-02 -7.296299507337734858e-02 -7.533268331149528541e-02 -7.736120213812698598e-02 -7.946272075089200193e-02 -8.180949711306777228e-02 -8.475932155498476506e-02 -8.865531757063080387e-02 -9.360450967590623617e-02 -1.000622339276024952e-01 -1.082529715700929068e-01 -1.183229671960204094e-01 -1.301401138182412820e-01 -1.440728993877555542e-01 -1.598367518129369114e-01 -1.774803723200245875e-01 -1.965046749219493405e-01 -2.168322675891011797e-01 -2.384035605467247354e-01 -2.610691157779656546e-01 -2.849236498845009180e-01 -3.604763092135412905e-01
