3.344339115500670478e-02 6.988324254126568325e-02 1.045070489742578740e-01 1.420618569925635177e-01 1.820493596686944271e-01 2.236358553899273072e-01 2.660197251537894658e-01 3.083752001267031084e-01 3.501238880752078897e-01 3.906636978069725208e-01 4.295812589877952004e-01 4.661113811863051293e-01 5.001788256869883487e-01 5.311587544512039738e-01 5.588628562083692852e-01 5.828428412930262148e-01 6.027029771577774309e-01 6.184680067940124815e-01 6.292272623329959735e-01 6.356853315791725079e-01 6.371931026966624056e-01 6.343625014556083519e-01 6.271694331832398106e-01 6.164813213870969921e-01 6.027052263973438073e-01 5.870997204522563351e-01 5.704704041993107211e-01 5.540964179807273959e-01 5.387749139183892755e-01 4.967378616724894558e-01
2.513526807522178941e-02 6.176161877780247944e-02 9.394969489449273015e-02 1.259677829375750180e-01 1.574303013263370354e-01 1.878094428105081815e-01 2.165515313241005158e-01 2.433421448289954658e-01 2.678597175431537414e-01 2.898827871416823077e-01 3.092317574292813287e-01 3.256924866865521517e-01 3.394726732901828248e-01 3.503760540486735575e-01 3.586247598827206895e-01 3.641986523541692056e-01 3.671986720070352095e-01 3.679025519873036498e-01 3.661024596742813442e-01 3.624155153540784546e-01 3.566294007754612916e-01 3.492619359728302286e-01 3.402927929674554042e-01 3.302358194229939592e-01 3.192022600856933567e-01 3.077495368434197687e-01 2.961857607188819186e-01 2.849442096205579977e-01 2.742908249429266698e-01 2.428503646953808492e-01
-2.151474564582016996e-03 -2.674563094772288568e-02 -4.100753079703697845e-02 -5.332069532824337821e-02 -6.399971322982075939e-02 -7.292389735613576118e-02 -7.985745769842864106e-02 -8.490196061818422457e-02 -8.772800791262269637e-02 -8.840918564256941559e-02 -8.705062605456195812e-02 -8.359544733222315505e-02 -7.821541952991156732e-02 -7.106291865341438085e-02 -6.234144067437900200e-02 -5.207723987967029233e-02 -4.063856121017275086e-02 -2.810172929150882293e-02 -1.462179417175073215e-02 -4.035573684954482654e-04 1.451579429297817844e-02 2.990080225478658482e-02 4.576375226978653815e-02 6.205129049164387345e-02 7.868280323530303655e-02 9.555067629776593796e-02 1.126837106395928156e-01 1.299753146895095968e-01 1.476156986967026574e-01 2.021472047517550996e-01
8.045035681784648562e-03 9.156633818707189676e-03 1.295116504508379146e-02 1.644876225582880477e-02 1.947065216154850870e-02 2.210451334988367683e-02 2.444053517623881108e-02 2.650384433969492012e-02 2.854141097786755052e-02 3.057796640140544170e-02 3.257076230951776175e-02 3.471524001317546904e-02 3.708868652223640955e-02 3.969359996978170241e-02 4.264011260037223888e-02 4.607545282791213059e-02 4.997292833057342953e-02 5.448957548319027094e-02 5.969708681123443716e-02 6.565537813163110914e-02 7.239922776542706551e-02 7.990654981228031972e-02 8.815313248060145657e-02 9.712581925205854283e-02 1.066625972885856810e-01 1.165821342253163251e-01 1.267868804808396088e-01 1.369856585745529154e-01 1.471018778568990437e-01 1.726587482092037107e-01
4.609857609183667243e-03 2.454478533982187849e-02 3.540454682273887210e-02 4.501008403698195104e-02 5.390863921476769793e-02 6.222687936775345846e-02 6.990020088740764304e-02 7.689530476026879002e-02 8.317287292349925809e-02 8.865666505308456014e-02 9.326836568678721628e-02 9.693384867461601884e-02 9.967518541752276584e-02 1.013565676504527141e-01 1.020279270006437533e-01 1.015915855196783402e-01 1.000393445114771684e-01 9.740139003140885210e-02 9.351199130333030796e-02 8.855478581687208084e-02 8.235753384774702202e-02 7.507519132622594848e-02 6.659721876756199976e-02 5.707316487994189280e-02 4.643759936421644474e-02 3.482751903156454387e-02 2.217166454040492979e-02 8.360457134920618039e-03 -6.892719005047384662e-03 -6.728337975894714551e-02
6.068685665290568521e-02 9.770536107817871796e-02 1.402758912555886472e-01 1.849373029267458168e-01 2.316740512681275677e-01 2.808684346430254664e-01 3.329044729316320561e-01 3.871150984839071829e-01 4.442833448322160983e-01 5.040145702263644223e-01 5.658961869909573394e-01 6.297959945335203091e-01 6.956111622898561997e-01 7.628202642371395559e-01 8.310789148270587567e-01 9.003212011953520832e-01 9.694590175633720497e-01 1.038696971434073024e+00 1.106905416563462863e+00 1.174424286933866801e+00 1.240373316614093557e+00 1.304527462635976409e+00 1.366600619887532675e+00 1.426640330164421711e+00 1.484208527586041271e+00 1.539258393720155826e+00 1.591762437600150015e+00 1.641724700863216091e+00 1.688677663523225458e+00 1.768979301292800344e+00
4.049552272899448885e-02 8.757305244068913641e-02 1.307125849237798509e-01 1.736654928260848441e-01 2.161710384087576209e-01 2.579469015276163457e-01 2.986514010510211148e-01 3.378838034423493619e-01 3.756260164211924768e-01 4.116233449142766565e-01 4.456398383262213936e-01 4.775215678425895338e-01 5.074682535130636829e-01 5.352317553702931052e-01 5.609681974805769133e-01 5.846956660954985008e-01 6.062648951720239765e-01 6.260165833602548968e-01 6.435174099514832102e-01 6.594147327960603322e-01 6.732955804114044707e-01 6.855389471709212312e-01 6.960269922895607753e-01 7.051642435332156067e-01 7.128818871192031947e-01 7.195572868369608521e-01 7.253926242698703897e-01 7.306722223439456876e-01 7.353860128386838779e-01 7.293591060975981311e-01
5.908274031556259159e-03 2.518633512595121887e-03 7.922467106147466562e-03 1.290558087811707541e-02 1.678624269323036183e-02 1.960575675976748006e-02 2.152466749435512361e-02 2.267175644983677671e-02 2.346988538895250498e-02 2.406547544198459065e-02 2.446535585097870877e-02 2.510897645808055773e-02 2.622045150633183982e-02 2.795441280564624209e-02 3.058412946371815919e-02 3.451605438198561415e-02 3.982972177466246461e-02 4.687481876195360997e-02 5.598797296464411155e-02 6.723633921102652178e-02 8.084180341259408764e-02 9.672166075713123368e-02 1.148963944267201581e-01 1.352237397887119386e-01 1.574132714885936313e-01 1.809897392004344852e-01 2.057420330992608404e-01 2.311259571622895082e-01 2.570607700991188738e-01 3.329580373859136744e-01
1.177668239580911477e-02 2.520306742677252965e-03 1.472079928011382419e-03 1.208836167782481943e-03 1.488962026451129406e-03 2.580945704607495034e-03 4.818957211161448151e-03 8.153932042848782702e-03 1.310587240400188508e-02 1.966572227473124823e-02 2.774518149036590831e-02 3.757204950415413136e-02 4.910814058031244544e-02 6.228860167074391774e-02 7.705063464647021743e-02 9.352848127453386451e-02 1.113988574094973566e-01 1.307579369566676530e-01 1.515065801635252507e-01 1.735518185016020343e-01 1.968334366168395799e-01 2.211055987448049542e-01 2.463204185561392034e-01 2.723367786911954358e-01 2.989000428893494044e-01 3.256764105368237239e-01 3.525319615820770025e-01 3.791026325457735879e-01 4.052792839998433094e-01 4.716730898341544576e-01
7.144557673180639001e-03 1.880436202715001642e-02 2.624950070096788643e-02 3.305018559364902853e-02 3.951251055973308002e-02 4.577858133983661593e-02 5.187310147580375536e-02 5.775210009021390645e-02 6.351241060324114285e-02 6.909132475200849277e-02 7.440756789725735953e-02 7.946279356376267922e-02 8.426186502211095719e-02 8.868864890218941532e-02 9.276441138758510785e-02 9.645029458161927249e-02 9.966153038824490662e-02 1.024445713269860891e-01 1.046556306616602539e-01 1.064084229030651807e-01 1.075659028375124393e-01 1.081856267696043872e-01 1.081813618522909221e-01 1.076384605674360756e-01 1.064571811282065406e-01 1.046684937641725460e-01 1.022072744818942475e-01 9.892419589212690656e-02 9.461863549825780262e-02 6.929653630571645795e-02
3.006778422390810751e-02 6.570877198109907613e-02 1.033001319054796252e-01 1.374197609376439644e-01 1.674177354603229306e-01 1.934426222117619221e-01 2.156542419696241275e-01 2.343425855719248885e-01 2.501192879408975500e-01 2.633016212854343840e-01 2.739610979483639297e-01 2.828796106922580322e-01 2.906776838346201153e-01 2.977470021237521025e-01 3.048053648565640650e-01 3.126417873634309563e-01 3.216582895683642307e-01 3.326486497752261240e-01 3.462207088829768464e-01 3.628124275231353613e-01 3.826918243335803438e-01 4.059303806489790167e-01 4.324525908771563731e-01 4.620271549369538988e-01 4.940615763754949707e-01 5.277066784847042058e-01 5.624415516590033359e-01 5.972344599799018772e-01 6.314327461091652216e-01 7.098822248440531668e-01
-1.564830717449777059e-02 -5.102928168739509496e-02 -8.555639700844647200e-02 -1.201258897662901975e-01 -1.534414802029201996e-01 -1.842483115886481837e-01 -2.114904335971867222e-01 -2.349256509197948650e-01 -2.536585890381945485e-01 -2.675921816773728090e-01 -2.767252972643025055e-01 -2.807937898223367701e-01 -2.802429544490442348e-01 -2.751845270057344806e-01 -2.661046570659619803e-01 -2.531560407579471761e-01 -2.370032958494960873e-01 -2.180500289990470741e-01 -1.965753781075419426e-01 -1.733403745011955766e-01 -1.485049976436519648e-01 -1.228701493126397593e-01 -9.664008646226243671e-02 -7.043037685922512448e-02 -4.469108570848367989e-02 -2.020765466205859395e-02 2.421356824065371005e-03 2.222278832946482721e-02 3.832460142935861097e-02 4.951316658806542703e-02
1.426143483771374898e-02 3.327734336811852267e-02 4.893286841087854389e-02 6.624791305667426800e-02 8.542787795447563670e-02 1.063141044093600801e-01 1.286762459729248742e-01 1.520311184726490517e-01 1.762263507309023980e-01 2.008776987061470232e-01 2.257007394410513457e-01 2.502218412974041017e-01 2.742643752787504718e-01 2.973470580627872728e-01 3.191972164409320190e-01 3.394406695428275889e-01 3.576071918194205224e-01 3.735902354251945390e-01 3.866474141920399066e-01 3.970577496566862763e-01 4.042937938752010352e-01 4.085527373627553804e-01 4.097297082116115874e-01 4.082372444436974113e-01 4.041993212766226140e-01 3.982516308555016371e-01 3.907211415077493921e-01 3.821582838823641692e-01 3.727346469613809221e-01 3.314044346601160429e-01
6.329286458493840056e-03 -1.156669888750682176e-02 -2.354816827796128720e-02 -3.326555300488267392e-02 -4.043857114249187201e-02 -4.467851304816194274e-02 -4.560140915166638331e-02 -4.345863084739817750e-02 -3.783215735717167932e-02 -2.893074565677046517e-02 -1.694833049352894097e-02 -2.012863814024002870e-03 1.552155670569185103e-02 3.530921214076478132e-02 5.689905381583189314e-02 8.003653689264780824e-02 1.040225989616538199e-01 1.286062789021604202e-01 1.532113568663088787e-01 1.775778782814109169e-01 2.013559036144106362e-01 2.242073051437423192e-01 2.460341565234448469e-01 2.667842601650465828e-01 2.863522404962024481e-01 3.047376620181109219e-01 3.219698426987841477e-01 3.380329203560685780e-01 3.529040069055363604e-01 3.813263829201600230e-01
-1.270497407409719448e-03 -2.520224718904267788e-02 -3.921025361921735841e-02 -5.192933160842562457e-02 -6.379218808512583661e-02 -7.474170115462058783e-02 -8.460372811815111693e-02 -9.337704670972758747e-02 -1.007735735466156052e-01 -1.067876514156746726e-01 -1.114686941006562682e-01 -1.146496539955011024e-01 -1.164047618607197965e-01 -1.167707608540917014e-01 -1.158059285141999351e-01 -1.134284400202682508e-01 -1.098056193864445779e-01 -1.049302645244803434e-01 -9.873694518238712581e-02 -9.139684618275414896e-02 -8.280182327265611653e-02 -7.312544116495832414e-02 -6.231991689095575659e-02 -5.044581799287430057e-02 -3.758310020891297842e-02 -2.390563602576774999e-02 -9.413027612050640230e-03 5.702472387346361679e-03 2.165819202463878379e-02 7.753198205568680168e-02
3.018471618975882356e-02 5.393696677575338799e-02 7.753019500872354586e-02 1.011314711694696333e-01 1.247750511038430155e-01 1.486357002877528588e-01 1.728277760778378080e-01 1.971150787020501949e-01 2.218552691564625867e-01 2.469036271027206242e-01 2.720819999908764553e-01 2.974259511386860289e-01 3.229786752304363295e-01 3.485491999529028995e-01 3.741266900449586874e-01 3.997522534888160450e-01 4.250819837762770392e-01 4.503053070392814550e-01 4.750372150355981482e-01 4.995295588034828205e-01 5.234420048339570863e-01 5.467717563431868655e-01 5.693764776288763318e-01 5.913317569655941464e-01 6.124044528972630852e-01 6.325521939405053251e-01 6.517321117457390844e-01 6.698169914229092914e-01 6.865504315233857957e-01 7.097182842878801967e-01
-1.038659751171844454e-02 -4.203548503484683119e-02 -6.489570152198137487e-02 -8.652324614394972524e-02 -1.076531720235587852e-01 -1.286733620431761704e-01 -1.498186825871358208e-01 -1.710151227180980171e-01 -1.924502916956383758e-01 -2.140955299121400368e-01 -2.359357393076834120e-01 -2.578951616960040161e-01 -2.799862965193355424e-01 -3.021634095432688127e-01 -3.243306009796799172e-01 -3.464408227222750547e-01 -3.682548311526767648e-01 -3.897907542807318437e-01 -4.106695880035790558e-01 -4.309895481182375865e-01 -4.503841228452539758e-01 -4.687387611646136043e-01 -4.858635580004253551e-01 -5.015847447294176087e-01 -5.156960783323421005e-01 -5.280318756594432061e-01 -5.383611422745931963e-01 -5.465578306504739192e-01 -5.519241272611756788e-01 -5.290403798115872469e-01
7.754190191728051185e-03 2.156923845729620537e-02 3.286950260984398964e-02 4.348423955960467602e-02 5.327178148477691028e-02 6.205640803487390972e-02 6.961925528921465711e-02 7.592447156917067619e-02 8.088327015993770908e-02 8.445602615314863615e-02 8.658235674726130759e-02 8.728661979038891683e-02 8.670628781170680588e-02 8.480005191808502596e-02 8.176091609528957083e-02 7.765127376593980446e-02 7.261678284137515482e-02 6.683147230529032368e-02 6.035378648826841136e-02 5.344557309007708784e-02 4.611579376712542089e-02 3.860406081223009822e-02 3.090278438002735939e-02 2.322267958322858650e-02 1.555389778852871163e-02 8.041131523584370278e-03 7.329200975594307721e-04 -6.387981701619506458e-03 -1.326495169795220697e-02 -3.205995817141700510e-02
-2.952416431889638010e-02 -4.762000581776813096e-02 -6.799258309548211754e-02 -8.827294117442688326e-02 -1.084342798015598408e-01 -1.287491835511969940e-01 -1.495172629531734132e-01 -1.706307682677844217e-01 -1.925176061181259612e-01 -2.151863901262786594e-01 -2.386237491033224023e-01 -2.629694863637777047e-01 -2.882816268464674092e-01 -3.146185914792357652e-01 -3.419373036996092297e-01 -3.703899112862767962e-01 -3.997041018335275586e-01 -4.300245646421663182e-01 -4.611275111313686281e-01 -4.930671939330192322e-01 -5.256126163250047778e-01 -5.585483524074221773e-01 -5.917735553276539662e-01 -6.250592693353824725e-01 -6.581731918629875056e-01 -6.907793525682734970e-01 -7.227575865640172292e-01 -7.539859746808322827e-01 -7.841200618389386756e-01 -8.478103480183746266e-01
2.287803697189343469e-02 7.198455590237506918e-02 1.099659751572507060e-01 1.496170563324472902e-01 1.907779211907430217e-01 2.324389415393689484e-01 2.735129895130960498e-01 3.132420494295456437e-01 3.506436335564042661e-01 3.851125928271473819e-01 4.162748820331769739e-01 4.432098776757635306e-01 4.659098870795606029e-01 4.837544825222711564e-01 4.966787314462360881e-01 5.041323667827887212e-01 5.060185163966857136e-01 5.023377005076301582e-01 4.922743638126704790e-01 4.766910806902736053e-01 4.549805389703233116e-01 4.280326299138895729e-01 3.958260797736921077e-01 3.594096098997027200e-01 3.193268689033315066e-01 2.771087227525329544e-01 2.335815422160490151e-01 1.901508876299386475e-01 1.475630037599807987e-01 2.915770910701025176e-02
6.854333661310896275e-02 1.077216509261087196e-01 1.567721777318450416e-01 2.091696804152406997e-01 2.641622206206476475e-01 3.215644383861045452e-01 3.813251274546135550e-01 4.425818323852348524e-01 5.057835697796286833e-01 5.704232449889775625e-01 6.360247136848953264e-01 7.022929626080081089e-01 7.692051570783715597e-01 8.361863440763249722e-01 9.029758327951913355e-01 9.695005508056242505e-01 1.034791289255311719e+00 1.099146378956009862e+00 1.161450264911372265e+00 1.222278840735826266e+00 1.280791741765395564e+00 1.337040890532662951e+00 1.390853214062024445e+00 1.442582399545429439e+00 1.492033348552911143e+00 1.539580457922615553e+00 1.585575953645238734e+00 1.630551108811789218e+00 1.674655225760996569e+00 1.768685492091407241e+00
3.312148572301467503e-03 7.613937537008768491e-03 1.509085827078473704e-02 2.173900111735145926e-02 2.667887490247188714e-02 2.937948389083281514e-02 2.941542385553281777e-02 2.689739168723214932e-02 2.160239126991556069e-02 1.362769845443811967e-02 3.005404778700683510e-03 -1.004651443507174891e-02 -2.519616783987681241e-02 -4.227178006503980179e-02 -6.080509786499613961e-02 -8.048688680417911967e-02 -1.007898068407269698e-01 -1.213525230581538467e-01 -1.416344782872620001e-01 -1.613109017882722040e-01 -1.800065546236940817e-01 -1.973463353428267231e-01 -2.131913330127390149e-01 -2.272965942530626449e-01 -2.396066371908730508e-01 -2.500440206581015512e-01 -2.585068344757087688e-01 -2.650423900846487490e-01 -2.692529352536924270e-01 -2.555594796595972440e-01
1.188539534964611344e-01 2.007727036839972723e-01 2.948345502101096249e-01 3.929015225263415290e-01 4.935263718247723808e-01 5.961148532301372427e-01 7.003336305814639173e-01 8.048961941947890830e-01 9.102638759107196664e-01 1.015730147458207444e+00 1.120606637641804459e+00 1.224473155201821983e+00 1.327579733458648104e+00 1.429163718859209897e+00 1.529116147527318947e+00 1.627518409807115152e+00 1.723191463202185858e+00 1.816856533862417411e+00 1.907013174228552099e+00 1.994848502769712706e+00 2.079181720131442646e+00 2.160353276698982583e+00 2.238131381850510415e+00 2.313139103037122446e+00 2.385065300874603000e+00 2.454493208438530694e+00 2.521887177577965211e+00 2.588049355619956859e+00 2.653072705455999269e+00 2.788581747842358460e+00
6.897798536556187798e-02 1.181924896734361519e-01 1.733547056452577895e-01 2.293823211014730523e-01 2.855638306795162951e-01 3.418246958893138565e-01 3.981624860859437343e-01 4.540251123611429018e-01 5.099586846317862854e-01 5.656928673053003287e-01 6.209000234978261368e-01 6.756419685743743075e-01 7.301516855915035631e-01 7.841570843206951968e-01 8.377527447763967183e-01 8.911712454191089705e-01 9.438654413653946307e-01 9.963663351512123123e-01 1.048047849811343246e+00 1.099552453596219559e+00 1.150314903984098081e+00 1.200440515213682779e+00 1.249755141569302230e+00 1.298460365212105172e+00 1.346199900807704797e+00 1.392967690733281305e+00 1.438849149790726756e+00 1.483891615752216619e+00 1.527926596631794975e+00 1.620028007508142798e+00
-9.493179417257004149e-03 -2.416573331752683643e-02 -3.695997295103033153e-02 -4.963750728773826115e-02 -6.225547212531169078e-02 -7.481017861045166639e-02 -8.730259107547583275e-02 -9.964956099533439637e-02 -1.118382634138483656e-01 -1.238474875069152520e-01 -1.356855912600593017e-01 -1.472799833346834508e-01 -1.586673955455639162e-01 -1.698667662131053135e-01 -1.808515083940346047e-01 -1.916219069906039962e-01 -2.021202373346417391e-01 -2.123772176645399856e-01 -2.222512091427342740e-01 -2.318313980673862851e-01 -2.409786912770219558e-01 -2.496908863439477599e-01 -2.579309252544111919e-01 -2.656579542421350637e-01 -2.728635682001300244e-01 -2.795543353500544725e-01 -2.857403066577222095e-01 -2.915644421054695568e-01 -2.968958667020978881e-01 -3.024305923298035159e-01
3.078069462843005880e-02 7.101997210583885223e-02 1.035982170211936504e-01 1.362476688703945782e-01 1.693016971830212936e-01 2.027255060139720733e-01 2.363272003349611294e-01 2.696898190717245125e-01 3.027965698617679502e-01 3.353329287227658773e-01 3.670408331263835811e-01 3.976118013434750686e-01 4.270409433803038501e-01 4.549516941426047789e-01 4.812644627673308695e-01 5.057686726065673266e-01 5.281122232260123672e-01 5.483895754502827735e-01 5.659354255558307623e-01 5.812069818256320186e-01 5.936494205663921386e-01 6.035145234145320448e-01 6.106271915050004440e-01 6.153459038617643539e-01 6.176299615803315657e-01 6.179228564703309612e-01 6.163905705448191608e-01 6.133365697692141350e-01 6.086013073219791458e-01 5.668452716756365861e-01
-2.178637548987682332e-02 -4.761065679096224829e-02 -7.077964017157839516e-02 -9.373165270027396245e-02 -1.166024947392729633e-01 -1.394865687827260559e-01 -1.624573876756140178e-01 -1.853465688582648929e-01 -2.082804949017443008e-01 -2.311947951424843661e-01 -2.540498650642494249e-01 -2.767794825635311873e-01 -2.994354674261725524e-01 -3.219894664556225972e-01 -3.443940930773329301e-01 -3.666642631292502119e-01 -3.886055006206907692e-01 -4.103066885233184191e-01 -4.314642904886538122e-01 -4.522472064306665152e-01 -4.723678577327983241e-01 -4.917958671407167692e-01 -5.104326900247004861e-01 -5.282245616412309941e-01 -5.450738900494409567e-01 -5.609438023733047674e-01 -5.758156563405074646e-01 -5.898030094892063868e-01 -6.026257606347098505e-01 -6.179424740283464557e-01
-1.544076481058751296e-02 -3.490182231183656253e-02 -5.826271467474010424e-02 -7.907106350426169883e-02 -9.705463507680511803e-02 -1.126868129042348510e-01 -1.264912676106777489e-01 -1.388019229104723307e-01 -1.503571413711417559e-01 -1.615242077984929137e-01 -1.724945502292005162e-01 -1.839585066433762628e-01 -1.963030787827859114e-01 -2.099910649903522775e-01 -2.253988532241279485e-01 -2.431684981095229570e-01 -2.634506815381465472e-01 -2.867335415734496573e-01 -3.134434761910128708e-01 -3.436219544139164639e-01 -3.774457928901844839e-01 -4.145971725676987907e-01 -4.549826350552383936e-01 -4.980153173907790887e-01 -5.431299709983885560e-01 -5.892599940835716588e-01 -6.358081629059209039e-01 -6.818338248730859696e-01 -7.265126712638082518e-01 -8.281697228560170876e-01
6.600152301583818437e-03 4.082308993078821030e-02 5.798399518642698841e-02 7.142067481180598698e-02 8.204963252798402884e-02 9.014381552303288303e-02 9.564349428702934031e-02 9.876967113806546517e-02 9.946345801323824842e-02 9.781595549972814385e-02 9.386419975705213858e-02 8.773359658540219597e-02 7.962663511720596832e-02 6.960592502022169836e-02 5.798557547791022282e-02 4.482217728101095533e-02 3.045767712119621176e-02 1.505657016229519987e-02 -1.235117686895204764e-03 -1.815213909737983800e-02 -3.571432697451280835e-02 -5.367599387451119086e-02 -7.218396964990034248e-02 -9.117283896939275267e-02 -1.108235887686031679e-01 -1.312172080694657683e-01 -1.526726530468834053e-01 -1.756653405803877410e-01 -2.008640596562499270e-01 -2.970120754811647612e-01
2.863870561019222355e-02 5.637522058782317574e-02 8.224623546205449276e-02 1.078285983795530534e-01 1.331942792043904755e-01 1.584806243508051216e-01 1.837434575007713677e-01 2.087585386005145205e-01 2.338173436893057344e-01 2.587780740746020713e-01 2.834695383275159797e-01 3.079093962712070032e-01 3.321703398252843775e-01 3.560688153959567503e-01 3.796331219739346174e-01 4.029019919267110561e-01 4.255938987475325619e-01 4.479155553411141022e-01 4.695035632089329392e-01 4.906595715935968549e-01 5.110482446370254728e-01 5.307246711871866918e-01 5.495434498220141961e-01 5.676125220327581378e-01 5.847134775166094034e-01 6.008436945520581052e-01 6.159610761389648914e-01 6.299534578707539634e-01 6.425454984234857392e-01 6.534729422808891464e-01
-2.436265168230697040e-02 -4.552633660619086198e-02 -6.701191255084734677e-02 -8.860878458835322324e-02 -1.103407395220859788e-01 -1.323591887269340017e-01 -1.548319232534346446e-01 -1.775873815745702133e-01 -2.008804450504497185e-01 -2.246585104754863504e-01 -2.488800161968076075e-01 -2.735416469888420909e-01 -2.986791965666991677e-01 -3.242775533105307639e-01 -3.502624026871477558e-01 -3.766895588320033905e-01 -4.032921301791084767e-01 -4.301697993218102090e-01 -4.570157193122135197e-01 -4.839450853345122483e-01 -5.106755396818773995e-01 -5.370901549744245829e-01 -5.630925501346865092e-01 -5.885649414048105266e-01 -6.133634085498249622e-01 -6.373491886450228794e-01 -6.604847745545430193e-01 -6.828233273215946753e-01 -7.040951251604972150e-01 -7.436729933611309074e-01
-3.275812090943888005e-02 -7.834894166681574679e-02 -1.163136922173736709e-01 -1.544169432292775701e-01 -1.928612366991046823e-01 -2.314645291475084243e-01 -2.699864690497162378e-01 -3.080078976918141365e-01 -3.453507971636060048e-01 -3.817596251991137168e-01 -4.170845918041390377e-01 -4.509503010972465975e-01 -4.834039710180588756e-01 -5.142275899659737304e-01 -5.433333039538942311e-01 -5.705504202662441404e-01 -5.956305705406461648e-01 -6.186507915117551715e-01 -6.390042749512008236e-01 -6.571333466837228077e-01 -6.725142610030587775e-01 -6.853824834353977602e-01 -6.956158602961790560e-01 -7.034702353511038675e-01 -7.090132659821390959e-01 -7.126849928109458832e-01 -7.147154977613955351e-01 -7.156864435327965346e-01 -7.154816459231407855e-01 -6.907816051110758915e-01
1.504644390482479110e-02 5.042345710300879386e-02 8.316070532825320383e-02 1.147089659762420139e-01 1.441013828887599546e-01 1.704603796763806967e-01 1.929765394747859908e-01 2.115436114213417040e-01 2.256355454145159423e-01 2.352004359135136946e-01 2.401781236005859632e-01 2.405615541143319158e-01 2.368212050583035078e-01 2.290136197034469967e-01 2.177262940229321153e-01 2.032125415986104078e-01 1.860800603904252115e-01 1.668391022866870799e-01 1.458362069560370511e-01 1.238209194542668756e-01 1.009716366435047114e-01 7.801683146813620517e-02 5.506152396147865474e-02 3.266217669153818892e-02 1.097250023364884641e-02 -9.529417595789638207e-03 -2.855670827792212291e-02 -4.579070491912107244e-02 -6.077195873940918758e-02 -8.389875295232816776e-02
4.390496110854005818e-02 7.028129385933171158e-02 1.025232918258923986e-01 1.351978234100362775e-01 1.679094520904497734e-01 2.008294970688823677e-01 2.341718038740147056e-01 2.676415314449719363e-01 3.018444181288695849e-01 3.366515870351509121e-01 3.718529533473863835e-01 4.076322968241132272e-01 4.441197901828419781e-01 4.811573199209892016e-01 5.187878687784464038e-01 5.572300262788805192e-01 5.960333392797911856e-01 6.355582750682697846e-01 6.754198750163101783e-01 7.159328746500006613e-01 7.567444540578212031e-01 7.977737070639212558e-01 8.388760538506189190e-01 8.800512139311940096e-01 9.209259318862346166e-01 9.612605030535309458e-01 1.000966439341131275e+00 1.039799094126775181e+00 1.077482209751807307e+00 1.157466487978803915e+00
2.279196358403060355e-02 4.172079022671716653e-02 6.065491451861954042e-02 7.938544405081644773e-02 9.778128352179621396e-02 1.158542465001533850e-01 1.335837158863969476e-01 1.508159955480311565e-01 1.677490842363465740e-01 1.842898696103685285e-01 2.003103710835305029e-01 2.158693830338766495e-01 2.310647081954236848e-01 2.457822537081686409e-01 2.601117037882127447e-01 2.741338080791418941e-01 2.877113631686596396e-01 3.010524611241158777e-01 3.139795540353198522e-01 3.267536522797925280e-01 3.391968494392468281e-01 3.514010272381168365e-01 3.632886328597683123e-01 3.749845932801217918e-01 3.863402457180110661e-01 3.973665515642810231e-01 4.080651342604905141e-01 4.183468658278825525e-01 4.281145771273073830e-01 4.433600043068736118e-01
-4.490024062573721303e-02 -7.631627391949113992e-02 -1.126637574292896626e-01 -1.498582802252154678e-01 -1.874757611144671765e-01 -2.255303018454785646e-01 -2.641496137435689340e-01 -3.029769044636749231e-01 -3.423991259885266203e-01 -3.822840184840671229e-01 -4.225092533156052932e-01 -4.630879880501611590e-01 -5.041268112615253649e-01 -5.455622240579665050e-01 -5.873439253027686879e-01 -6.296158422894744255e-01 -6.719695331155144391e-01 -7.146618157174170483e-01 -7.572407965044249956e-01 -8.000010094421714513e-01 -8.425369383672403067e-01 -8.847657456948032628e-01 -9.265855474508289946e-01 -9.679532222193973912e-01 -1.008683493375555518e+00 -1.048668839330022307e+00 -1.087993322075411440e+00 -1.126850545844547025e+00 -1.165103938424074892e+00 -1.251261708897388969e+00
8.083154737318021255e-03 -1.431963688347215324e-02 -2.700794051143056568e-02 -3.897573322777306282e-02 -5.073843365238573516e-02 -6.224924133354036576e-02 -7.335441022037300640e-02 -8.398330865641341625e-02 -9.382445773067248085e-02 -1.028126752749857764e-01 -1.109576024038653880e-01 -1.179717914398473594e-01 -1.238552183683401253e-01 -1.285413044202048383e-01 -1.319718557351837185e-01 -1.339665796177933188e-01 -1.345507432771723688e-01 -1.336419960736795198e-01 -1.310093432184761542e-01 -1.267992534405880667e-01 -1.208040429105311092e-01 -1.131642594523894485e-01 -1.038100202021851881e-01 -9.281395510438927854e-02 -8.026829150583603134e-02 -6.642086066374663922e-02 -5.128336743199395087e-02 -3.512086502276528382e-02 -1.768780937680640777e-02 4.685760968271093785e-02
-4.896134850456108911e-02 -8.753037813518627086e-02 -1.260235261018101127e-01 -1.663580631256078302e-01 -2.088686429726837879e-01 -2.538659376239266185e-01 -3.016522818534403960e-01 -3.516019397666392265e-01 -4.041760156202795495e-01 -4.590105824344971608e-01 -5.158323169524838825e-01 -5.743131393546427876e-01 -6.342727784250911105e-01 -6.953135997691253234e-01 -7.569794045544335770e-01 -8.190425784581611968e-01 -8.805638418723142902e-01 -9.415195934517666121e-01 -1.000790185546330813e+00 -1.058591708683791932e+00 -1.114045346991301422e+00 -1.166935330734649501e+00 -1.217013955703624806e+00 -1.264284419761262157e+00 -1.308573461729154452e+00 -1.350013507963792714e+00 -1.388750381248132992e+00 -1.425209088626261833e+00 -1.459033487444647115e+00 -1.508298225811218307e+00
1.805473090423930643e-03 -1.264056648874877474e-02 -2.155679740258076293e-02 -2.967986371601321477e-02 -3.713250919890965368e-02 -4.376817393630604708e-02 -4.940764602019317997e-02 -5.407181714728830080e-02 -5.749218411824535968e-02 -5.969437927493271429e-02 -6.074411776093760484e-02 -6.053465621548344278e-02 -5.915341919276372040e-02 -5.668133140245026208e-02 -5.319793501187294882e-02 -4.868686598084648320e-02 -4.334692311460294767e-02 -3.719415776888000680e-02 -3.027641463908962299e-02 -2.271585891247790770e-02 -1.451208720098924945e-02 -5.809787659142209848e-03 3.383962230786408121e-03 1.303093736486484258e-02 2.303286034121159592e-02 3.326433645331139388e-02 4.369314989669165206e-02 5.412803954474955381e-02 6.462611163818823834e-02 9.563169574631999459e-02
-1.032225873744297209e-02 -1.148581931414078758e-02 -1.714353154306054797e-02 -2.446454449176422088e-02 -3.323232051353093575e-02 -4.336109424884946467e-02 -5.487686661804501431e-02 -6.754007154262561818e-02 -8.137682078839804378e-02 -9.626397611157590239e-02 -1.121403995756984073e-01 -1.288223651458424712e-01 -1.462081057174565990e-01 -1.641958593805861732e-01 -1.825698051219412088e-01 -2.012306307526713356e-01 -2.198805460498176600e-01 -2.384441997711208572e-01 -2.565932906430176130e-01 -2.743216232946751321e-01 -2.914122281488160104e-01 -3.077728838145362689e-01 -3.234025224556607570e-01 -3.382984649344921713e-01 -3.525316986262253538e-01 -3.662299752236579664e-01 -3.795711721479956280e-01 -3.929318919020296508e-01 -4.064708248270712532e-01 -4.426795630008876214e-01
9.665249527553979036e-02 1.618607730798651834e-01 2.376331031554275164e-01 3.148692242461431645e-01 3.923383153196796647e-01 4.698012834633461532e-01 5.472006128662729729e-01 6.237831479570352666e-01 7.002346897157373240e-01 7.762134031348359997e-01 8.512898949314411379e-01 9.255585125794755230e-01 9.993909509781538913e-01 1.072460674905048261e+00 1.144938241487269082e+00 1.217206215034385863e+00 1.288572422320801714e+00 1.359810242802730995e+00 1.430147622109954941e+00 1.500477184703423728e+00 1.570101375503683450e+00 1.639185584665134865e+00 1.707537286235018437e+00 1.775423090310881413e+00 1.842380781963941949e+00 1.908390428357157109e+00 1.973580422477054785e+00 2.038063537132850822e+00 2.101688404080308992e+00 2.242964135358289646e+00
1.087898433583393484e-03 -1.375355476429035093e-02 -2.251405892401433725e-02 -3.076994984973428077e-02 -3.869766801680845497e-02 -4.612712792146300700e-02 -5.284702937495548702e-02 -5.882117476211742857e-02 -6.373256052266895733e-02 -6.755831229390066306e-02 -7.033752435491072430e-02 -7.188284466431754671e-02 -7.223823832666786959e-02 -7.142749987166552295e-02 -6.947372034905037463e-02 -6.628982778604065873e-02 -6.201939992091675541e-02 -5.663094690723082664e-02 -5.007954845220433104e-02 -4.249287356685271799e-02 -3.381076027293131170e-02 -2.419490187004263299e-02 -1.364684630234711676e-02 -2.252947794203690596e-03 9.845365623186403542e-03 2.242203732188927101e-02 3.538706112433528950e-02 4.844262620015368781e-02 6.159692747002251667e-02 1.004362998239142213e-01
2.242292794755658403e-02 1.795351250445451768e-02 2.517988868483120660e-02 3.345303884680313200e-02 4.208055475753996744e-02 5.113391702827108087e-02 6.083546775258765610e-02 7.107343029289428515e-02 8.237164819975031915e-02 9.471485898030179706e-02 1.079944967764007446e-01 1.224941382827841319e-01 1.382851411940497210e-01 1.553379462765691332e-01 1.736997533019124795e-01 1.936263468447539104e-01 2.148489197166310316e-01 2.376151231391049889e-01 2.618923138120551886e-01 2.877267770282486703e-01 3.150969289543106289e-01 3.438405753498826600e-01 3.739481515420965962e-01 4.053443916442315276e-01 4.377755690318795856e-01 4.709265382166418767e-01 5.047452658506930145e-01 5.389452212126824016e-01 5.735819362935145049e-01 6.700130252623210936e-01
-4.340763555748642505e-03 -9.066485377808172763e-03 -2.019812593486358665e-02 -3.061174563764969270e-02 -3.908307365338365563e-02 -4.495512893625412676e-02 -4.780601340318922643e-02 -4.780487282389313253e-02 -4.466934166098929931e-02 -3.861524269605104420e-02 -2.981519532801273770e-02 -1.853775463123691694e-02 -5.204841673938993135e-03 9.775072982074098360e-03 2.589210652887104919e-02 4.269930674744000509e-02 5.952767602603981079e-02 7.597482515466144615e-02 9.133004998407795449e-02 1.053157826850645851e-01 1.174451459024497407e-01 1.274200380732361526e-01 1.350329180915617877e-01 1.402274054659028435e-01 1.428900872908036579e-01 1.430976360317556262e-01 1.407276354605955793e-01 1.356650734468849429e-01 1.274530891767788887e-01 7.149445046185302910e-02
2.310756452279835726e-02 5.559935891432191829e-02 8.399798894965873619e-02 1.122592943011402472e-01 1.401470868971592121e-01 1.672924379747706136e-01 1.932821787358907639e-01 2.178292981330845202e-01 2.407305069174636714e-01 2.617797895514979434e-01 2.808026834163244723e-01 2.976177099734439446e-01 3.123784916970797632e-01 3.248826026976172621e-01 3.352855193225627861e-01 3.435532881757496493e-01 3.496955464213781783e-01 3.539408529028330030e-01 3.560397737371618354e-01 3.565100007614189770e-01 3.551140181549201635e-01 3.522566285927486995e-01 3.478913524667403556e-01 3.424394366460845607e-01 3.359542734570185596e-01 3.288832093271316093e-01 3.214599790796223155e-01 3.140063101042447902e-01 3.066757790060734568e-01 2.799987848393776790e-01
-5.022034787642511849e-03 -1.088115299769974384e-02 -1.774823602240650777e-02 -2.549264130116789262e-02 -3.394733609292362175e-02 -4.292272455236076367e-02 -5.230402313574388645e-02 -6.193221760027935868e-02 -7.165855687420841225e-02 -8.140334849788302685e-02 -9.114871266382637560e-02 -1.007106076669856409e-01 -1.100663437485721319e-01 -1.191756963834172123e-01 -1.279449862677476957e-01 -1.362975916554708400e-01 -1.441508125655566741e-01 -1.514666361289861429e-01 -1.580699538514873936e-01 -1.640285772538728204e-01 -1.692218956211918590e-01 -1.736904026083012365e-01 -1.774544899962465783e-01 -1.805715503447669623e-01 -1.831625284445997648e-01 -1.854187089902483154e-01 -1.875078218705766853e-01 -1.898057057232508948e-01 -1.924675413779405875e-01 -2.014840720203287527e-01
-7.422597651110382500e-02 -1.292019555490192817e-01 -1.927366717080493952e-01 -2.583883536213569254e-01 -3.252642466731630044e-01 -3.931249977357599845e-01 -4.619599290246328427e-01 -5.310154089938979860e-01 -6.007636506198081872e-01 -6.708542357327399452e-01 -7.409826506171592886e-01 -8.110202074208741063e-01 -8.811340965504268485e-01 -9.510675741431430241e-01 -1.020728333153930079e+00 -1.090266650166348716e+00 -1.158968350329752095e+00 -1.227268268861468004e+00 -1.294298137464502396e+00 -1.360688863701573048e+00 -1.425705342902623407e+00 -1.489388846191818772e+00 -1.551597260157060898e+00 -1.612511918534229816e+00 -1.671948948553488856e+00 -1.730052777549377696e+00 -1.787172934000033964e+00 -1.843894527523054272e+00 -1.900279742455825538e+00 -2.030054911523285988e+00
-4.275329986192493575e-02 -3.949919156820659583e-02 -4.759672691136558609e-02 -6.259391793045393504e-02 -8.486531195917296211e-02 -1.147979413161566015e-01 -1.529108793108700237e-01 -1.981151524514805085e-01 -2.509615653683654468e-01 -3.107105345292979770e-01 -3.768740201626371022e-01 -4.486145022498112533e-01 -5.251120688830950289e-01 -6.054835212877962558e-01 -6.884670862303942096e-01 -7.732408890672818336e-01 -8.579848017732232268e-01 -9.420640508895400389e-01 -1.023526321178347187e+00 -1.102134219218870115e+00 -1.176573831068015163e+00 -1.246269875819155271e+00 -1.310985825091705026e+00 -1.370817969913445511e+00 -1.425884504641039774e+00 -1.476793674679601542e+00 -1.524163979936854929e+00 -1.569158324667894178e+00 -1.612064396045475911e+00 -1.695878416622277562e+00
8.254539482486300539e-02 1.610870094466811397e-01 2.409003781285826984e-01 3.212564528480253978e-01 4.009219034785977964e-01 4.791134273375190489e-01 5.551317134131197317e-01 6.282361078199856230e-01 6.983915684115868938e-01 7.651974850666719563e-01 8.282746809510487251e-01 8.874456970689087454e-01 9.431804738923627029e-01 9.951764678441059608e-01 1.043808675826199295e+00 1.089296538532972480e+00 1.131468171217633989e+00 1.171070783287395223e+00 1.207514855299169243e+00 1.241994931684173409e+00 1.273920380304322642e+00 1.303965861933003234e+00 1.332020854896547313e+00 1.358762488636617416e+00 1.384108421696490066e+00 1.408653119522848218e+00 1.432864285017785289e+00 1.457390783394988620e+00 1.482514147095603807e+00 1.534463274645670783e+00
-1.305497581122492395e-02 -1.451122713742601482e-02 -2.447430274007211803e-02 -3.380821106768690243e-02 -4.165639866679951564e-02 -4.789771476876941020e-02 -5.259922245823821230e-02 -5.593831587209154022e-02 -5.815048704930714241e-02 -5.947336841532495366e-02 -6.005693778111824421e-02 -6.031955531889737765e-02 -6.056155905837506265e-02 -6.115954299747785455e-02 -6.243732620396635902e-02 -6.486376649829568575e-02 -6.872952953182601132e-02 -7.438497490957038383e-02 -8.231568079925394299e-02 -9.258911586359812318e-02 -1.055135463194725315e-01 -1.210206518686777755e-01 -1.391984497181119884e-01 -1.598047607450704954e-01 -1.826819677264078789e-01 -2.073428957757760260e-01 -2.336606313815495217e-01 -2.613711209375852995e-01 -2.904950212033416412e-01 -3.837344478862049213e-01
