4.852030419550271145e-02 6.649264452415167004e-02 8.439672605467887778e-02 1.039585618115071303e-01 1.252510701782840186e-01 1.471913495579526554e-01 1.698880879914007047e-01 1.929808890509948638e-01 2.154209104299206479e-01 2.375172702867883734e-01 2.586363029773884881e-01 2.789107073444475615e-01 2.974338206814725050e-01 3.143361722418870352e-01 3.295750162908983039e-01 3.421301458934581374e-01 3.524205081447375210e-01 3.605576858474034418e-01 3.657934050939641857e-01 3.688786486905483164e-01 3.691301824998715064e-01 3.672679974413736170e-01 3.631426533058158546e-01 3.576200012723447230e-01 3.505877286160005712e-01 3.427446733609186280e-01 3.346749887350197739e-01 3.267090119673841109e-01 3.191379296031416901e-01 3.000861178369465532e-01
3.466034523450026161e-02 4.963885075789297580e-02 6.409943922700531149e-02 7.890870419368399558e-02 9.387704945217004160e-02 1.083087751587846759e-01 1.223009079632931262e-01 1.354477027643405940e-01 1.473845309711908080e-01 1.581733985151728694e-01 1.676823070929935877e-01 1.758287416695553662e-01 1.825371502783696420e-01 1.877789647395089745e-01 1.915503305862897299e-01 1.937862106140776919e-01 1.945450757248262108e-01 1.941236041012501246e-01 1.921526770886681224e-01 1.892107364327257069e-01 1.851548247638858669e-01 1.802224516936640208e-01 1.745095670912652219e-01 1.683263429510508113e-01 1.617390320935137571e-01 1.550454747684975598e-01 1.483826272753160369e-01 1.420617375743219168e-01 1.358619436754932019e-01 1.198056099258082985e-01
-5.202946455164898787e-03 -2.853240188754773213e-02 -4.166502449140892239e-02 -5.282692992014428185e-02 -6.258578959353527926e-02 -7.104359564178486242e-02 -7.807627666820213252e-02 -8.360895646898017231e-02 -8.768139344846012651e-02 -9.029459520802958494e-02 -9.159652363000851671e-02 -9.136337036682287693e-02 -8.997490104711167169e-02 -8.741707639897203230e-02 -8.394495149547444302e-02 -7.932111504009345393e-02 -7.404076230227822630e-02 -6.806094041451021814e-02 -6.132709243380846803e-02 -5.417990039059542712e-02 -4.636088331366855497e-02 -3.808629432826064753e-02 -2.925763291746587280e-02 -2.014037819786296951e-02 -1.045274192714872215e-02 -3.458731095995239146e-04 1.003206611590830993e-02 2.094925051598219706e-02 3.239039736553118304e-02 7.226718282192581833e-02
7.446799732056908622e-03 -1.064595198146944810e-03 -4.162132408174409881e-03 -6.534826768541668329e-03 -8.620590126013388116e-03 -1.059124047484474862e-02 -1.228126927658673359e-02 -1.380795352417119905e-02 -1.506187441714356562e-02 -1.610108836521976020e-02 -1.688377859762189848e-02 -1.732790317212250936e-02 -1.744768670633398133e-02 -1.726549685526315714e-02 -1.692396860138607739e-02 -1.593820274442181786e-02 -1.475956900073277858e-02 -1.316412694614013668e-02 -1.112864178261052835e-02 -8.713141739459194166e-03 -5.642822424106260989e-03 -2.135975677998423056e-03 1.976850412303322174e-03 6.408905618581175329e-03 1.142268993744688377e-02 1.684428845503740946e-02 2.245251242875989650e-02 2.849084061425730813e-02 3.462252733180307129e-02 5.447605845471373276e-02
2.639646749072917242e-03 8.989779481893007962e-03 1.120780923500823076e-02 1.304240299563974928e-02 1.470260253062968467e-02 1.611882616312036026e-02 1.746635283671088210e-02 1.860994357046488051e-02 1.950096838351640660e-02 2.011014989277902856e-02 2.041380267966666495e-02 2.025716975021324071e-02 1.974243526222640294e-02 1.873769690026908658e-02 1.702062590156501812e-02 1.481555914716342452e-02 1.190815843293285999e-02 8.404500642157307008e-03 4.120034808706716026e-03 -8.047289164985933774e-04 -6.240751738247993230e-03 -1.234198794779104574e-02 -1.900574232385228782e-02 -2.617380971418633087e-02 -3.383412214883321778e-02 -4.198260007851118553e-02 -5.064180958026522072e-02 -5.980234598547220365e-02 -7.000382263308563280e-02 -1.071296509785034656e-01
9.554643770355711330e-02 1.115293215370783964e-01 1.357980792816174953e-01 1.619849613021137613e-01 1.904531161748153067e-01 2.199529553776006230e-01 2.515303249506569694e-01 2.850017036077303056e-01 3.195595032840379268e-01 3.559174210884620826e-01 3.931529827130104682e-01 4.328509912950014860e-01 4.725237011711523882e-01 5.131891943712160176e-01 5.550465123455232686e-01 5.969100706401722078e-01 6.387365549227459471e-01 6.808492680032915967e-01 7.226051613484641978e-01 7.643801942986043763e-01 8.048167803088088768e-01 8.450015455668270503e-01 8.843279579494911502e-01 9.227694848843269737e-01 9.602780818616242220e-01 9.966718158615981427e-01 1.032069415906941234e+00 1.066282560625528841e+00 1.099220081287419992e+00 1.164896193128865942e+00
5.994334660386610447e-02 8.147475372042750630e-02 1.033698607099210742e-01 1.256567190719017346e-01 1.483850138625376069e-01 1.706283466466574916e-01 1.928118393104478190e-01 2.145153895721977899e-01 2.352807441464263571e-01 2.553548638640845136e-01 2.744132229732365591e-01 2.928618592568911216e-01 3.099679142164156187e-01 3.260332840793973563e-01 3.411614538363320626e-01 3.550047887505213273e-01 3.676098181555581546e-01 3.793505662038607062e-01 3.897410500122924226e-01 3.994194488137136623e-01 4.078317320349117980e-01 4.155065302470682953e-01 4.223350776068214296e-01 4.285264993036118630e-01 4.341032755639389062e-01 4.392207917494627689e-01 4.439968286280538412e-01 4.485978704667852313e-01 4.527319503692011082e-01 4.548962689686957273e-01
1.055048508912386114e-02 -2.954265288568850428e-03 -5.889946756226172031e-03 -7.808564931824416716e-03 -9.574447229021400621e-03 -1.144733200911290938e-02 -1.324309823607504669e-02 -1.514109207924240440e-02 -1.684145624811954345e-02 -1.844668260115194316e-02 -1.977413607190187800e-02 -2.061538387005528231e-02 -2.092448037408809608e-02 -2.066728647754224185e-02 -1.985095362142429154e-02 -1.771412247042022242e-02 -1.485399851908775389e-02 -1.089887336633749149e-02 -5.664277294989824782e-03 7.565394352048553095e-04 8.723994300991836162e-03 1.798171359837478361e-02 2.876635500099727558e-02 4.049745016430662120e-02 5.358870301775735256e-02 6.770155386153936528e-02 8.240325837583095669e-02 9.805589684260708483e-02 1.142951956197764823e-01 1.667344528600619991e-01
1.537632135679502590e-02 7.119238814915999219e-04 -4.473333831539680339e-03 -8.237110413672563830e-03 -1.103488878633237039e-02 -1.309946557220327892e-02 -1.410575052987693943e-02 -1.406968035256342744e-02 -1.294740587698274201e-02 -1.067571536086423661e-02 -7.378921332863570132e-03 -2.609353867441398245e-03 3.095875488509577944e-03 9.931862096482325236e-03 1.775838293730066034e-02 2.687067126232257214e-02 3.674022732351785170e-02 4.755565286511770351e-02 5.935451489752343462e-02 7.191206067135540170e-02 8.532361073118102657e-02 9.949508425646624854e-02 1.144617308271925760e-01 1.298140866053252851e-01 1.458336870332690993e-01 1.622241513972065285e-01 1.787366039739967105e-01 1.955548623467532887e-01 2.124588894549952200e-01 2.601807788935673327e-01
5.996813043847776248e-03 6.058210713324765212e-03 5.959127124909582504e-03 6.041296624588519612e-03 6.300684047429790102e-03 6.607492519901937006e-03 7.161109024810232565e-03 7.853598624646638063e-03 8.655537181387572970e-03 9.557027192239303526e-03 1.050690015311553198e-02 1.149282301955839927e-02 1.246027730710038556e-02 1.335473772436893830e-02 1.397199766338519042e-02 1.454148116129426807e-02 1.478136149056692369e-02 1.481748128561713451e-02 1.451860982781246964e-02 1.392629504795319523e-02 1.317508850092895603e-02 1.212633501022638595e-02 1.086849621506474906e-02 9.355053124471435222e-03 7.676328984406250583e-03 5.774565204726880147e-03 3.584193860954883182e-03 1.177671455402734546e-03 -1.861109996672181965e-03 -1.537408658188873373e-02
4.701190221189645996e-02 5.530119983224260349e-02 7.080414066720981670e-02 8.580537300084838115e-02 9.958792725770571064e-02 1.116123423021400801e-01 1.223664035360993996e-01 1.313757483055508768e-01 1.391833688747614040e-01 1.457229962782065347e-01 1.513554258701977351e-01 1.565149558215933323e-01 1.612970544543372020e-01 1.659488210925735840e-01 1.707518042291663596e-01 1.767247962425111951e-01 1.832576946912918281e-01 1.910759107522115030e-01 2.003274312300825089e-01 2.113042978959037699e-01 2.241393518063995727e-01 2.387570995610062141e-01 2.553733293780678926e-01 2.731490418361602335e-01 2.925147476233828092e-01 3.129074965010010811e-01 3.336766346719246545e-01 3.550809993933388142e-01 3.762490697443359178e-01 4.293820907534861009e-01
-2.952658578665079414e-02 -5.721165638629702177e-02 -8.109451231583236774e-02 -1.042781654970817429e-01 -1.264851736443274033e-01 -1.470826200836017061e-01 -1.655985001046526572e-01 -1.816063498631415307e-01 -1.947658273982849630e-01 -2.050754254612499328e-01 -2.126659660372333116e-01 -2.171382661695499539e-01 -2.190269429106991017e-01 -2.182379757179391533e-01 -2.152986828120949381e-01 -2.097954447110823017e-01 -2.025491791850966838e-01 -1.937484383862076998e-01 -1.832000366831127991e-01 -1.717922828452266293e-01 -1.591683662964477608e-01 -1.458838572922564747e-01 -1.320024050219595624e-01 -1.181243763732162250e-01 -1.041327229798562348e-01 -9.066147358204254547e-02 -7.804952515920916822e-02 -6.662471063134788041e-02 -5.693392008703580809e-02 -4.562476864427779388e-02
2.167853927191184388e-02 2.886161590678595554e-02 3.543293228179876520e-02 4.311850392851138136e-02 5.217226643606813485e-02 6.205233506735281096e-02 7.299788421700831309e-02 8.488478580601889478e-02 9.707447025173569777e-02 1.097982857076687802e-01 1.225651992641491050e-01 1.355724193880060435e-01 1.480385966642776552e-01 1.600731695273431565e-01 1.714867425824520841e-01 1.816597749130841599e-01 1.906689253267769835e-01 1.985187867326660138e-01 2.047236850700339117e-01 2.095711465130269402e-01 2.126525027615772945e-01 2.143157779367236004e-01 2.144212335261513336e-01 2.134175516985789556e-01 2.112132334216082763e-01 2.081058538752005582e-01 2.044116305787595511e-01 2.001915008327821710e-01 1.954121217899433272e-01 1.753696142823742976e-01
5.650154852776506642e-03 -1.103946900230157874e-02 -2.111640375577881340e-02 -2.935410631319337882e-02 -3.575733527389607369e-02 -4.045308591114585295e-02 -4.310458779827106707e-02 -4.354319659162252110e-02 -4.204721571964633448e-02 -3.843955651206314161e-02 -3.314355725636780603e-02 -2.568636012963967930e-02 -1.700524945048119407e-02 -6.902861759048943210e-03 4.296332106668484738e-03 1.636761262472697862e-02 2.891965259667373528e-02 4.187691972314303013e-02 5.509251700573572497e-02 6.822962210465197130e-02 8.119350430679705966e-02 9.398302078872992904e-02 1.064773330421824038e-01 1.185889538710480778e-01 1.304196872933023332e-01 1.418415692510968662e-01 1.528723371365469652e-01 1.635342285708889232e-01 1.737998834511149671e-01 1.985353130728692572e-01
-7.399962453971372159e-03 -3.114749811066475429e-02 -4.486847517854695294e-02 -5.691588494911874185e-02 -6.800303707545643506e-02 -7.815999407413107281e-02 -8.735257962711603930e-02 -9.554675550765250047e-02 -1.026453298304571965e-01 -1.087401874460931506e-01 -1.138249544316681239e-01 -1.178301498995173446e-01 -1.207998890116117885e-01 -1.228208141021926714e-01 -1.241398626522698112e-01 -1.242202006625357930e-01 -1.236459725211888905e-01 -1.222988595034822656e-01 -1.200358495509873114e-01 -1.171854633916589450e-01 -1.132860398289080028e-01 -1.086997378598543174e-01 -1.032027136833966047e-01 -9.715175577373263982e-02 -9.017616495008559663e-02 -8.246192642989069732e-02 -7.424293567663839410e-02 -6.516155347468460812e-02 -5.531887965551347125e-02 -1.614400707304013138e-02
4.390609085933591671e-02 5.102929352498888210e-02 6.147607452490076729e-02 7.262483221074519935e-02 8.451887417089400112e-02 9.657745446816132229e-02 1.093027923012496183e-01 1.225125676913150913e-01 1.359504137153275671e-01 1.498449529223641608e-01 1.638872025090207241e-01 1.786423376757461656e-01 1.932505989720117445e-01 2.080572638417994558e-01 2.230366867319810154e-01 2.380299446361864024e-01 2.527999196867100618e-01 2.676157718855344259e-01 2.821834751300191790e-01 2.967108121721298009e-01 3.108249797566900452e-01 3.248177650733309330e-01 3.385650239388528493e-01 3.519748516383426340e-01 3.651401782396822560e-01 3.779386225571622626e-01 3.903347747631764619e-01 4.023781222432763482e-01 4.137471712943101010e-01 4.346135889069284719e-01
-2.973312718529123183e-02 -5.886517121422343846e-02 -7.940145605278817187e-02 -9.836908163008073469e-02 -1.168429786068662241e-01 -1.346540886190472075e-01 -1.522301992030093976e-01 -1.695880580196092724e-01 -1.865403775927464980e-01 -2.034331429891309551e-01 -2.199911477839629759e-01 -2.368226268181270744e-01 -2.530589116117428206e-01 -2.692303311176911240e-01 -2.856739210572385446e-01 -3.014959317927931037e-01 -3.172024723196332774e-01 -3.327353334612351832e-01 -3.478348485714546912e-01 -3.627863556280981339e-01 -3.766230433282627965e-01 -3.900309465653386543e-01 -4.025008787270584198e-01 -4.141846246570389245e-01 -4.246563943787743933e-01 -4.338332435998761283e-01 -4.418962376721862206e-01 -4.482098485033646496e-01 -4.527528819151260819e-01 -4.374251571850328313e-01
6.649866273419815371e-03 6.918998722117489925e-03 8.124158499301033926e-03 9.565834111615229701e-03 1.094204686787809272e-02 1.203264942053380859e-02 1.287766498405579739e-02 1.325920707225072305e-02 1.317975262603345021e-02 1.254342785625358128e-02 1.142152053565979181e-02 9.611939310732424066e-03 7.382302165940660826e-03 4.566153354895748084e-03 1.011421622657788372e-03 -2.865172422177899442e-03 -7.327466046074503081e-03 -1.216244638910350326e-02 -1.745991991151640138e-02 -2.305451873213073058e-02 -2.867340280374661848e-02 -3.450061535697725862e-02 -4.031745931614702516e-02 -4.615331649178455731e-02 -5.182934351507399728e-02 -5.730432614665394858e-02 -6.266317084204199583e-02 -6.763193421870178357e-02 -7.257521855343518347e-02 -8.314786092077337820e-02
-5.086313028370457318e-02 -6.930226316928067565e-02 -8.761127716431652002e-02 -1.054183776087578711e-01 -1.232558167118476822e-01 -1.407588291458984064e-01 -1.583513372955688281e-01 -1.760535750070215955e-01 -1.937101906281791519e-01 -2.116878180978604140e-01 -2.297097536779679483e-01 -2.486461232704921809e-01 -2.674089892183111328e-01 -2.866857822513981247e-01 -3.068907516042808648e-01 -3.272808006923810797e-01 -3.481857326083943605e-01 -3.696810724557133554e-01 -3.916253502029835576e-01 -4.141983878009929398e-01 -4.364903892259865414e-01 -4.592161898366158845e-01 -4.819108345767770807e-01 -5.045041361052753359e-01 -5.268028008965713882e-01 -5.486377831989653897e-01 -5.700874317696073001e-01 -5.908022057027672025e-01 -6.110311121371995169e-01 -6.518244280166636262e-01
3.152330432883069383e-02 5.805649490569927962e-02 7.737671729103021145e-02 9.736150008025852565e-02 1.182891910700258481e-01 1.392390957081070246e-01 1.601213032852415452e-01 1.804876602591011792e-01 1.993171966721093702e-01 2.167878669254144630e-01 2.324215735064613653e-01 2.458373636998542611e-01 2.567617242762447183e-01 2.650216188909723658e-01 2.705114134942449011e-01 2.723186786010435845e-01 2.710367884425011753e-01 2.667199457531646001e-01 2.585724142191156427e-01 2.475204050766673380e-01 2.330736844998973212e-01 2.158066803593466920e-01 1.956851738679944441e-01 1.738333401614126639e-01 1.500089525370597032e-01 1.251066409793899770e-01 9.980091720880078510e-02 7.437310531488069976e-02 4.894257903835547152e-02 -2.100251858797195365e-02
1.046199318917018783e-01 1.210923320565982370e-01 1.484533754863872623e-01 1.784348965186844382e-01 2.110178787810229606e-01 2.446501515199252519e-01 2.801583714344478282e-01 3.172261787119217136e-01 3.548216063803454334e-01 3.936497839165180035e-01 4.327560007593069247e-01 4.735738699952507513e-01 5.137192292323715659e-01 5.541303474483804115e-01 5.950795745816542803e-01 6.352654265703852055e-01 6.748182768330037717e-01 7.141138444694563603e-01 7.524346460455220154e-01 7.903911294089619455e-01 8.266055607589530840e-01 8.623044112683876383e-01 8.969581519837515060e-01 9.307830485184431790e-01 9.637831275433156319e-01 9.960668456197603327e-01 1.027892455083718737e+00 1.059368544381735777e+00 1.090716429833123557e+00 1.164799112905852363e+00
-1.793750299909677159e-03 -1.022770989493014884e-02 -1.319943523515279549e-02 -1.567964076370837942e-02 -1.865914392677794215e-02 -2.232820826078398685e-02 -2.693199673779211878e-02 -3.278581379404334195e-02 -3.964875056076159338e-02 -4.781364165191083482e-02 -5.691282782510774518e-02 -6.744235532295597690e-02 -7.848735146434605847e-02 -9.044240780323736795e-02 -1.033830735963904013e-01 -1.163471862617658226e-01 -1.297279561884918386e-01 -1.431830182956562725e-01 -1.565611887197471130e-01 -1.696992857210175842e-01 -1.818913015060724114e-01 -1.935788798413489720e-01 -2.042718531852396047e-01 -2.141745751016167487e-01 -2.228880045445634783e-01 -2.303682595751599671e-01 -2.368831781810026571e-01 -2.418310436125338803e-01 -2.455127071744045986e-01 -2.364123832971519179e-01
1.764354624603671762e-01 2.164604420618250202e-01 2.703700328475864834e-01 3.273783790973537333e-01 3.874322202032849938e-01 4.480173496178178061e-01 5.103211431900938067e-01 5.736345983997310771e-01 6.364327448692050915e-01 6.997690758787186160e-01 7.623681153932074794e-01 8.263049976933549701e-01 8.882288231446252569e-01 9.495723020767692368e-01 1.011056424566656897e+00 1.070669015792297341e+00 1.128887713655877034e+00 1.186410137456423097e+00 1.242161297511785056e+00 1.297429094794207316e+00 1.349946655411373264e+00 1.401807764986382487e+00 1.452195339697907039e+00 1.501492825024712818e+00 1.549645046942232041e+00 1.596862377373391206e+00 1.643529905417662196e+00 1.689741754697138054e+00 1.735791621562258857e+00 1.842116991059166153e+00
1.035856762647733853e-01 1.242243562984339800e-01 1.539728016342829797e-01 1.851986207268660478e-01 2.177597325190386846e-01 2.502543671026351557e-01 2.835089875928706316e-01 3.170808226892046777e-01 3.503755032579706219e-01 3.839203892473163071e-01 4.171163585195190038e-01 4.512223043664068678e-01 4.844495826736970323e-01 5.176422219150649262e-01 5.511395655040195463e-01 5.842697178945013281e-01 6.169763845673352787e-01 6.498232762024189757e-01 6.822803711893313805e-01 7.149891692038619073e-01 7.468730261142326743e-01 7.789022911316939579e-01 8.107252785336641621e-01 8.422397155980110295e-01 8.735787286606627733e-01 9.046407549700073991e-01 9.354286112513470197e-01 9.660862004698591576e-01 9.964598779316101718e-01 1.066966365301259101e+00
-2.162200897169017089e-02 -3.874070965306712633e-02 -5.191782000864367252e-02 -6.433832521681025207e-02 -7.649921959437952501e-02 -8.825397708724717905e-02 -9.969432935766858739e-02 -1.108369902356628467e-01 -1.215077341855189258e-01 -1.319108389273158377e-01 -1.419010810979490778e-01 -1.517958959956454135e-01 -1.611385607122350905e-01 -1.702488038564514694e-01 -1.794256124386461315e-01 -1.880321650922107957e-01 -1.965234766632971419e-01 -2.048460299806462159e-01 -2.128768317349883921e-01 -2.208384011522039336e-01 -2.281185397114958990e-01 -2.352165685396219175e-01 -2.418284049025227755e-01 -2.481406993192988297e-01 -2.539009117100625712e-01 -2.591731564349466499e-01 -2.641392292608603087e-01 -2.685114105542353857e-01 -2.725613301436271563e-01 -2.744370175819372815e-01
4.434654561514163318e-02 6.365011175421492196e-02 8.026410791876183171e-02 9.719765385583195583e-02 1.148551289531171554e-01 1.325369036561294678e-01 1.506803165245068354e-01 1.690235963293160448e-01 1.870254704751687092e-01 2.049636679535777051e-01 2.224031581422843129e-01 2.396993486898409687e-01 2.560107579174825676e-01 2.715958432694969282e-01 2.864016403407975142e-01 2.998747096402690215e-01 3.121027314064965807e-01 3.232649748210435492e-01 3.328233367835455869e-01 3.412597346501078377e-01 3.480017422694949847e-01 3.535244611454860797e-01 3.576388749174644333e-01 3.606873598465539787e-01 3.625586193055163053e-01 3.634347270046126566e-01 3.635433765477689150e-01 3.628622790082217109e-01 3.611028328921749297e-01 3.412616821376803777e-01
-4.140155089828034124e-02 -6.589371931321769127e-02 -8.615255273262892310e-02 -1.055561016431827148e-01 -1.247985325257303379e-01 -1.435312882490586417e-01 -1.620609691965424481e-01 -1.803593227559022183e-01 -1.981531572935287810e-01 -2.157831301004740632e-01 -2.329703241638773625e-01 -2.503302265272545069e-01 -2.669910213625028006e-01 -2.834875569237679249e-01 -3.002089219332788605e-01 -3.162908429396111831e-01 -3.322400397102582836e-01 -3.480679409970913740e-01 -3.635380353962853750e-01 -3.789804403721667159e-01 -3.934868230830441127e-01 -4.077848597269307374e-01 -4.214362014237393872e-01 -4.346168015141735896e-01 -4.470254907140588929e-01 -4.586771574689594844e-01 -4.697755809915337144e-01 -4.799387757821731437e-01 -4.893942843304452395e-01 -4.991715345830803896e-01
-3.989078660823692363e-02 -5.526277083402644785e-02 -7.345993587207903797e-02 -9.036207649259703212e-02 -1.060547297204855743e-01 -1.203281683565817356e-01 -1.336588451188648885e-01 -1.459578584749059438e-01 -1.576775054750261806e-01 -1.689876553895103273e-01 -1.800673817402359267e-01 -1.917533326009785433e-01 -2.035373050100752756e-01 -2.160608403077038386e-01 -2.299029932700768220e-01 -2.451188724276037179e-01 -2.617284199262228661e-01 -2.800557870921905890e-01 -3.003104000640185456e-01 -3.225787449393068274e-01 -3.463114983972036542e-01 -3.719183048740202224e-01 -3.991225579950704039e-01 -4.272565155145148785e-01 -4.563253096069709303e-01 -4.857575007980859394e-01 -5.151560442768844394e-01 -5.442029312739594671e-01 -5.727141547621924511e-01 -6.361470234643197275e-01
-3.000942588018626345e-05 1.383156316600909347e-02 1.866946307502461572e-02 2.180178286670469978e-02 2.355881608682585532e-02 2.407237658633448393e-02 2.350983147312664737e-02 2.165486679737606279e-02 1.876306479738889393e-02 1.467671901194517181e-02 9.641997012664420968e-03 3.252028449984966513e-03 -3.826313787144677153e-03 -1.187129955528499516e-02 -2.108261977783203178e-02 -3.081539145072940966e-02 -4.134539154149450418e-02 -5.247721994282783520e-02 -6.430225718049883965e-02 -7.660488933091773311e-02 -8.903900012808663167e-02 -1.019679099469331107e-01 -1.151713825125412621e-01 -1.287157921536549177e-01 -1.426053743945825403e-01 -1.569461987704835748e-01 -1.719149409841374543e-01 -1.875876837356585947e-01 -2.048899907299896461e-01 -2.668488858901211236e-01
4.238765856923540354e-02 5.215592797641094985e-02 6.399551285037453907e-02 7.630432092242636632e-02 8.916016667025593312e-02 1.019883271803941061e-01 1.152678507433481381e-01 1.287833169496855890e-01 1.422881867239376708e-01 1.559930145339644969e-01 1.696227158215572739e-01 1.836714666151760267e-01 1.973825424653661009e-01 2.110660295236213013e-01 2.247032837892681822e-01 2.381643839307153176e-01 2.512447469548801382e-01 2.642238967903571267e-01 2.768009403213727571e-01 2.892364875322449569e-01 3.011754861124237292e-01 3.129003925398243235e-01 3.243106446539764653e-01 3.353374238982577138e-01 3.460619929958782537e-01 3.563867141034465780e-01 3.662774663079677584e-01 3.757794959069498120e-01 3.845161378199000168e-01 3.973904189737562098e-01
-4.565863714305734566e-02 -6.709331294994834438e-02 -8.657348306815405847e-02 -1.054939942364695876e-01 -1.244623290593406262e-01 -1.430905483160246350e-01 -1.617298114974713430e-01 -1.803752934486366200e-01 -1.987639799171661004e-01 -2.172587869496072910e-01 -2.355551633799030098e-01 -2.543995354107501106e-01 -2.727714086608786781e-01 -2.912867659821786193e-01 -3.103456620513042608e-01 -3.290940812246144209e-01 -3.479667745476568985e-01 -3.670031595680897096e-01 -3.859927355699779850e-01 -4.052070897078046130e-01 -4.237054394626512677e-01 -4.422406630328963861e-01 -4.603575370007121359e-01 -4.781332004277019099e-01 -4.953240001028936801e-01 -5.118858066728224632e-01 -5.279819559613815327e-01 -5.432699263762247321e-01 -5.580203225089159780e-01 -5.836285471930277025e-01
-5.807156712401030652e-02 -9.639567596033558894e-02 -1.263039253615164670e-01 -1.552264737742719558e-01 -1.841515090802227639e-01 -2.124366561271375242e-01 -2.403940274170451308e-01 -2.678777633226948618e-01 -2.942538023630897337e-01 -3.199871895938248834e-01 -3.445944885978702854e-01 -3.686613169603818463e-01 -3.911063278804708387e-01 -4.125036315154114175e-01 -4.332719825982168094e-01 -4.520872879144293699e-01 -4.697656090115716609e-01 -4.863054129319859809e-01 -5.011849852618482926e-01 -5.150717227775792884e-01 -5.267303608053697239e-01 -5.371983100203578942e-01 -5.459343618473139204e-01 -5.535223708225158745e-01 -5.595070362478844483e-01 -5.641900276157990612e-01 -5.680586839446623015e-01 -5.707032114362167174e-01 -5.724632215573308702e-01 -5.575591423344017361e-01
1.986767442426673469e-02 3.097583175834633246e-02 4.332372371273214562e-02 5.572586475862900679e-02 6.741608845280472329e-02 7.778507088862898766e-02 8.663520316396627896e-02 9.341548940286249769e-02 9.806660871818270730e-02 1.004089481330428940e-01 1.006954345225707370e-01 9.841894426085819048e-02 9.435483083287976580e-02 8.818254819175005976e-02 7.997885667139970067e-02 7.030058174264869342e-02 5.911578731613833376e-02 4.686501701624144756e-02 3.341575040285788695e-02 1.941105961619340667e-02 5.182339735221735272e-03 -9.334562606718260075e-03 -2.374354666728270211e-02 -3.789541555138577211e-02 -5.154408951550985135e-02 -6.438824982067016534e-02 -7.649025617127036547e-02 -8.727324436816116804e-02 -9.704482086544437280e-02 -1.102463395361020088e-01
6.644694827029667961e-02 7.353249048026019863e-02 8.914537982370376867e-02 1.060054053189263823e-01 1.239268421074045112e-01 1.420310139525345905e-01 1.609869945966103943e-01 1.805471679261831941e-01 2.004236603234243463e-01 2.209586221165449615e-01 2.417593918476655668e-01 2.637864049483613083e-01 2.857536750822653460e-01 3.082554167799471667e-01 3.314360114040206806e-01 3.550514669496637188e-01 3.788181281509024334e-01 4.031552200199466363e-01 4.277709125008572477e-01 4.529272248432031356e-01 4.780287545623242984e-01 5.035828711701862970e-01 5.293904613534323733e-01 5.551682071641785843e-01 5.811045451884152557e-01 6.069601092536476283e-01 6.325993379026483288e-01 6.581342387848772013e-01 6.833049109842490587e-01 7.426186893615861484e-01
3.125188654067455329e-02 3.493328266991507780e-02 4.184175770927682503e-02 4.934742200338897156e-02 5.728703491610134813e-02 6.519497454705230899e-02 7.338124179885573140e-02 8.164324162826928910e-02 8.982934275139789482e-02 9.804488315350089189e-02 1.061322304773400504e-01 1.143755465512075464e-01 1.223599593030091498e-01 1.302402954372486876e-01 1.379562123082498648e-01 1.456111358297190739e-01 1.529417483863141081e-01 1.602154872711310796e-01 1.672400153857869498e-01 1.742073303705273524e-01 1.810138174962944435e-01 1.877665895533617846e-01 1.944918501969292723e-01 2.010967939045005537e-01 2.077338547536444757e-01 2.143451634139041106e-01 2.208503195145312403e-01 2.274364794507013343e-01 2.337835246038067472e-01 2.479034046444561212e-01
-7.856206495933214240e-02 -1.056315949700518675e-01 -1.342202956267074254e-01 -1.627774702077404156e-01 -1.918378254482407119e-01 -2.205860685646535702e-01 -2.495646061550924888e-01 -2.786674366691920257e-01 -3.074309630613354383e-01 -3.363924309904325893e-01 -3.650607387726905184e-01 -3.945937185517435219e-01 -4.233921341598889665e-01 -4.523742475227199855e-01 -4.820865487520062942e-01 -5.113992463321337389e-01 -5.407993178256625955e-01 -5.704679707817169598e-01 -6.000601968333247882e-01 -6.300216403132726795e-01 -6.590494332073051353e-01 -6.882397271190534571e-01 -7.170027325597303491e-01 -7.454229228087372316e-01 -7.732981337107374120e-01 -8.005851256050935394e-01 -8.275052533229234619e-01 -8.537854008778567039e-01 -8.798470968084948218e-01 -9.363687002731075903e-01
-1.012472404959916666e-04 -2.370476763136811216e-02 -3.700792021740179072e-02 -4.883917652167397982e-02 -6.002237753111135110e-02 -7.057533994456541282e-02 -8.049524755810472110e-02 -8.978715471807166559e-02 -9.824256958442657839e-02 -1.060060424472850649e-01 -1.129674029195650714e-01 -1.191146809101971127e-01 -1.243072839865445867e-01 -1.286614390548885267e-01 -1.323953623500606358e-01 -1.347875478097756430e-01 -1.364585750831848743e-01 -1.372338842091478939e-01 -1.369093319292271071e-01 -1.357931039902643688e-01 -1.333213395203969587e-01 -1.299209666691762133e-01 -1.253040916132124039e-01 -1.198903478363589625e-01 -1.132618796422618229e-01 -1.056218438141702937e-01 -9.726564553195229945e-02 -8.775294095548166751e-02 -7.722048303839203209e-02 -3.304598699585611227e-02
-8.728684196101975379e-02 -1.225020039953882145e-01 -1.548055756219405554e-01 -1.871733614407236623e-01 -2.208978537212144266e-01 -2.550729783169315423e-01 -2.905239037497499011e-01 -3.272729253410099348e-01 -3.644544442384732297e-01 -4.028680770405962397e-01 -4.415916345096074780e-01 -4.821168130821642528e-01 -5.220036318316083612e-01 -5.624257176794764668e-01 -6.038140116098045240e-01 -6.442684817035413403e-01 -6.844869264250137419e-01 -7.244432445953119526e-01 -7.634784359875579351e-01 -8.020396971688090737e-01 -8.382865703830861825e-01 -8.736692913357981816e-01 -9.072600443656293479e-01 -9.394672184333892062e-01 -9.698110187620259115e-01 -9.983416463060460488e-01 -1.025580641588723196e+00 -1.050913192272843411e+00 -1.074839415300810952e+00 -1.109640578702221880e+00
-2.542167185307569327e-03 -1.946748779874109270e-02 -2.955692375488384177e-02 -3.841083662403152466e-02 -4.646728221690646365e-02 -5.376857369867396597e-02 -6.019132430421832158e-02 -6.572108468667164916e-02 -7.030142997914667902e-02 -7.398344457627287207e-02 -7.680274072181730860e-02 -7.867284786215140990e-02 -7.971623713982035897e-02 -7.998232819430556306e-02 -7.971988635258202283e-02 -7.852898281832404459e-02 -7.690619802846776487e-02 -7.475374624494203479e-02 -7.201977508650808657e-02 -6.895519037893051151e-02 -6.522829633159513141e-02 -6.112163293939825576e-02 -5.648545010492911356e-02 -5.158565489462308556e-02 -4.615524364082408681e-02 -4.036213874192617207e-02 -3.437993589517564230e-02 -2.797899823254646617e-02 -2.135638088069321747e-02 2.190394987093868470e-03
-2.369891005923687247e-02 -3.308028106149411840e-02 -4.276741266522211121e-02 -5.271029565711939091e-02 -6.325221631011074264e-02 -7.413535510379548610e-02 -8.544136768376725533e-02 -9.726204851562057774e-02 -1.092434928883617151e-01 -1.216699776808763539e-01 -1.342207971296651425e-01 -1.473872822954030437e-01 -1.603537010247559624e-01 -1.735228544855429433e-01 -1.871754879048434517e-01 -2.004363886698821151e-01 -2.137654106306520752e-01 -2.270472938227682258e-01 -2.401287446690578142e-01 -2.531366635981465163e-01 -2.653636648654740249e-01 -2.774103119603318346e-01 -2.889132127042906562e-01 -3.001058761867052005e-01 -3.107762919726339002e-01 -3.210426811061404262e-01 -3.311668277513263314e-01 -3.409415630758677596e-01 -3.509255927576770961e-01 -3.745228715709283396e-01
1.433432159228826552e-01 1.717529062985131971e-01 2.136448413702126681e-01 2.576113126576869972e-01 3.033333094859769208e-01 3.488833775543779825e-01 3.952918224748617204e-01 4.419484088757510420e-01 4.880272744188768330e-01 5.342616697330150322e-01 5.798671651453208842e-01 6.265574586808062563e-01 6.719387016377534882e-01 7.171707156182222098e-01 7.628445098446376971e-01 8.079640631282214436e-01 8.525793871590607864e-01 8.974425282252080915e-01 9.418975717566364647e-01 9.868634301949377186e-01 1.030806541403956222e+00 1.075148645372931977e+00 1.119389113948592307e+00 1.163404383831430744e+00 1.207357521770713982e+00 1.251136273336619587e+00 1.294752944613344336e+00 1.338393805527376523e+00 1.382006435022615998e+00 1.487280852129818864e+00
-2.964746111754632332e-03 -2.075496427344176997e-02 -3.116017473926869716e-02 -4.040921978641784373e-02 -4.900264384433773712e-02 -5.696074352164591514e-02 -6.415900783875694291e-02 -7.059731385490050637e-02 -7.613525049731482974e-02 -8.085811672449635945e-02 -8.474333179518854509e-02 -8.770213339779420192e-02 -8.978770176499950573e-02 -9.105536846497486181e-02 -9.173223026130512825e-02 -9.130417504380397564e-02 -9.032025654391603875e-02 -8.864986946452153849e-02 -8.619312728031680582e-02 -8.321781786724664898e-02 -7.933701657686824393e-02 -7.488344330814354632e-02 -6.967321746801971583e-02 -6.405790918404355438e-02 -5.773127694294082068e-02 -5.090786086484368200e-02 -4.382643600202923428e-02 -3.622714131809014193e-02 -2.835283273491844003e-02 -5.255935782388834049e-04
3.143437187441479319e-02 1.854327638860780308e-02 1.793117616341504544e-02 1.906628896763350178e-02 2.125903068204582427e-02 2.403220693539864089e-02 2.771469020567583763e-02 3.219188446489848476e-02 3.744490364478571948e-02 4.357393880476969489e-02 5.044110466940768950e-02 5.860417622062645548e-02 6.742698550336571894e-02 7.718546239545306942e-02 8.785545653904039409e-02 9.972101256275295311e-02 1.122713353703570366e-01 1.258184619729961484e-01 1.403788400268549674e-01 1.558641005426924520e-01 1.722825785774376173e-01 1.896710902764836004e-01 2.080801908474035899e-01 2.270751809536982468e-01 2.470192890347625569e-01 2.676466630325748386e-01 2.886975181750000008e-01 3.105016988600253214e-01 3.329318326784977966e-01 4.004621397048530040e-01
-1.001478734648633337e-02 -1.602531654472501635e-02 -2.475496369334449775e-02 -3.294209248239232668e-02 -3.994455803703416547e-02 -4.561198010420144944e-02 -4.955440185629923777e-02 -5.156883013320057163e-02 -5.189642578834460784e-02 -5.038908539037292855e-02 -4.744629113761277689e-02 -4.283350568559252114e-02 -3.726824851175441350e-02 -3.068262939068524750e-02 -2.352059542133109332e-02 -1.608105305162008808e-02 -8.644671380899695071e-03 -1.421910790597712484e-03 5.337607787176699981e-03 1.134014142531194688e-02 1.647017264648990148e-02 2.064373857915267549e-02 2.369018725809901235e-02 2.569797037130222561e-02 2.654325814973362840e-02 2.612580845418018688e-02 2.455392169559201046e-02 2.153977404004194310e-02 1.673600655947784024e-02 -1.426098039073828844e-02
3.211312973276540805e-02 4.477499763161067736e-02 5.711410737459685777e-02 6.983179977298463459e-02 8.282038909799493975e-02 9.546471050568444694e-02 1.079226140811111317e-01 1.198589164939452695e-01 1.309310308008119761e-01 1.412215862896909480e-01 1.505696354854587082e-01 1.589766441939555186e-01 1.662526519283718807e-01 1.724123716342993717e-01 1.774139369424453938e-01 1.811926953034751209e-01 1.837317179728641114e-01 1.852967507796435265e-01 1.855388119805516378e-01 1.849356088235781792e-01 1.833308458319358736e-01 1.809340790701108315e-01 1.778068751939032022e-01 1.741921116715359485e-01 1.701520826316944568e-01 1.659067661318402997e-01 1.615634713408884982e-01 1.573748081825020462e-01 1.530858494144378135e-01 1.398848696046793572e-01
-1.488447517586134750e-02 -2.690607224832789260e-02 -3.662178122697135052e-02 -4.610490235754473309e-02 -5.569226649528012663e-02 -6.522121706290469334e-02 -7.464857261269723654e-02 -8.401657182342046892e-02 -9.304964212212049612e-02 -1.019347320680885211e-01 -1.104872651869767824e-01 -1.189280320809031621e-01 -1.268442768591209746e-01 -1.344737270177358557e-01 -1.420807251728876119e-01 -1.489670473534153161e-01 -1.556261495778399062e-01 -1.619503635084851290e-01 -1.678155684707641204e-01 -1.734187804161092805e-01 -1.782197639587922988e-01 -1.826963684056732151e-01 -1.865875529187793203e-01 -1.901824597068972889e-01 -1.932546063215221099e-01 -1.959883728349156584e-01 -1.986341807468993692e-01 -2.010187900374259262e-01 -2.036035260685217785e-01 -2.082894395198839343e-01
-1.289830427986384254e-01 -1.712220553977764625e-01 -2.171581757859501194e-01 -2.636667117413764028e-01 -3.114320266960919348e-01 -3.589287177858331845e-01 -4.070047063712173285e-01 -4.553905080957635354e-01 -5.031423855613902374e-01 -5.511318673881044905e-01 -5.984691755643763988e-01 -6.469156261663047136e-01 -6.938792707008196725e-01 -7.407643919732497251e-01 -7.882976686671737676e-01 -8.347113507981308578e-01 -8.807055735518833917e-01 -9.266234017829845238e-01 -9.717922917932153570e-01 -1.017030560716641885e+00 -1.060323337629973439e+00 -1.103418567765952929e+00 -1.145455625936265820e+00 -1.186718985913842062e+00 -1.226958148520188807e+00 -1.266266631294739042e+00 -1.305077533793366218e+00 -1.343172229142883811e+00 -1.381204328008098337e+00 -1.466371422792960733e+00
-7.641696164281133741e-02 -9.045085350319392870e-02 -1.076664920854016605e-01 -1.274196176403616931e-01 -1.511449852513715442e-01 -1.779309749846858801e-01 -2.085916273336866356e-01 -2.435531460384400826e-01 -2.813384546655371965e-01 -3.229889181534791875e-01 -3.669797614060157365e-01 -4.151649113224856191e-01 -4.640063348160959333e-01 -5.148707984200946441e-01 -5.678758659743751158e-01 -6.202377576339334064e-01 -6.727030659308750327e-01 -7.248363790310284882e-01 -7.757940847688711283e-01 -8.255839274333311995e-01 -8.720696251078157157e-01 -9.169181915901344349e-01 -9.589318946575313696e-01 -9.988647150041496392e-01 -1.036182420879255162e+00 -1.071138596444284996e+00 -1.104676692485732525e+00 -1.136177763076354541e+00 -1.166910114441788160e+00 -1.226969492014174046e+00
1.215734093453245124e-01 1.596318333907365827e-01 2.030852769246454248e-01 2.476582065520497866e-01 2.930989056642323010e-01 3.375735189705373895e-01 3.816962437337458880e-01 4.247036755291728194e-01 4.657442516517016906e-01 5.053095181406382919e-01 5.428565022156810471e-01 5.792802045523230969e-01 6.131577225202755610e-01 6.451851129659736950e-01 6.758580171588435270e-01 7.043304531392409196e-01 7.309406830462150673e-01 7.563927803522260129e-01 7.799226413297994931e-01 8.027529191585005552e-01 8.236855011914501201e-01 8.439368299705023446e-01 8.632362976246359398e-01 8.819376145725165150e-01 9.000974891647635090e-01 9.180433027991190542e-01 9.359972293568091795e-01 9.543411247423700949e-01 9.730145981465635474e-01 1.017374230416160152e+00
-2.508274714312075035e-02 -2.967188035867764084e-02 -3.915586768522872491e-02 -4.826932017425520499e-02 -5.664491182233451910e-02 -6.411857787980909662e-02 -7.067657173193903075e-02 -7.624647295261133273e-02 -8.108937220925935274e-02 -8.523811594369556932e-02 -8.889835274980051327e-02 -9.241117095776010815e-02 -9.575620765634870746e-02 -9.922638323433458085e-02 -1.032813441559188028e-01 -1.080238725015969098e-01 -1.135811862197476652e-01 -1.201597341302259730e-01 -1.279991759324595746e-01 -1.371946349915956209e-01 -1.475518852927659719e-01 -1.593091583965716984e-01 -1.724096526802849083e-01 -1.865120009632665610e-01 -2.017131413111121485e-01 -2.178175784662973180e-01 -2.346209352723682140e-01 -2.521727525599779529e-01 -2.707310936900846898e-01 -3.279512283244851445e-01
