4.491964359991561240e-02 7.161433770268554877e-02 9.831747685064803899e-02 1.266883485133629139e-01 1.571051560595395913e-01 1.891431237401927090e-01 2.218595716745515312e-01 2.538369555195563176e-01 2.856520959179186248e-01 3.159292223069447569e-01 3.475009597031553099e-01 3.760261276510652451e-01 4.010988914182279652e-01 4.247800485029367690e-01 4.474155261405071693e-01 4.651810068590333525e-01 4.809832126129032770e-01 4.925809429147337548e-01 5.002709092867742013e-01 5.051145804119019367e-01 5.060387170494257125e-01 5.037700421616841950e-01 4.980720774029255837e-01 4.898437931945337498e-01 4.804577891567712866e-01 4.682752722336339657e-01 4.566564587358394323e-01 4.440706556803212246e-01 4.327960873561154109e-01 4.023930368309540651e-01
3.218915331355837184e-02 5.624022518373208296e-02 7.885808311952746674e-02 1.012727500782372031e-01 1.231381731840916344e-01 1.450370389744924382e-01 1.658618282291230428e-01 1.848142603629463199e-01 2.022571157540438702e-01 2.177512840434751573e-01 2.326681755387542128e-01 2.449532832474668187e-01 2.542214921996125421e-01 2.619265598196828804e-01 2.684583525712050944e-01 2.724574018264042108e-01 2.745562875849392181e-01 2.747090022587250768e-01 2.726998871333236596e-01 2.695153712420121916e-01 2.646648137877180562e-01 2.585660975179651655e-01 2.510657619860742762e-01 2.429162125378771242e-01 2.345364406439806593e-01 2.252447340357086047e-01 2.161043895951830773e-01 2.069132741482025417e-01 1.984227238355631140e-01 1.738982428252995316e-01
-1.320682375841396305e-03 -2.500780621180995894e-02 -3.906278169860868954e-02 -5.097580251155914982e-02 -6.092673685685318780e-02 -6.989747310081391440e-02 -7.688759216479340575e-02 -8.206033408539445406e-02 -8.580932988670428307e-02 -8.727993022452835981e-02 -8.791954149124574236e-02 -8.649966014972518269e-02 -8.275236593067787638e-02 -7.824870098727497447e-02 -7.239843984957633483e-02 -6.553659810689743681e-02 -5.779691992476332363e-02 -4.884850801525296438e-02 -3.897393741077488649e-02 -2.874555793784182300e-02 -1.815217408271935923e-02 -6.829307289501346245e-03 5.015761286860227069e-03 1.707009598553448429e-02 3.004911618262029460e-02 4.270506718423837389e-02 5.626548787972673882e-02 6.989786226064262364e-02 8.371246857311591405e-02 1.309997750493187563e-01
1.019252038342999961e-02 6.415384030463860271e-03 6.230500169271228905e-03 6.348424113322627405e-03 6.321216385264770768e-03 6.277128437691152293e-03 6.417411020924357334e-03 6.578220995597707649e-03 6.565848654283931718e-03 7.102657629275819021e-03 7.322881158418011183e-03 8.035856961037597668e-03 9.416422118390270490e-03 1.058819059928339107e-02 1.222621461688010169e-02 1.445340745293491151e-02 1.662504122946680679e-02 1.971716562824287616e-02 2.326925585917487271e-02 2.727677710453798102e-02 3.168849018980814114e-02 3.679612941826716777e-02 4.243176445336363511e-02 4.853203345926530854e-02 5.546098036005426418e-02 6.229474359123684385e-02 6.952016487503012709e-02 7.680208740625478481e-02 8.390203202497228951e-02 1.038898338726985671e-01
4.530548973643334920e-03 1.711409573718405269e-02 2.334217605343098800e-02 2.858973872010261985e-02 3.331033628558580095e-02 3.794913621379958357e-02 4.222839905618475109e-02 4.596282479243289643e-02 4.909130028580051264e-02 5.195771076164158037e-02 5.445796788067802652e-02 5.620866596697471351e-02 5.691610948080869092e-02 5.702064388265468825e-02 5.659955781581232220e-02 5.535348843057353446e-02 5.310408251795956103e-02 4.995446406377684889e-02 4.588230389710067775e-02 4.077216082065487218e-02 3.500132109190286223e-02 2.817750838390189333e-02 2.058924219192153834e-02 1.215627406677151356e-02 3.338333712957913813e-03 -6.574471607614790214e-03 -1.727098767424310732e-02 -2.893170005233881847e-02 -4.136825135806407316e-02 -9.028646748913063402e-02
8.393032530240379652e-02 1.099416189408948530e-01 1.437534439751337045e-01 1.797701478688837340e-01 2.175648222184720093e-01 2.571523157800155168e-01 2.997383205648738724e-01 3.434669409096536286e-01 3.889812765725337851e-01 4.355579792996799315e-01 4.857097600690275518e-01 5.361940671965641503e-01 5.890995503732715521e-01 6.417531893254624364e-01 6.975701135835747912e-01 7.510697621362820708e-01 8.057911151425726226e-01 8.606629166719517166e-01 9.143443780842646085e-01 9.689628416758787610e-01 1.020439092725845764e+00 1.071911877080035991e+00 1.121354380866994571e+00 1.168992445042896788e+00 1.217357715611195434e+00 1.260485803255239068e+00 1.305573787349080916e+00 1.346309452043376487e+00 1.384640329415588678e+00 1.458602822090071083e+00
5.449927251234355091e-02 8.805205215850774036e-02 1.209618370775294716e-01 1.537646184789090709e-01 1.858508142764064841e-01 2.181628085103549941e-01 2.499191632141818387e-01 2.799800451593594253e-01 3.088335836185918670e-01 3.359062352360603909e-01 3.632471953772376527e-01 3.881517502227649352e-01 4.110037152511807346e-01 4.322669809384324102e-01 4.533325895007171424e-01 4.717128251898414781e-01 4.887538798726660527e-01 5.043428701608398956e-01 5.178546123375969978e-01 5.308940287322934104e-01 5.417573123104930666e-01 5.517613379471404400e-01 5.601455332859859304e-01 5.676149751797768817e-01 5.751825994194081915e-01 5.805448073586215729e-01 5.865372884254950181e-01 5.911871322266688544e-01 5.955491935614295462e-01 5.940252474106106906e-01
1.045900898433900147e-02 1.881429530726107593e-03 2.747969977701950062e-03 4.252516622743833519e-03 4.931417271973274202e-03 5.265046792289167221e-03 5.396275052690401378e-03 5.218134280776517628e-03 4.470763185211005381e-03 4.182425164932491307e-03 3.100529738249261508e-03 2.811238304573642974e-03 3.779684280386731363e-03 4.479489636626155999e-03 6.133546306677582771e-03 9.324225203405112419e-03 1.276558448205007690e-02 1.860366673027553236e-02 2.578455986178993312e-02 3.477535172938141933e-02 4.502459499088689449e-02 5.746578971038648898e-02 7.141206916793352288e-02 8.710770969977331413e-02 1.045326447343220833e-01 1.226790704720614189e-01 1.419513651267106658e-01 1.619469904802024185e-01 1.819752486330958596e-01 2.442163107893822738e-01
1.611143600172472434e-02 4.478433222940097352e-03 1.329786989712346268e-03 -3.574852451372727280e-04 -1.159437756157174343e-03 -1.341902281935387214e-03 -2.788984596676161165e-05 2.482031859689275491e-03 5.891980036423990347e-03 1.102096701949760102e-02 1.694040547007259062e-02 2.450826180399716739e-02 3.443045379064983702e-02 4.477444343438479607e-02 5.675673094236274863e-02 6.972025880753811300e-02 8.362119285648550449e-02 9.918880517387178297e-02 1.157395958307535500e-01 1.333225395223919807e-01 1.512107638043262980e-01 1.703163463847370274e-01 1.900126664421687983e-01 2.101022767502329636e-01 2.313981873759920482e-01 2.518847989437413837e-01 2.734256711587439437e-01 2.943877795947446585e-01 3.147951397596694401e-01 3.704802071845114675e-01
7.487980515549091248e-03 1.299296984875528138e-02 1.616149620084886621e-02 1.900965131975574512e-02 2.167757418807733649e-02 2.445735422609355766e-02 2.732865947141529389e-02 3.016078361444860315e-02 3.278595750682239407e-02 3.565425175412112457e-02 3.847218147868630006e-02 4.117071919302795618e-02 4.377350426256356591e-02 4.604262061585408933e-02 4.836952837664880434e-02 5.039221702565473138e-02 5.195441814594140006e-02 5.329457172533190457e-02 5.427650070311618863e-02 5.477039614016004920e-02 5.492249208266435784e-02 5.460394524022736673e-02 5.392430943778455527e-02 5.272484442588949716e-02 5.157782326372593873e-02 4.943282974953932402e-02 4.700978820124920160e-02 4.376769437540840163e-02 3.987597101047134218e-02 1.895096402367301563e-02
4.223019972423464052e-02 6.269712792918506750e-02 8.888533609429505322e-02 1.136490827113766644e-01 1.345130458259252149e-01 1.536674711188630582e-01 1.705456764706233530e-01 1.846379284433448675e-01 1.961054911519023169e-01 2.059204673208802072e-01 2.136371095048486823e-01 2.205289081604258628e-01 2.273994604624312021e-01 2.326858766821985336e-01 2.386737066687565634e-01 2.460504499598957229e-01 2.529169987119849750e-01 2.630136725574839796e-01 2.742963039410339365e-01 2.887582473711927666e-01 3.045710271450696727e-01 3.236844592200521786e-01 3.446134954238445625e-01 3.683079004899666997e-01 3.942577087468101538e-01 4.209323567413491562e-01 4.487816910005949511e-01 4.769532121321429230e-01 5.041868836555234434e-01 5.717051260008458868e-01
-2.261704840519709186e-02 -5.295831870579582878e-02 -8.219866039553096193e-02 -1.106331019213421529e-01 -1.372754124252859032e-01 -1.629549465655120155e-01 -1.854600041991032733e-01 -2.041363520872356840e-01 -2.199249159946263799e-01 -2.311852350803255685e-01 -2.405470470134501992e-01 -2.454232102919011727e-01 -2.447854425208843554e-01 -2.420866846227496816e-01 -2.366283883277300604e-01 -2.281935136687710530e-01 -2.173178581881320404e-01 -2.038947590290892120e-01 -1.880186906415476367e-01 -1.714532003302356722e-01 -1.536348295444447676e-01 -1.350399235417904520e-01 -1.154352985542632382e-01 -9.650341118793938355e-02 -7.694178378280475128e-02 -5.917699407873987932e-02 -4.177613228085677588e-02 -2.683694548227117879e-02 -1.463985310022836162e-02 -3.180410374335005536e-03
2.027763688647852072e-02 3.287461209809353080e-02 4.413084206253625741e-02 5.646975474176289811e-02 7.061971841157244079e-02 8.609156252612759630e-02 1.028681324565645094e-01 1.201021011742388345e-01 1.380059192233535903e-01 1.560741570373994080e-01 1.755584004667552767e-01 1.941159003125120519e-01 2.116552227315437462e-01 2.287934774639891200e-01 2.459095612712029755e-01 2.603548647769470259e-01 2.740037244744730760e-01 2.853130517483968287e-01 2.944404121271031460e-01 3.016394448161718311e-01 3.063381523036496912e-01 3.088500457264245491e-01 3.091130215017656724e-01 3.072342733071286025e-01 3.045679980603410164e-01 2.991924041807854096e-01 2.938561774601583521e-01 2.868092802923582485e-01 2.795574103579706038e-01 2.487671712825886838e-01
8.288452119298041904e-03 -8.592780951432057654e-03 -1.949884142310751023e-02 -2.823103687534496767e-02 -3.420485746369292257e-02 -3.858494144489310607e-02 -4.003629826374431600e-02 -3.883022582051087745e-02 -3.532846143235242320e-02 -2.905380907323253104e-02 -2.057974491906075509e-02 -9.972681809672102535e-03 3.478767322162366893e-03 1.799463679744226635e-02 3.429743997461517924e-02 5.076270135853952481e-02 6.850029525251344342e-02 8.650881440418276003e-02 1.048760105835959827e-01 1.228704070630004391e-01 1.402155555170964130e-01 1.571979036305274635e-01 1.737559085400499082e-01 1.890460595529147303e-01 2.046891712897461191e-01 2.182792829819156510e-01 2.324761633636143188e-01 2.450650507855965943e-01 2.569131816767122323e-01 2.842071885544705800e-01
-2.907879142784963039e-03 -2.645413820019908852e-02 -4.067363087312276387e-02 -5.318316013944046627e-02 -6.447804381006802532e-02 -7.519701713794757492e-02 -8.467828940466717857e-02 -9.287748458656086559e-02 -1.002712756603553468e-01 -1.058482427111601121e-01 -1.112708961248277950e-01 -1.149562586780216861e-01 -1.167248331595043404e-01 -1.179674690203432741e-01 -1.182169672233159274e-01 -1.171042666041206964e-01 -1.153644699828101916e-01 -1.121774843582152709e-01 -1.078115898312668186e-01 -1.028828964519419853e-01 -9.705249801793885966e-02 -9.017594328928209280e-02 -8.231987548080825501e-02 -7.374743808857485428e-02 -6.404577094208312171e-02 -5.393271465769168549e-02 -4.295456531766549818e-02 -3.127124174469585877e-02 -1.907846173990838945e-02 2.744040423007997054e-02
4.046047271185700123e-02 5.533249700007561445e-02 7.236935788122944579e-02 8.985432408464291698e-02 1.074392788421209000e-01 1.254952227888488370e-01 1.443107408311702922e-01 1.630559955825898744e-01 1.818977180709385189e-01 2.008932553625895068e-01 2.207572981975551851e-01 2.404260722779627546e-01 2.606010733040502458e-01 2.802547754624326037e-01 3.009308579589078381e-01 3.206691886727280894e-01 3.403506072529718374e-01 3.601793074989597665e-01 3.793699957662659550e-01 3.988732427801500169e-01 4.171494706774847017e-01 4.354680742102903235e-01 4.529887997524220111e-01 4.699465072711162539e-01 4.873936622495617099e-01 5.026882002376829028e-01 5.186787669886843144e-01 5.329942069151424322e-01 5.462809765719247590e-01 5.680950087373994872e-01
-2.026311529134372513e-02 -4.991425791789264738e-02 -7.193356855965124530e-02 -9.263405762705807789e-02 -1.124792788203254762e-01 -1.322343569647975725e-01 -1.519786009490819989e-01 -1.713514293005924116e-01 -1.909828902962247277e-01 -2.096727082658077501e-01 -2.298071261541108912e-01 -2.490717920268359087e-01 -2.684289576430691771e-01 -2.876551635667284890e-01 -3.075764548774400642e-01 -3.261693562011571124e-01 -3.453056898056480750e-01 -3.637913467066335449e-01 -3.814830939136035770e-01 -3.994927022122868321e-01 -4.160476199596518376e-01 -4.320043158567233865e-01 -4.467442372671920348e-01 -4.601770208903398496e-01 -4.728734346403548061e-01 -4.831430317239421290e-01 -4.931047283555632377e-01 -5.002778396979302711e-01 -5.053047604095545209e-01 -4.875904685451870613e-01
8.742087158772816891e-03 1.476245386458011760e-02 2.055913235921316001e-02 2.606784758805556074e-02 3.100601469358102782e-02 3.572593868927281813e-02 3.966751008472876178e-02 4.261467374443110578e-02 4.455943618722749133e-02 4.583807940893079580e-02 4.621997540327806714e-02 4.561961817676564446e-02 4.369349380627828017e-02 4.095274065205944947e-02 3.755298467359394210e-02 3.357700777649685886e-02 2.852216046574081523e-02 2.300880952803880525e-02 1.691776915278530094e-02 1.032832240158771883e-02 3.616969692983734025e-03 -3.360727136095866333e-03 -1.044626380039511901e-02 -1.742409060665686335e-02 -2.413818022075621753e-02 -3.077495253950899429e-02 -3.743442679100375536e-02 -4.367704911783201055e-02 -4.952238325139880076e-02 -6.390244852524369634e-02
-4.127479600399233672e-02 -5.877886975829642313e-02 -7.820722881024913531e-02 -9.766587791613340341e-02 -1.167511972448192353e-01 -1.358829166742221428e-01 -1.556026499623072989e-01 -1.752945250980917358e-01 -1.955200593923639429e-01 -2.153956000733470433e-01 -2.368171214711608241e-01 -2.582837721005678544e-01 -2.811134112237662630e-01 -3.040453516182761162e-01 -3.285140853813657280e-01 -3.526151359824819531e-01 -3.779739963808219083e-01 -4.041059177713326456e-01 -4.304313263617547403e-01 -4.583636161700601619e-01 -4.855034887431198820e-01 -5.135050154747171636e-01 -5.412630897219216086e-01 -5.688544514870369495e-01 -5.968033305371128749e-01 -6.232809770061643606e-01 -6.507318703039107755e-01 -6.765243890996992526e-01 -7.011729969395845696e-01 -7.546310526612055591e-01
3.005107336328104867e-02 6.691158037691191662e-02 9.583465759597570299e-02 1.249992335496942775e-01 1.553386525771257576e-01 1.867506676524297027e-01 2.174499926696470409e-01 2.462442472935461035e-01 2.738376501143795494e-01 2.985996513641367978e-01 3.236166995248551115e-01 3.440884741148798609e-01 3.588323956518734703e-01 3.715731774109581886e-01 3.816997212210725410e-01 3.860549793580259070e-01 3.871944600293312222e-01 3.826145689021579477e-01 3.731306871440447925e-01 3.595243797757209370e-01 3.417785770829925851e-01 3.196139941897339631e-01 2.934795169418683569e-01 2.643688316454407827e-01 2.332175414551360126e-01 1.996710226398333843e-01 1.655636531583676296e-01 1.307873658547226980e-01 9.749210984352982279e-02 2.946862864832366924e-03
9.375897549313949586e-02 1.200088791456739995e-01 1.582952056760522641e-01 1.996923611547113397e-01 2.434088483845026629e-01 2.891470116222331077e-01 3.375640097293368669e-01 3.864407863089187600e-01 4.366292649653309987e-01 4.869775885787144265e-01 5.406323198790295992e-01 5.935130805537413012e-01 6.471827586347245198e-01 7.001798388742674906e-01 7.555774125978906852e-01 8.075221799550429402e-01 8.599693841581972364e-01 9.115480531872883763e-01 9.610503121622709921e-01 1.010972959909103963e+00 1.057181146780145076e+00 1.103009937038022859e+00 1.146394279336178990e+00 1.188111975431056511e+00 1.230537143185896465e+00 1.268340107894472268e+00 1.308716868340237927e+00 1.345969714637446080e+00 1.382467224910951753e+00 1.468224858081358164e+00
1.775794601998271355e-03 -6.276650914250475610e-04 1.224075868785760163e-03 2.811544524259123115e-03 2.957291532295715231e-03 2.203025034492891998e-03 -4.540800175392468996e-04 -5.050481482226559793e-03 -1.168518759007189725e-02 -1.962309213660137081e-02 -2.998889993062622134e-02 -4.155053854922870216e-02 -5.509212793830992050e-02 -6.981346534999555153e-02 -8.581506806326161252e-02 -1.014521133722937896e-01 -1.186338006637100012e-01 -1.353354749385434763e-01 -1.519901034996460343e-01 -1.683939323835299540e-01 -1.837320541266139473e-01 -1.981645442231658172e-01 -2.115757297510426627e-01 -2.232407776540388245e-01 -2.339780949396546017e-01 -2.425291728406829828e-01 -2.507505404381359937e-01 -2.564713787755328323e-01 -2.605296000689740210e-01 -2.508899520326366428e-01
1.573933549279898925e-01 2.162926643524141213e-01 2.905550198394055705e-01 3.683741296677130461e-01 4.478820752706289543e-01 5.296095693041013019e-01 6.136017027413485092e-01 6.963133659122261454e-01 7.796000114107607404e-01 8.610619627433819812e-01 9.465370604832191725e-01 1.029058919460357435e+00 1.110950912338031671e+00 1.190825770871439593e+00 1.273631032992772472e+00 1.350447250955715273e+00 1.427319431788095727e+00 1.502606327492154392e+00 1.574261248615521414e+00 1.647050309338534912e+00 1.714128293950976989e+00 1.780978849997203461e+00 1.844098505996843329e+00 1.905368277929156751e+00 1.967659406434910663e+00 2.023440656186283881e+00 2.083126770044030796e+00 2.138310897474633876e+00 2.192240596587809343e+00 2.314676648822824756e+00
9.186696192709711828e-02 1.251324958247159724e-01 1.672608313437715655e-01 2.107710920098796459e-01 2.542205273642029195e-01 2.984630526738054623e-01 3.435792314635870426e-01 3.878124803365706197e-01 4.318736421454893448e-01 4.750445479746746580e-01 5.200014434608516423e-01 5.636271782017621135e-01 6.075807904740474497e-01 6.503019584426711353e-01 6.949505793057214609e-01 7.372392339203223122e-01 7.796450745484468925e-01 8.222777154616910389e-01 8.635927850033573439e-01 9.062759811968446044e-01 9.465142177716625582e-01 9.874319260857501446e-01 1.027003000047365777e+00 1.066096904315614768e+00 1.106399140332103403e+00 1.143272873431773418e+00 1.182381276421794469e+00 1.219033588017290670e+00 1.254633918131794257e+00 1.335181221902904003e+00
-1.557814532621062953e-02 -3.095994845982587285e-02 -4.442107816737533854e-02 -5.747188239759082329e-02 -7.001484913995603687e-02 -8.243952057335160455e-02 -9.457641674339735405e-02 -1.062113425540822387e-01 -1.177902429070052381e-01 -1.283489341839272324e-01 -1.395356318321449574e-01 -1.499041772562045849e-01 -1.599729195535601889e-01 -1.698687837517371124e-01 -1.799364354060181137e-01 -1.892063277007934030e-01 -1.987347934669088101e-01 -2.079010840021964235e-01 -2.166159488257189958e-01 -2.257740919417200454e-01 -2.341896391290732016e-01 -2.425427842654137578e-01 -2.503474852534053885e-01 -2.578758673755364161e-01 -2.650484131062033066e-01 -2.716038025197390349e-01 -2.783449626754141981e-01 -2.843318538875020396e-01 -2.899287418289422935e-01 -2.974767764949637350e-01
4.106891832544105891e-02 7.068671066761439414e-02 9.538622991341458301e-02 1.199240009353042813e-01 1.446432638104989954e-01 1.700451782671436596e-01 1.958037563052116570e-01 2.209824230500267994e-01 2.458785927730397780e-01 2.699763691184788317e-01 2.950822777864274826e-01 3.184901604296281885e-01 3.405034777197023521e-01 3.615064147866943189e-01 3.824830228704196311e-01 4.007162888264610423e-01 4.179327907002675091e-01 4.331486754818996143e-01 4.461359484897723382e-01 4.578151255910600792e-01 4.669752161921406630e-01 4.743311831464281925e-01 4.795177156987211475e-01 4.827689764053815225e-01 4.854290279632325067e-01 4.850491676356484816e-01 4.846142951394663001e-01 4.819124924160450574e-01 4.782500985580654396e-01 4.460811010900128104e-01
-3.074437209927874393e-02 -5.502987919131854117e-02 -7.669178045650990039e-02 -9.787004344808651612e-02 -1.185324122736288038e-01 -1.392290770640815800e-01 -1.599424357629876392e-01 -1.801599970978202403e-01 -2.005115359774438111e-01 -2.197831182597219102e-01 -2.403375076197830362e-01 -2.599198493651395103e-01 -2.794404423715553532e-01 -2.987315122957183711e-01 -3.186540216173304185e-01 -3.372610014777711607e-01 -3.563500273602452362e-01 -3.749438733538638102e-01 -3.928058160460439208e-01 -4.112321471459322031e-01 -4.283202379824281314e-01 -4.452098803165163710e-01 -4.611569270171765877e-01 -4.763156902803201143e-01 -4.911373060677028390e-01 -5.042808988329290365e-01 -5.177814609499273857e-01 -5.295327883266256475e-01 -5.402326630090037440e-01 -5.522140231002155009e-01
-2.769802840545813188e-02 -4.518421081147097618e-02 -6.622972738848678653e-02 -8.591789461623572377e-02 -1.024745009196487422e-01 -1.176263427841201664e-01 -1.316300250189980647e-01 -1.443540122314093677e-01 -1.561321962309719924e-01 -1.669776079485438269e-01 -1.775469982771977207e-01 -1.885012734444712901e-01 -2.014162406456647958e-01 -2.140658121012869453e-01 -2.284726081692391164e-01 -2.447690207901543624e-01 -2.624759404110026395e-01 -2.836341670476816290e-01 -3.067608154640036888e-01 -3.336960704983622517e-01 -3.619153400836591095e-01 -3.934852275139892330e-01 -4.268059664781691520e-01 -4.622148803399814265e-01 -4.992273980424973834e-01 -5.364233050369113798e-01 -5.747143488490455976e-01 -6.122080323791003753e-01 -6.478708485480867418e-01 -7.303044181892717202e-01
5.140350647862772238e-03 2.901549844678357609e-02 3.966685868190007735e-02 4.736501264454574811e-02 5.249297600892857685e-02 5.648101038428680193e-02 5.850160342143259640e-02 5.874913667534837486e-02 5.710875730104120890e-02 5.412895882866384373e-02 4.952034765008193201e-02 4.340139130817825819e-02 3.534749408534236526e-02 2.610385407344191500e-02 1.559681741599657639e-02 4.708729574867591069e-03 -7.777831404187215622e-03 -2.094029101095520179e-02 -3.487103144239091235e-02 -4.965742512780747797e-02 -6.442635229876908509e-02 -8.008813996532794521e-02 -9.608752533780209881e-02 -1.124919379425212695e-01 -1.293601730215599988e-01 -1.467807194369782076e-01 -1.657747829225890146e-01 -1.856077420378283993e-01 -2.068117286258446264e-01 -2.882098027551628361e-01
3.881785272532113640e-02 5.680347940304381060e-02 7.570325603962410610e-02 9.477136757770633635e-02 1.136483388326907790e-01 1.328837410738640812e-01 1.525177843254708621e-01 1.717930727709226502e-01 1.908516751901378761e-01 2.097032036355519213e-01 2.292367925072077428e-01 2.481722427832974143e-01 2.671211814888008185e-01 2.853947527950895235e-01 3.043887113840111347e-01 3.222397852840502841e-01 3.398201541873768772e-01 3.572444943969269593e-01 3.738635803496097032e-01 3.906090544125849773e-01 4.060997753039312097e-01 4.214434991319582213e-01 4.359298417836416917e-01 4.497791448527309610e-01 4.640219097889475286e-01 4.761852222473569873e-01 4.889228070390989611e-01 5.000357412783894562e-01 5.102028249514742875e-01 5.228260536996707231e-01
-3.482762640035413915e-02 -5.591494065513186867e-02 -7.691830188962325843e-02 -9.778307262154060930e-02 -1.182277529028671337e-01 -1.387863477742121154e-01 -1.596778067865882722e-01 -1.803791598335897362e-01 -2.014460670322806013e-01 -2.217893657529471652e-01 -2.436404549225834604e-01 -2.649859837077160885e-01 -2.870332095423402397e-01 -3.090099789853590351e-01 -3.321014057945466669e-01 -3.543092348753458243e-01 -3.773989914619234609e-01 -4.006086155808584182e-01 -4.235130606966566735e-01 -4.475013492758883604e-01 -4.703575940035352176e-01 -4.935319205738565307e-01 -5.160493423724530349e-01 -5.380476807663089334e-01 -5.600490897502858889e-01 -5.803509350331956806e-01 -6.013441128267305036e-01 -6.205548770110381751e-01 -6.386263385122351588e-01 -6.720697068707923716e-01
-4.719096484583420320e-02 -8.818850354225210575e-02 -1.223430214934624061e-01 -1.557905439275528159e-01 -1.889112406456598392e-01 -2.223040022807861449e-01 -2.554645019842282094e-01 -2.873975945420239597e-01 -3.191001440580615300e-01 -3.485989218211742457e-01 -3.795745352816248808e-01 -4.080382455548446363e-01 -4.346078913058713522e-01 -4.602507362540658731e-01 -4.857285672570734736e-01 -5.079325046584222125e-01 -5.296000695203081365e-01 -5.489101826811055851e-01 -5.657759283351398993e-01 -5.820113648948059826e-01 -5.953308046954253197e-01 -6.069715440436471710e-01 -6.161474658336156818e-01 -6.235181252711552435e-01 -6.296654670220290795e-01 -6.331652734739606769e-01 -6.367256736058028999e-01 -6.380693146138836092e-01 -6.386310000335222448e-01 -6.185071795871253109e-01
1.955716849831268950e-02 4.162934183596807974e-02 6.365457700016163844e-02 8.480732410828253909e-02 1.038727828598758063e-01 1.219955626602567955e-01 1.372269073219872515e-01 1.490532371804692557e-01 1.577950627238244863e-01 1.633553937056283489e-01 1.663549066239297658e-01 1.658904813272786272e-01 1.610070735418244192e-01 1.538635404780313853e-01 1.444883338716045074e-01 1.332586535443985865e-01 1.192756177426102099e-01 1.039365283660579065e-01 8.683916507707420407e-02 6.907796747939803916e-02 5.086346573875019650e-02 3.233029090574232600e-02 1.346801236894242665e-02 -4.465988087371572379e-03 -2.212493580494362400e-02 -3.850250739273753525e-02 -5.469544979467023949e-02 -6.888119816367969939e-02 -8.123351511758265808e-02 -1.010983089352855135e-01
6.036176212271417152e-02 7.631564826249949418e-02 1.001088925370131333e-01 1.249783587663053919e-01 1.497902445324491849e-01 1.751319305802859494e-01 2.014918938239193547e-01 2.277700792946912856e-01 2.542326626865570871e-01 2.809135439802595280e-01 3.088391888407761576e-01 3.368436910961468689e-01 3.662865907635274310e-01 3.951636738406857363e-01 4.259813412786496167e-01 4.561623593343124838e-01 4.868757312727582387e-01 5.187843408394341438e-01 5.505704057443460142e-01 5.838583235170575758e-01 6.160349326948606485e-01 6.493588062526531868e-01 6.822899111079483436e-01 7.152747694110581644e-01 7.495476941860601539e-01 7.814310158867751044e-01 8.149670137114400914e-01 8.466723622925302895e-01 8.771850926401023596e-01 9.473058720245282061e-01
2.926639542932091970e-02 3.978213736133589390e-02 5.235551680255755985e-02 6.514711640884977839e-02 7.769084381621663149e-02 9.041410571306165989e-02 1.032554566240031224e-01 1.156710137701943975e-01 1.277148622750526041e-01 1.396021399966190790e-01 1.516449774280458629e-01 1.632331164540201940e-01 1.747543469439549468e-01 1.856489614128909171e-01 1.969874290012281481e-01 2.076851391763543941e-01 2.180158598961839111e-01 2.284499462827023208e-01 2.384283765111228082e-01 2.485778059425899911e-01 2.580805092731399686e-01 2.676985846343289399e-01 2.769595140643616449e-01 2.860629960762583468e-01 2.957162407076004418e-01 3.042074985818928323e-01 3.132376930380532665e-01 3.215053339577764180e-01 3.293584845049412624e-01 3.438368769890011167e-01
-6.337481004126981066e-02 -9.146166340067161948e-02 -1.239217922614714723e-01 -1.570168779012309779e-01 -1.899837940524208846e-01 -2.233554520723698977e-01 -2.574693190748288396e-01 -2.911840905466996920e-01 -3.253162484115172948e-01 -3.584405933146525003e-01 -3.936448770539430764e-01 -4.280408086611287022e-01 -4.632224621686218402e-01 -4.980651071383801476e-01 -5.345541129729146634e-01 -5.694784039754768878e-01 -6.054056792766662198e-01 -6.415188536709649503e-01 -6.769578063762206055e-01 -7.139856536033932777e-01 -7.491274053923411280e-01 -7.848904874562714351e-01 -8.196343157776735389e-01 -8.538859514089662817e-01 -8.884893458161782220e-01 -9.208030984851003353e-01 -9.546906192732411700e-01 -9.865732607267514442e-01 -1.017584522361726806e+00 -1.088771806998688696e+00
5.510190927369752051e-03 -1.710415995823300755e-02 -3.018579388918388867e-02 -4.190645480878670004e-02 -5.298799796517868893e-02 -6.392070536516109014e-02 -7.410405680325106437e-02 -8.359377549657648343e-02 -9.279105931851786004e-02 -1.005050721002333086e-01 -1.087236652574262719e-01 -1.153381664135757628e-01 -1.203329933971373222e-01 -1.250468657207272072e-01 -1.289959525627077663e-01 -1.312550199906934445e-01 -1.331291566749182032e-01 -1.331416574823510723e-01 -1.318106248859734486e-01 -1.295482767593506279e-01 -1.260121487661283179e-01 -1.209719926004779456e-01 -1.145490028728694820e-01 -1.068144825528745262e-01 -9.771447744182940043e-02 -8.746671890712677533e-02 -7.632350425338643718e-02 -6.382672558390710404e-02 -5.053618745455946276e-02 3.474999789046974777e-03
-7.099799113027428776e-02 -1.070637858158450528e-01 -1.430925602628836113e-01 -1.801352710371410537e-01 -2.185209611003512964e-01 -2.583710775732115938e-01 -3.005863150850872634e-01 -3.437723668518097853e-01 -3.888569259425744273e-01 -4.338078557506597766e-01 -4.828601624779971235e-01 -5.314264607562874110e-01 -5.816097395856953955e-01 -6.319228517962223179e-01 -6.846493513080669224e-01 -7.345105444506265790e-01 -7.859027350623675190e-01 -8.361607907173064236e-01 -8.848311379630814377e-01 -9.339973041776238327e-01 -9.796155925802345621e-01 -1.024265448433438586e+00 -1.066291762864383319e+00 -1.105747179848371564e+00 -1.144688276962749329e+00 -1.178624544758283710e+00 -1.213851538448185163e+00 -1.244681421236182084e+00 -1.273343428325340199e+00 -1.317779202850665188e+00
1.998127288087188369e-04 -1.518992299131736654e-02 -2.487468655729330874e-02 -3.342125116577052829e-02 -4.101274787877563083e-02 -4.809990438878819496e-02 -5.407259839177917110e-02 -5.898173751336314302e-02 -6.321228719029391152e-02 -6.588578697908298309e-02 -6.832203022764657407e-02 -6.935254244932576029e-02 -6.887894509886488548e-02 -6.800695753768293272e-02 -6.629421002557210618e-02 -6.368033971952130612e-02 -6.062692818699093322e-02 -5.657363984657926004e-02 -5.176715648991581792e-02 -4.670521538464123684e-02 -4.116393059779434316e-02 -3.502364928728624038e-02 -2.837621040061570274e-02 -2.143596106275767049e-02 -1.374713619737000757e-02 -6.209165624309294362e-03 1.828243810323777058e-03 9.915144827053561788e-03 1.798526262327291431e-02 4.479640448051686041e-02
-1.537151520197599895e-02 -2.052372295345564202e-02 -2.832095935144427271e-02 -3.710158110996635006e-02 -4.697354197916191187e-02 -5.750062278487172440e-02 -6.904570311194155319e-02 -8.118947911338721124e-02 -9.436086645399582862e-02 -1.075066091936350554e-01 -1.222572823225959171e-01 -1.369845611068444824e-01 -1.523009656610990192e-01 -1.679878187245950061e-01 -1.844231456432399718e-01 -1.999109789133805271e-01 -2.162272739564702062e-01 -2.320553374102853617e-01 -2.474487276579477868e-01 -2.630926585274503959e-01 -2.776107399905825002e-01 -2.919070279834182768e-01 -3.054277339481058506e-01 -3.182629000151372956e-01 -3.308048288991213282e-01 -3.423199377509367758e-01 -3.545116730424980878e-01 -3.658806993498595617e-01 -3.772133325427117212e-01 -4.067900467388761987e-01
1.281549930764145639e-01 1.729208967717533740e-01 2.317335599869870810e-01 2.926852335387737369e-01 3.535470703007516091e-01 4.153669331744694881e-01 4.782795744163624851e-01 5.396605013745039425e-01 6.007181501092948572e-01 6.602872695100610034e-01 7.220315978650470035e-01 7.819574808251329445e-01 8.420966249340857690e-01 9.004784096606477384e-01 9.614378955860644060e-01 1.019211468435214263e+00 1.077112840263190874e+00 1.135565189138297182e+00 1.192231332167322133e+00 1.251156156170812661e+00 1.306736344234718405e+00 1.363674639157652191e+00 1.418829749619997527e+00 1.473879892444473816e+00 1.530609922960059599e+00 1.583145482680869076e+00 1.638985160753971604e+00 1.691937318986196370e+00 1.743738168450115644e+00 1.867622180636586471e+00
-2.837141538943738217e-05 -1.594985018063514032e-02 -2.584490277154918858e-02 -3.479850447252109263e-02 -4.316804039883088973e-02 -5.127726511102743967e-02 -5.846909280300700840e-02 -6.477013351163893318e-02 -7.058474001399944742e-02 -7.487647393330112977e-02 -7.922257075119364111e-02 -8.203445655098036415e-02 -8.317434309781138180e-02 -8.398639205981310585e-02 -8.392399444409728848e-02 -8.254843385630117325e-02 -8.073045233415582222e-02 -7.747992932464344007e-02 -7.318437723696093189e-02 -6.830037778804705362e-02 -6.262583885563771657e-02 -5.597851319673847331e-02 -4.849442503366517554e-02 -4.038923949941537750e-02 -3.131329718171924764e-02 -2.212555654777347350e-02 -1.243715679560212020e-02 -2.478256744123094601e-03 7.401653081624694208e-03 3.964638012402941364e-02
2.900318406971892291e-02 2.009527115421375076e-02 2.326009939653401679e-02 2.820322304240656733e-02 3.369730187107293495e-02 3.967806054639566593e-02 4.679481319564866848e-02 5.449295513097680843e-02 6.262139992216869677e-02 7.191508824741917050e-02 8.166723059906647042e-02 9.263166025746621957e-02 1.056284814464686916e-01 1.186426943212290780e-01 1.333187881836505051e-01 1.488560059714577610e-01 1.651328057214657696e-01 1.834447386879724529e-01 2.026946968104131885e-01 2.235469365406440867e-01 2.447123870327331252e-01 2.676945855659985107e-01 2.914796863446415531e-01 3.162921392514126406e-01 3.427579550074729142e-01 3.688475387683904927e-01 3.965861200530297337e-01 4.243583009993789901e-01 4.521199019700672395e-01 5.351354758411819290e-01
-5.473358496025832604e-03 -1.031978138795209589e-02 -2.004762493126527323e-02 -2.920717932794950761e-02 -3.621448025015519545e-02 -4.184787048867563697e-02 -4.497214728579668197e-02 -4.560307919818797073e-02 -4.414916235270432282e-02 -4.020087565021698839e-02 -3.413602722463566358e-02 -2.643657976584515290e-02 -1.674273578568540033e-02 -6.069310475593956214e-03 5.743728868364668394e-03 1.713541406159238556e-02 2.928193698024456407e-02 4.058452919062612019e-02 5.151850341460904870e-02 6.095379999079074407e-02 6.923847409591125934e-02 7.580679292050690465e-02 8.108598300804213677e-02 8.399960821726057403e-02 8.615718526511337294e-02 8.533977575508339131e-02 8.373818771619720436e-02 7.926305895038687765e-02 7.287520879039895150e-02 3.087000158869858402e-02
3.104770692335002968e-02 5.256082337262128062e-02 7.255400356797775396e-02 9.243472131798970148e-02 1.119607141953676832e-01 1.316512963893155530e-01 1.506925466982819428e-01 1.683528553573251929e-01 1.848613156463289053e-01 1.999462235932376042e-01 2.147540333715257932e-01 2.274881764918287863e-01 2.379155729543629416e-01 2.470540436930007688e-01 2.553870163504374236e-01 2.615365901090140888e-01 2.661527889964726556e-01 2.691382714064514126e-01 2.702539911282021423e-01 2.703391461224047276e-01 2.688439100453380304e-01 2.662154671659070493e-01 2.622490319790697910e-01 2.575491577199958693e-01 2.526448591176797542e-01 2.465883951468703372e-01 2.406638523108232952e-01 2.343488081441382209e-01 2.283983058716372305e-01 2.080302590417660857e-01
-8.739388825263216115e-03 -1.755059754307451703e-02 -2.589475025134548025e-02 -3.439709636788427366e-02 -4.322627236760659408e-02 -5.222411384331301920e-02 -6.134652184494616967e-02 -7.031485302673476379e-02 -7.958478082488938676e-02 -8.814670218193018658e-02 -9.747033537058376329e-02 -1.061741559903598697e-01 -1.144318580882214831e-01 -1.227270744668234187e-01 -1.310201478451691881e-01 -1.383154910173908236e-01 -1.458408639332484658e-01 -1.526115186984071947e-01 -1.587315778688286605e-01 -1.648493747895066197e-01 -1.700756163929507125e-01 -1.749152483004531855e-01 -1.790499106795420681e-01 -1.827312397867887350e-01 -1.858847351240943413e-01 -1.886127802960921584e-01 -1.915370205032188022e-01 -1.940765598311827156e-01 -1.967020585720147541e-01 -2.027406806586791455e-01
-1.063860727957826879e-01 -1.536858538628140258e-01 -2.089824843189653780e-01 -2.657486279489624792e-01 -3.227566768169099487e-01 -3.806783724685406378e-01 -4.398494840128441274e-01 -4.980467388853829780e-01 -5.567127177816079131e-01 -6.135712246263229641e-01 -6.735285007777579436e-01 -7.316828397306408549e-01 -7.902383231281785436e-01 -8.477688855904803589e-01 -9.076174457924025551e-01 -9.641089597423513347e-01 -1.021478641656765607e+00 -1.078470446112084424e+00 -1.133625741274197907e+00 -1.190661020898713396e+00 -1.244062131731972665e+00 -1.297930596412172344e+00 -1.349613235904208786e+00 -1.400286546514594388e+00 -1.451517715070385517e+00 -1.498782502039749831e+00 -1.548738248836808218e+00 -1.595785337410794646e+00 -1.641963484661938422e+00 -1.750613584483007301e+00
-6.238477920855164949e-02 -6.837503049260867938e-02 -8.210882706651501106e-02 -1.004713557588916700e-01 -1.251414133196457334e-01 -1.537710269993081691e-01 -1.889717799884418903e-01 -2.290877709099772286e-01 -2.747577672051867426e-01 -3.237275463329424285e-01 -3.800943278325742969e-01 -4.386120269458895771e-01 -5.016893913823452511e-01 -5.668186776883931133e-01 -6.359619242598225641e-01 -7.017972749435336111e-01 -7.709244657319602734e-01 -8.379322469398577944e-01 -9.032866920678975786e-01 -9.677681316189050698e-01 -1.027369440885263607e+00 -1.084609480732122044e+00 -1.138102210642399026e+00 -1.186927353941579888e+00 -1.234765920229398573e+00 -1.275775039004452216e+00 -1.318782351022136146e+00 -1.356397457237266568e+00 -1.392352127712947807e+00 -1.465951385267379115e+00
1.077855269757173606e-01 1.632650773491073903e-01 2.245768179903949724e-01 2.866469140745401822e-01 3.476168561053477601e-01 4.089667081193607556e-01 4.692713139669254518e-01 5.263274033924529860e-01 5.812500494834681453e-01 6.325390638052651449e-01 6.843759759802667819e-01 7.318105320526606672e-01 7.757209685821593315e-01 8.168731760683942689e-01 8.579568812676018341e-01 8.943723505249578931e-01 9.288811162997152593e-01 9.614437887928917181e-01 9.906271493268341555e-01 1.020033431383262190e+00 1.045786412469307480e+00 1.071046900348921804e+00 1.093876453327813580e+00 1.116077367636944206e+00 1.138875532052645134e+00 1.158782532322223613e+00 1.180807426390801940e+00 1.201519190446802332e+00 1.222709543796867138e+00 1.272539466591414259e+00
-1.768563951665270972e-02 -2.037447921653172053e-02 -3.019399634003587171e-02 -3.988886265780743762e-02 -4.788115676673994348e-02 -5.490000491953404838e-02 -6.081696738328820628e-02 -6.551263656168167249e-02 -6.928966546770956580e-02 -7.197949591058647179e-02 -7.387742982438105788e-02 -7.570952691044421923e-02 -7.804296412820946327e-02 -8.009663950931510124e-02 -8.270414476186400965e-02 -8.657543063528866378e-02 -9.105338758291264822e-02 -9.772139114985257946e-02 -1.056555961531100707e-01 -1.161632480357957797e-01 -1.278260684325073504e-01 -1.420151040954439892e-01 -1.576786509462299313e-01 -1.755474287717312953e-01 -1.946035388469019023e-01 -2.153377246474560414e-01 -2.372693824093041470e-01 -2.604681589689333276e-01 -2.841268071973654941e-01 -3.603467827389434941e-01
