-8.689304421549096102e-03 2.121753560135409764e-02 6.084360572865231409e-04 3.078713536225588521e-02 5.436809786988950483e-02 8.088082367230962910e-02 9.738950900819202949e-02 1.186932492932132044e-01 1.450127899210740257e-01 1.726716273675109048e-01 2.181704186413349622e-01 1.817095254378137126e-01 2.128076263867631213e-01 2.301545443322551843e-01 2.911432251802691940e-01 2.827556609111270269e-01 2.814860085508957832e-01 2.981344391248966219e-01 2.921741181451311675e-01 3.092893679863317757e-01 2.890799452110383028e-01 2.805276258252316635e-01 3.027150466968246967e-01 2.936246482863824059e-01 2.584006428642171005e-01 2.290088302918488194e-01 1.847425498704075852e-01 1.884160214467525130e-01 1.867459252651228474e-01 1.734631033735146710e-01
9.558116428843618784e-03 2.389337063345344653e-02 7.710071803925373085e-03 2.177223246512731414e-02 2.635964994644816178e-02 4.751358828276819324e-02 2.545512085572136998e-02 4.432161375824940353e-02 6.698785141265049814e-02 8.161780337636831417e-02 8.174342518925209466e-02 6.846887572396447019e-02 6.845793050623465159e-02 7.375249934194025303e-02 9.253527780442784290e-02 9.602010872537207475e-02 8.881598316922904857e-02 7.665275250058944945e-02 7.406444050746610608e-02 7.763970487258289865e-02 7.563394001514867071e-02 6.574240348871279727e-02 7.511808122745328165e-02 5.421032576495732336e-02 3.228217660118257865e-02 1.390160696960987541e-02 -5.964086453541364574e-03 -1.026391654071472093e-02 -1.402623734168356728e-02 -1.770904025518146852e-02
4.052870905093550191e-02 4.197668071731161521e-02 2.393526483565945606e-02 3.498192920304001030e-02 3.151134837070899974e-02 2.006669295755660054e-02 3.322612508596507058e-02 3.881372536105569954e-02 4.423107522468306546e-02 4.367869748301861366e-02 2.948329555617620890e-02 6.141933846681725540e-02 6.825694398670910379e-02 5.687634688151398110e-02 3.688749696636492437e-02 2.872071717346928732e-02 5.950873860228558798e-02 7.194263603191472511e-02 4.620893158808923179e-02 4.753535508994490011e-02 1.937700250861775289e-02 4.070948212215100975e-03 2.436050423897991035e-02 -9.554702127791078053e-03 -1.791239972298984406e-03 -1.508077151239173991e-03 1.587714179285771438e-02 -1.326778171625159208e-03 1.877034045345143953e-03 2.767464940672612755e-02
2.180817795956676436e-02 6.545010643992845573e-03 -6.465067059142206446e-03 -9.020827098596712751e-03 -2.370310312537855443e-03 -9.898565122538442729e-03 -5.188096667433257647e-04 -1.644774405840129100e-02 -1.503860678167765787e-02 -3.318691569705128908e-02 -3.921279359261607006e-02 -2.865574598440061294e-02 -4.624177755269334028e-02 -5.606920990146709027e-02 -7.118350281968031934e-02 -7.517692268215328544e-02 -6.240024074328137660e-02 -6.705677096275740323e-02 -8.770017473524513441e-02 -9.114942926168914661e-02 -8.891384031916474417e-02 -8.270915238700776717e-02 -7.889682522380803142e-02 -8.606891554295476032e-02 -7.349152251689294868e-02 -4.647994000445444807e-02 -5.295724753680474545e-02 -5.079365449452259706e-02 -1.771787873084756243e-02 6.836856315410128060e-02
-3.440156737420149713e-02 -2.988367120040466909e-02 -4.293856176060380225e-02 -4.813759237628288667e-02 -3.165196959798165233e-02 -3.555910888106821044e-02 -4.539876648897002431e-02 -5.938192098080442849e-02 -4.532162630441825130e-02 -7.495717639085347495e-02 -8.106646940677213198e-02 -6.953836696736152845e-02 -9.834583809958476197e-02 -9.547960846328382156e-02 -9.944452080782353875e-02 -9.849127752534153624e-02 -9.588481064152473698e-02 -9.014300608403391646e-02 -1.044985864979366685e-01 -9.912944207088844606e-02 -9.589319451125667693e-02 -9.519442806382674704e-02 -8.219563359735193586e-02 -8.560558184510808077e-02 -6.846214692716992567e-02 -4.249740129115800458e-02 -6.707793377463219797e-02 -5.480988958159579288e-02 -3.532173107696638670e-02 3.856493187412192436e-03
5.996934476404722214e-02 1.051940610300048373e-01 8.906979151496088876e-02 1.282905579123256035e-01 1.308988311676335392e-01 1.578226220978004302e-01 1.540434501018723978e-01 2.136211522461241852e-01 2.092441508125052474e-01 2.657973068348540857e-01 2.998090951284800854e-01 2.790237411451628180e-01 3.398070738749682795e-01 3.786167365624266146e-01 4.307826516462071043e-01 4.725218118225443797e-01 4.979293122559799167e-01 5.235296101707500593e-01 5.509956443146417637e-01 6.052510775592137016e-01 6.421884910426064463e-01 6.874262110258233527e-01 7.373087772316145871e-01 7.511349531637625532e-01 8.052032559648405474e-01 8.073631098730895683e-01 7.906164815414438163e-01 8.356546557352352300e-01 8.671460330422946505e-01 8.425294127280684719e-01
6.081659746719451226e-02 1.007206941267020373e-01 1.144960453986566123e-01 1.604999837506639604e-01 2.167272050508196601e-01 2.391146090235747868e-01 2.899760042956906481e-01 3.083045610328417618e-01 3.388934015730273863e-01 3.318912207795700064e-01 3.488817963282445644e-01 3.851349028878302549e-01 4.317817421863968108e-01 4.405275827073409367e-01 4.547706043197397574e-01 4.508933975768321112e-01 4.789832655856300914e-01 5.485998928006544650e-01 5.050646168189194540e-01 5.365068983704635031e-01 5.247304184319920850e-01 5.187299478077972426e-01 5.723877764494709197e-01 5.275806452594693496e-01 5.586937771331577096e-01 5.548419933122703540e-01 5.491606245512321571e-01 5.596420795687764294e-01 5.798831930781438437e-01 5.921031838716797058e-01
1.424533704128800107e-02 -7.563869919506110984e-03 2.918512919559374669e-03 -1.863704317578245701e-02 -5.676406794709140669e-03 -1.320433750146942503e-02 -3.174792994695557757e-03 6.040620470923685481e-03 -5.921205514157965033e-04 -2.828168803886123295e-03 -1.535967959869086880e-02 5.352489241984580148e-03 1.617219617757804928e-02 1.314148971029800023e-02 1.457394913005960468e-02 1.185447892031610273e-02 2.142474861328225871e-02 5.033153146088963775e-02 4.541994641305596714e-02 5.305912205896456957e-02 5.287068787615950560e-02 6.734572994819602865e-02 7.237638500973865574e-02 8.312391692232129481e-02 1.068579039549030357e-01 1.279254671800584275e-01 1.392864000375140798e-01 1.594251850454313502e-01 1.938828515740341762e-01 2.814816689283600182e-01
2.736982496158325145e-02 2.512618264494148601e-02 3.539105715754167769e-02 3.251938601149375468e-02 5.490985248711612032e-02 6.345032744602181751e-02 6.332203978055286897e-02 6.705254981449805529e-02 6.938579873749169125e-02 5.484159067626075829e-02 4.760809573895394275e-02 6.232907266665353718e-02 5.828228839739211381e-02 6.190115509891093437e-02 6.147799846903278381e-02 7.308031225237017481e-02 9.282196382189146500e-02 9.677618626472908603e-02 9.300055417755850873e-02 1.083551603152781428e-01 1.230175977098715567e-01 1.565560146859678037e-01 1.672758502782127898e-01 1.780253832069534914e-01 2.253586447943631277e-01 2.571846260510190496e-01 2.629280071304060939e-01 2.831645216485405014e-01 3.287030315368180133e-01 4.033679687200565356e-01
4.335736289705762608e-03 2.408388387121001423e-02 1.900351723193155831e-02 2.940871028707352924e-02 4.262644274310774251e-02 4.941335961370282859e-02 4.568427392594873182e-02 5.718595329382581555e-02 6.050897156818303702e-02 7.345116009180797934e-02 9.159373669096379511e-02 6.255793957591758436e-02 6.861496792286703172e-02 7.943592949301905848e-02 1.049945779442489902e-01 1.118178144732229345e-01 1.042592034309144655e-01 9.924807973979260511e-02 1.162077317479012772e-01 1.259492031259780709e-01 1.429859820149289862e-01 1.664090915025543405e-01 1.639910147809493790e-01 1.872748955232763080e-01 1.929089460799338629e-01 1.885119678316777292e-01 1.809397923106161321e-01 1.989189594358179436e-01 2.202752614741514958e-01 2.212816308206514704e-01
5.137942741264228674e-02 8.128990414142810150e-02 6.994527505724039418e-02 9.345334218970498263e-02 1.126005979569249943e-01 1.067234251974049641e-01 1.306641065526192302e-01 1.370079873770471135e-01 1.342022114558704682e-01 1.299966453089749785e-01 1.330479365125118996e-01 1.560826781378080175e-01 1.666551216346404407e-01 1.728377336927303110e-01 1.708528440689464634e-01 1.713433507953870949e-01 1.864633919451187949e-01 2.117497220245275757e-01 2.023109586704312790e-01 2.154381003589021515e-01 2.094027808965309156e-01 2.128971770178488265e-01 2.350923702894535672e-01 2.287969252467131342e-01 2.543654435991250518e-01 2.576527183459748627e-01 2.722543925040190049e-01 2.809614950439504044e-01 2.930463422576857768e-01 2.979046381676933031e-01
-1.637643568764887356e-02 -2.312352659982700939e-02 -2.876030062018600231e-02 -6.334767774205535273e-02 -9.758451276754823156e-02 -1.194907576789566439e-01 -1.462450328867329341e-01 -1.335773533842333771e-01 -1.648765905933524123e-01 -1.563516043619262441e-01 -1.592833780744782324e-01 -1.661205004604967561e-01 -1.704465401735214825e-01 -1.658118256961683135e-01 -1.723598752310270821e-01 -1.590051429976026554e-01 -1.614458161629444000e-01 -1.569779519260211254e-01 -1.529765594103878745e-01 -1.504303927708925126e-01 -1.451237677057144737e-01 -1.384197513722207062e-01 -1.386729167142056740e-01 -1.468844385923383511e-01 -1.348064852652795520e-01 -1.308717842717780910e-01 -1.543027984470677905e-01 -1.643593519673684500e-01 -1.659946857156076039e-01 -2.069309194660939322e-01
8.077446073975305674e-02 1.273919539932259204e-01 8.799307179414059266e-02 1.372585533116870149e-01 1.169802615659782663e-01 1.251431165209404006e-01 1.358623730954091058e-01 1.939310294104092947e-01 1.915943613822946312e-01 2.469833486494639463e-01 2.744687933234949972e-01 2.640099755178095808e-01 3.198554237364932828e-01 3.406710312443567701e-01 3.568783121326313257e-01 3.702634424328000717e-01 3.935480886708784265e-01 3.995714157939203037e-01 4.015183179291537119e-01 4.232557024508100119e-01 3.951184990805695074e-01 3.911255481915851817e-01 4.181056909397821708e-01 3.797109402029151815e-01 3.714932791332064554e-01 3.243545671541430142e-01 3.389546879162789184e-01 3.275256898808841521e-01 3.038664759147861050e-01 2.570210222708759207e-01
-1.655489871132533389e-02 -1.390817729041448833e-02 -2.589563129392737431e-02 -3.569768809345085642e-02 -4.159271546143761961e-02 -4.368946737716899315e-02 -5.360318376544688512e-02 -3.650161810216982772e-02 -4.602225194376602380e-02 -3.735053500301139390e-02 -2.185689832474568828e-02 -4.071505848353847157e-02 -3.473616370599395820e-02 -1.206971151924542823e-02 -2.668315274639173479e-03 1.693170834828522375e-02 5.586808788390053293e-03 1.946224566943042383e-02 2.866749587751871858e-02 4.156704903115369248e-02 5.114276376097357663e-02 6.328105153791024895e-02 7.302411812622097709e-02 7.737105024833770828e-02 9.310105510381873339e-02 9.523857119364753654e-02 8.943650798279431657e-02 1.143176936369739993e-01 1.161597565084371148e-01 1.448638242451649183e-01
2.172654870321193143e-03 1.115808252283714309e-02 -2.081792251893394008e-03 -8.206429940490877345e-03 -1.761908270883076957e-02 -2.563274079793217280e-02 -4.248717900945347958e-02 -1.455890258442962132e-02 -3.080199120056373308e-02 -1.600887411409250560e-02 -3.793372091035129151e-02 -1.726747587594852640e-02 -1.964985293472802652e-02 -1.091455877372807942e-03 -6.836143538933227293e-03 1.338117820938451025e-02 1.972128790947489524e-02 9.843417268423214350e-03 3.929116040611707605e-02 4.977883774582476939e-02 4.683809086569420271e-02 7.779167643291215462e-02 6.851025075390497487e-02 9.088793819210769231e-02 1.199956820565670768e-01 1.106868944717603886e-01 1.586734797895328342e-01 1.729264697193859113e-01 1.853475879764960865e-01 1.909577366326487835e-01
2.665835957231992709e-02 7.122815497385609484e-02 3.845246633782086615e-02 8.257700969292450233e-02 9.333205171794090038e-02 9.508677922502059565e-02 1.119897305160865997e-01 1.427071944351891719e-01 1.489384004770415160e-01 1.882769558317423930e-01 1.945345856334723122e-01 1.976940530962764397e-01 2.263924941334280461e-01 2.468838071518666966e-01 2.642565155351853101e-01 2.799093867384814249e-01 3.074161618117134953e-01 3.050091152730863286e-01 3.260942385155198853e-01 3.559448538267372397e-01 3.591580959808822193e-01 3.918921701990809581e-01 4.118849285936861948e-01 4.325201582375335918e-01 4.596652092502394593e-01 4.498335251811502733e-01 4.667127195959807628e-01 4.987031400214600452e-01 5.257165557599049466e-01 5.270351312742334038e-01
-4.527593651296839966e-02 -3.745160012170051927e-02 -6.879147590402030776e-02 -9.881876954962492965e-02 -1.186404574363761344e-01 -1.513430244210210718e-01 -1.876867989711372697e-01 -2.031510337914854414e-01 -2.046436567749659319e-01 -2.376278844547635716e-01 -2.622826200994531898e-01 -2.416780157013704577e-01 -2.841901092276084007e-01 -2.789725006429691900e-01 -3.130665965124465600e-01 -3.069298497224996480e-01 -3.245935948632257539e-01 -3.155676675034483347e-01 -3.184932850368151769e-01 -3.247833666445760770e-01 -3.345904454233412095e-01 -3.358927914974133011e-01 -3.465426089090775097e-01 -3.456755985828257050e-01 -3.438362101267553039e-01 -3.473456857311685297e-01 -3.559233398881683219e-01 -3.580648372849527528e-01 -3.651908001878582111e-01 -4.133643279540684667e-01
2.252521544120606595e-03 -2.630043124109762709e-04 -3.577350849564669977e-02 -2.659569427304863884e-02 -4.226750731183698262e-02 -5.444125981487977356e-02 -4.070983398160353539e-02 -4.768427777382878291e-02 -6.534752032598453719e-02 -5.798651335091380837e-02 -5.010324928816677070e-02 -5.560870245042461024e-02 -5.877919861549363301e-02 -6.324701809741031799e-02 -7.273778390077145772e-02 -6.902626103012456105e-02 -7.345914367535880118e-02 -7.052051982122568841e-02 -8.508544282568947237e-02 -9.038025623203571612e-02 -8.611544918188235309e-02 -9.431386863382056063e-02 -8.887403013441526334e-02 -1.056105723123444140e-01 -1.164627389854737821e-01 -1.238087355907656478e-01 -1.383731229739874613e-01 -1.485718515479430568e-01 -1.412181743280951363e-01 -1.488148481090987296e-01
-6.659155768005570186e-02 -7.341587061258078584e-02 -1.079955938738639959e-01 -1.116716243934908620e-01 -1.239200654341541946e-01 -1.623429924954473969e-01 -1.428804657303632264e-01 -1.742622369163057405e-01 -1.947089808472739214e-01 -2.193807628065019277e-01 -2.272628438989186539e-01 -2.138186572126812846e-01 -2.464679195171096959e-01 -2.744473115474321823e-01 -3.082589806044543912e-01 -3.296515242721069772e-01 -3.269731960215990219e-01 -3.332315333757779330e-01 -3.537446027202307275e-01 -3.810818309920286917e-01 -4.024557953008561784e-01 -4.190222633956186549e-01 -4.424024687179474169e-01 -4.467423192512099406e-01 -4.624379211831740610e-01 -4.588626615507966910e-01 -4.445036030968089191e-01 -4.779186463528325435e-01 -4.800720345323239990e-01 -4.772985871791741719e-01
5.921493417375073981e-02 7.820512314730387882e-02 8.193415916114579756e-02 1.182680230327743942e-01 1.487889814867866256e-01 1.823044287542414654e-01 1.799765908391072478e-01 1.928913147878426604e-01 2.311951515739493757e-01 2.293246737990891904e-01 2.125367420830422405e-01 2.268212387979963163e-01 2.239374080733159134e-01 2.229535167320153277e-01 2.240820448279440269e-01 2.245708107837279810e-01 2.223381592977597687e-01 2.010530798640035033e-01 1.883850650619627864e-01 1.890764448305851109e-01 1.818304832116297287e-01 1.790004075687773311e-01 1.824505334510983789e-01 1.521914902156315530e-01 1.346510120873010974e-01 1.032220317825919276e-01 1.145797415138497116e-01 9.638162820862823665e-02 1.063711405853178527e-01 9.060110584237660025e-02
1.109007043708986062e-01 1.472091847961082833e-01 1.182503768017061918e-01 1.981637861719071636e-01 2.154934413377090352e-01 2.484989189952832578e-01 2.931189087048312047e-01 3.659562148292640482e-01 3.749361810839164089e-01 4.407234339434935033e-01 4.726401349759902226e-01 4.859271428791955838e-01 5.780349895559069306e-01 5.974974070325489439e-01 6.366102441653638255e-01 6.504071937922696334e-01 7.146294925787346486e-01 7.524463293222907190e-01 7.547652218504852240e-01 7.985351079907302418e-01 7.927592300853701923e-01 8.157088932775279355e-01 8.702534299633122306e-01 8.600451900984363851e-01 9.037724814177773291e-01 9.005396251620438886e-01 9.476586948965496360e-01 9.785109974781187603e-01 1.017792288762057851e+00 1.111353948912614076e+00
6.011701564926082847e-03 -1.839090882488653850e-02 -2.306221754853991779e-02 -4.889996813548356386e-02 -5.817499989173100655e-02 -6.031220451694078999e-02 -8.589783682344728777e-02 -9.668591688532403305e-02 -9.371548867818373096e-02 -1.017203810905651928e-01 -1.323579361074229688e-01 -1.290233809088512651e-01 -1.606018989942689101e-01 -1.836697224701395181e-01 -1.960268911977649520e-01 -2.074469604215957996e-01 -2.244214582965691762e-01 -2.415310798605341258e-01 -2.516043908045254573e-01 -2.771776513391762675e-01 -2.828925339288661522e-01 -3.025054657248423817e-01 -3.225906623838089571e-01 -3.355267487338241539e-01 -3.633861879607448442e-01 -3.756636040396557075e-01 -3.689959181467481475e-01 -3.944392407544040635e-01 -3.929608878181359288e-01 -3.716323486336264859e-01
1.261144251695785479e-01 2.083013878699178645e-01 1.790338992477566449e-01 3.140808807665128599e-01 3.740311081588984510e-01 4.316681188522822343e-01 5.185001491571370469e-01 6.016124570950500683e-01 6.342978772480676319e-01 7.117693949970991252e-01 7.883405499057786203e-01 7.873515770983745554e-01 9.241517100089764458e-01 9.467813035160435042e-01 1.029036365493581684e+00 1.038957971234090616e+00 1.128956019103810826e+00 1.193543183510328509e+00 1.181739926655926309e+00 1.250586122192632210e+00 1.258277358825867331e+00 1.305792422790734264e+00 1.379157785581575535e+00 1.368160039379211712e+00 1.426077435045818076e+00 1.413157808147744277e+00 1.451070883561082825e+00 1.485717432956671136e+00 1.551357657918763566e+00 1.612044111359862697e+00
9.070108663155387885e-02 1.536980690642898717e-01 1.272120995366677332e-01 1.933829432943359183e-01 2.084711984949638719e-01 2.281386252790572333e-01 2.539150604586895010e-01 3.045228251795477070e-01 3.077244186987835861e-01 3.380078052687650603e-01 3.771443765111230362e-01 3.821602869161721538e-01 4.451421638580326801e-01 4.732918052198752945e-01 4.998991711687061357e-01 5.239404690930343778e-01 5.641017302024283753e-01 6.000675129407656572e-01 6.027769696873115368e-01 6.490092166325494016e-01 6.547867373929175949e-01 6.892485223550147699e-01 7.349680634551573055e-01 7.293798189174867108e-01 7.800388690720215790e-01 7.763692255443661594e-01 7.858123684186243407e-01 8.091219665922588788e-01 8.369669679694069497e-01 8.247607014898047373e-01
-6.522487357961175014e-02 -7.918625006308865899e-02 -5.951181885479980838e-02 -1.048881944180117542e-01 -8.291312295012781552e-02 -9.175274089695692470e-02 -1.101925734100796250e-01 -1.276908122229756248e-01 -1.159945297902713057e-01 -1.471952758579744280e-01 -1.727369324236179282e-01 -1.598318856991660653e-01 -2.005755944155131199e-01 -1.975955650705617517e-01 -1.999834134171556421e-01 -2.088717100408819527e-01 -2.258292361054477781e-01 -2.252691423824937089e-01 -2.299772513919295380e-01 -2.341408771441261250e-01 -2.474301068476424392e-01 -2.514517150759587594e-01 -2.593365667199024616e-01 -2.528552996723014146e-01 -2.523093238091231871e-01 -2.374569129177410698e-01 -2.552234169184010582e-01 -2.427566726194311797e-01 -2.371772967426427070e-01 -1.943799023209961674e-01
2.887997387578733477e-02 7.962701627640711433e-02 4.914282938440445170e-02 1.055481098630039194e-01 1.239427555958403371e-01 1.411045894030550085e-01 1.420518154520687137e-01 1.695144162531851961e-01 2.041735176727237366e-01 2.186217734014848646e-01 2.459389965104409048e-01 2.306272747575459636e-01 2.529228707942540177e-01 2.666942609531559594e-01 2.911726255539675012e-01 2.948938384017281145e-01 3.199821212375698054e-01 3.194360763139025838e-01 3.178654429053892061e-01 3.391935438838880046e-01 3.328037030699504961e-01 3.398464675789156786e-01 3.675207228044926611e-01 3.580998124635269564e-01 3.635308740531924543e-01 3.539927371701521164e-01 3.429457830295432608e-01 3.497508799625537179e-01 3.600756625254355470e-01 3.482315253182861614e-01
-1.043237400718358132e-01 -9.830521623314149304e-02 -1.006343411487036488e-01 -1.354264275529037942e-01 -1.226985834646698997e-01 -1.585798684041277162e-01 -1.691263354320317325e-01 -1.961983721325100960e-01 -1.970371314794159279e-01 -2.414161055223329466e-01 -2.974052147402174717e-01 -2.438917359224711257e-01 -3.014816659108605079e-01 -3.254795098360632744e-01 -3.640635228621736941e-01 -3.849927771648412600e-01 -3.856275990118058217e-01 -3.945832169049733329e-01 -3.976560886641134496e-01 -4.215203441605937518e-01 -4.471013912206671659e-01 -4.297272252972896833e-01 -4.863309554919301170e-01 -4.588677141495230982e-01 -4.528876359124806017e-01 -4.599319409925801683e-01 -4.083358579840157265e-01 -4.341844800297433582e-01 -4.200624264744119984e-01 -4.372040571665223863e-01
-8.192077512514270299e-02 -7.696138400044108541e-02 -9.709651381317617458e-02 -1.151014664760954542e-01 -1.170779588675752436e-01 -1.253373849397060036e-01 -1.447053123871361868e-01 -1.628832897881797581e-01 -1.575406565044486229e-01 -1.722291883958789460e-01 -1.661212279932588742e-01 -1.956301174597575576e-01 -2.313038794783389418e-01 -2.312862624848492366e-01 -2.241326281671400800e-01 -2.334766860869682270e-01 -2.751525779518070869e-01 -2.872092635764131874e-01 -2.869902329961340759e-01 -3.062811087437364854e-01 -3.232022475398548811e-01 -3.457833872100838368e-01 -3.676774541052333922e-01 -3.690231180402109845e-01 -4.181117735707025607e-01 -4.496488702362654855e-01 -4.707905259076304305e-01 -4.898663068523714248e-01 -5.215720389458683437e-01 -5.812437316451053437e-01
-2.467794520343607328e-03 3.125509950413491583e-02 3.165843753763641216e-02 3.405188674639859220e-02 3.178780113192760520e-02 3.551925850509093929e-02 -5.625311409863258810e-03 9.463365447943933306e-03 4.037668631512378314e-02 4.045936010548136647e-02 5.743060989839034874e-03 1.512102684106746836e-02 -7.898468732700529224e-03 -1.283792074118798518e-02 -3.007974665460885766e-02 -3.072131190629560915e-02 -3.880967872422926013e-02 -6.394523812590530154e-02 -6.745273151450313642e-02 -7.854205524870754018e-02 -9.723317296942066146e-02 -1.063986074684559607e-01 -1.262942415160381304e-01 -1.548047882786190710e-01 -1.780366218542266121e-01 -2.274118786329482611e-01 -2.101535067343146546e-01 -2.486683239572753668e-01 -2.747661481536444739e-01 -3.758260845215925516e-01
4.221140403442227851e-02 8.424337169967957561e-02 4.623533904217856649e-02 9.237667231462082240e-02 7.762057303561317734e-02 7.253598573863048737e-02 8.501946502757941337e-02 1.232315810225308728e-01 1.093733489596868391e-01 1.462826741124212959e-01 1.767098174391517618e-01 1.614337156713204213e-01 2.022694735886958473e-01 2.149881417710818032e-01 2.259576312828711075e-01 2.364955820161689648e-01 2.482238498708381758e-01 2.635210568858687985e-01 2.689134851461109088e-01 2.826935422011140897e-01 2.864272535434377875e-01 2.837431179430305872e-01 3.055735157714475347e-01 2.869875186413342050e-01 2.914477792942599121e-01 2.704081286732917810e-01 2.869509258150426123e-01 2.849319725601072162e-01 2.759943377037470391e-01 2.351694133080726445e-01
-4.538081385770442039e-02 -6.034451816509596445e-02 -7.641378565177296689e-02 -1.176827538299937137e-01 -1.449344070309244725e-01 -1.651945909364198883e-01 -2.076190465976228416e-01 -2.305858167356575339e-01 -2.321738787431746331e-01 -2.535158321590426089e-01 -2.833837802986783894e-01 -2.882885207018155427e-01 -3.490095752359122505e-01 -3.644772437728745484e-01 -3.931263502726531911e-01 -3.995897437993396473e-01 -4.157649879821637695e-01 -4.602147984283797011e-01 -4.753614319963136992e-01 -5.006805311806183933e-01 -5.226538761853221082e-01 -5.475595996010582667e-01 -5.686066398761697727e-01 -5.975871744097152050e-01 -6.303255765279323075e-01 -6.373546993514153103e-01 -6.719396512326778481e-01 -7.115705149809087304e-01 -7.379114998981814999e-01 -7.703603464837573966e-01
-8.438676537951882162e-02 -1.135401427123227253e-01 -1.162409293265681126e-01 -1.721424873874841110e-01 -1.891176221888618003e-01 -2.188553476834259326e-01 -2.620315957834548626e-01 -2.925939222513966875e-01 -2.800772564967151101e-01 -3.088556029777418943e-01 -3.440854791704375804e-01 -3.460634579962623691e-01 -4.069300529766123886e-01 -4.213035394694085722e-01 -4.529498874164340494e-01 -4.598267025479607639e-01 -4.687835061946598603e-01 -4.841948886856991541e-01 -4.988871880609258014e-01 -5.209130094694028879e-01 -5.237785745282431682e-01 -5.310761723922353683e-01 -5.506993550652503622e-01 -5.496409866206262151e-01 -5.570797358463576154e-01 -5.364217526528599622e-01 -5.720835763130950324e-01 -5.775146848837766633e-01 -5.729365500941380196e-01 -5.415773908623666699e-01
-1.716576763335158837e-02 -1.002915071665938518e-02 -2.577731661447167991e-02 -4.061477110686399772e-02 -3.540395309088767428e-02 -3.875605785805823211e-02 -6.606109393092052251e-02 -7.081917625958515650e-02 -4.265975774905651774e-02 -5.165296457218676585e-02 -8.296912133655759414e-02 -6.214424350489834714e-02 -9.039745490819146856e-02 -8.935646035760344552e-02 -9.254853142959726386e-02 -1.019065981896162265e-01 -1.111875156797073189e-01 -1.120060696498349218e-01 -1.215135985630369092e-01 -1.259852903485042808e-01 -1.475978773514966813e-01 -1.693708782442906180e-01 -1.651824733925344735e-01 -1.832598101039880079e-01 -2.055037740916271505e-01 -2.221272518930724471e-01 -2.325990859814455747e-01 -2.343734140724686998e-01 -2.401377741175463598e-01 -2.433499054478450441e-01
7.869786000025166817e-02 1.141033913332467759e-01 9.522423853285544304e-02 1.403569804266814602e-01 1.527981670568669403e-01 1.502487216494659550e-01 1.989329496148322662e-01 2.277919796387949947e-01 2.131505867827189760e-01 2.256823576453431401e-01 2.506847405990523248e-01 2.741901470984016154e-01 3.231067928960162927e-01 3.431769775781241538e-01 3.400450788994515694e-01 3.570369135849818520e-01 3.756563810205403309e-01 4.260610875843042211e-01 4.149302284484527314e-01 4.412598074052995201e-01 4.410954451895796602e-01 4.614076645014396627e-01 4.895230551989707690e-01 4.752474437434992538e-01 5.131355953026597305e-01 4.986979223193019894e-01 5.305863861443737006e-01 5.439678944143020445e-01 5.628550851243870889e-01 5.552338833478731583e-01
6.582242017900609421e-02 9.043087641232459839e-02 7.928288967309735091e-02 1.158555847979750308e-01 1.283294682772177508e-01 1.444824166374196472e-01 1.619546196317167286e-01 1.917620192102243437e-01 1.983793140159813007e-01 2.151922603736137751e-01 2.501171120030563078e-01 2.358129421016364191e-01 2.746491913715427002e-01 2.851829614249297151e-01 3.071125690667108055e-01 3.169370892113165805e-01 3.439094877535943118e-01 3.672992273317464140e-01 3.603121055864477729e-01 3.810846387473414421e-01 3.921218881004934209e-01 4.195487374366991817e-01 4.393072226818244830e-01 4.383914593167708151e-01 4.679032079369183084e-01 4.720497585394321516e-01 4.752654379519297700e-01 4.868755655969613239e-01 5.244831151994399088e-01 5.687695007250492818e-01
-8.844771645530047355e-02 -1.048286562356600671e-01 -1.225805133867724911e-01 -1.752422524095492706e-01 -1.994875175670948741e-01 -2.406692255968904681e-01 -2.600812550179245619e-01 -3.061022417813197838e-01 -3.156190531629466944e-01 -3.517105672288389773e-01 -3.757441319929368251e-01 -3.686564720657781180e-01 -4.303067027465614092e-01 -4.608906509489170134e-01 -4.916735259202762442e-01 -5.231861904991703671e-01 -5.533544000897545612e-01 -5.551058090321150384e-01 -5.967486836363684599e-01 -6.387822945372073624e-01 -6.692914367171228784e-01 -7.258658244791406089e-01 -7.521769820074377666e-01 -8.018981521289675340e-01 -8.584083269190908583e-01 -8.815417058782856197e-01 -9.155845017577718403e-01 -9.758253673493091362e-01 -1.014292299279471177e+00 -1.089614074979911473e+00
2.720954309069734123e-02 2.340831748214230665e-02 3.372703126144948466e-02 2.722717898576320489e-02 2.474570055487582826e-02 2.692371317930670332e-02 2.669442864067955029e-02 3.783979560359553018e-02 1.682668202986092876e-02 2.678452013811884191e-02 5.050446215644793790e-03 1.632312565384125974e-02 1.776264503286736907e-02 5.033329905124728221e-04 -1.268995340200114452e-02 -9.059396841320704885e-03 -2.794546766142796956e-03 -1.535156079446556299e-02 -1.806506233617341528e-02 -2.194297396567228275e-02 -2.102549111560951534e-02 -1.603981373423729595e-02 -2.348199418748465883e-02 -3.579397943128402593e-02 -2.130818080996850494e-02 -2.486273687126676346e-02 1.323009515339729214e-03 -1.713663116153787969e-02 -1.088512081784157037e-02 9.874466273197962662e-04
-7.971311790254002883e-02 -1.045767769616401804e-01 -8.442218131759801625e-02 -1.508957811081206579e-01 -1.522130940587732295e-01 -1.903209510849031560e-01 -2.002719648225395055e-01 -2.662273832398153184e-01 -2.821762494244778874e-01 -3.356885519777451643e-01 -4.098944057701405796e-01 -3.759867293478557082e-01 -4.616362210198465821e-01 -5.188381765642259280e-01 -5.866569583748225680e-01 -6.204075840149124721e-01 -6.672462585529541634e-01 -6.928252006749622272e-01 -7.262421077839298356e-01 -7.830053284935853952e-01 -8.098368304131712270e-01 -8.528880853737157430e-01 -9.135560214661746503e-01 -9.367845243318170256e-01 -9.810270112304199097e-01 -1.004962627660310970e+00 -9.874451606870171538e-01 -1.049494938731612814e+00 -1.085053144981273920e+00 -1.136849071816642631e+00
5.306200185833669092e-02 4.393758693555439160e-02 5.928644124904089430e-02 4.527735601294128470e-02 5.202185451431740743e-02 5.783785223721131519e-02 2.871765553431686324e-02 2.868375614190050646e-02 4.306477751469418858e-02 1.799185531374343852e-02 -4.843144248598289792e-02 4.522052934527842627e-03 -4.005288243732735287e-02 -5.169311934118660939e-02 -9.607157669283199197e-02 -9.362093976953417274e-02 -8.699095332959758120e-02 -1.263254066523611940e-01 -1.372525601564239528e-01 -1.492608511557725892e-01 -1.681898809597260902e-01 -1.719901161455977268e-01 -1.826569571052898411e-01 -2.099920671414498008e-01 -1.983518242905264739e-01 -1.976710379886306990e-01 -1.620509597871748197e-01 -1.850028929781696307e-01 -1.828766029071727528e-01 -1.458022097814871132e-01
-2.497983857118299400e-02 -3.269867293519324730e-02 -1.449134884662461875e-02 -3.219882474691521113e-02 -7.578159476729913469e-03 -5.405204785290270569e-03 -1.790232096466773046e-02 -4.261119835953473822e-02 -2.148126293542237247e-02 -5.344335328644522765e-02 -9.180968619858441426e-02 -6.955214659340772099e-02 -1.149594628566040638e-01 -1.273408032726235650e-01 -1.473941491165954298e-01 -1.548999384515891697e-01 -1.608997026789798501e-01 -1.837356755805031328e-01 -2.009351534069171996e-01 -2.078875360134059824e-01 -2.160419470883342963e-01 -2.258784684247349128e-01 -2.261832226388417744e-01 -2.412397118039449617e-01 -2.416566175951276041e-01 -2.285510998199943300e-01 -2.467143382082050140e-01 -2.553188936842107903e-01 -2.487180809966337836e-01 -2.329932233905665506e-01
1.456779187628105821e-01 2.005799047008590685e-01 2.079415969922473739e-01 2.869364345772337788e-01 3.397305879587278477e-01 3.873772723150653019e-01 4.485152105027227498e-01 5.146808389014493335e-01 5.185647393451916498e-01 5.754547934044916824e-01 6.121262114185950232e-01 6.243053861513919722e-01 7.217602697015599311e-01 7.548882968062526899e-01 8.063676047156733695e-01 8.401893516001907036e-01 9.043733846519530495e-01 9.432487258740218650e-01 9.550481135688180245e-01 1.028288971525783024e+00 1.051181531153643434e+00 1.117075109553002488e+00 1.185997905774690775e+00 1.201029184138449946e+00 1.292854773875405705e+00 1.314788225577077529e+00 1.338746112066869554e+00 1.403437791049314542e+00 1.468263736313267565e+00 1.558248180243574144e+00
-4.058100429847477653e-02 -4.990866875820441917e-02 -5.263557264766763333e-02 -7.990727344421562350e-02 -7.646794173946554196e-02 -8.095307503576765207e-02 -1.052156787286937373e-01 -1.069903888451806534e-01 -9.007016756496386001e-02 -9.838456295602758528e-02 -1.164457890361064313e-01 -1.055058646349305573e-01 -1.250178349412890966e-01 -1.054581831466234465e-01 -1.072318440087262764e-01 -9.306126839445220955e-02 -9.209376396208721061e-02 -8.344688287195188570e-02 -8.665259083149434716e-02 -6.678507996992506801e-02 -6.681659462322339649e-02 -5.942133065932724001e-02 -3.258011501409908278e-02 -3.252196015375827254e-02 -1.405814453742452660e-02 1.071835682142893015e-02 -4.533394667534335065e-02 -1.094359292788682492e-02 7.684763491123611234e-03 3.707800163729453591e-02
3.154522862188439969e-02 2.684211249605127081e-02 1.827434224055288561e-02 1.185869545702693262e-02 1.078492956824909227e-02 6.260236316436153942e-03 2.072640443816329420e-02 2.875963130872534468e-02 1.333604984040077240e-03 1.580766360751984997e-02 3.497755081296523294e-02 1.498478101307090977e-02 2.900385429505896590e-02 4.288200840041182793e-02 5.346914251335713186e-02 6.684696112334276297e-02 4.995762953296097042e-02 7.025981557457131044e-02 7.830828820807722579e-02 8.629089775370185622e-02 1.042721472737808963e-01 1.175564876995661701e-01 1.249596111784912755e-01 1.389086844712748292e-01 1.510528693081844287e-01 1.530998717529276909e-01 1.476884225958705332e-01 1.753420294123670953e-01 1.941287771242551363e-01 2.327698496611563805e-01
-5.028432270999011466e-02 -6.322973273613655132e-02 -9.403878049342039025e-02 -1.162572827912015799e-01 -1.561110356789688902e-01 -1.820271070923245305e-01 -2.034561115561184241e-01 -1.866528285021089029e-01 -2.196688216262563942e-01 -2.191430872627826987e-01 -1.826702315579043778e-01 -2.007967149701320453e-01 -1.911741620847303424e-01 -1.677329813430029626e-01 -1.578994067026494030e-01 -1.406295413298474517e-01 -1.469119702684052176e-01 -9.614056569527396068e-02 -1.042567939586910575e-01 -9.589472179358582427e-02 -7.559455250298295625e-02 -8.630812747144436803e-02 -5.690289455266249463e-02 -7.698990702104835382e-02 -6.344782034110778290e-02 -4.096947847728436842e-02 -9.436215085992522011e-02 -8.625320748546774774e-02 -8.309924482044935001e-02 -1.030338382192147462e-01
4.986694553512945050e-02 8.390337107225800950e-02 8.714973336739581522e-02 1.195268579171020334e-01 1.503726758459348056e-01 1.757847934103241583e-01 1.825347868542252505e-01 2.020146739410632886e-01 2.196244132798334525e-01 2.287077206096714277e-01 2.568344887895378514e-01 2.409816581749623654e-01 2.590657116406091531e-01 2.780860699777428779e-01 3.175149980726251764e-01 3.247887375055097947e-01 3.397984403247676366e-01 3.373747860224334816e-01 3.323614086753899355e-01 3.618982809310160587e-01 3.681394105392346017e-01 3.772606978816905876e-01 4.173061757343212164e-01 3.989188727338948692e-01 4.120553429153481217e-01 4.189253405591725765e-01 3.659734344940969164e-01 3.763750308911522069e-01 3.975283323036180594e-01 3.767142510524490451e-01
1.291133094413195355e-02 -1.097210175872963267e-04 -2.039006699715352824e-02 -3.661431740981381522e-02 -4.828957359928520016e-02 -6.199210467587824847e-02 -6.984486214401874893e-02 -8.046174304816031131e-02 -8.554286061542215602e-02 -9.419458035825643838e-02 -1.117458522964285828e-01 -1.002781664608577289e-01 -1.259296220309871484e-01 -1.229636415821557249e-01 -1.444343053590064208e-01 -1.346379354720148858e-01 -1.290245005455022964e-01 -1.489191431970489365e-01 -1.533207025649288013e-01 -1.522338750840101507e-01 -1.600210346095110592e-01 -1.431615488028989414e-01 -1.466630606547223437e-01 -1.478829850594747808e-01 -1.382018937314437590e-01 -1.333102943566465970e-01 -1.401577955660701647e-01 -1.393962149635161463e-01 -1.194310364824107268e-01 -9.572922288492566323e-02
-1.688626413184495245e-01 -2.016898792301816401e-01 -2.044895605059615928e-01 -2.989103537732635818e-01 -3.267875029525716957e-01 -3.813257872497656242e-01 -4.167321367644292174e-01 -4.850052586140094490e-01 -4.977024746295705127e-01 -5.450398181149209709e-01 -6.184900881628720981e-01 -5.999522472493367120e-01 -7.050400437118141683e-01 -7.454247159321837346e-01 -8.119352002216502218e-01 -8.410378860522189637e-01 -9.052361577021720285e-01 -9.362319925088112837e-01 -9.631876268680163999e-01 -1.025788120757628263e+00 -1.065709279362262007e+00 -1.116893443777300376e+00 -1.190076415639284013e+00 -1.215230128594108505e+00 -1.286038449290280772e+00 -1.329675378873336866e+00 -1.328840194383131390e+00 -1.390384323228285091e+00 -1.453164312528895774e+00 -1.535504535069861509e+00
-5.858149773227555590e-02 -8.192714626604011285e-02 -3.423452436302468899e-02 -1.016610134248413233e-01 -1.048790513009083131e-01 -1.171399803209455664e-01 -1.714362481220312873e-01 -2.227199376577311263e-01 -2.200884611089096166e-01 -2.556030880858090604e-01 -3.684492780819086377e-01 -3.408219357140500616e-01 -4.476936504210602408e-01 -5.314813711397597951e-01 -5.922573035368443595e-01 -6.390370915496146331e-01 -6.670419958814775008e-01 -7.812601782182830856e-01 -7.982175264662747516e-01 -8.668305521330701424e-01 -9.150516521457967567e-01 -9.659791424363141088e-01 -1.045849964032296242e+00 -1.084388569934076285e+00 -1.151606570817352182e+00 -1.185566272366468388e+00 -1.156803410860558490e+00 -1.265254360287239255e+00 -1.324232207668957662e+00 -1.407873120970617897e+00
9.670656569146143799e-02 1.380132624982499667e-01 1.333295157531586006e-01 1.925029795239755759e-01 2.284167203071088281e-01 2.632865978334985591e-01 2.966708310393565973e-01 3.467615750881312131e-01 3.767503325784865020e-01 4.152721805889423856e-01 4.245473339503421650e-01 4.530394923553212605e-01 5.250744345685590675e-01 5.375706961417001661e-01 5.634658223116152387e-01 5.759655949451086832e-01 6.250223906964578191e-01 6.736488083503110458e-01 6.576206743806832788e-01 7.025338237950297104e-01 7.024923963258939974e-01 7.240098599034376914e-01 7.784470576383479834e-01 7.550015985226877779e-01 7.987460780396914428e-01 7.916114383191839021e-01 8.083418597804363781e-01 8.362476709409659703e-01 8.751822335201500103e-01 9.180485670876803450e-01
-2.018231405924923033e-02 -1.930147947007258488e-02 -4.285596803951020189e-02 -2.801713200607591422e-02 -1.896272308734442760e-02 -1.585406981353112282e-02 2.393819402739337174e-02 1.782082354031888638e-02 1.957781063818325729e-02 1.817301537472551173e-02 5.152894284299088662e-02 3.272819907779043330e-02 4.737323228309370249e-02 5.306067400357485780e-02 5.655587710793778811e-02 5.428081153136099513e-02 3.796338526523927726e-02 5.908972038253652859e-02 3.237141118593321598e-02 3.285628094994973158e-02 4.670457641018019301e-04 -1.507103984912707556e-02 -6.925510961443746838e-03 -3.422100530924488543e-02 -6.834163008059157551e-02 -1.018427859192284485e-01 -1.229588316841498663e-01 -1.356565858744139819e-01 -1.563282793671699200e-01 -1.700740061188405483e-01
