3.046757876873016357e-01
-3.297130167484283447e-01
5.259038209915161133e-01
-1.020100340247154236e-01
-8.077009320259094238e-01
-2.410821467638015747e-01
-4.166230261325836182e-01
7.653059959411621094e-01
6.614915132522583008e-01
1.103652238845825195e+00
-1.756581068038940430e+00
-4.214685410261154175e-02
3.870844542980194092e-01
-1.304905563592910767e-01
-1.002491593360900879e+00
1.818033218383789062e+00
-6.912820935249328613e-01
-2.674103081226348877e-01
1.097809791564941406e+00
-7.924149632453918457e-01
3.216305971145629883e-01
7.810585498809814453e-01
1.215612590312957764e-01
-1.196358442306518555e+00
2.200332880020141602e+00
1.009830951690673828e+00
-8.256180286407470703e-01
-2.183053970336914062e+00
-5.044880509376525879e-01
7.520992159843444824e-01
-1.901009678840637207e+00
-7.219900488853454590e-01
4.798356294631958008e-01
1.377636753022670746e-02
-1.921183943748474121e+00
-1.082858681678771973e+00
1.340448260307312012e+00
-9.393063187599182129e-01
-1.095488071441650391e+00
1.339796036481857300e-01
3.849824666976928711e-01
8.134440779685974121e-01
3.142699480056762695e+00
1.219936132431030273e+00
1.235350131988525391e+00
-2.808529138565063477e+00
-6.919433474540710449e-01
1.259488463401794434e+00
4.899034202098846436e-01
-3.285534381866455078e-01
-2.920803725719451904e-01
3.940462470054626465e-01
