-8.010085672140121460e-02
1.299892272800207138e-02
-8.485430479049682617e-02
-6.180284172296524048e-02
3.885669261217117310e-02
-4.912460967898368835e-02
-4.870238527655601501e-02
-6.242045387625694275e-02
8.381127566099166870e-02
8.728330140002071857e-04
-7.314824312925338745e-02
-4.929390177130699158e-02
4.755882173776626587e-02
-4.582273215055465698e-02
-3.530344110913574696e-04
-4.156674817204475403e-02
8.435170352458953857e-02
7.830540090799331665e-02
3.192993253469467163e-02
2.242609560489654541e-01
