-1.166171550750732422e+00
-2.075690627098083496e-01
1.831953227519989014e-01
1.593345403671264648e-01
-1.193704128265380859e+00
9.629395604133605957e-01
-5.352238416671752930e-01
3.124008476734161377e-01
6.452146768569946289e-01
-5.318286642432212830e-02
-2.693868637084960938e+00
9.317813515663146973e-01
-2.613552100956439972e-02
-8.614594489336013794e-02
-1.007210493087768555e+00
-7.993866801261901855e-01
-4.479432404041290283e-01
4.616740643978118896e-01
-1.983690112829208374e-01
5.633256435394287109e-01
1.747102439403533936e-01
1.165206670761108398e+00
1.064658090472221375e-01
1.053507104516029358e-01
2.565597295761108398e-01
-3.638525679707527161e-02
5.227234363555908203e-01
6.932948827743530273e-01
-8.130366206169128418e-01
-9.973453357815742493e-03
-1.134963333606719971e-01
-5.827367305755615234e-01
-3.719882965087890625e-01
1.404441475868225098e+00
3.465936183929443359e-01
-7.779083400964736938e-02
1.364396333694458008e+00
-1.591520428657531738e+00
4.866985604166984558e-02
-7.015601992607116699e-01
-7.548016905784606934e-01
-3.672749549150466919e-02
-2.099361717700958252e-01
4.297367036342620850e-01
-8.305437564849853516e-01
-6.453446745872497559e-01
2.864694967865943909e-02
-5.418244600296020508e-01
1.964113950729370117e+00
4.169829785823822021e-01
-1.695971012115478516e+00
2.645085752010345459e-01
-1.396582365036010742e+00
-9.569490551948547363e-01
1.566972285509109497e-01
2.144688129425048828e+00
-5.966715812683105469e-01
-8.146188259124755859e-01
-1.101730704307556152e+00
1.134760737419128418e+00
-1.565441936254501343e-01
8.189441561698913574e-01
9.674679040908813477e-01
-3.947824835777282715e-01
-1.685895681381225586e+00
-7.697533369064331055e-01
-1.957764625549316406e-01
7.495308518409729004e-01
1.832943558692932129e+00
5.050191879272460938e-01
1.986339539289474487e-01
-9.946921467781066895e-01
2.285956442356109619e-01
2.838411629199981689e-01
-6.626495160162448883e-03
9.270773828029632568e-02
-2.378037124872207642e-01
-6.355503201484680176e-02
-7.744424343109130859e-01
2.018617987632751465e-01
1.771184802055358887e+00
1.087581992149353027e+00
-6.942465305328369141e-01
-6.765043735504150391e-01
4.776190817356109619e-01
-1.404944956302642822e-01
4.039483964443206787e-01
1.095279097557067871e+00
3.107545971870422363e-01
-1.078843474388122559e+00
1.838899135589599609e+00
4.669378399848937988e-01
5.386495590209960938e-01
-1.385708749294281006e-01
1.617952227592468262e+00
-6.076338887214660645e-01
1.782359629869461060e-01
-5.967620015144348145e-02
1.448294073343276978e-01
-1.238050103187561035e+00
1.122967004776000977e+00
2.761492729187011719e+00
1.434418201446533203e+00
-2.945297956466674805e-01
1.815367460250854492e+00
-5.042714476585388184e-01
-7.789195179939270020e-01
-1.573658466339111328e+00
1.835374087095260620e-01
-7.815903425216674805e-02
9.422530531883239746e-01
-4.255481958389282227e-01
-1.888284683227539062e+00
-6.168552041053771973e-01
1.670784205198287964e-01
-8.632061481475830078e-01
1.775493979454040527e+00
7.987322658300399780e-02
-2.529971361160278320e+00
1.130571603775024414e+00
1.516794443130493164e+00
-8.211237788200378418e-01
-2.601890563964843750e+00
-1.068788290023803711e+00
4.148205757141113281e+00
-2.561118006706237793e-01
8.597375750541687012e-01
5.072400569915771484e-01
1.026602387428283691e+00
1.857973486185073853e-01
3.030536770820617676e-01
-6.369997262954711914e-01
3.466583192348480225e-01
8.099400997161865234e-01
1.574583888053894043e+00
-4.439779222011566162e-01
-1.011435866355895996e+00
7.270763516426086426e-01
4.437012374401092529e-01
3.622988462448120117e-01
-4.832830727100372314e-01
2.768961191177368164e-01
8.679493516683578491e-02
6.529194712638854980e-01
-2.750722765922546387e-01
4.967269003391265869e-01
-1.577645242214202881e-01
-9.618954360485076904e-02
-3.431140184402465820e-01
2.362675905227661133e+00
-1.272927641868591309e+00
7.151024937629699707e-01
-2.985619902610778809e-01
-1.825471520423889160e+00
-3.506025969982147217e-01
-1.563449978828430176e+00
8.384673595428466797e-01
-1.952269375324249268e-01
4.570936560630798340e-01
-1.441443115472793579e-01
-1.133414387702941895e+00
7.738959044218063354e-02
7.317117601633071899e-02
-9.830397963523864746e-01
-3.275727033615112305e-01
8.444001078605651855e-01
4.145721495151519775e-01
1.277241826057434082e+00
-1.019449472427368164e+00
-8.380251526832580566e-01
-3.895783722400665283e-01
-8.432450890541076660e-01
5.976833403110504150e-02
-1.684141993522644043e+00
1.167822927236557007e-01
9.528297781944274902e-01
4.917332530021667480e-01
5.535029172897338867e-01
-3.866748213768005371e-01
1.223499774932861328e+00
2.464361041784286499e-01
4.568225741386413574e-01
-7.394543886184692383e-01
-5.612100660800933838e-02
-2.702938318252563477e-01
-1.018217682838439941e+00
-7.829401493072509766e-01
1.496920108795166016e+00
-2.238073498010635376e-01
-1.036029815673828125e+00
