-1.609977185726165771e-01
6.610781699419021606e-02
-9.294870495796203613e-02
4.384751990437507629e-02
-2.875751852989196777e-01
-1.901626735925674438e-01
2.486986294388771057e-02
7.249882817268371582e-02
6.886392086744308472e-02
1.935734450817108154e-01
-6.363353878259658813e-02
1.759116351604461670e-01
-5.115926638245582581e-02
-8.430315554141998291e-02
-5.839077755808830261e-02
-2.930554747581481934e-01
-6.917852908372879028e-03
1.737477928400039673e-01
1.340371221303939819e-01
-2.469656802713871002e-02
