-5.173926800489425659e-02
1.966760307550430298e-02
-1.111324727535247803e-01
-6.670311093330383301e-02
1.324957460165023804e-01
-5.283097736537456512e-03
-5.945694819092750549e-02
-4.692897200584411621e-02
-4.356108978390693665e-02
-5.266196094453334808e-03
-1.219043880701065063e-01
-1.113652139902114868e-01
1.555951237678527832e-01
5.662813782691955566e-03
8.108291774988174438e-03
-6.554217636585235596e-02
-7.457108795642852783e-02
3.007327020168304443e-02
1.269660443067550659e-01
-1.782883703708648682e-02
