8.473815396428108215e-03
1.443716883659362793e+00
8.273789286613464355e-01
5.485791563987731934e-01
1.456529498100280762e+00
1.316748142242431641e+00
-1.538647174835205078e+00
8.833119273185729980e-01
-1.589405387639999390e-01
-1.336038351058959961e+00
3.606646656990051270e-01
1.203281521797180176e+00
-5.170112941414117813e-03
1.373786628246307373e-01
-8.073146939277648926e-01
-1.997057080268859863e+00
-1.140463590621948242e+00
-3.875288665294647217e-01
-1.540762901306152344e+00
1.326945781707763672e+00
-7.560948729515075684e-01
-8.900395035743713379e-01
1.732495427131652832e-01
-9.728802442550659180e-01
-3.367410898208618164e-01
9.922590851783752441e-01
-2.576940953731536865e-01
-2.164379119873046875e+00
-6.018059849739074707e-01
2.767392396926879883e-01
8.509675264358520508e-01
1.131780624389648438e+00
8.763698935508728027e-01
-8.806116580963134766e-01
-8.081551194190979004e-01
-1.208337992429733276e-01
-1.690832376480102539e+00
-1.406076550483703613e+00
7.567394375801086426e-01
-9.340249300003051758e-01
7.922639846801757812e-01
3.214852571487426758e+00
1.779277324676513672e+00
1.046094417572021484e+00
8.556616902351379395e-01
-1.013600349426269531e+00
2.118197441101074219e+00
6.216011643409729004e-01
1.346860527992248535e+00
-1.771456718444824219e+00
-7.655525803565979004e-01
-1.864186376333236694e-01
3.617398142814636230e-01
-7.723487019538879395e-01
1.423241257667541504e+00
2.657746896147727966e-02
-2.195049822330474854e-01
-6.400161981582641602e-02
-2.365249395370483398e+00
2.988721132278442383e-01
-1.517529692500829697e-02
-9.154700040817260742e-01
1.083534121513366699e+00
-6.213036775588989258e-01
1.625934988260269165e-02
1.176028251647949219e-01
-1.103979110717773438e+00
-1.418652772903442383e+00
1.780032515525817871e+00
-7.390583306550979614e-02
-5.737770199775695801e-01
1.043702125549316406e+00
-1.984232664108276367e-01
-1.341596961021423340e+00
-1.289504170417785645e+00
1.084587335586547852e+00
-4.927882254123687744e-01
9.386870265007019043e-01
-8.499804735183715820e-01
-3.832972288131713867e+00
-5.015329718589782715e-01
-8.254438042640686035e-01
1.345859766006469727e+00
5.731024146080017090e-01
3.104663826525211334e-02
7.896378040313720703e-01
-5.785911679267883301e-01
-6.609969139099121094e-01
8.131659030914306641e-01
1.309309482574462891e+00
-3.786796331405639648e-01
1.082129836082458496e+00
-9.925231337547302246e-01
-4.581417143344879150e-02
-8.281171917915344238e-01
-1.940414428710937500e+00
9.122836589813232422e-01
3.929956555366516113e-01
-9.207391738891601562e-02
1.048230409622192383e+00
-6.331453323364257812e-01
-9.963028877973556519e-02
3.066647350788116455e-01
-5.069822669029235840e-01
-3.511962294578552246e-01
-5.809098482131958008e-01
-5.949033498764038086e-01
3.056045293807983398e+00
1.603842735290527344e+00
-1.370774358510971069e-01
-5.512576103210449219e-01
-1.169007897377014160e+00
-8.652777671813964844e-01
-7.541236281394958496e-01
-4.171848297119140625e-01
-1.199287772178649902e-01
1.062991917133331299e-01
-1.257650833576917648e-02
1.787845611572265625e+00
1.023234486579895020e+00
-9.222417473793029785e-01
-1.977040290832519531e+00
-7.190786600112915039e-01
-1.613240242004394531e+00
-1.715032219886779785e+00
8.321903347969055176e-01
4.933073222637176514e-01
-8.204318881034851074e-01
3.656077086925506592e-01
-6.213088631629943848e-01
-4.430719614028930664e-01
8.019551634788513184e-01
-7.425142526626586914e-01
5.082879066467285156e-01
-8.309401273727416992e-01
6.231068447232246399e-02
-3.233235478401184082e-01
1.444614887237548828e+00
-1.012584924697875977e+00
1.655860424041748047e+00
1.898614048957824707e+00
3.872074186801910400e-02
1.351710677146911621e+00
-3.958026766777038574e-01
-7.684220075607299805e-01
3.453503549098968506e-01
-1.243361115455627441e+00
2.730444371700286865e-01
-5.508940294384956360e-02
-4.668273329734802246e-01
-1.937958121299743652e+00
1.467513322830200195e+00
2.973785400390625000e-01
1.850940704345703125e+00
-1.506845951080322266e-01
2.921810140833258629e-03
-2.440251857042312622e-01
1.624961495399475098e-01
4.992423057556152344e-01
-7.949659824371337891e-01
-6.420611739158630371e-01
-6.893469691276550293e-01
4.039120972156524658e-01
4.996727705001831055e-01
1.464596539735794067e-01
-1.409703046083450317e-01
7.758150100708007812e-01
4.832102060317993164e-01
8.220673799514770508e-01
1.015972375869750977e+00
2.085152417421340942e-01
1.418499708175659180e+00
-1.094331502914428711e+00
2.231271505355834961e+00
6.789364665746688843e-02
-3.519558534026145935e-02
-2.110131025314331055e+00
-1.064920052886009216e-02
1.848915696144104004e+00
-2.062423467636108398e+00
1.167853355407714844e+00
5.898107886314392090e-01
7.528824806213378906e-01
-4.039566814899444580e-01
-1.005356550216674805e+00
-4.640544652938842773e-01
-1.575449466705322266e+00
9.631722569465637207e-01
1.384660124778747559e+00
5.331169366836547852e-01
