-4.919507503509521484e-01
-9.283574670553207397e-02
8.531400561332702637e-01
9.803701937198638916e-02
-6.721097826957702637e-01
1.049189686775207520e+00
1.516685605049133301e+00
2.608692049980163574e-01
3.965826034545898438e-01
2.870475053787231445e-01
-8.466553688049316406e-01
3.054543137550354004e-01
-6.727702617645263672e-01
-1.396890640258789062e+00
4.192283451557159424e-01
-1.159055352210998535e+00
2.831135392189025879e-01
-2.164020389318466187e-01
-1.578503370285034180e+00
5.759472846984863281e-01
-6.552470326423645020e-01
8.142762184143066406e-01
4.920404553413391113e-01
-7.954161763191223145e-01
1.742941975593566895e+00
1.267184734344482422e+00
-8.264409005641937256e-02
-2.960613071918487549e-01
9.594038724899291992e-01
2.438613325357437134e-01
2.322587668895721436e-01
-5.002972483634948730e-01
3.401518613100051880e-02
-2.047492563724517822e-01
6.679302453994750977e-01
-1.058835625648498535e+00
3.683336377143859863e-01
-1.265871644020080566e+00
-7.125321030616760254e-02
-2.477559596300125122e-01
8.545332551002502441e-01
1.404376029968261719e+00
-6.404569745063781738e-01
4.016616940498352051e-01
-9.897067546844482422e-01
7.398941516876220703e-01
8.421055078506469727e-01
1.693932771682739258e+00
-1.340064313262701035e-02
1.533875703811645508e+00
2.333678677678108215e-02
-9.419372081756591797e-01
1.383299231529235840e+00
-1.014481544494628906e+00
3.436982035636901855e-01
-6.828029751777648926e-01
8.417187929153442383e-01
1.035488963127136230e+00
-1.787742495536804199e+00
-6.344476342201232910e-01
6.193643212318420410e-01
-4.094052314758300781e-01
1.639750123023986816e+00
-4.410030245780944824e-01
7.776089906692504883e-01
-3.733633160591125488e-01
-6.202764511108398438e-01
1.314074873924255371e+00
-1.362595677375793457e+00
6.229217052459716797e-01
6.732963323593139648e-01
-7.439509034156799316e-01
-1.932478696107864380e-01
7.161496672779321671e-03
6.981211900711059570e-02
4.105403423309326172e-01
6.998380422592163086e-01
-1.226079702377319336e+00
-8.296768367290496826e-02
-6.919400095939636230e-01
-2.631723880767822266e-01
7.542012929916381836e-01
8.900361657142639160e-01
6.761040687561035156e-01
-1.077110648155212402e+00
4.460686445236206055e-01
1.338616609573364258e+00
4.084186553955078125e-01
2.781886160373687744e-01
-8.477075397968292236e-02
-1.277456283569335938e+00
-7.977946996688842773e-01
-4.531738758087158203e-01
-4.197972416877746582e-01
2.168944358825683594e+00
5.126113891601562500e-01
1.157863378524780273e+00
-6.926791667938232422e-01
1.271055579185485840e+00
1.695683360099792480e+00
1.087475419044494629e+00
-4.119136631488800049e-01
6.299777030944824219e-01
-4.922247678041458130e-02
-7.428290843963623047e-01
-1.201787114143371582e+00
-1.697962135076522827e-01
1.500210404396057129e+00
6.739993691444396973e-01
-2.923844099044799805e+00
-9.406242370605468750e-01
8.954418450593948364e-02
8.241031765937805176e-01
-1.398353934288024902e+00
5.206588506698608398e-01
2.042755186557769775e-01
-5.494751930236816406e-01
-1.062378168106079102e+00
-6.194338798522949219e-01
8.174475431442260742e-01
-4.256775677204132080e-01
4.783030450344085693e-01
-5.613930821418762207e-01
5.746682882308959961e-01
1.872593909502029419e-01
2.236669659614562988e-01
7.167457342147827148e-01
5.718579292297363281e-01
-1.696642637252807617e+00
-2.241032756865024567e-02
7.276753187179565430e-01
-8.869236111640930176e-01
-8.053811192512512207e-01
1.052362084388732910e+00
-1.937485784292221069e-01
-6.896207332611083984e-01
-1.443306922912597656e+00
-4.369677603244781494e-01
2.671826779842376709e-01
7.908159494400024414e-01
-9.020615834742784500e-04
1.029453396797180176e+00
-1.540575921535491943e-01
1.299698352813720703e+00
-7.327738404273986816e-02
1.179399132728576660e+00
2.160127311944961548e-01
1.232528448104858398e+00
7.429333925247192383e-01
-1.638710856437683105e+00
2.485935926437377930e+00
-1.521132707595825195e+00
4.621640741825103760e-01
-4.548130631446838379e-01
4.322277307510375977e-01
4.787661731243133545e-01
2.025534361600875854e-01
-9.041405916213989258e-01
-2.577935457229614258e-01
-2.227843254804611206e-01
-3.174362778663635254e-01
-6.658352017402648926e-01
-7.380649447441101074e-02
-1.641424149274826050e-01
-1.696035146713256836e+00
4.078077077865600586e-01
1.055185675621032715e+00
-4.886737763881683350e-01
-7.175155282020568848e-01
-8.385127782821655273e-01
2.065945863723754883e-01
-7.540603280067443848e-01
1.164781093597412109e+00
-3.020791709423065186e-01
-1.152937293052673340e+00
-5.145432353019714355e-01
1.721982598304748535e+00
4.277530014514923096e-01
-3.851273357868194580e-01
-3.746892511844635010e-01
8.144476264715194702e-02
-2.363818138837814331e-01
6.873090863227844238e-01
-6.533731222152709961e-01
-4.358875453472137451e-01
8.344201445579528809e-01
-6.112276315689086914e-01
-8.628414273262023926e-01
3.558329641819000244e-01
-1.611347675323486328e+00
3.130841553211212158e-01
1.202887415885925293e+00
-2.924948632717132568e-01
-3.274835646152496338e-02
-4.362937211990356445e-01
5.937700867652893066e-01
-1.009453415870666504e+00
-3.819627463817596436e-01
-7.841649055480957031e-01
-5.744409561157226562e-01
-1.769419193267822266e+00
-6.898590326309204102e-01
1.867792159318923950e-01
5.091912150382995605e-01
2.490688413381576538e-01
8.140886425971984863e-01
-7.451368123292922974e-02
3.706335425376892090e-01
1.086967349052429199e+00
1.110860481858253479e-01
