4.240864217281341553e-01
6.548753380775451660e-01
-3.419841825962066650e-01
-9.021523594856262207e-01
-1.143455728888511658e-01
-1.241419240832328796e-01
-5.927895903587341309e-01
7.295916974544525146e-02
2.514328062534332275e-01
8.308236598968505859e-01
-1.712382078170776367e+00
6.637818217277526855e-01
1.985179781913757324e-01
-7.571063637733459473e-01
-3.798570334911346436e-01
8.094073832035064697e-02
-1.777685999870300293e+00
9.462404847145080566e-01
-1.150135397911071777e+00
-2.845869362354278564e-01
-4.056083261966705322e-01
-1.608552336692810059e+00
1.158136844635009766e+00
-1.037763833999633789e+00
-1.751738071441650391e+00
-6.209083795547485352e-01
2.686971426010131836e-01
2.787140011787414551e-01
7.198510766029357910e-01
-1.355984807014465332e+00
-1.117670893669128418e+00
9.779731631278991699e-01
-1.543519854545593262e+00
5.575399398803710938e-01
5.174887552857398987e-02
1.628012061119079590e-01
-2.283044815063476562e+00
-3.758522868156433105e-01
5.587582588195800781e-01
-1.575946509838104248e-01
-9.025721549987792969e-01
-8.663882315158843994e-02
-1.125799536705017090e+00
1.515029549598693848e+00
-8.177894353866577148e-01
-1.120271444320678711e+00
-1.759810686111450195e+00
1.510919034481048584e-01
2.438512086868286133e+00
-1.143926858901977539e+00
-3.977257609367370605e-01
-1.062121391296386719e-01
2.404120206832885742e+00
-2.286963760852813721e-01
-8.835746645927429199e-01
1.847475886344909668e+00
2.614187955856323242e+00
-2.282766103744506836e-01
5.021852850914001465e-01
1.101344466209411621e+00
-3.945907652378082275e-01
-1.436678618192672729e-01
-6.059059500694274902e-01
2.321663647890090942e-01
-1.414264738559722900e-01
7.577316164970397949e-01
9.615997076034545898e-01
1.386496901512145996e+00
-1.045484468340873718e-01
1.494193911552429199e+00
1.011667013168334961e+00
-1.280343625694513321e-02
8.597479462623596191e-01
-4.368189573287963867e-01
1.348498821258544922e+00
6.620751023292541504e-01
-1.441395640373229980e+00
-8.681116700172424316e-01
7.182287573814392090e-01
-1.357137680053710938e+00
9.850167632102966309e-01
6.368915438652038574e-01
1.415625572204589844e+00
2.465201854705810547e+00
4.849086403846740723e-01
1.204366922378540039e+00
-6.217097043991088867e-01
-1.432434935122728348e-02
-1.708138108253479004e+00
-5.717493891716003418e-01
1.556434154510498047e+00
3.578323423862457275e-01
-1.092729210853576660e+00
1.000939249992370605e+00
1.664020299911499023e+00
-1.773555397987365723e+00
-3.049909174442291260e-01
8.129525184631347656e-01
-1.881727457046508789e+00
-5.104214549064636230e-01
2.950706481933593750e-01
2.995248734951019287e-01
-1.487696051597595215e+00
8.182781934738159180e-02
8.131373524665832520e-01
-2.069255113601684570e+00
5.532376766204833984e-01
6.321878433227539062e-01
1.512295305728912354e-01
-3.411084711551666260e-01
1.355761885643005371e+00
-3.370845317840576172e-01
5.207328200340270996e-01
1.590704359114170074e-02
-4.910894930362701416e-01
-7.949646115303039551e-01
-8.684786558151245117e-01
-3.348938524723052979e-01
1.626846909523010254e+00
1.180458426475524902e+00
-9.326285719871520996e-01
1.042950510978698730e+00
-1.993217132985591888e-02
5.647715330123901367e-01
-1.159643292427062988e+00
6.719802021980285645e-01
-4.964933693408966064e-01
5.310724377632141113e-01
7.874459624290466309e-01
3.568677604198455811e-01
1.705248832702636719e+00
-1.778683066368103027e-01
4.673690795898437500e-01
6.012593507766723633e-01
8.440870791673660278e-02
1.455200910568237305e+00
2.230112701654434204e-01
-6.734057068824768066e-01
-1.748318195343017578e+00
2.573611736297607422e+00
-2.228317260742187500e+00
6.782426834106445312e-01
-9.313645958900451660e-01
-1.439041495323181152e+00
-1.219091773033142090e+00
2.223226547241210938e+00
-1.438450694084167480e+00
-1.326464653015136719e+00
-4.924829304218292236e-01
-1.416236639022827148e+00
1.512993335723876953e+00
2.234829217195510864e-02
1.016288772225379944e-01
5.006622523069381714e-02
4.190115034580230713e-01
2.808521389961242676e-01
-1.678937524557113647e-01
6.280225515365600586e-01
-7.391870617866516113e-01
-5.189799666404724121e-01
-4.186604619026184082e-01
-2.362525463104248047e+00
-9.595944881439208984e-01
4.048740863800048828e-01
-7.575415372848510742e-01
6.769254803657531738e-01
-1.059689998626708984e+00
-6.694982051849365234e-01
-1.519652009010314941e+00
9.288804233074188232e-02
-1.597793579101562500e+00
6.440462172031402588e-02
-4.989435970783233643e-01
1.678449869155883789e+00
2.055196464061737061e-01
-1.950479626655578613e+00
-3.708410263061523438e-01
8.563208580017089844e-01
6.862392425537109375e-01
1.000387787818908691e+00
1.300163626670837402e+00
-4.994462728500366211e-01
8.524696230888366699e-01
-1.435972929000854492e+00
-2.320840209722518921e-01
-7.526990175247192383e-01
-1.062373399734497070e+00
-1.149855494499206543e+00
6.259273290634155273e-01
6.251530051231384277e-01
