-1.371102780103683472e-01 2.992364577949047089e-02 2.139339447021484375e-01 1.647386997938156128e-01 -3.726873174309730530e-02 -1.381330043077468872e-01 7.122114300727844238e-02 6.480779498815536499e-02 1.953404247760772705e-01 -1.256630271673202515e-01 4.835443571209907532e-02 -1.245214641094207764e-01 -2.071650326251983643e-01 1.950274745468050241e-04 -2.600109390914440155e-02 7.494696974754333496e-02 -6.801639497280120850e-02 2.600474357604980469e-01 2.605043947696685791e-01 4.932956397533416748e-02
6.472317874431610107e-02 1.594299972057342529e-01 1.922734826803207397e-01 -2.855398319661617279e-02 -7.816037535667419434e-02 -1.389957815408706665e-01 2.728866338729858398e-01 1.216993480920791626e-01 1.426033377647399902e-01 -6.864123977720737457e-03 -2.020980715751647949e-01 1.436647772789001465e-01 -1.815982162952423096e-02 -1.269560158252716064e-01 8.198233693838119507e-02 -4.400517791509628296e-02 -1.722556650638580322e-01 2.524840235710144043e-01 2.735917866230010986e-01 1.178853288292884827e-01
-8.359314501285552979e-02 -1.977251619100570679e-01 -9.222273528575897217e-02 1.198370829224586487e-01 1.956257969141006470e-01 5.740426480770111084e-02 -4.650095850229263306e-02 1.998711228370666504e-01 1.195195764303207397e-01 9.259820729494094849e-02 1.999591588973999023e-01 -1.574330031871795654e-01 -1.021627262234687805e-01 -6.063866987824440002e-02 1.356973052024841309e-01 5.213779211044311523e-02 -2.030082046985626221e-01 1.092590298503637314e-02 4.892932623624801636e-02 -1.281897872686386108e-01
-1.296932399272918701e-01 -1.645468771457672119e-01 4.986116290092468262e-02 -2.619756013154983521e-02 -5.338307470083236694e-02 -1.752663254737854004e-01 -9.975166618824005127e-02 1.877091974020004272e-01 2.651252970099449158e-02 -2.698052227497100830e-01 1.501764357089996338e-01 1.363854259252548218e-01 1.003048866987228394e-01 2.733235955238342285e-01 3.103856742382049561e-02 2.737799882888793945e-01 -2.161052078008651733e-02 2.246953994035720825e-01 1.899765431880950928e-01 3.088046610355377197e-01
2.217966131865978241e-02 8.910029195249080658e-03 1.686184406280517578e-01 8.639249950647354126e-02 -1.686663776636123657e-01 -1.084350943565368652e-01 3.028609454631805420e-01 1.512141674757003784e-01 9.923343360424041748e-02 -1.328928321599960327e-01 1.521147936582565308e-01 -8.396679162979125977e-02 -5.584007501602172852e-02 1.277491003274917603e-01 2.241732738912105560e-02 2.791852355003356934e-01 -9.338600933551788330e-02 1.615141034126281738e-01 2.289175391197204590e-01 -9.357510134577751160e-03
1.345078796148300171e-01 -1.606795936822891235e-01 7.822611927986145020e-02 1.380224227905273438e-01 -6.458327919244766235e-02 -8.150070160627365112e-02 5.274752154946327209e-02 6.870352476835250854e-02 2.142506688833236694e-01 6.845438480377197266e-02 6.003057584166526794e-02 -2.457716874778270721e-02 8.758827298879623413e-02 -5.212553963065147400e-02 -2.763094604015350342e-01 8.901827782392501831e-02 2.253399193286895752e-01 1.587386131286621094e-01 -9.732104092836380005e-02 7.336372137069702148e-02
-5.439181625843048096e-02 -7.039823383092880249e-02 -1.383672058582305908e-01 -1.666162610054016113e-01 -5.981137976050376892e-02 -7.708750665187835693e-02 1.796770989894866943e-01 1.520031690597534180e-01 2.308616340160369873e-01 2.563919313251972198e-02 1.621572673320770264e-01 -1.897286623716354370e-02 4.662615433335304260e-02 -9.911637753248214722e-02 -2.359765470027923584e-01 -1.468880847096443176e-02 4.517159983515739441e-02 -9.373047947883605957e-02 -9.285495430231094360e-02 -9.568152576684951782e-02
-9.937213361263275146e-02 4.550800845026969910e-02 -2.674371898174285889e-01 5.544300749897956848e-02 1.048600003123283386e-01 -9.134355932474136353e-02 -1.319260150194168091e-01 -1.492336541414260864e-01 -6.550658494234085083e-03 1.516669392585754395e-01 -1.484444737434387207e-02 -2.249412983655929565e-02 1.556305438280105591e-01 -1.653800308704376221e-01 4.500903934240341187e-02 -6.390069425106048584e-02 -1.764742434024810791e-01 6.455409526824951172e-02 -1.197715550661087036e-01 7.691317051649093628e-02
1.214743703603744507e-01 1.093381047248840332e-01 8.323729783296585083e-02 -2.166992425918579102e-01 7.607436180114746094e-02 -2.073067575693130493e-01 2.992562949657440186e-01 -1.786179840564727783e-01 -7.677733153104782104e-02 -1.572805643081665039e-01 -6.865135580301284790e-02 -4.357068985700607300e-02 -1.899062097072601318e-01 2.664794921875000000e-01 -1.136558279395103455e-01 2.436907030642032623e-03 1.288368552923202515e-01 -9.985444135963916779e-03 1.609035432338714600e-01 1.834382712841033936e-01
-1.922149956226348877e-01 2.072543948888778687e-01 -1.381940543651580811e-01 9.990967810153961182e-03 -7.604773342609405518e-02 1.016965880990028381e-01 -2.457578927278518677e-01 -1.864397376775741577e-01 1.511981934309005737e-01 -2.301762253046035767e-02 1.086657941341400146e-01 1.614896506071090698e-01 -1.633261740207672119e-01 -2.055938392877578735e-01 1.723064035177230835e-01 -1.812174618244171143e-01 2.030586749315261841e-01 5.639017745852470398e-02 -2.865054905414581299e-01 -1.815521717071533203e-01
1.255731582641601562e-01 5.781595036387443542e-02 2.806757986545562744e-01 -4.957132786512374878e-02 -1.873035579919815063e-01 1.273922156542539597e-02 -7.017465680837631226e-02 -1.543457508087158203e-01 1.992536932229995728e-01 -2.145052254199981689e-01 1.644784063100814819e-01 -2.111823707818984985e-01 5.206177383661270142e-02 -9.283049963414669037e-03 -2.675986588001251221e-01 1.443356461822986603e-02 6.788121163845062256e-02 3.298731520771980286e-02 1.389604900032281876e-02 -1.198284998536109924e-01
-2.321602031588554382e-02 1.734807938337326050e-01 2.007491886615753174e-01 -1.326161324977874756e-01 -2.090629637241363525e-01 -4.727221652865409851e-02 5.431671813130378723e-02 -1.389703303575515747e-01 7.564029656350612640e-03 -7.430543005466461182e-02 -2.238656133413314819e-01 2.132302224636077881e-01 1.479783654212951660e-01 -2.106771618127822876e-01 -1.608995050191879272e-01 -1.865789890289306641e-01 -1.816778033971786499e-01 1.954277902841567993e-01 1.670187860727310181e-01 -1.827033311128616333e-01
8.626047521829605103e-03 1.934515386819839478e-01 -4.649806395173072815e-02 2.705912804231047630e-03 -9.373459219932556152e-02 -1.194987893104553223e-01 9.618093818426132202e-02 1.074676774442195892e-02 -5.159209668636322021e-02 2.165917074307799339e-03 -5.861115083098411560e-02 -1.036328263580799103e-02 1.910854429006576538e-01 -1.529007852077484131e-01 -5.404893681406974792e-02 -4.603394493460655212e-02 -1.736749410629272461e-01 -1.796171651221811771e-03 -5.334689468145370483e-02 6.321274489164352417e-02
-4.838001355528831482e-02 -1.332707852125167847e-01 -8.831760287284851074e-02 6.568817887455224991e-03 4.842292144894599915e-02 -1.298753917217254639e-01 1.977301090955734253e-01 5.527515336871147156e-02 9.060098975896835327e-02 -2.163317240774631500e-02 2.876790985465049744e-02 -7.058477401733398438e-02 -2.104458957910537720e-01 2.668439745903015137e-01 -2.242006361484527588e-01 -1.643352806568145752e-01 2.326903492212295532e-01 6.169325858354568481e-02 2.177150249481201172e-01 -3.050736896693706512e-02
-1.300374865531921387e-01 -8.753968775272369385e-02 5.000082775950431824e-03 7.426332682371139526e-02 -7.273210585117340088e-02 6.709877401590347290e-02 -7.511212676763534546e-02 -1.641388088464736938e-01 1.179236173629760742e-02 -1.937152594327926636e-01 -2.154474705457687378e-01 -1.425350084900856018e-02 -2.251055836677551270e-02 1.678343117237091064e-01 -1.067362129688262939e-01 8.771815896034240723e-02 8.781272917985916138e-02 -8.238048106431961060e-02 -8.846186101436614990e-02 1.475082337856292725e-01
5.765840038657188416e-02 -1.415148675441741943e-01 1.043111234903335571e-01 -1.234992146492004395e-01 -2.505699992179870605e-01 -8.456592261791229248e-02 2.268831431865692139e-01 -2.208759784698486328e-01 -1.014833599328994751e-01 2.728784456849098206e-02 1.439744234085083008e-01 -2.453893423080444336e-01 1.642481386661529541e-01 3.345451503992080688e-02 4.184281453490257263e-02 1.196993812918663025e-01 2.616457045078277588e-01 1.454545706510543823e-01 2.822769284248352051e-01 2.031898051500320435e-01
1.848396956920623779e-01 5.187683552503585815e-02 2.835751175880432129e-01 1.354220807552337646e-01 -2.121738344430923462e-01 1.396674662828445435e-01 -6.525487452745437622e-02 9.697154909372329712e-02 4.160401970148086548e-02 -9.891343861818313599e-02 -9.888549149036407471e-02 -1.333781927824020386e-01 -2.644168436527252197e-01 1.326814740896224976e-01 -1.194473132491111755e-01 1.707406193017959595e-01 2.908746004104614258e-01 -3.049660101532936096e-02 2.068634480237960815e-01 1.414967775344848633e-01
-1.692781150341033936e-01 2.408171445131301880e-02 1.461214274168014526e-01 9.769033640623092651e-02 -1.423359066247940063e-01 -2.047418504953384399e-01 -9.535167366266250610e-02 1.274885516613721848e-02 -5.417301505804061890e-02 2.030178457498550415e-01 4.690957069396972656e-02 6.717711687088012695e-02 -1.624983400106430054e-01 4.430532082915306091e-02 2.218110300600528717e-02 1.236568763852119446e-01 -1.635362505912780762e-01 -2.624469399452209473e-01 3.013088554143905640e-02 5.627143383026123047e-02
3.014814555644989014e-01 2.754317247308790684e-04 1.178916841745376587e-01 3.983455896377563477e-02 -7.494392246007919312e-02 -2.074154913425445557e-01 2.700158655643463135e-01 2.928149104118347168e-01 2.514964342117309570e-01 -4.847567528486251831e-02 -2.830171883106231689e-01 1.086559221148490906e-01 -1.460285037755966187e-01 -1.314459443092346191e-01 3.287982568144798279e-02 2.036345601081848145e-01 2.579376995563507080e-01 2.814112305641174316e-01 -5.876005813479423523e-02 1.758022978901863098e-02
3.908838704228401184e-02 1.713762134313583374e-01 1.601450741291046143e-01 -2.591635100543498993e-02 -1.911163926124572754e-01 -9.018555283546447754e-02 8.919585496187210083e-02 -6.321451067924499512e-02 -3.114630095660686493e-02 -1.720091998577117920e-01 -7.224459201097488403e-02 -6.653099507093429565e-02 2.104111760854721069e-01 -9.331479668617248535e-03 -2.388331592082977295e-01 -2.411413937807083130e-01 2.091769725084304810e-01 1.240623146295547485e-01 -1.876718401908874512e-01 -4.912862181663513184e-02
