-7.611079514026641846e-02
2.597418148070573807e-03
-1.000679060816764832e-01
-7.375647872686386108e-02
8.419174700975418091e-02
-7.351621240377426147e-02
8.100341260433197021e-02
-5.043250322341918945e-02
-8.169137872755527496e-04
-2.762833610177040100e-03
-1.128713563084602356e-01
-4.233022034168243408e-02
3.648737072944641113e-02
-5.615134537220001221e-02
5.046643316745758057e-02
-4.999584704637527466e-02
-2.285302244126796722e-02
5.467454716563224792e-02
2.097366750240325928e-01
1.530554592609405518e-01
