3.712467476725578308e-02
-8.943858742713928223e-02
-8.788852393627166748e-02
-7.534848898649215698e-02
4.558449238538742065e-02
-7.265459746122360229e-02
5.852448195219039917e-02
-5.270577594637870789e-02
-6.493111699819564819e-02
6.459386646747589111e-02
-8.257354795932769775e-02
-6.920123845338821411e-02
4.716740548610687256e-02
-6.013764813542366028e-02
-7.234367728233337402e-02
-4.898812249302864075e-02
-5.096862092614173889e-02
6.057060137391090393e-02
-4.591353610157966614e-02
6.046199053525924683e-02
