4.394038394093513489e-02
-8.018439263105392456e-02
-6.973413378000259399e-02
-8.699392527341842651e-02
3.266291320323944092e-02
-6.712382286787033081e-02
-5.887536332011222839e-02
7.307179272174835205e-02
6.052613630890846252e-02
-7.775464653968811035e-02
1.774099096655845642e-02
-4.755491390824317932e-02
7.007511705160140991e-02
-3.193516051396727562e-03
9.885504841804504395e-02
-8.589460700750350952e-02
9.156003594398498535e-02
-1.193625181913375854e-01
-2.298099175095558167e-02
-7.231942727230489254e-04
