1.912199333310127258e-02
-6.224945932626724243e-02
-6.113690510392189026e-02
-7.294178754091262817e-02
2.375591546297073364e-02
1.282289996743202209e-02
-7.946449518203735352e-02
3.413906320929527283e-02
7.106642425060272217e-02
-6.256563961505889893e-02
4.702824726700782776e-02
-1.808446599170565605e-03
1.124940589070320129e-01
4.539400339126586914e-02
7.340883463621139526e-02
-8.547099679708480835e-02
5.762681737542152405e-02
3.747426345944404602e-02
-2.680212259292602539e-02
-4.602416604757308960e-02
