-7.096409201622009277e-01
7.011491805315017700e-02
-3.755566775798797607e-01
4.308873713016510010e-01
-7.541187405586242676e-01
1.471200346946716309e+00
-3.053513169288635254e-01
-4.161807894706726074e-01
-2.116083651781082153e-01
4.188444018363952637e-01
-9.596329182386398315e-02
-6.025152802467346191e-01
-9.155340790748596191e-01
2.488730475306510925e-02
-7.046036720275878906e-01
7.294658422470092773e-01
1.935658454895019531e+00
-1.795680642127990723e+00
-1.126439213752746582e+00
-1.259026885032653809e+00
-1.614758610725402832e+00
8.424692749977111816e-01
1.561621427536010742e+00
7.206952571868896484e-02
-2.114128023386001587e-01
4.652296006679534912e-01
6.665422320365905762e-01
2.201153039932250977e-01
-2.819729745388031006e-01
6.680793762207031250e-01
-6.685420870780944824e-01
1.138036370277404785e+00
-5.716521143913269043e-01
-4.196517467498779297e-01
-1.337055325508117676e+00
4.775864183902740479e-01
5.139268636703491211e-01
-1.349794417619705200e-01
-1.396340966224670410e+00
-8.097632527351379395e-01
2.115211963653564453e+00
1.711197257041931152e+00
2.675823688507080078e+00
1.192525625228881836e+00
1.336234569549560547e+00
-5.037956237792968750e-01
-1.219759702682495117e+00
8.806891441345214844e-01
-4.002155959606170654e-01
-7.324513196945190430e-01
1.098496560007333755e-02
-3.721434175968170166e-01
-2.192790508270263672e-01
-1.512875199317932129e+00
1.069129943847656250e+00
-2.634889781475067139e-01
-1.813532948493957520e+00
-4.976383745670318604e-01
9.414561390876770020e-01
8.147061467170715332e-01
-8.450958132743835449e-01
-5.913613438606262207e-01
6.383579969406127930e-01
-9.688073992729187012e-01
-3.007371723651885986e-01
2.775599360466003418e-01
4.487915039062500000e-01
-1.716850996017456055e+00
1.076465964317321777e+00
-5.726861953735351562e-01
1.910427808761596680e+00
4.219402372837066650e-01
-7.709305882453918457e-01
-3.068843185901641846e-01
8.246264606714248657e-02
1.829076409339904785e-01
1.827992200851440430e-01
1.475510001182556152e+00
-2.908453643321990967e-01
3.171589076519012451e-01
-8.879976868629455566e-01
1.198519825935363770e+00
1.303793787956237793e+00
1.009222269058227539e+00
2.656172811985015869e-01
-1.321504831314086914e+00
1.738167181611061096e-02
2.643063850700855255e-02
-6.645743250846862793e-01
-2.085150480270385742e+00
1.627508699893951416e-01
-1.611167788505554199e+00
1.132438421249389648e+00
6.726323626935482025e-03
7.209725379943847656e-01
-4.681803882122039795e-01
1.207042217254638672e+00
-2.297253906726837158e-01
1.342717170715332031e+00
1.510462999343872070e+00
7.087287902832031250e-01
-1.079190731048583984e+00
3.497539758682250977e-01
4.017667770385742188e-01
3.873481154441833496e-01
-9.099702537059783936e-02
7.232849299907684326e-02
1.650008559226989746e+00
1.242610931396484375e+00
2.893615141510963440e-02
1.767780423164367676e+00
-1.924253106117248535e+00
7.320194244384765625e-01
7.124039530754089355e-01
-1.211917161941528320e+00
1.188986659049987793e+00
-1.544923543930053711e+00
-1.858063340187072754e+00
-4.547537267208099365e-01
-2.889619469642639160e-01
-1.206249237060546875e+00
1.100968956947326660e+00
1.099321246147155762e+00
6.092579364776611328e-01
-7.678717970848083496e-01
-1.117632985115051270e+00
6.165990829467773438e-01
9.706257581710815430e-01
7.178951501846313477e-01
-1.399770975112915039e+00
2.445940077304840088e-01
-9.383150339126586914e-01
-2.070776939392089844e+00
9.406358599662780762e-01
3.302704989910125732e-01
3.193949759006500244e-01
8.768950700759887695e-01
-8.939063549041748047e-01
-1.174990177154541016e+00
-6.276283860206604004e-01
-1.889865636825561523e+00
8.129360675811767578e-01
1.065199136734008789e+00
-8.594860434532165527e-01
2.010386586189270020e-01
6.904615163803100586e-01
1.201358318328857422e+00
-1.184980392456054688e+00
-1.270808100700378418e+00
1.060252785682678223e+00
2.243163585662841797e+00
1.834890246391296387e+00
-3.352818787097930908e-01
-4.190185666084289551e-01
-7.062594294548034668e-01
8.075450658798217773e-01
5.081491470336914062e-01
-7.204784750938415527e-01
-1.313755631446838379e+00
1.631654053926467896e-01
3.731640875339508057e-01
8.102294206619262695e-01
9.210199862718582153e-02
4.205399155616760254e-01
1.191924214363098145e+00
-2.930612802505493164e+00
1.397631645202636719e+00
-4.137984216213226318e-01
-2.839905023574829102e-01
-1.270336389541625977e+00
1.122831583023071289e+00
2.466833591461181641e+00
2.329790830612182617e+00
7.742410302162170410e-01
1.012664914131164551e+00
-1.546270847320556641e+00
-4.972395300865173340e-02
1.343034058809280396e-01
9.711738824844360352e-01
3.951932191848754883e-01
-1.008707404136657715e+00
-1.947616934776306152e-01
2.515556097030639648e+00
-1.537230849266052246e+00
1.447766542434692383e+00
-8.485367894172668457e-01
4.063050150871276855e-01
1.430910944938659668e+00
-1.344518661499023438e+00
8.650454878807067871e-01
