5.674096569418907166e-02
-8.184733986854553223e-02
-7.029185444116592407e-02
-8.681653439998626709e-02
6.806817650794982910e-02
4.157618433237075806e-02
-1.330545172095298767e-02
-2.264786325395107269e-02
4.637691751122474670e-02
-7.050250470638275146e-02
-1.081370841711759567e-02
1.461593061685562134e-01
-3.806287422776222229e-02
-8.524028956890106201e-02
9.327438473701477051e-02
-7.484818249940872192e-02
9.058442711830139160e-02
-5.435413122177124023e-02
-1.290823053568601608e-02
-1.121379528194665909e-02
