3.199697732925415039e-01
1.977101564407348633e+00
-7.322942018508911133e-01
-1.195619225502014160e+00
-2.120107650756835938e+00
-3.083827532827854156e-02
-2.584438621997833252e-01
-1.063782200217247009e-01
6.349238157272338867e-01
3.086002171039581299e-01
-5.437471270561218262e-01
4.100134372711181641e-01
-5.106252431869506836e-01
-1.753793120384216309e+00
4.915605783462524414e-01
-6.748501658439636230e-01
-9.408394098281860352e-01
-3.979090750217437744e-01
3.894282579421997070e-01
7.836766839027404785e-01
1.072711497545242310e-01
3.181082308292388916e-01
-1.740000724792480469e+00
5.523088574409484863e-01
-1.253116130828857422e+00
-1.513109683990478516e+00
7.150183916091918945e-01
-1.166398167610168457e+00
1.233725547790527344e+00
1.494001150131225586e+00
-8.241240382194519043e-01
-1.449086070060729980e+00
4.715279676020145416e-03
1.499183535575866699e+00
-1.283671259880065918e+00
9.922747015953063965e-01
9.405075013637542725e-02
3.224307298660278320e-02
9.198007583618164062e-01
4.447911977767944336e-01
-1.448966741561889648e+00
1.953060030937194824e+00
-2.750365138053894043e-01
-1.559895992279052734e+00
3.178350031375885010e-01
-1.379531174898147583e-01
1.324274778366088867e+00
6.117045283317565918e-01
3.023995831608772278e-02
1.810797810554504395e+00
1.144005894660949707e+00
-5.981391668319702148e-01
-2.839595794677734375e+00
-8.517401218414306641e-01
-1.598506122827529907e-01
-1.608370065689086914e+00
6.291074752807617188e-01
-2.051405906677246094e+00
-1.946626454591751099e-01
-1.330290794372558594e+00
-6.477828025817871094e-01
-4.677673578262329102e-01
-1.098154664039611816e+00
-1.308048009872436523e+00
1.760663986206054688e-01
-1.300819158554077148e+00
-1.555397868156433105e+00
6.067134141921997070e-01
2.131016016006469727e+00
2.125967592000961304e-01
5.767418742179870605e-01
2.264293581247329712e-01
3.605910539627075195e-01
-1.222536802291870117e+00
4.099360108375549316e-02
-5.197176337242126465e-01
-1.386876225471496582e+00
-2.578168869018554688e+00
-7.170187830924987793e-01
-6.539246439933776855e-01
3.989074826240539551e-01
8.507603406906127930e-01
1.145662069320678711e+00
2.178410530090332031e+00
1.175611972808837891e+00
-2.169015645980834961e+00
9.547285437583923340e-01
-1.568690180778503418e+00
-2.783346772193908691e-01
-2.021354913711547852e+00
-1.454057451337575912e-02
4.999772012233734131e-01
8.642519712448120117e-01
1.239181607961654663e-01
6.904204487800598145e-01
2.649773061275482178e-01
1.376245737075805664e+00
2.465162575244903564e-01
1.166006445884704590e+00
-6.857190132141113281e-01
-1.138337850570678711e+00
-8.477359414100646973e-01
-4.045248329639434814e-01
-2.551002204418182373e-01
-2.897481918334960938e-01
2.015193939208984375e+00
-3.188687190413475037e-02
-3.710440695285797119e-01
8.111755251884460449e-01
1.206083074212074280e-01
1.219689011573791504e+00
2.528841495513916016e-01
3.297247886657714844e-01
3.780034482479095459e-01
7.328165173530578613e-01
-3.184237480163574219e-01
-1.139547348022460938e+00
-4.010544419288635254e-01
6.200086474418640137e-01
-1.029320240020751953e+00
4.059142172336578369e-01
8.031377941370010376e-02
-3.213561773300170898e-01
2.074656933546066284e-01
4.221583008766174316e-01
-2.553182244300842285e-01
-4.821031987667083740e-01
6.358307003974914551e-01
1.057629466056823730e+00
1.284127235412597656e+00
1.994643807411193848e+00
-1.540737271308898926e+00
-7.338666170835494995e-02
-2.638194859027862549e-01
-9.591198712587356567e-02
-5.082515478134155273e-01
-4.163121879100799561e-01
-2.060793787240982056e-01
-2.881214320659637451e-01
1.147839069366455078e+00
-1.911023497581481934e+00
2.906502187252044678e-01
-8.405488133430480957e-01
-2.571786344051361084e-01
-4.774601459503173828e-01
-1.199381828308105469e+00
-4.914497137069702148e-01
4.150376915931701660e-01
-7.970185577869415283e-02
-9.200937151908874512e-01
2.114154770970344543e-02
1.534078240394592285e+00
1.431387901306152344e+00
-1.020734786987304688e+00
3.369853794574737549e-01
-7.541273236274719238e-01
5.826486349105834961e-01
1.667868852615356445e+00
-3.002634644508361816e-01
-1.511176347732543945e+00
6.630883216857910156e-01
-4.765387773513793945e-01
2.412225008010864258e-01
3.153231143951416016e-01
9.434106945991516113e-01
-1.010566353797912598e+00
9.228001832962036133e-01
1.544594049453735352e+00
-7.981514334678649902e-01
-2.152944803237915039e-01
-1.433260291814804077e-01
-1.175040081143379211e-01
1.259163767099380493e-01
5.879175662994384766e-01
7.872939109802246094e-03
-1.549195528030395508e+00
1.191956043243408203e+00
-1.293057352304458618e-01
4.836437702178955078e-01
-8.054139614105224609e-01
-3.538194596767425537e-01
6.282215714454650879e-01
-8.881587386131286621e-01
-2.081185020506381989e-02
-2.246094346046447754e-01
4.725345671176910400e-01
1.809734582901000977e+00
4.063683152198791504e-01
-6.801422238349914551e-01
-7.613190412521362305e-01
