8.761001378297805786e-02 -1.345581263303756714e-01 9.423126280307769775e-02 2.185889333486557007e-01 -2.854082733392715454e-02 9.903677552938461304e-02 1.027945131063461304e-01 -1.525977253913879395e-01 -2.395900338888168335e-02 9.126191958785057068e-03 -5.254309251904487610e-02 9.160738438367843628e-02 1.593432277441024780e-01 -6.115733459591865540e-02 -5.263884365558624268e-02 -1.802059076726436615e-02 -2.455333471298217773e-01 -1.077285334467887878e-01 -8.181130886077880859e-02 -3.046575486660003662e-01
-4.995107650756835938e-02 9.520226716995239258e-02 2.331449389457702637e-01 1.791888326406478882e-01 8.361079543828964233e-02 -2.490480095148086548e-01 1.302600800991058350e-01 4.973373934626579285e-02 -1.593111008405685425e-01 -1.323560029268264771e-01 1.642934083938598633e-01 6.176363304257392883e-02 -2.088536322116851807e-01 -2.700054049491882324e-01 3.291154205799102783e-01 -1.884537488222122192e-01 -6.714652478694915771e-02 1.736566871404647827e-01 -1.026145592331886292e-01 1.716870218515396118e-01
-5.750583857297897339e-02 2.866039425134658813e-02 3.764725849032402039e-02 7.995099574327468872e-02 -7.681072503328323364e-02 2.793832495808601379e-02 3.103080764412879944e-02 -1.170163974165916443e-01 7.805544883012771606e-02 -4.706480726599693298e-02 2.302552759647369385e-02 2.719804942607879639e-01 1.725242137908935547e-01 8.749402314424514771e-02 -2.550805918872356415e-03 8.478903211653232574e-03 -1.278669238090515137e-01 -7.059729099273681641e-02 -6.792291253805160522e-02 9.717034548521041870e-02
-2.626264989376068115e-01 1.896519064903259277e-01 -1.070088520646095276e-01 -1.133712306618690491e-01 3.915395587682723999e-02 -2.314067035913467407e-01 -4.123083874583244324e-02 -1.458838302642107010e-02 -1.527434289455413818e-01 2.275365889072418213e-01 4.861963167786598206e-02 8.447863906621932983e-02 -4.097313154488801956e-03 1.077125221490859985e-01 1.095476970076560974e-01 3.344852849841117859e-02 5.444604530930519104e-02 -1.162180379033088684e-01 -7.677831500768661499e-02 -2.710478305816650391e-01
3.225760534405708313e-02 1.673638224601745605e-01 -1.068831160664558411e-01 1.339301764965057373e-01 -3.546776948496699333e-03 1.051147207617759705e-01 -1.735426783561706543e-01 1.573246344923973083e-02 -8.682273328304290771e-03 -1.328862160444259644e-01 2.707765996456146240e-02 -1.566664688289165497e-02 1.130446046590805054e-01 -6.214873399585485458e-03 -2.056698054075241089e-01 -1.487670987844467163e-01 8.928001672029495239e-02 -1.465090811252593994e-01 5.835722014307975769e-02 -2.531343400478363037e-01
-1.179239675402641296e-01 2.924137935042381287e-02 7.732402533292770386e-02 2.428908832371234894e-02 1.504988819360733032e-01 -3.390263533219695091e-03 2.025387436151504517e-02 -3.739248216152191162e-02 -1.650779880583286285e-02 -1.228778138756752014e-01 -5.848242342472076416e-02 -1.252508014440536499e-01 1.040279641747474670e-01 6.416282802820205688e-02 -2.006936669349670410e-01 -1.329138278961181641e-01 -2.684114277362823486e-01 2.851482667028903961e-02 5.266926065087318420e-02 -2.403273284435272217e-01
-7.070298492908477783e-02 -1.213617920875549316e-01 1.552463322877883911e-01 4.438366368412971497e-02 -4.838511813431978226e-03 3.489448875188827515e-02 -6.072184536606073380e-03 2.516212463378906250e-01 -1.631985767744481564e-03 4.401233419775962830e-02 1.216130778193473816e-01 -2.209771424531936646e-01 -2.063121274113655090e-02 9.754208475351333618e-02 9.012497216463088989e-02 -1.116057764738798141e-02 1.487432122230529785e-01 2.264527976512908936e-01 -1.355360634624958038e-02 -5.811642855405807495e-02
6.505966186523437500e-02 2.756023965775966644e-02 1.635408699512481689e-01 -9.600898623466491699e-02 -1.109180897474288940e-01 9.361887350678443909e-05 -3.983063623309135437e-02 -1.897583752870559692e-01 -1.415039896965026855e-01 1.566275209188461304e-01 -4.411572217941284180e-02 5.962006747722625732e-03 2.131095379590988159e-01 -7.015904784202575684e-02 -9.263445436954498291e-02 1.328371651470661163e-02 -1.296329200267791748e-01 4.786526039242744446e-02 -1.811953727155923843e-03 1.331597864627838135e-01
-1.224889904260635376e-01 -2.580371499061584473e-01 5.118212103843688965e-02 -6.123740598559379578e-02 -1.525667775422334671e-02 2.039564549922943115e-01 -1.355870962142944336e-01 -4.244828969240188599e-02 -1.328286528587341309e-01 8.808705955743789673e-02 2.736437916755676270e-01 -1.442452818155288696e-01 -2.870215177536010742e-01 1.535175144672393799e-01 3.723935484886169434e-01 1.067132875323295593e-01 4.742969572544097900e-02 -1.011607348918914795e-01 -8.791189640760421753e-02 -6.679898500442504883e-02
1.139395311474800110e-01 3.545752959325909615e-03 -2.527245283126831055e-01 8.344026654958724976e-02 -3.168879076838493347e-02 7.683191914111375809e-03 -1.104315184056758881e-02 -1.636451482772827148e-01 1.991756260395050049e-01 -1.069607362151145935e-01 1.117885783314704895e-01 -1.226860955357551575e-01 1.399767491966485977e-02 2.753274738788604736e-01 4.881980363279581070e-03 -6.656282395124435425e-02 2.580449879169464111e-01 1.282163560390472412e-01 -8.070071786642074585e-02 1.870022863149642944e-01
1.900040060281753540e-01 -1.774018406867980957e-01 -1.423299312591552734e-01 -5.656233057379722595e-02 -1.627117842435836792e-01 2.074553072452545166e-02 2.630022168159484863e-01 2.812162935733795166e-01 -9.644026309251785278e-02 -2.812501490116119385e-01 -1.693218387663364410e-02 -1.055605486035346985e-01 7.152893394231796265e-02 1.373836994171142578e-01 -1.461869627237319946e-01 1.880752742290496826e-01 1.750656366348266602e-01 1.419141441583633423e-01 1.027009189128875732e-01 -7.012341916561126709e-02
-3.062630258500576019e-02 1.663983315229415894e-01 -1.278451085090637207e-01 -1.927649378776550293e-01 1.767714470624923706e-01 9.701455384492874146e-02 5.070269480347633362e-02 2.183100432157516479e-01 -1.552947610616683960e-01 -1.169240474700927734e-01 7.445416599512100220e-02 3.012801706790924072e-02 -1.518713384866714478e-01 3.342199698090553284e-02 8.481429889798164368e-03 -8.251226507127285004e-03 1.504836082458496094e-01 -1.266849488019943237e-01 1.574827544391155243e-02 -2.723851474002003670e-03
-9.729723632335662842e-02 1.137714684009552002e-01 -1.958672553300857544e-01 -6.176789849996566772e-02 -3.580973669886589050e-02 -1.514241378754377365e-02 -1.733903586864471436e-01 1.733913123607635498e-01 3.257346898317337036e-02 1.680429279804229736e-01 2.856289409101009369e-02 1.659370958805084229e-01 -2.618095837533473969e-02 -1.225486025214195251e-01 1.981509327888488770e-01 -2.104819379746913910e-02 -1.929634809494018555e-01 9.443479031324386597e-02 -3.886712715029716492e-02 -3.951047733426094055e-02
8.229205757379531860e-02 8.028784394264221191e-02 -1.420502960681915283e-01 1.819552183151245117e-01 1.420074999332427979e-01 -1.818998008966445923e-01 7.234405726194381714e-02 9.797840565443038940e-02 8.273291587829589844e-02 -1.450998336076736450e-01 -1.028002128005027771e-01 1.144030969589948654e-02 -1.296888887882232666e-01 -6.061203405261039734e-02 -1.600750721991062164e-02 -1.113482043147087097e-01 -2.424799501895904541e-01 -9.711293876171112061e-02 -8.159915916621685028e-03 9.236211329698562622e-02
1.009331643581390381e-01 -8.976342529058456421e-02 1.423291563987731934e-01 1.169086992740631104e-01 1.254720538854598999e-01 -9.673109278082847595e-03 -5.903878062963485718e-02 3.860542550683021545e-02 1.633125171065330505e-02 8.263496309518814087e-02 5.596505478024482727e-02 -1.026793122291564941e-01 4.566593468189239502e-02 -1.335576325654983521e-01 -1.254543662071228027e-01 1.600413918495178223e-01 5.362255871295928955e-02 6.103015691041946411e-02 -1.819045543670654297e-01 -1.672382056713104248e-01
-1.035087183117866516e-01 1.284174919128417969e-01 1.652946472167968750e-01 2.437547743320465088e-01 -1.819488257169723511e-01 -1.438250690698623657e-01 -4.502617567777633667e-02 -1.887673288583755493e-01 1.701607108116149902e-01 2.550136744976043701e-01 1.506294012069702148e-01 6.526654213666915894e-02 7.313843816518783569e-04 2.245966810733079910e-03 -1.532261967658996582e-01 6.322793662548065186e-02 -1.607065051794052124e-01 4.694328829646110535e-02 -1.222517862915992737e-01 -5.923803523182868958e-02
-1.707524061203002930e-01 1.539008133113384247e-02 2.639678120613098145e-01 1.365512162446975708e-01 -7.058016210794448853e-02 1.386416554450988770e-01 1.309207528829574585e-01 -1.963867098093032837e-01 -1.722439192235469818e-02 2.523546814918518066e-01 -6.586235761642456055e-02 -1.544602215290069580e-01 2.175883203744888306e-01 -2.729535102844238281e-01 5.088462308049201965e-02 -2.082619629800319672e-02 3.793498501181602478e-02 2.236901968717575073e-02 2.126172035932540894e-01 -2.324676066637039185e-01
-1.799703091382980347e-01 3.277701511979103088e-02 6.150708347558975220e-02 -1.485908627510070801e-01 -4.555968940258026123e-02 -2.359515875577926636e-01 -2.764236629009246826e-01 1.386662665754556656e-02 -7.400498539209365845e-02 1.090365946292877197e-01 -8.138610050082206726e-03 2.183389067649841309e-01 1.411259323358535767e-01 -4.126208722591400146e-01 -1.500148773193359375e-01 -1.986638307571411133e-01 3.187017887830734253e-02 6.692062318325042725e-02 -1.347281634807586670e-01 -4.948744550347328186e-02
2.332213968038558960e-01 -2.827419340610504150e-02 -8.324799686670303345e-02 -2.421585321426391602e-01 -2.460669130086898804e-01 -4.771449044346809387e-02 -1.346639450639486313e-02 -1.026544496417045593e-01 2.938255667686462402e-02 -1.559307724237442017e-01 2.906395196914672852e-01 -1.625727862119674683e-01 -1.424874514341354370e-01 1.737565100193023682e-01 3.160799741744995117e-01 -9.127316623926162720e-02 -5.125590786337852478e-02 4.536273702979087830e-02 1.002324894070625305e-01 -1.201613619923591614e-01
-1.588486433029174805e-01 1.949668824672698975e-01 2.136768102645874023e-01 4.144112765789031982e-02 3.560719266533851624e-02 9.474731236696243286e-02 -2.649452388286590576e-01 -8.101741224527359009e-02 2.172820717096328735e-01 -1.083405502140522003e-02 -1.198453381657600403e-01 9.352473914623260498e-02 1.625330746173858643e-02 4.292840138077735901e-02 -2.650040984153747559e-01 -1.099766120314598083e-01 7.837626338005065918e-02 9.300839900970458984e-02 8.152303844690322876e-02 -6.746781617403030396e-02
