-9.026733040809631348e-02
-8.598966151475906372e-02
-1.345549374818801880e-01
-1.491645127534866333e-01
-1.496007144451141357e-01
-2.776861749589443207e-02
1.276300847530364990e-01
1.192805096507072449e-01
-5.053549259901046753e-02
-1.027021482586860657e-01
-1.210557520389556885e-01
1.277792602777481079e-01
-4.899439960718154907e-02
-2.260228991508483887e-01
-4.751036316156387329e-02
-1.893522739410400391e-01
-1.630606502294540405e-01
3.319170698523521423e-02
2.195917665958404541e-01
-1.088914051651954651e-01
