-4.545370936393737793e-01
-5.562744736671447754e-01
1.749236822128295898e+00
6.333704590797424316e-01
8.807515501976013184e-01
6.491144895553588867e-01
2.647731900215148926e-01
1.405332565307617188e+00
4.438829421997070312e-02
-4.372950494289398193e-01
-1.317347437143325806e-01
-4.345614612102508545e-01
-2.439078390598297119e-01
1.183164477348327637e+00
-1.365711092948913574e+00
-5.725206136703491211e-01
1.835940003395080566e+00
-8.456644415855407715e-01
-5.247418284416198730e-01
1.704142332077026367e+00
-1.368294477462768555e+00
-4.313411563634872437e-02
-1.127547502517700195e+00
3.262973725795745850e-01
-9.226467609405517578e-01
1.311617136001586914e+00
-5.656710863113403320e-01
-2.406764924526214600e-01
-1.277685761451721191e+00
-3.772117793560028076e-01
5.041111707687377930e-01
-2.107416242361068726e-01
1.982026100158691406e-01
-7.031159400939941406e-01
-1.409823179244995117e+00
1.412208676338195801e+00
-5.948240756988525391e-01
-8.463982939720153809e-01
-4.526537656784057617e-01
1.202017515897750854e-01
-1.368566989898681641e+00
5.040505528450012207e-02
-4.258860647678375244e-01
-1.586308181285858154e-01
-3.610893189907073975e-01
1.268596887588500977e+00
9.222473949193954468e-02
5.578081607818603516e-01
8.423548340797424316e-01
-1.343566417694091797e+00
-7.033794522285461426e-01
1.018582820892333984e+00
1.700230121612548828e+00
1.366799622774124146e-01
-2.455985099077224731e-01
-8.289095163345336914e-01
-1.727922916412353516e+00
6.072154045104980469e-01
1.993083477020263672e+00
1.454782128334045410e+00
7.287124395370483398e-01
6.940537691116333008e-01
5.208140015602111816e-01
-2.890543341636657715e-01
4.043690860271453857e-01
-6.239180564880371094e-01
-7.710921168327331543e-01
1.116431832313537598e+00
-1.130261644721031189e-01
1.101517438888549805e+00
-1.703499257564544678e-01
4.369460344314575195e-01
2.565323710441589355e-01
-1.021075129508972168e+00
1.369838833808898926e+00
-4.065300822257995605e-01
9.339053630828857422e-01
-1.142295837402343750e+00
-1.397221803665161133e+00
-1.417166292667388916e-01
5.772272348403930664e-01
5.865907669067382812e-01
-1.412335634231567383e+00
-1.302645355463027954e-01
-2.041579782962799072e-01
2.673404455184936523e+00
1.287956953048706055e+00
9.970298409461975098e-01
-1.765586018562316895e+00
-5.299687385559082031e-01
-8.826567530632019043e-01
-1.041034221649169922e+00
1.583923339843750000e+00
-9.212240576744079590e-01
-1.699911430478096008e-03
1.527679681777954102e+00
-1.262496948242187500e+00
8.167838305234909058e-02
6.738892197608947754e-02
-9.305011630058288574e-01
-3.714869543910026550e-02
5.127351880073547363e-01
-4.323168992996215820e-01
-2.853073179721832275e-01
1.428039819002151489e-01
-4.590828418731689453e-01
-6.617331504821777344e-01
-2.158436477184295654e-01
3.005208075046539307e-01
4.334061443805694580e-01
1.036302745342254639e-01
-7.415943145751953125e-01
1.042473316192626953e+00
1.826720952987670898e+00
-8.110836744308471680e-01
2.754961699247360229e-02
1.283434391021728516e+00
-1.400370240211486816e+00
-1.857849955558776855e+00
4.487292468547821045e-01
2.167268276214599609e+00
7.449720501899719238e-01
-8.368199691176414490e-03
-1.140564158558845520e-01
1.569636762142181396e-01
-4.633350074291229248e-01
-1.267900943756103516e+00
2.603766024112701416e-01
-1.290836930274963379e+00
9.476010799407958984e-01
-2.391361296176910400e-01
2.189421206712722778e-01
-1.385193586349487305e+00
-1.427437901496887207e+00
1.184429287910461426e+00
1.764569133520126343e-01
-9.469153881072998047e-01
2.616813659667968750e+00
3.889712393283843994e-01
2.383502274751663208e-01
-6.598874181509017944e-02
-1.311526179313659668e+00
2.145226240158081055e+00
9.309715777635574341e-02
-1.275782585144042969e+00
-4.399470090866088867e-01
1.892943382263183594e-01
-1.393244147300720215e+00
2.380692243576049805e+00
-1.303575634956359863e+00
1.133446216583251953e+00
6.436964273452758789e-01
6.824293136596679688e-01
-6.211479902267456055e-01
-8.139760047197341919e-02
-1.088541507720947266e+00
-4.608496725559234619e-01
-8.349143266677856445e-01
-1.453698277473449707e-01
9.811673760414123535e-01
7.299185991287231445e-01
-1.212297201156616211e+00
