3.509714826941490173e-02
-7.980779558420181274e-02
-5.914773792028427124e-02
-7.371179014444351196e-02
6.241343542933464050e-02
-1.065951865166425705e-02
6.013765931129455566e-02
5.330198258161544800e-02
-6.809663027524948120e-02
-6.119116768240928650e-02
-5.000724643468856812e-02
1.055662259459495544e-01
-6.516249477863311768e-02
3.026654757559299469e-02
7.824168354272842407e-02
-5.257592350244522095e-02
1.088788062334060669e-01
-3.853134810924530029e-02
-1.986895129084587097e-02
5.710332654416561127e-03
