7.028461694717407227e-01
-2.142484933137893677e-01
3.602757751941680908e-01
8.479354977607727051e-01
1.549993008375167847e-01
1.258008122444152832e+00
-2.299665659666061401e-01
-5.067290663719177246e-01
3.066780865192413330e-01
5.651936531066894531e-01
-1.743064075708389282e-02
1.676410079002380371e+00
-3.519140183925628662e-01
2.132337331771850586e+00
-7.695313692092895508e-01
4.521225988864898682e-01
3.374587297439575195e-01
1.023367404937744141e+00
2.069465637207031250e+00
-1.434070229530334473e+00
-5.732337236404418945e-01
5.631993412971496582e-01
-7.449990510940551758e-01
-1.182163432240486145e-01
5.373911261558532715e-01
1.315092086791992188e+00
-1.070569634437561035e+00
-6.698403358459472656e-01
5.306316614151000977e-01
-1.367727041244506836e+00
1.912889361381530762e+00
1.148742437362670898e+00
8.807951211929321289e-01
-4.142796099185943604e-01
6.969177126884460449e-01
-3.057368565350770950e-03
-8.404416441917419434e-01
-1.863504946231842041e-01
-5.661790966987609863e-01
1.002320647239685059e+00
2.193438768386840820e+00
-6.990455389022827148e-01
3.485450446605682373e-01
-5.677001476287841797e-01
8.605261445045471191e-01
5.508551001548767090e-01
1.288296341896057129e+00
9.682356566190719604e-02
-8.027978539466857910e-01
-2.320521831512451172e+00
-8.049404025077819824e-01
-6.088442206382751465e-01
1.012795925140380859e+00
9.210251271724700928e-03
6.393032670021057129e-01
7.312235832214355469e-01
5.609217882156372070e-01
4.378822147846221924e-01
-1.098862767219543457e+00
1.623731255531311035e+00
5.896314978599548340e-01
4.040274024009704590e-01
1.289963960647583008e+00
-5.674961581826210022e-02
-7.655172348022460938e-01
4.050090014934539795e-01
-8.527088165283203125e-01
1.275092244148254395e+00
4.094215929508209229e-01
9.832872748374938965e-01
-3.491448760032653809e-01
-5.053822323679924011e-02
-1.215507388114929199e-01
2.881847918033599854e-01
-1.246167421340942383e+00
-1.096462607383728027e+00
-1.657934188842773438e+00
-1.292657971382141113e+00
-6.339672207832336426e-01
1.223804727196693420e-01
4.939718842506408691e-01
-1.040372729301452637e+00
-2.101296186447143555e-01
-3.823995590209960938e-01
4.275556504726409912e-01
-2.044600725173950195e+00
-3.257175683975219727e-01
1.078833103179931641e+00
4.662206470966339111e-01
-8.975434899330139160e-01
4.816893637180328369e-01
-7.858793735504150391e-01
-2.067831754684448242e+00
1.072781801223754883e+00
4.164319932460784912e-01
-8.573739528656005859e-01
-9.505401849746704102e-01
-3.524794578552246094e-01
1.106485486030578613e+00
-3.513852655887603760e-01
7.833983898162841797e-01
-3.048787415027618408e-01
-5.701904892921447754e-01
-8.457932271994650364e-04
1.872088462114334106e-01
2.088425308465957642e-01
7.617529034614562988e-01
-8.564009517431259155e-02
-6.252969503402709961e-01
1.669035851955413818e-01
2.252797633409500122e-01
8.163996785879135132e-02
2.058990716934204102e+00
-1.796910315752029419e-01
-1.931672841310501099e-01
-2.474226474761962891e+00
6.574940085411071777e-01
-6.902316212654113770e-01
2.683514356613159180e-01
9.153902530670166016e-01
-1.243235588073730469e+00
-3.891004920005798340e-01
-1.178804993629455566e+00
4.716775417327880859e-01
8.176150321960449219e-01
7.162682414054870605e-01
-1.383387684822082520e+00
-1.701376557350158691e+00
3.088032901287078857e-01
4.702324867248535156e-01
6.627007126808166504e-01
5.526130795478820801e-01
1.023239016532897949e+00
-3.679756224155426025e-01
2.856124043464660645e-01
1.818825483322143555e+00
2.857727706432342529e-01
2.111490726470947266e+00
9.552659988403320312e-01
-8.784103393554687500e-01
1.510285735130310059e+00
2.421167045831680298e-01
-1.184536337852478027e+00
6.023322939872741699e-01
9.183253645896911621e-01
6.828551292419433594e-01
4.982020258903503418e-01
5.370268821716308594e-01
2.859305404126644135e-02
7.832674384117126465e-01
-1.286669611930847168e+00
-4.763463735580444336e-01
2.149351358413696289e+00
-5.800224542617797852e-01
1.151699185371398926e+00
-4.327245056629180908e-01
1.901532053947448730e+00
3.794617354869842529e-01
2.775171399116516113e-01
-5.834916234016418457e-01
-9.029638171195983887e-01
3.240944743156433105e-01
1.385446906089782715e+00
-7.912229299545288086e-01
9.710266590118408203e-01
-1.837807059288024902e+00
-1.441996574401855469e+00
1.033455610275268555e+00
-5.437827110290527344e-01
-1.476067662239074707e+00
9.615746140480041504e-01
-2.249226808547973633e+00
9.354441761970520020e-01
-6.189297437667846680e-01
-3.346386253833770752e-01
-2.166553139686584473e-01
-8.140367269515991211e-01
1.417789459228515625e+00
-5.438761413097381592e-02
-3.220050573348999023e+00
-6.211784482002258301e-02
3.203756809234619141e-01
-4.258504211902618408e-01
9.033192992210388184e-01
-2.126571416854858398e+00
-4.449537694454193115e-01
2.227087736129760742e+00
-1.023860335350036621e+00
6.113368272781372070e-01
-5.592292547225952148e-01
