-5.167908668518066406e-01
1.121226787567138672e+00
9.105815887451171875e-01
-3.269759416580200195e-01
1.562967777252197266e+00
-1.272556304931640625e+00
7.420198917388916016e-01
2.855157256126403809e-01
-1.666953563690185547e-01
-2.007611691951751709e-01
2.903169766068458557e-02
1.595845699310302734e+00
-1.590749435126781464e-02
-1.919275522232055664e-01
-4.976187646389007568e-01
-6.419503092765808105e-01
-8.133769631385803223e-01
-8.372778892517089844e-01
1.389140844345092773e+00
7.554961442947387695e-01
5.673147439956665039e-01
1.145829409360885620e-01
-4.702428579330444336e-01
1.076884627342224121e+00
7.939504981040954590e-01
-1.059986233711242676e+00
1.645250201225280762e+00
-6.105166673660278320e-01
2.300385236740112305e+00
-3.392646908760070801e-01
-1.320098638534545898e+00
-2.516108274459838867e+00
-1.920536518096923828e+00
1.040628671646118164e+00
1.022817492485046387e+00
1.651482582092285156e+00
-1.509447693824768066e-01
-7.301238775253295898e-01
-2.008129596710205078e+00
-1.325238943099975586e+00
1.960372805595397949e+00
-8.827269822359085083e-02
-6.855212450027465820e-01
1.468582898378372192e-01
-3.574119508266448975e-01
1.106707215309143066e+00
-2.196928411722183228e-01
-1.691599130630493164e+00
-1.159338474273681641e+00
5.159487724304199219e-01
-8.908545374870300293e-01
-3.377272486686706543e-01
-6.446375250816345215e-01
-1.350932419300079346e-01
8.896250724792480469e-01
-7.922664284706115723e-01
-8.088186383247375488e-01
4.436361491680145264e-01
6.123990416526794434e-01
5.119580626487731934e-01
-9.309436082839965820e-01
-5.919448137283325195e-01
1.660890728235244751e-01
4.952491521835327148e-01
6.226306557655334473e-01
4.429387748241424561e-01
