1.104131340980529785e-01 5.057700872421264648e-01 3.456214666366577148e-01 1.457425653934478760e-01 -1.847109645605087280e-01 -2.316835969686508179e-01 4.331380426883697510e-01 -9.067324548959732056e-02 1.423225272446870804e-03 -1.514977812767028809e-01
1.460358947515487671e-01 2.935948781669139862e-02 5.354356765747070312e-01 4.186974167823791504e-01 -6.491931080818176270e-01 -6.742932796478271484e-01 -7.028722204267978668e-03 1.694597005844116211e+00 -3.656627833843231201e-01 6.322415471076965332e-01
-8.105107396841049194e-02 7.030339241027832031e-01 5.564003586769104004e-01 4.307730495929718018e-02 -3.028549551963806152e-01 -2.084114402532577515e-01 7.336946129798889160e-01 1.112051960080862045e-02 -2.753420770168304443e-01 -4.524677991867065430e-01
1.133204340934753418e+00 9.024226665496826172e-01 1.624927520751953125e-01 -1.797938793897628784e-01 -1.026287972927093506e-01 2.503804676234722137e-02 -6.301767230033874512e-01 -1.474897742271423340e+00 -1.084529638290405273e+00 -2.296801954507827759e-01
1.056385517120361328e+00 -1.004153013229370117e+00 -1.030578017234802246e-01 -1.666284441947937012e+00 -3.925505280494689941e-01 -7.809395343065261841e-02 1.504608839750289917e-01 3.136419773101806641e+00 7.258204221725463867e-01 1.033495187759399414e+00
5.863768458366394043e-01 -5.715184807777404785e-01 -1.647190600633621216e-01 -6.029464006423950195e-01 -1.730461791157722473e-02 1.688132137060165405e-01 1.261676251888275146e-01 8.160047531127929688e-01 9.135723114013671875e-03 6.950893402099609375e-01
4.387893080711364746e-01 -3.018926382064819336e-01 -7.639911770820617676e-01 -5.610706806182861328e-01 1.935203820466995239e-01 5.549581050872802734e-01 -4.764668941497802734e-01 7.034379243850708008e-02 5.687259137630462646e-02 3.726592063903808594e-01
-1.579283475875854492e-01 -1.840482838451862335e-02 3.489273488521575928e-01 7.601995766162872314e-02 -4.328622519969940186e-01 -7.151286602020263672e-01 2.486100643873214722e-01 1.652461886405944824e+00 -3.006478548049926758e-01 9.940256178379058838e-02
7.774589210748672485e-02 2.573479115962982178e-01 2.851504087448120117e-01 4.617241919040679932e-01 -6.024527549743652344e-01 -4.398059844970703125e-01 9.524841606616973877e-02 7.625664472579956055e-01 -2.620150446891784668e-01 4.236203730106353760e-01
2.925257086753845215e-01 -5.809365510940551758e-01 4.485392570495605469e-02 3.407722115516662598e-01 3.413270711898803711e-01 -7.386153936386108398e-02 -9.532725811004638672e-01 2.114333361387252808e-01 -1.011033773422241211e+00 5.655839443206787109e-01
