2.882303595542907715e-01 4.874297082424163818e-01 8.217555880546569824e-01 -7.691204547882080078e-01 2.123642712831497192e-01 -5.607220530509948730e-02 -5.075103044509887695e-01 -2.232730090618133545e-01 2.639328539371490479e-01 2.453347593545913696e-01
7.006462812423706055e-01 3.002492487430572510e-01 4.682157337665557861e-01 -5.576907396316528320e-01 7.370974421501159668e-01 -3.095605969429016113e-01 -9.792277216911315918e-02 -3.437893986701965332e-01 3.257310017943382263e-02 -1.560115665197372437e-01
-1.043789759278297424e-01 4.251677691936492920e-01 4.205510914325714111e-01 -1.131658554077148438e+00 8.754868060350418091e-02 -3.623017668724060059e-01 -8.499121665954589844e-01 -8.281666040420532227e-01 -7.779799103736877441e-01 8.565391302108764648e-01
-4.880963802337646484e+00 -4.381221160292625427e-02 -4.228394508361816406e+00 2.701702356338500977e+00 -1.763998985290527344e+00 1.661806464195251465e+00 1.340554833412170410e+00 2.074283838272094727e+00 -9.811683893203735352e-01 3.991369247436523438e+00
-3.056096076965332031e+00 4.279268383979797363e-01 -6.897339224815368652e-01 -2.918527126312255859e+00 -6.405674815177917480e-01 8.031287193298339844e-01 3.704206943511962891e-01 -2.123279124498367310e-01 -1.241291403770446777e+00 2.348874092102050781e+00
-1.459923505783081055e+00 -2.847227454185485840e-01 -8.082024455070495605e-01 1.443785578012466431e-01 -6.753710508346557617e-01 1.617692410945892334e-01 -1.051853150129318237e-01 2.348753660917282104e-01 -1.000099658966064453e+00 1.040252804756164551e+00
-1.959145188331604004e+00 2.880515754222869873e-01 -1.392591476440429688e+00 1.480201363563537598e+00 -5.485138893127441406e-01 1.094949960708618164e+00 4.765846729278564453e-01 2.080435514450073242e+00 8.073111176490783691e-01 9.256214648485183716e-02
3.635348975658416748e-01 4.821441471576690674e-01 6.730310916900634766e-01 -7.895617485046386719e-01 5.737777948379516602e-01 -6.462376713752746582e-01 -4.811329543590545654e-01 -4.769546985626220703e-01 -7.782522588968276978e-02 -2.364709526300430298e-01
4.404086768627166748e-01 -1.564521640539169312e-01 1.426955014467239380e-01 -6.307706236839294434e-01 5.670486092567443848e-01 -2.856073379516601562e-01 -4.630327820777893066e-01 -5.573477149009704590e-01 -4.437287151813507080e-02 1.248087882995605469e-01
2.096490859985351562e+00 -1.288509130477905273e+00 1.438212037086486816e+00 -9.082032442092895508e-01 1.582955360412597656e+00 -1.734019756317138672e+00 -7.458385825157165527e-01 -8.452869653701782227e-01 -7.999492287635803223e-01 4.244744777679443359e-01
