7.795838117599487305e-01
4.948826730251312256e-01
4.358021020889282227e-01
-3.970355689525604248e-01
-2.335241794586181641e+00
-7.612463831901550293e-01
-1.352621018886566162e-01
9.263833612203598022e-02
-7.630131840705871582e-01
-1.029364228248596191e+00
2.631696760654449463e-01
1.570762515068054199e+00
-1.449550867080688477e+00
-1.146875262260437012e+00
2.189742028713226318e-01
-6.077856421470642090e-01
-5.985914468765258789e-01
-1.839346528053283691e+00
-6.139914393424987793e-01
-1.770079612731933594e+00
6.086522936820983887e-01
-1.361670613288879395e+00
6.494480967521667480e-01
-6.115996837615966797e-02
-4.306077659130096436e-01
1.882936507463455200e-01
5.873384475708007812e-01
8.438791632652282715e-01
5.443873405456542969e-01
-9.904568791389465332e-01
1.182935833930969238e+00
-9.887113571166992188e-01
3.461563587188720703e-01
-2.000867605209350586e+00
-9.549521803855895996e-01
-8.014951646327972412e-02
5.672072768211364746e-01
-2.453051805496215820e+00
-2.461659014225006104e-01
-9.796819649636745453e-03
-1.343316912651062012e+00
5.090339183807373047e-01
-1.245401892811059952e-02
-1.577138662338256836e+00
-1.792582511901855469e+00
6.919032335281372070e-01
-6.107791662216186523e-01
-8.136553764343261719e-01
-1.653969883918762207e+00
-4.784082770347595215e-01
-2.090304374694824219e+00
-6.101769208908081055e-01
-8.713479042053222656e-01
7.215586900711059570e-01
7.224579453468322754e-01
