-2.807524502277374268e-01 -7.784005999565124512e-01 -1.600193977355957031e+00 -3.073508143424987793e-01 1.500733494758605957e-01 -5.339378714561462402e-01 5.020343512296676636e-02 -5.887975692749023438e-01 -3.993067145347595215e-01 1.106838941574096680e+00
-2.313609570264816284e-01 -1.542054116725921631e-02 -1.142964512109756470e-01 -6.920332312583923340e-01 5.408742427825927734e-01 7.138121873140335083e-02 6.628409028053283691e-02 -4.426892995834350586e-01 2.139727473258972168e-01 -1.053668037056922913e-01
3.436339497566223145e-01 3.190875649452209473e-01 2.818996608257293701e-01 4.186866879463195801e-01 -5.550049543380737305e-01 6.431120634078979492e-01 -3.570942282676696777e-01 4.356315433979034424e-01 -2.958373725414276123e-01 3.774205744266510010e-01
-5.575608611106872559e-01 -5.827550888061523438e-01 2.065697759389877319e-01 -3.798834085464477539e-01 3.641227185726165771e-01 -2.540535330772399902e-01 1.608562916517257690e-01 -5.835425481200218201e-02 2.652555108070373535e-01 -1.248157694935798645e-01
4.120551645755767822e-01 5.037087202072143555e-01 -2.267849296331405640e-01 6.689479351043701172e-01 -1.951948404312133789e-01 2.981273829936981201e-01 4.259215295314788818e-02 3.110354542732238770e-01 -9.413926303386688232e-02 3.687507510185241699e-01
5.580209493637084961e-01 3.067786991596221924e-01 6.941267848014831543e-01 2.543159723281860352e-01 -2.930494546890258789e-01 3.613801002502441406e-01 -5.222595930099487305e-01 3.004795908927917480e-01 -5.256468653678894043e-01 -5.478089451789855957e-01
2.645505666732788086e-01 1.559335231781005859e+00 2.019393205642700195e+00 -9.322959780693054199e-01 6.342378258705139160e-01 -7.835999727249145508e-01 7.781267166137695312e-01 -6.550854444503784180e-02 4.169409573078155518e-01 -5.529859066009521484e-01
-1.717452332377433777e-02 8.573614805936813354e-02 -2.412227839231491089e-01 -4.112941622734069824e-01 3.531938493251800537e-01 8.450906276702880859e-01 1.344420295208692551e-02 -5.098081231117248535e-01 3.406339585781097412e-01 6.340671777725219727e-01
-2.231929600238800049e-01 -3.554918169975280762e-01 -8.256807327270507812e-01 6.483179330825805664e-01 -3.546463549137115479e-01 2.118290364742279053e-01 1.543836474418640137e+00 -6.755738854408264160e-01 -2.176321148872375488e-01 2.869515717029571533e-01
-1.109696701169013977e-01 1.080285549163818359e+00 -2.081212043762207031e+00 -4.760549068450927734e-01 -1.967091299593448639e-02 1.123787164688110352e+00 -9.392631649971008301e-01 -6.969404965639114380e-02 -1.214128881692886353e-01 6.241056919097900391e-01
