-6.206395849585533142e-02
-8.962371349334716797e-01
3.969503566622734070e-02
-4.252514839172363281e-01
-6.745893955230712891e-01
1.367012023925781250e+00
5.117269754409790039e-01
1.292284965515136719e+00
-7.786567807197570801e-01
-3.296154141426086426e-01
-6.740682125091552734e-01
1.686143159866333008e+00
3.226166367530822754e-01
1.022391557693481445e+00
1.057099997997283936e-01
-1.101643204689025879e+00
1.197566986083984375e+00
-7.981991767883300781e-01
7.779219746589660645e-01
9.990066289901733398e-01
-8.629204034805297852e-01
-2.602900981903076172e+00
-5.567770600318908691e-01
6.013575792312622070e-01
2.201171159744262695e+00
9.652624726295471191e-01
-6.251536011695861816e-01
9.536033868789672852e-01
-1.468152761459350586e+00
1.900775909423828125e+00
5.408393740653991699e-01
9.179646372795104980e-01
4.974595606327056885e-01
1.950186371803283691e+00
6.415730714797973633e-01
-2.855324149131774902e-01
2.972427010536193848e-01
-2.218124389648437500e+00
-5.103265047073364258e-01
1.197779402136802673e-01
-8.574577569961547852e-01
-7.384533286094665527e-01
6.366544365882873535e-01
-1.789283037185668945e+00
9.525972008705139160e-01
1.154740333557128906e+00
-1.761931777000427246e+00
1.254561662673950195e+00
1.642961144447326660e+00
3.367139026522636414e-02
6.610857248306274414e-01
-7.510716319084167480e-01
1.350660920143127441e+00
8.462783098220825195e-01
-1.498558044433593750e+00
