1.919209510087966919e-01 -4.445815980434417725e-01 -4.067747294902801514e-01 -6.762340664863586426e-01 7.863350510597229004e-01 4.932756721973419189e-01 2.592748403549194336e-01 -8.519753217697143555e-01 1.439582407474517822e-01 -3.076742887496948242e-01
1.463107764720916748e-01 -2.768015265464782715e-01 -4.111923277378082275e-01 -3.993147239089012146e-02 6.432467103004455566e-01 5.246305465698242188e-01 1.381568461656570435e-01 -1.330707371234893799e-01 1.338405907154083252e-02 5.287597700953483582e-02
-2.034659534692764282e-01 6.369524598121643066e-01 3.035467267036437988e-01 1.723097264766693115e-01 3.552639782428741455e-01 -5.651028752326965332e-01 -1.157296076416969299e-01 -3.686431646347045898e-01 2.945568561553955078e-01 -2.283862680196762085e-01
-2.531176507472991943e-01 5.301753282546997070e-01 4.875664710998535156e-01 2.583673000335693359e-01 -3.874516189098358154e-01 -3.729801476001739502e-01 -5.176445841789245605e-01 -3.354850709438323975e-01 5.331281423568725586e-01 7.369453310966491699e-01
6.837007403373718262e-01 -7.240016460418701172e-01 -1.654214039444923401e-02 2.009516954421997070e-01 9.912090897560119629e-01 3.203172981739044189e-01 -5.276581048965454102e-01 4.804316163063049316e-01 1.041336078196763992e-02 -1.103391885757446289e+00
-2.690680027008056641e-01 2.996673583984375000e-01 -7.341409921646118164e-01 -2.110017687082290649e-01 6.701214313507080078e-01 -5.698373913764953613e-01 1.062808513641357422e+00 -2.232229709625244141e+00 3.971911072731018066e-01 -7.133553624153137207e-01
-7.298218011856079102e-01 -7.561814039945602417e-02 4.221863448619842529e-01 5.134605169296264648e-01 -1.244278907775878906e+00 6.687198579311370850e-02 5.803520083427429199e-01 1.340097546577453613e+00 -4.884807765483856201e-01 5.143249630928039551e-01
-4.866316020488739014e-01 6.203013062477111816e-01 4.255203008651733398e-01 -7.966540753841400146e-02 -6.839092373847961426e-01 -1.940153092145919800e-01 -2.819591760635375977e-01 -2.924842536449432373e-01 2.991386353969573975e-01 2.316679060459136963e-01
-1.994914114475250244e-01 5.235897898674011230e-01 -5.815039947628974915e-02 5.507075190544128418e-01 -9.797456115484237671e-02 -5.771694183349609375e-01 2.436959445476531982e-01 -1.652260720729827881e-01 -1.375122070312500000e-01 -2.691993117332458496e-01
2.619708776473999023e-01 -4.533008858561515808e-02 9.643485397100448608e-02 -1.359200000762939453e+00 -3.638624846935272217e-01 8.830316066741943359e-01 -7.190363407135009766e-01 2.379749119281768799e-01 1.136496961116790771e-01 1.054915189743041992e+00
