7.858465611934661865e-02
1.229749679565429688e+00
1.889491528272628784e-01
-8.345080018043518066e-01
-1.997544467449188232e-01
-6.130977869033813477e-01
-1.030732989311218262e+00
-1.231507182121276855e+00
-1.148878097534179688e+00
-2.389786005020141602e+00
9.956520199775695801e-01
1.294273972511291504e+00
-1.625867843627929688e+00
2.067566156387329102e+00
-7.911706566810607910e-01
2.569249629974365234e+00
-1.698986887931823730e-01
6.629050970077514648e-01
2.300933897495269775e-01
1.086132675409317017e-01
2.111667841672897339e-01
-2.278647661209106445e+00
1.158382892608642578e+00
-9.024906754493713379e-01
-1.040651425719261169e-01
-3.387210071086883545e-01
1.786272168159484863e+00
8.325803875923156738e-01
-5.362232327461242676e-01
1.597972869873046875e+00
-9.696848988533020020e-01
-3.994113802909851074e-01
9.625056385993957520e-01
4.145006090402603149e-02
-1.324221014976501465e+00
-9.007394313812255859e-01
5.799944400787353516e-01
3.831459283828735352e-01
1.551541209220886230e+00
9.532566666603088379e-01
-1.229839563369750977e+00
-1.175280753523111343e-02
8.109611868858337402e-01
1.169963955879211426e+00
-6.390699744224548340e-01
-3.091702759265899658e-01
1.082000017166137695e+00
-1.345906496047973633e+00
5.390200614929199219e-01
-6.645240187644958496e-01
4.217158555984497070e-01
1.665358304977416992e+00
4.185708761215209961e-01
2.743315324187278748e-02
1.540117502212524414e+00
