-7.327041774988174438e-02 -4.250604659318923950e-02 -4.049684703350067139e-01 -2.485598325729370117e-01 -3.485988825559616089e-02 -2.924652397632598877e-02 -4.822339117527008057e-01 -1.289046257734298706e-01 -3.951038718223571777e-01 1.776180565357208252e-01
-1.352091431617736816e+00 -1.426054000854492188e+00 8.598891496658325195e-01 6.589725613594055176e-01 -1.038003683090209961e+00 -5.507032275199890137e-01 -1.933815181255340576e-01 -3.819325268268585205e-01 9.460611939430236816e-01 -5.603556036949157715e-01
-3.635973334312438965e-01 -2.347492873668670654e-01 -5.027969479560852051e-01 -3.243993520736694336e-01 -4.188845455646514893e-01 -3.257697224617004395e-01 -2.610934376716613770e-01 -4.934936761856079102e-01 -6.331974864006042480e-01 3.656522333621978760e-01
-3.991100192070007324e-01 1.080592513084411621e+00 -1.023207902908325195e-01 1.254003643989562988e+00 7.097077369689941406e-02 1.985526680946350098e-01 -3.336793482303619385e-01 -1.319748640060424805e+00 -7.701030373573303223e-01 5.507000088691711426e-01
1.058820724487304688e+00 3.461573719978332520e-01 -3.220759630203247070e-01 3.555144071578979492e-01 -1.495706290006637573e-01 3.045807480812072754e-01 5.245251655578613281e-01 2.694721519947052002e-01 7.812864780426025391e-01 -2.199207544326782227e-01
2.475098520517349243e-01 -2.413340210914611816e-01 1.371579915285110474e-01 2.474370151758193970e-01 -5.710213780403137207e-01 -2.915063500404357910e-02 -2.925934195518493652e-01 -6.297588944435119629e-01 -1.325350403785705566e-01 -4.068686068058013916e-01
-2.221131622791290283e-01 -1.262368410825729370e-01 -1.565422862768173218e-01 -4.955961108207702637e-01 -3.477935194969177246e-01 -1.735794544219970703e-01 -4.847497344017028809e-01 -6.527347564697265625e-01 -7.441496253013610840e-01 -8.205822855234146118e-02
-9.440529346466064453e-01 -1.625519245862960815e-01 -4.862326979637145996e-01 -6.546255946159362793e-01 -1.123358383774757385e-01 1.014483422040939331e-01 -8.609107136726379395e-02 -4.359921514987945557e-01 -3.779431283473968506e-01 7.580944895744323730e-01
-7.756783962249755859e-01 -6.456861495971679688e-01 -8.285673856735229492e-01 -8.962204456329345703e-01 -8.634077906608581543e-01 6.007154583930969238e-01 -4.065498709678649902e-02 1.570942401885986328e-01 -1.621487259864807129e+00 4.882156252861022949e-01
8.940922468900680542e-02 -1.539904326200485229e-01 -4.381958544254302979e-01 -8.558842539787292480e-02 -1.741631478071212769e-01 -3.847905993461608887e-01 -4.434331655502319336e-01 -5.202428698539733887e-01 -7.508608698844909668e-01 1.152454167604446411e-01
