-2.450880408287048340e-01 -2.403024584054946899e-01 2.478065341711044312e-01 -2.441923320293426514e-01 2.416823804378509521e-01 1.416222155094146729e-01 -1.701600849628448486e-01 6.884017586708068848e-01 8.657585829496383667e-03 2.608998417854309082e-01
4.778708815574645996e-01 -6.522346287965774536e-02 2.769443392753601074e-02 -2.467422485351562500e-01 -1.871316134929656982e-01 5.066971182823181152e-01 9.473811984062194824e-01 -3.757575452327728271e-01 2.428173422813415527e-01 4.936192631721496582e-01
4.047779142856597900e-01 1.538865208625793457e+00 -1.320237517356872559e+00 -1.253022789955139160e+00 -5.897248387336730957e-01 -5.274474620819091797e-01 4.386897981166839600e-01 9.123457670211791992e-01 5.773863792419433594e-01 7.350461483001708984e-01
1.646143198013305664e-02 -1.831289529800415039e-01 1.144812330603599548e-01 -4.237835109233856201e-01 -5.349908471107482910e-01 5.525383353233337402e-01 9.395789504051208496e-01 -2.632466256618499756e-01 -4.308969080448150635e-01 -1.306787878274917603e-01
1.453665018081665039e+00 1.991153210401535034e-01 5.572758913040161133e-01 -1.328548789024353027e-01 -5.110317468643188477e-01 -4.110796749591827393e-01 7.121686935424804688e-01 4.115365818142890930e-02 -2.188159525394439697e-01 -2.598456339910626411e-03
-6.352537274360656738e-01 -4.755132645368576050e-02 -4.026931226253509521e-01 9.490589052438735962e-02 2.560221254825592041e-01 -6.773899495601654053e-02 -3.974493145942687988e-01 2.228286713361740112e-01 4.102329015731811523e-01 5.018379092216491699e-01
1.551322042942047119e-01 5.889293551445007324e-02 5.913925170898437500e-01 -1.443062305450439453e+00 -2.778540551662445068e-01 -4.580495506525039673e-02 8.539740443229675293e-01 -1.835362464189529419e-01 2.571168243885040283e-01 4.165645539760589600e-01
-4.312008917331695557e-01 3.323967754840850830e-01 1.483630388975143433e-01 -6.768769621849060059e-01 1.231183528900146484e+00 3.645539581775665283e-01 -2.613531351089477539e-01 9.075918793678283691e-02 6.255444884300231934e-01 6.540474295616149902e-01
-4.408764839172363281e-01 -3.906461894512176514e-01 4.431013762950897217e-01 7.480056583881378174e-02 3.410564064979553223e-01 -4.681617021560668945e-01 -7.340914607048034668e-01 5.581728219985961914e-01 -1.858965158462524414e-01 -3.972159624099731445e-01
2.897811532020568848e-01 5.019363760948181152e-01 -3.996619582176208496e-01 -4.229692816734313965e-01 -2.486140578985214233e-01 4.475932121276855469e-01 1.028568029403686523e+00 -3.664451241493225098e-01 3.023661971092224121e-01 1.198235228657722473e-01
