-7.292348742485046387e-01 3.508251607418060303e-01 -6.135637760162353516e-01 5.549901723861694336e-01 6.359084248542785645e-01 6.819252371788024902e-01 -4.013533294200897217e-01 4.188010394573211670e-01 -2.027697116136550903e-01 -6.175822019577026367e-02
2.447481453418731689e-01 3.502001762390136719e-01 1.970493942499160767e-01 -5.390685200691223145e-01 -6.914373636245727539e-01 -1.167426481842994690e-01 -1.392206788063049316e+00 6.561808586120605469e-01 -1.784452609717845917e-02 -5.462338402867317200e-02
-7.529022693634033203e-01 5.084604620933532715e-01 -3.059001266956329346e-01 -3.257883712649345398e-02 1.907774209976196289e-01 4.408067166805267334e-01 -4.420892000198364258e-01 4.457203745841979980e-01 9.827086701989173889e-03 3.960055112838745117e-02
-1.255863308906555176e-01 2.917801737785339355e-01 5.321353077888488770e-01 4.995278716087341309e-01 2.016056925058364868e-01 5.971166491508483887e-01 -1.478885650634765625e+00 4.430764019489288330e-01 8.529539108276367188e-01 3.627434670925140381e-01
2.155873775482177734e-01 1.192127242684364319e-01 6.195869445800781250e-01 7.185119986534118652e-01 -1.631593704223632812e-01 -8.014119863510131836e-01 5.369838476181030273e-01 -1.496412511914968491e-02 1.048954248428344727e+00 3.057220578193664551e-02
-6.783015131950378418e-01 3.738932609558105469e-01 -6.669510602951049805e-01 6.678549051284790039e-01 7.279459834098815918e-01 5.350075364112854004e-01 -2.244882285594940186e-01 5.729916691780090332e-01 -1.218661591410636902e-01 -3.117237389087677002e-01
-3.165368735790252686e-01 3.056171238422393799e-01 -2.103278487920761108e-01 9.974623322486877441e-01 8.861647248268127441e-01 7.632914185523986816e-01 -2.503441274166107178e-01 1.983922570943832397e-01 7.252161391079425812e-03 -7.791605591773986816e-02
-5.155397653579711914e-01 5.846584439277648926e-01 -4.191197156906127930e-01 -3.167923688888549805e-01 1.537059992551803589e-01 6.250549554824829102e-01 -5.973799228668212891e-01 1.939105987548828125e-01 -6.158656999468803406e-02 5.401127785444259644e-02
4.023885130882263184e-01 -1.241456642746925354e-01 2.300699502229690552e-01 3.964750766754150391e-01 -3.159940242767333984e-01 -4.966613054275512695e-01 5.506418943405151367e-01 -6.577762961387634277e-01 1.235490888357162476e-01 2.285736799240112305e-01
-9.315755367279052734e-01 1.312330365180969238e+00 5.998538732528686523e-01 1.154852867126464844e+00 -2.066309452056884766e-01 2.819372415542602539e-01 2.746854126453399658e-01 -7.517105340957641602e-02 -8.612700104713439941e-01 -2.378851175308227539e-02
