7.391709685325622559e-01
-1.190310001373291016e+00
-9.172732234001159668e-01
1.548285126686096191e+00
-8.115795254707336426e-01
-6.459975838661193848e-01
1.311927318572998047e+00
7.355365157127380371e-01
5.671787858009338379e-01
-3.702430427074432373e-01
1.998830914497375488e+00
-5.456806421279907227e-01
-5.418952703475952148e-01
4.437941014766693115e-01
2.688835933804512024e-02
-2.451446533203125000e+00
-3.251486718654632568e-01
1.612500905990600586e+00
-1.004476547241210938e+00
-1.236786022782325745e-01
1.255339145660400391e+00
4.443015754222869873e-01
2.077677011489868164e+00
1.175000190734863281e+00
-7.325165271759033203e-01
-2.084076642990112305e+00
-2.542010135948657990e-02
-9.557227492332458496e-01
1.534594148397445679e-01
4.805372655391693115e-01
5.452147126197814941e-01
2.088546156883239746e-01
-1.393935203552246094e+00
2.020449191331863403e-01
5.836739540100097656e-01
1.600671172142028809e+00
-2.276670694351196289e+00
1.489939451217651367e+00
3.775736391544342041e-01
2.080228328704833984e+00
-1.598255515098571777e+00
-1.899685263633728027e-01
1.164200082421302795e-01
-1.077093839645385742e+00
1.173142910003662109e+00
-9.783358871936798096e-02
-9.916469454765319824e-02
5.439521074295043945e-01
1.403377056121826172e+00
1.180187940597534180e+00
9.080476164817810059e-01
3.650429844856262207e-02
3.085612952709197998e-01
-6.251744627952575684e-01
-3.997566699981689453e-01
