-4.677043259143829346e-01 -4.603471457958221436e-01 3.562167286872863770e-01 -3.137378990650177002e-01 -5.273776650428771973e-01 3.814156949520111084e-01 2.156735630705952644e-03 -3.026693165302276611e-01 -2.382461912930011749e-02 9.396585822105407715e-02
-5.320606827735900879e-01 -2.648645043373107910e-01 4.693143665790557861e-01 -7.749962806701660156e-02 2.517933547496795654e-01 3.568204939365386963e-01 3.436415195465087891e-01 -4.741300344467163086e-01 -2.718088328838348389e-01 -1.176797524094581604e-01
-2.000465542078018188e-01 7.176498770713806152e-01 -5.629473924636840820e-01 3.295342922210693359e-01 2.729010581970214844e-01 -1.953132748603820801e-01 -4.340959787368774414e-01 4.420682191848754883e-01 -7.884942740201950073e-02 1.741440296173095703e-01
-2.793584764003753662e-01 4.968661069869995117e-01 -1.216805577278137207e-01 -4.221323728561401367e-01 5.708076059818267822e-02 5.583706125617027283e-02 6.598024368286132812e-01 -2.594141662120819092e-01 -4.300243556499481201e-01 5.591690540313720703e-01
2.517198622226715088e-01 -2.031674623489379883e+00 -9.560881257057189941e-01 8.917363882064819336e-01 1.083801910281181335e-01 8.452163934707641602e-01 -4.668662250041961670e-01 5.269746780395507812e-01 -1.292846202850341797e+00 2.080154657363891602e+00
-2.090827375650405884e-01 1.367782801389694214e-01 -2.021644264459609985e-02 -5.103378370404243469e-02 4.361410140991210938e-01 1.364802420139312744e-01 7.889269590377807617e-01 -1.353143602609634399e-01 -3.377174139022827148e-01 9.059742093086242676e-01
-6.382983922958374023e-01 -5.387524366378784180e-01 7.155814170837402344e-01 -2.737441360950469971e-01 8.862213790416717529e-02 5.544277429580688477e-01 -3.866036832332611084e-01 1.598893553018569946e-01 7.617692947387695312e-01 -1.145140886306762695e+00
-8.328201174736022949e-01 1.197152376174926758e+00 -1.439719557762145996e+00 4.608700871467590332e-01 8.077300190925598145e-01 2.267047464847564697e-01 9.076908826828002930e-01 -7.564137578010559082e-01 2.967911958694458008e-01 -4.737609028816223145e-01
-4.769862294197082520e-01 -2.240968346595764160e-01 3.456604182720184326e-01 -2.935090661048889160e-01 -4.389562308788299561e-01 6.771428138017654419e-02 -1.694964594207704067e-04 1.972934901714324951e-01 2.112875282764434814e-01 -1.222750768065452576e-01
4.844496399164199829e-02 -4.205297827720642090e-01 4.123658314347267151e-02 -4.394237995147705078e-01 -3.802396357059478760e-01 5.507997870445251465e-01 6.114355921745300293e-01 -2.429748028516769409e-01 -3.540000915527343750e-01 1.181167602539062500e+00
