-3.861727714538574219e-01 -3.073966503143310547e-01 4.664379656314849854e-01 -3.004992604255676270e-01 -6.098562479019165039e-01 -2.385830879211425781e-01 -5.635676383972167969e-01 -3.232993185520172119e-01 -5.681174993515014648e-01 1.992488056421279907e-01
1.758112162351608276e-01 2.976132929325103760e-01 -3.897988796234130859e-01 3.344775438308715820e-01 9.789152443408966064e-02 -1.576030403375625610e-01 4.153981506824493408e-01 -1.672277227044105530e-02 3.712423145771026611e-01 -7.447137497365474701e-03
-2.856185436248779297e-01 5.684078931808471680e-01 2.510107159614562988e-01 -5.500551462173461914e-01 1.604472547769546509e-01 -6.710613965988159180e-01 -5.431107282638549805e-01 6.202619522809982300e-02 5.960494652390480042e-02 -6.206130236387252808e-02
-3.913373649120330811e-01 2.031524106860160828e-02 -5.838140845298767090e-01 -1.608040481805801392e-01 -5.152120441198348999e-02 -9.838408231735229492e-02 6.663644909858703613e-01 3.385957479476928711e-01 -6.920450925827026367e-01 3.252340108156204224e-02
-3.673281371593475342e-01 -1.046706080436706543e+00 3.975805044174194336e-01 2.350589334964752197e-01 -8.356078267097473145e-01 1.256683111190795898e+00 -5.337907671928405762e-01 -5.772411227226257324e-01 1.426416542381048203e-02 2.896647453308105469e-01
-5.779755711555480957e-01 -1.620189547538757324e-01 -1.083893656730651855e+00 9.867049455642700195e-01 1.288699656724929810e-01 -2.248937934637069702e-01 2.723732590675354004e-01 -1.473551541566848755e-01 -1.003093048930168152e-01 -8.742215037345886230e-01
1.152370125055313110e-01 -9.620566368103027344e-01 -3.866305649280548096e-01 5.974256992340087891e-01 -8.405985236167907715e-01 8.056536912918090820e-01 2.357345074415206909e-01 -3.649333715438842773e-01 -4.681127369403839111e-01 3.689481616020202637e-01
-9.985249042510986328e-01 6.285060197114944458e-02 -9.476615190505981445e-01 2.661634385585784912e-01 2.075515389442443848e-01 8.115934729576110840e-01 1.101269006729125977e+00 -1.218909118324518204e-02 -7.490156888961791992e-01 -2.527976036071777344e-01
-4.175076484680175781e-01 -7.724633812904357910e-02 5.627970695495605469e-01 -3.173441886901855469e-01 -5.942073464393615723e-01 -6.396871209144592285e-01 -4.643917083740234375e-01 -3.914417028427124023e-01 -4.042063355445861816e-01 -8.996674418449401855e-02
8.283871412277221680e-01 -7.560087442398071289e-01 -1.623818725347518921e-01 5.397008061408996582e-01 -2.043956369161605835e-01 5.045244693756103516e-01 -1.944612413644790649e-01 3.707723319530487061e-01 4.569576680660247803e-01 -9.230951219797134399e-02
