6.775370240211486816e-01 -2.852625548839569092e-01 3.826654851436614990e-01 1.667435020208358765e-01 1.325991630554199219e+00 1.384647369384765625e+00 2.552756369113922119e-01 1.467210531234741211e+00 -2.102355241775512695e+00 -2.031252682209014893e-01
7.892492413520812988e-01 -6.261955499649047852e-01 1.084226489067077637e+00 1.257116198539733887e+00 -1.175134658813476562e+00 -6.747593879699707031e-01 7.098540663719177246e-01 -9.828312397003173828e-01 4.562842845916748047e-02 3.239957690238952637e-01
-1.153406143188476562e+00 9.019532799720764160e-02 -1.124467015266418457e+00 -1.397125124931335449e+00 1.189430952072143555e+00 1.150745511054992676e+00 -5.917344093322753906e-01 3.974830508232116699e-01 3.656165301799774170e-02 -6.113531589508056641e-01
4.483219981193542480e-01 -4.096936807036399841e-02 8.787710070610046387e-01 7.901006937026977539e-01 -2.976571917533874512e-01 -5.734308362007141113e-01 6.786049008369445801e-01 -7.932699322700500488e-01 -5.347675681114196777e-01 3.198074400424957275e-01
-7.979210615158081055e-01 4.859553873538970947e-01 -9.519315958023071289e-01 -9.619587659835815430e-01 5.894589424133300781e-01 1.092716827988624573e-01 -2.626734673976898193e-01 3.442959487438201904e-02 -1.598525643348693848e-01 -6.248898506164550781e-01
4.298792481422424316e-01 -4.704082906246185303e-01 5.933359861373901367e-01 5.949031114578247070e-01 -1.066222071647644043e+00 -1.780198961496353149e-01 6.106174588203430176e-01 5.949419736862182617e-02 4.241154789924621582e-01 -4.572494328022003174e-01
-1.513277411460876465e+00 -1.379604041576385498e-01 -1.295674443244934082e+00 -1.706366300582885742e+00 1.550265669822692871e+00 1.187906146049499512e+00 -7.928307056427001953e-01 7.662649750709533691e-01 2.971583008766174316e-01 -8.558794260025024414e-01
-2.122272968292236328e+00 3.217150270938873291e-01 -1.547448635101318359e+00 -8.271449804306030273e-01 -9.565554857254028320e-01 4.756676852703094482e-01 -4.140114784240722656e-01 7.775309085845947266e-01 3.444067239761352539e+00 1.834497004747390747e-01
-5.664099216461181641e+00 -4.456111192703247070e-01 -1.987955808639526367e+00 -8.123767971992492676e-01 1.375464081764221191e+00 7.361410260200500488e-01 2.348075062036514282e-01 2.382353842258453369e-01 1.418035387992858887e+00 -1.088558793067932129e+00
1.898136258125305176e+00 1.482612609863281250e+00 1.066491961479187012e+00 1.111330509185791016e+00 -2.183356046676635742e+00 -1.451525330543518066e+00 -8.372583389282226562e-01 6.822544932365417480e-01 2.801667153835296631e-01 2.297711610794067383e+00
