8.409954309463500977e-01
3.411120772361755371e-01
4.541139304637908936e-02
-3.573347628116607666e-01
-1.909118056297302246e+00
-2.803101837635040283e-01
6.060845255851745605e-01
-1.558890286833047867e-02
1.491976857185363770e+00
-9.957439303398132324e-01
9.928045272827148438e-01
1.477094054222106934e+00
7.190852761268615723e-01
-1.324776053428649902e+00
-5.627484321594238281e-01
7.802302241325378418e-01
6.313574910163879395e-01
-1.285586237907409668e+00
1.415229558944702148e+00
1.073071837425231934e+00
-6.650333758443593979e-03
2.341563552618026733e-01
7.144668698310852051e-01
-2.117931365966796875e+00
2.046663016080856323e-01
2.437399864196777344e+00
2.821426987648010254e-01
1.699967235326766968e-01
1.491396665573120117e+00
-1.296750426292419434e+00
2.234486103057861328e+00
1.283600807189941406e+00
1.831303536891937256e-01
1.858894467353820801e+00
1.044509053230285645e+00
-2.131263256072998047e+00
-7.116641402244567871e-01
-7.147583961486816406e-01
-1.204905509948730469e+00
-5.638126730918884277e-01
-1.354972958564758301e+00
-1.692053914070129395e+00
-1.534252405166625977e+00
1.129822134971618652e+00
2.191741615533828735e-01
1.332612514495849609e+00
7.132790088653564453e-01
1.475822567939758301e+00
-7.864641547203063965e-01
-5.280436873435974121e-01
-7.928940057754516602e-01
-1.191948771476745605e+00
9.412607550621032715e-01
9.091404080390930176e-01
-2.506943941116333008e-01
