5.576011538505554199e-01 -8.545625209808349609e-01 -4.415115341544151306e-02 -3.444451391696929932e-01 1.794499605894088745e-01 3.757150098681449890e-02 -4.734915122389793396e-02 4.729410707950592041e-01 4.223028421401977539e-01 2.262070477008819580e-01
2.344797551631927490e-01 5.205043554306030273e-01 1.845501661300659180e-01 2.215754389762878418e-01 -6.561190485954284668e-01 -7.025062292814254761e-02 1.929716579616069794e-02 6.577385663986206055e-01 1.577252596616744995e-01 -1.250737190246582031e+00
-6.598734855651855469e-01 5.799070596694946289e-01 5.026172995567321777e-01 4.563997089862823486e-01 -3.048028796911239624e-02 -2.638627775013446808e-02 -1.545215249061584473e-01 -1.405401974916458130e-01 -5.675994157791137695e-01 1.577129811048507690e-01
-4.012015461921691895e-01 6.408724188804626465e-01 4.043135941028594971e-01 1.972815245389938354e-01 -2.959254682064056396e-01 9.116391092538833618e-02 -4.724600911140441895e-01 1.428815424442291260e-01 -2.785572111606597900e-01 3.837159872055053711e-01
6.081441044807434082e-01 -4.388916790485382080e-01 -3.609550595283508301e-01 -7.929876446723937988e-01 8.628619462251663208e-02 -3.318946659564971924e-01 5.930346250534057617e-01 7.452726364135742188e-02 7.697517871856689453e-01 -5.501530766487121582e-01
5.097085237503051758e-01 -4.607576131820678711e-01 -4.190114140510559082e-01 -6.218392774462699890e-02 -2.233981192111968994e-01 -2.963908016681671143e-01 2.138925939798355103e-01 3.548242151737213135e-01 -3.803846240043640137e-02 -2.935442924499511719e-01
6.459041237831115723e-01 -5.261090993881225586e-01 -7.749893069267272949e-01 8.441077917814254761e-02 -1.669603139162063599e-01 5.431622862815856934e-01 3.245999813079833984e-01 3.477651774883270264e-01 1.148254573345184326e-01 2.699728012084960938e-01
9.388897567987442017e-02 -3.572428524494171143e-01 3.098391890525817871e-01 7.895839214324951172e-01 -5.782695487141609192e-02 1.284373551607131958e-01 -1.070212721824645996e-01 7.121044993400573730e-01 -2.966705858707427979e-01 -3.644214570522308350e-01
-3.425999581813812256e-01 8.888016939163208008e-01 -1.809486865997314453e+00 -5.403277873992919922e-01 -1.320005893707275391e+00 7.713274955749511719e-01 3.574043512344360352e-01 8.643624782562255859e-01 5.011322498321533203e-01 -2.890474200248718262e-01
9.990247488021850586e-01 1.560492515563964844e-01 -7.862091064453125000e-02 1.246652483940124512e+00 -1.727505087852478027e+00 -1.719302177429199219e+00 4.081806838512420654e-01 -8.689920306205749512e-01 -2.278385497629642487e-02 -4.655446410179138184e-01
