5.045791268348693848e-01 -3.844434022903442383e-01 -3.052341341972351074e-01 -1.790836751461029053e-01 2.343126088380813599e-01 2.175753414630889893e-01 3.741446733474731445e-01 -7.542658597230911255e-02 4.047327935695648193e-01 3.115631937980651855e-01
3.161973059177398682e-01 6.737689673900604248e-02 -2.083084583282470703e-01 -5.726977437734603882e-02 3.028139173984527588e-01 3.724388778209686279e-01 3.344784080982208252e-01 -2.879861891269683838e-01 4.070670902729034424e-01 1.560120582580566406e-01
-6.503969430923461914e-01 -1.420411020517349243e-01 -2.415302395820617676e-01 1.883506476879119873e-01 3.747410476207733154e-01 4.733168184757232666e-01 4.786106050014495850e-01 -6.864255666732788086e-02 3.353100419044494629e-01 3.132381141185760498e-01
4.040849506855010986e-01 -1.608058959245681763e-01 8.215130865573883057e-02 -9.009029716253280640e-02 -1.321157217025756836e-01 -1.407866179943084717e-01 6.467173695564270020e-01 -5.736631155014038086e-01 -2.025344967842102051e-02 4.519865810871124268e-01
1.219038963317871094e-01 -4.517597556114196777e-01 -6.818305253982543945e-01 -6.835078001022338867e-01 3.834170401096343994e-01 4.080355167388916016e-01 2.766499817371368408e-01 -1.076600551605224609e-01 4.829683601856231689e-01 1.722670644521713257e-01
-8.608655631542205811e-02 6.942963600158691406e-01 4.053371027112007141e-02 -5.344737172126770020e-01 -6.545015573501586914e-01 -4.982978999614715576e-01 -6.678236126899719238e-01 1.943563967943191528e-01 -4.988750815391540527e-01 -2.212942689657211304e-01
-6.431390643119812012e-01 3.963221013545989990e-01 5.397195816040039062e-01 6.428485363721847534e-02 -3.561527729034423828e-01 -1.013730615377426147e-01 -4.803873896598815918e-01 -1.610744893550872803e-01 4.707641527056694031e-02 -2.830509543418884277e-01
6.167831420898437500e-01 -3.793843686580657959e-01 -3.525992929935455322e-01 1.367853283882141113e-01 3.798665106296539307e-01 2.196439653635025024e-01 -3.001758083701133728e-02 -1.934204548597335815e-01 1.915019303560256958e-01 -8.980014920234680176e-02
-2.510521411895751953e-01 1.539490520954132080e-01 5.459508895874023438e-01 6.389691680669784546e-02 -6.092579960823059082e-01 -5.169671177864074707e-01 -4.766332805156707764e-01 3.145852088928222656e-01 -2.914131581783294678e-01 -2.195883691310882568e-01
-6.875430941581726074e-01 -3.670535981655120850e-01 9.175856113433837891e-01 1.266992092132568359e+00 4.073601961135864258e-02 5.006540566682815552e-02 5.759295821189880371e-01 -4.861896336078643799e-01 4.059295058250427246e-01 3.333007097244262695e-01
