1.542661339044570923e-01
1.131023883819580078e+00
-7.030178308486938477e-01
-1.174469515681266785e-01
1.438296556472778320e+00
5.502821207046508789e-01
1.574464201927185059e+00
-1.840577572584152222e-01
-1.055389881134033203e+00
1.654631376266479492e+00
-7.327412962913513184e-01
-1.896774649620056152e+00
2.148747742176055908e-01
1.258461475372314453e+00
-1.041706562042236328e+00
-4.177027940750122070e-01
5.777721405029296875e-01
2.025572508573532104e-01
-3.005838096141815186e-01
1.101959496736526489e-01
1.976397395133972168e+00
-1.011345908045768738e-01
-1.034118235111236572e-01
-9.527384638786315918e-01
1.937899738550186157e-01
-2.362948358058929443e-01
-1.768605470657348633e+00
1.469955682754516602e+00
-1.404308915138244629e+00
2.969856746494770050e-02
7.608430385589599609e-01
1.735833764076232910e+00
3.793947696685791016e-01
1.212689161300659180e+00
6.928861141204833984e-02
-1.268595814704895020e+00
8.421956896781921387e-01
2.161190748214721680e+00
-6.044274568557739258e-01
1.359496712684631348e+00
-1.287666082382202148e+00
-1.453038930892944336e+00
1.100212633609771729e-01
-9.120331406593322754e-01
5.578263998031616211e-01
