8.793317675590515137e-01
7.163261771202087402e-01
1.360298991203308105e+00
-9.684785604476928711e-01
1.866016149520874023e+00
-2.480445504188537598e-01
-5.807805061340332031e-01
1.201529264450073242e+00
-2.992594540119171143e-01
-2.043728828430175781e+00
1.411374062299728394e-01
-2.692783176898956299e-01
-1.290203452110290527e+00
9.109293222427368164e-01
-1.009785756468772888e-01
9.796516895294189453e-01
-1.407222509384155273e+00
6.804294586181640625e-01
-1.156963407993316650e-01
1.490546464920043945e+00
1.065041899681091309e+00
-1.457976222038269043e+00
-1.388715505599975586e+00
1.256588578224182129e+00
2.024391293525695801e-01
-1.752539992332458496e+00
1.293046832084655762e+00
-1.206938505172729492e+00
-1.763387769460678101e-01
-1.043315291404724121e+00
4.373695254325866699e-01
3.099667727947235107e-01
-7.425761222839355469e-01
1.022526696324348450e-01
7.059419155120849609e-01
1.910830616950988770e+00
-4.124577641487121582e-01
-1.481987357139587402e+00
-2.089703321456909180e+00
5.136653184890747070e-01
6.630700081586837769e-02
9.106221795082092285e-01
-1.813549280166625977e+00
-2.152038335800170898e+00
1.020408034324645996e+00
-9.884672760963439941e-01
-1.940897479653358459e-02
5.844762921333312988e-01
1.793279290199279785e+00
-8.405902385711669922e-01
1.384960532188415527e+00
2.037700414657592773e+00
7.406665086746215820e-01
1.309979200363159180e+00
1.967128634452819824e+00
