6.597637356261329411e-02 8.771932102584040214e-02 1.105757456472141742e-01 1.348731439301425472e-01 1.604897504445851053e-01 1.869529029246819185e-01 2.140357343238646626e-01 2.422300454543583614e-01 2.694066520853208857e-01 2.957621669336313874e-01 3.217726338216119197e-01 3.459533539665127777e-01 3.682937638672190150e-01 3.891784821916001724e-01 4.072023917576614305e-01 4.212271516084933887e-01 4.335715630076821814e-01 4.415336745970836474e-01 4.466809617088962625e-01 4.474972232809174555e-01 4.454845079360518767e-01 4.402017999201066623e-01 4.336775803785831163e-01 4.246618048912496612e-01 4.140205563170759051e-01 4.029084506247411768e-01 3.906333368773903802e-01 3.774252406677497396e-01 3.649404340754121012e-01 3.320902325185453030e-01
3.636263815269694805e-02 5.692647250530580294e-02 7.574602673121028085e-02 9.417841769394591500e-02 1.127140623487727367e-01 1.305956162987388647e-01 1.477888106265029255e-01 1.643795865313325555e-01 1.794602499696558995e-01 1.935291064534361560e-01 2.057885448038568599e-01 2.165238625305681563e-01 2.250991743313071614e-01 2.326912884515273394e-01 2.386229949013118357e-01 2.415483369397010693e-01 2.437046096836649189e-01 2.436576241341807669e-01 2.422758853372464771e-01 2.384399739768998383e-01 2.334349992912708727e-01 2.269518701930854365e-01 2.198638315725445214e-01 2.114730502103469023e-01 2.022572469176179555e-01 1.929231247002525518e-01 1.828708556909554306e-01 1.724714833463464325e-01 1.625116543068449992e-01 1.386614884278332682e-01
2.404256322786599114e-03 -1.561276327973621335e-02 -2.762261328334808530e-02 -3.795986863613450002e-02 -4.619370281276440060e-02 -5.286239035176140688e-02 -5.783286376565714010e-02 -6.111782499868639862e-02 -6.275618376918121188e-02 -6.336684596217008469e-02 -6.218167089116691248e-02 -6.022155580940455333e-02 -5.628332925653406482e-02 -5.203843379174859229e-02 -4.786726232601440367e-02 -4.270395169074130137e-02 -3.725448220046015391e-02 -3.167828174480908504e-02 -2.621123469231937883e-02 -2.023421237522636876e-02 -1.448292006884041236e-02 -8.371053226719597784e-03 -2.310997786909017512e-03 4.270661681805648646e-03 1.158097602275772603e-02 1.973415999717917368e-02 2.838390421565998439e-02 3.849281923879820100e-02 4.812814797514326087e-02 7.726612856286749209e-02
8.068567495267742196e-03 5.549361566764090571e-03 4.827846981988068338e-03 4.218955240488686184e-03 4.412066029434924194e-03 4.705615507339541703e-03 5.241626461059465877e-03 5.927492726933832057e-03 6.881800647023863723e-03 7.954992127721327577e-03 8.943196148848094051e-03 9.974916124263814854e-03 1.132885193281937992e-02 1.271338671626020753e-02 1.389551748199552295e-02 1.500794503234249844e-02 1.644799884538900719e-02 1.797035710362561434e-02 1.955088551888928619e-02 2.131992892187190361e-02 2.314022802155647762e-02 2.524932773700360594e-02 2.735581885785447892e-02 2.964716704779228260e-02 3.229822404358689836e-02 3.547677022326991420e-02 3.870233417435986478e-02 4.280196908206125583e-02 4.650505087153128381e-02 5.909497883052295536e-02
1.529390268433564702e-02 2.269908005572477544e-02 2.808111414517737436e-02 3.271021509229154328e-02 3.736413861706586181e-02 4.155499392209682091e-02 4.543844548124602312e-02 4.900629551169494169e-02 5.223962300682076509e-02 5.502718331339874480e-02 5.715329128401782505e-02 5.867172929955052907e-02 5.984376258825108152e-02 6.029125303241533729e-02 5.997011353839080267e-02 5.844375670451414789e-02 5.628040562266010960e-02 5.338916441689735282e-02 4.953680896804561057e-02 4.455849044899808792e-02 3.826924474380389435e-02 3.111806088140502830e-02 2.270365631612032697e-02 1.315140055527416058e-02 2.437093777600166100e-03 -9.281964447138893806e-03 -2.232057458284864015e-02 -3.661092428008902444e-02 -5.145138081705237509e-02 -9.142566091026149699e-02
1.047169471037932009e-01 1.258443970230053721e-01 1.523766530597485680e-01 1.806834372794348109e-01 2.113568722964676017e-01 2.434003655665996635e-01 2.772857301060706048e-01 3.141700173744363944e-01 3.520316046431464230e-01 3.897582439632400475e-01 4.308199466761707397e-01 4.720443338235445485e-01 5.150268581843033822e-01 5.586828310307647705e-01 6.008383998618428423e-01 6.436461258733054969e-01 6.880385960790431632e-01 7.300386329068004887e-01 7.715491894107404658e-01 8.134175009523543221e-01 8.537027475459222359e-01 8.910245481082949004e-01 9.286094056714297995e-01 9.637182378143762662e-01 9.971348132786067575e-01 1.030466792263851961e+00 1.061173050926714545e+00 1.091209283743334701e+00 1.118528726572076470e+00 1.170218940906132987e+00
6.130899666912459356e-02 8.858706730128393381e-02 1.150181981296210798e-01 1.412886835180305334e-01 1.679799451512310471e-01 1.941772336557652801e-01 2.200152836450045557e-01 2.459144177574340007e-01 2.704562404526018038e-01 2.939431838971353628e-01 3.165743711028358165e-01 3.378296876193278564e-01 3.574764297877826014e-01 3.765396441138552097e-01 3.937956097213961559e-01 4.086324021053054922e-01 4.234212782456107660e-01 4.357268329882900693e-01 4.469101380623180519e-01 4.562297725207287713e-01 4.643129559415117291e-01 4.702821970640615468e-01 4.759777377606262960e-01 4.798431388052046276e-01 4.824839743844830386e-01 4.849674239256546171e-01 4.860327619621330197e-01 4.864881331001238984e-01 4.864939942737716572e-01 4.817246183901361944e-01
-1.233904490858844967e-03 -6.376982820553034163e-03 -7.992835725014307488e-03 -9.296941378460392771e-03 -9.559859642727907766e-03 -9.774673930263055172e-03 -9.781826671147068886e-03 -9.735057932078298309e-03 -9.496242911030988720e-03 -8.997259676846280918e-03 -8.739019280189887565e-03 -8.217847398103056075e-03 -7.421094682319823513e-03 -6.084759126380442050e-03 -4.559259647568587696e-03 -2.649720738783882534e-03 3.841611429620424289e-04 4.102393657809568286e-03 8.716460269798533000e-03 1.444243356861129451e-02 2.136225755862076331e-02 2.935790011117064835e-02 3.837070000119777169e-02 4.851349329792558479e-02 6.004792734263807163e-02 7.316573592235452173e-02 8.725346726547353327e-02 1.036487924250838188e-01 1.198018589336404816e-01 1.679892371885856606e-01
1.728643662868320843e-02 9.146865527121373143e-03 5.529255914021679805e-03 2.880352186437272824e-03 1.923833720497924137e-03 1.898441173768109988e-03 3.049807167386014203e-03 5.542038414884833952e-03 9.282931506461047921e-03 1.363713802510883172e-02 1.950570029051221926e-02 2.608969995747595014e-02 3.431358537449550467e-02 4.312006797248016388e-02 5.188812675204704933e-02 6.180554317927962338e-02 7.264344314464844798e-02 8.369895500296158086e-02 9.513099443240162489e-02 1.075982984407897886e-01 1.201738751607577121e-01 1.329524188819881936e-01 1.460726630507152846e-01 1.594648266166549810e-01 1.733457376967597052e-01 1.880750663481010609e-01 2.027698203733092064e-01 2.187263429698261819e-01 2.336708850943448323e-01 2.722121512283098288e-01
1.565759892494113931e-02 1.870114280120942218e-02 2.170694646115816501e-02 2.452261187862982833e-02 2.782448970844817945e-02 3.106805182344308733e-02 3.442173513794455353e-02 3.789070935446132993e-02 4.142781954557911428e-02 4.479247430400848384e-02 4.804653162606604966e-02 5.100593638342183073e-02 5.407221077691873323e-02 5.675368412299381521e-02 5.880976462636635510e-02 6.022381031831587628e-02 6.139707368839392165e-02 6.201702505171977076e-02 6.198215144072569127e-02 6.132836638256208839e-02 5.973478633476687200e-02 5.757938170166942982e-02 5.457157276357375159e-02 5.079251355294024661e-02 4.633594635877199414e-02 4.139814142887443538e-02 3.554469130535882482e-02 2.915691713944685431e-02 2.217018714225187440e-02 3.264122633409426849e-03
2.144603058340829177e-02 4.030893025734803153e-02 5.853252110712924006e-02 7.520328611282127429e-02 9.146483336007056597e-02 1.059128100934746131e-01 1.188533667157843920e-01 1.302349349037083548e-01 1.401183804768433294e-01 1.490980233580549985e-01 1.560345993709389700e-01 1.625112509951222028e-01 1.675997922793348860e-01 1.733479420135685123e-01 1.792769779120595430e-01 1.849350641380627103e-01 1.926726122029386312e-01 2.012214331728748029e-01 2.114388232122720868e-01 2.233111690054323528e-01 2.371460319191963095e-01 2.518542573345823321e-01 2.682483312745704285e-01 2.852843712797221709e-01 3.032732365202344682e-01 3.227414450987654559e-01 3.423731459684362100e-01 3.637854841879256118e-01 3.843024255142208356e-01 4.380896468299847468e-01
-3.262365068029819334e-03 -3.249517840490487308e-02 -5.661370627049544524e-02 -7.979651027841645761e-02 -1.010320231861767948e-01 -1.205578025389046348e-01 -1.377677729755071301e-01 -1.526083811433426307e-01 -1.640439502231636482e-01 -1.737976210738624849e-01 -1.795200617468958315e-01 -1.831074119116056220e-01 -1.817734468263988712e-01 -1.795878436482908624e-01 -1.763557474333118380e-01 -1.690708765708819894e-01 -1.609537116317789340e-01 -1.507928070930262821e-01 -1.402318001093687538e-01 -1.268675972966588905e-01 -1.142863893783445384e-01 -1.010689773713630835e-01 -8.898015887064117391e-02 -7.689040198777939705e-02 -6.521567470691475021e-02 -5.449733044807647531e-02 -4.514095665359028897e-02 -3.641760130511409455e-02 -3.041209083137092969e-02 -2.290602575001092142e-02
4.420726021422171498e-02 5.301806501814890216e-02 6.338481987052987932e-02 7.482410664495198205e-02 8.757464228467540246e-02 1.012666318267241156e-01 1.159279194742813823e-01 1.319295119320764709e-01 1.481237462720302600e-01 1.641103951602965183e-01 1.809206139597769047e-01 1.970012867249852639e-01 2.131464352345690538e-01 2.284355288379870952e-01 2.419906858712770892e-01 2.538185151769248860e-01 2.646526171587205711e-01 2.729837721686300678e-01 2.793625452136916931e-01 2.834424768408586037e-01 2.851430370930247982e-01 2.845645921013413293e-01 2.825950681171903733e-01 2.786344018718718840e-01 2.731234332756815597e-01 2.667014167088053722e-01 2.587699548916034820e-01 2.495794956239779649e-01 2.399331297717073874e-01 2.106426479120888928e-01
2.374857291308826723e-02 9.855821497044586765e-03 1.499099987904560505e-03 -5.111752779305740388e-03 -9.412018983634745997e-03 -1.184253344046972897e-02 -1.210140340167454448e-02 -9.939707932791072564e-03 -5.619846035139876642e-03 -2.474224750501647502e-04 8.053390387325802188e-03 1.727875078882121565e-02 2.928856207893102206e-02 4.156132218864887901e-02 5.346758406365618999e-02 6.681469584392014938e-02 8.033922352505347420e-02 9.352097458586236534e-02 1.060669450995391505e-01 1.190644543654716114e-01 1.307949283882388902e-01 1.418921655666654791e-01 1.522448701561081585e-01 1.620019624188989982e-01 1.713807557939224235e-01 1.805810231623503070e-01 1.889717481646078501e-01 1.974191371216212909e-01 2.044961342696669515e-01 2.186081318779916072e-01
-5.692479985900600163e-03 -2.338598447604214522e-02 -3.604695905352295338e-02 -4.754253771154365316e-02 -5.730763490532618520e-02 -6.600243527415580735e-02 -7.349364142721620530e-02 -7.999688272044619408e-02 -8.518682560528464953e-02 -8.948951235220468925e-02 -9.280925382259255785e-02 -9.547052691803124824e-02 -9.664112190280191306e-02 -9.753765292250837771e-02 -9.828662077444080825e-02 -9.819962803938889206e-02 -9.782448230572850234e-02 -9.685199102002632621e-02 -9.577864290389906388e-02 -9.401004455514422320e-02 -9.202143953117747355e-02 -8.912632958585739451e-02 -8.612213643277877306e-02 -8.220373589528207070e-02 -7.718835534112686303e-02 -7.112174835168197373e-02 -6.418254530043920880e-02 -5.547157038389943784e-02 -4.692418533204131825e-02 -1.780048320204068862e-02
4.883611748940207969e-02 6.120631542816182269e-02 7.495742292648950589e-02 8.896449317949997604e-02 1.039662213397182511e-01 1.191702607897517224e-01 1.348588178563601414e-01 1.514374480124282274e-01 1.681058792204158936e-01 1.845266211745324458e-01 2.016902182723579462e-01 2.186136652121101753e-01 2.359027280298048312e-01 2.532447465996242597e-01 2.696406522402310935e-01 2.857290083559623772e-01 3.023995633718946086e-01 3.178861659012154339e-01 3.329684061225452463e-01 3.478365169614941466e-01 3.618475601167330802e-01 3.745685722719973576e-01 3.871213079575288596e-01 3.984308986556415189e-01 4.088890612196965924e-01 4.192558926066533576e-01 4.282695181152649799e-01 4.369931039893840130e-01 4.444183138410415235e-01 4.567218516769965264e-01
-3.196262759082600657e-02 -5.442081454010563174e-02 -7.378334337749933858e-02 -9.247644539314407719e-02 -1.100608727579658608e-01 -1.270234740840582299e-01 -1.435073046917376693e-01 -1.601132282476411262e-01 -1.761506321790305418e-01 -1.914326679662231301e-01 -2.075196115726470891e-01 -2.234916819120757459e-01 -2.393568038838157497e-01 -2.555772163079357284e-01 -2.717537114132123621e-01 -2.884432434279667334e-01 -3.058995438567077563e-01 -3.227938474878590536e-01 -3.399304554074884521e-01 -3.576152289974713350e-01 -3.749197152531805188e-01 -3.905577277751646204e-01 -4.064063622928786312e-01 -4.205930139685750135e-01 -4.330160041310840979e-01 -4.441167035841673272e-01 -4.532067048175291712e-01 -4.599319660683819366e-01 -4.651868418307867903e-01 -4.603160098262820688e-01
9.780908625374677007e-03 1.459367471693795264e-02 1.884834193679136433e-02 2.270392505649781664e-02 2.679022833705436632e-02 3.047772274541449625e-02 3.379350288995146973e-02 3.658487542875303589e-02 3.876719699491620180e-02 4.059204448810285748e-02 4.119529307973496951e-02 4.109673245387972934e-02 4.010954132366160302e-02 3.854349564395522648e-02 3.625325051221030270e-02 3.246249611207854130e-02 2.824325221373765252e-02 2.335975954211561359e-02 1.786586358378718098e-02 1.127327889560741057e-02 4.209223951541453054e-03 -3.051874194181415298e-03 -1.079861817356314070e-02 -1.882271828337336167e-02 -2.691468618740776308e-02 -3.492062198456025168e-02 -4.299555301617612180e-02 -5.084568704725733745e-02 -5.849279339604263050e-02 -7.337096052099177645e-02
-3.994467320926330112e-02 -5.750122066368808238e-02 -7.423759670104435049e-02 -9.083186073065491195e-02 -1.070557356588617975e-01 -1.231264369175767565e-01 -1.391879932354599392e-01 -1.559528873630137702e-01 -1.725336699094416337e-01 -1.888357397622797418e-01 -2.065076522369598266e-01 -2.245436969872240673e-01 -2.429917337264166921e-01 -2.624554065449203333e-01 -2.822253002997896498e-01 -3.033469284551278955e-01 -3.261071275388576773e-01 -3.487681353018109442e-01 -3.724869248801088717e-01 -3.977854204514043590e-01 -4.238104965579797545e-01 -4.489541859133061585e-01 -4.755289264379504166e-01 -5.015293971105836413e-01 -5.271059203882780819e-01 -5.527873409382535463e-01 -5.776187234250804714e-01 -6.020635261176595643e-01 -6.252849347375301070e-01 -6.706842217996065170e-01
5.457651549980795103e-02 8.304743778093352791e-02 1.086272781476451399e-01 1.345216416141428728e-01 1.606050908445775527e-01 1.865752512341421199e-01 2.121195376236011398e-01 2.375231187274443878e-01 2.609154048166558715e-01 2.828653580796983702e-01 3.028203662256975792e-01 3.201777621589558809e-01 3.342786929089211490e-01 3.461669401164021442e-01 3.548205355046054055e-01 3.580591681723329645e-01 3.586034704100868331e-01 3.543849062120367766e-01 3.466691742250369579e-01 3.332996990031489859e-01 3.164741740400983661e-01 2.960925887909052756e-01 2.735193017202632859e-01 2.479046902995653834e-01 2.199008345292983169e-01 1.904938879424057929e-01 1.594062540748866774e-01 1.261670022592873697e-01 9.422271575718937919e-02 1.261738963231098451e-02
1.074281533768045305e-01 1.325055712019763687e-01 1.631929162475898865e-01 1.960383970676441989e-01 2.313564882476679685e-01 2.680915620538689703e-01 3.065152546213505413e-01 3.477060525909702049e-01 3.891192590343128810e-01 4.301821087204694694e-01 4.736528301183924317e-01 5.166183225918898891e-01 5.600716244789130105e-01 6.037899081413058422e-01 6.454274763430590811e-01 6.862303723362315200e-01 7.280784019780169869e-01 7.665374533648476874e-01 8.040145266288875048e-01 8.405601527435317966e-01 8.754981092179920932e-01 9.072653528123141298e-01 9.395194734167584549e-01 9.694571430979362914e-01 9.981511816425213679e-01 1.027377388365715127e+00 1.054775365271506615e+00 1.082298776738123802e+00 1.108274269012453184e+00 1.162608556206639943e+00
-1.465265136998777050e-02 -1.473251939817172423e-02 -1.501908425206896144e-02 -1.586619368415684989e-02 -1.672799437057755773e-02 -1.840643943173939437e-02 -2.105487042898567668e-02 -2.515254536634548704e-02 -3.043348606831842301e-02 -3.609296501163896526e-02 -4.439887963460575904e-02 -5.356844058461805724e-02 -6.465402970706576880e-02 -7.623623396518407203e-02 -8.822612978851503140e-02 -1.021807668087851839e-01 -1.164799404370917696e-01 -1.308265019295432041e-01 -1.452177250459301128e-01 -1.605996294110685618e-01 -1.752092164767511950e-01 -1.887501281631466798e-01 -2.020016841089563586e-01 -2.141787708832081916e-01 -2.250189939486665902e-01 -2.345828580683522180e-01 -2.426398726086515800e-01 -2.487379361099417152e-01 -2.534387228411176807e-01 -2.503717386763552044e-01
1.608701001585817192e-01 2.097630414659929499e-01 2.645592904396458778e-01 3.217949054549259502e-01 3.814563096725031577e-01 4.421978082528947862e-01 5.041629820705633147e-01 5.690587869492471640e-01 6.328573235592982460e-01 6.952867724634510527e-01 7.596971222343511521e-01 8.227074506965944556e-01 8.844871381929702014e-01 9.466240735067208423e-01 1.005647171636496973e+00 1.062373559863241113e+00 1.120839036094449348e+00 1.173877459463798623e+00 1.226007730302875354e+00 1.276362051359335670e+00 1.325001054458454064e+00 1.369041806806522210e+00 1.414434707926643275e+00 1.456586970680677773e+00 1.497094057329886763e+00 1.538669270405975453e+00 1.577944383385279092e+00 1.617556984636785877e+00 1.655720724198782579e+00 1.738046840855992148e+00
9.442855551382825507e-02 1.243881153375008958e-01 1.573145668686643517e-01 1.910197500032919105e-01 2.261762872814587766e-01 2.615014295640181174e-01 2.973406306718846537e-01 3.345315857952942951e-01 3.710878616468827884e-01 4.068838037847656297e-01 4.435883029934035715e-01 4.796085972279169329e-01 5.152124913634584802e-01 5.512537394518528533e-01 5.857027858508579987e-01 6.192986493842391749e-01 6.544671905540945245e-01 6.872000992025288912e-01 7.198060370837559008e-01 7.522165154273601217e-01 7.840940364969122278e-01 8.137566739008039729e-01 8.444196393772063214e-01 8.733763206814646463e-01 9.015571167258049634e-01 9.305707438678472165e-01 9.580886445842544674e-01 9.860862252730234756e-01 1.012562316212449742e+00 1.070206465641559079e+00
-1.600466080230196139e-02 -2.933903893919115671e-02 -4.099416778777238701e-02 -5.244491169114362528e-02 -6.306701259279275107e-02 -7.335063848614607751e-02 -8.323310389952973121e-02 -9.302372524211027782e-02 -1.021967949524318769e-01 -1.109145776893273316e-01 -1.198056008995913857e-01 -1.285415194561835839e-01 -1.367268585254666213e-01 -1.451627523846698020e-01 -1.536864873261850895e-01 -1.623145777980482540e-01 -1.713759430148174001e-01 -1.800546653749511283e-01 -1.890649957475633858e-01 -1.983157245360789855e-01 -2.078123388373976921e-01 -2.165952825415287109e-01 -2.260118064518745473e-01 -2.348993029886813078e-01 -2.433062110823394075e-01 -2.514399490955091521e-01 -2.591607384305606998e-01 -2.661073886480551653e-01 -2.728614031491522485e-01 -2.824090959589132810e-01
5.903755441312585894e-02 8.083739057198392752e-02 1.017772058782979439e-01 1.227575253256086157e-01 1.443177966539855861e-01 1.658576519366405100e-01 1.875401328105866239e-01 2.098373910357262950e-01 2.315554846800007005e-01 2.524896640338673004e-01 2.735159810609468778e-01 2.935224730505061608e-01 3.128812719517020113e-01 3.315179849603476780e-01 3.484166183636790426e-01 3.634483251446288254e-01 3.780420122897281132e-01 3.901866206956584593e-01 4.007979832215678995e-01 4.094916670792857483e-01 4.161199224846734990e-01 4.203020446697823820e-01 4.233922467970522296e-01 4.241307812444818914e-01 4.229591069156827809e-01 4.207275000825988487e-01 4.163368633298117905e-01 4.102908661551626368e-01 4.032949540216480555e-01 3.764506637706439007e-01
-3.535386736986933370e-02 -5.640110787714873453e-02 -7.544112438586397795e-02 -9.419863585103994963e-02 -1.122038218687405747e-01 -1.298142625976889397e-01 -1.470721033514933995e-01 -1.645594631744239922e-01 -1.813728688019130841e-01 -1.975547602978417472e-01 -2.143403147766007044e-01 -2.309576347710668442e-01 -2.471477143072336458e-01 -2.637737443040321650e-01 -2.802995468978828342e-01 -2.970730232789071668e-01 -3.147042588589560874e-01 -3.315949006235003882e-01 -3.488781465935925086e-01 -3.665933647639899595e-01 -3.843856368046691396e-01 -4.008513513320735022e-01 -4.181105374300136401e-01 -4.342879890721802472e-01 -4.495027010519383470e-01 -4.642877231797453152e-01 -4.779775496744710361e-01 -4.904974732446957808e-01 -5.022038107734083656e-01 -5.189289199439650613e-01
-1.159145495747837193e-02 -2.805400145867036066e-02 -4.343761974371496137e-02 -5.770844806392993326e-02 -7.091424911456747915e-02 -8.286182089981924959e-02 -9.383295558260572322e-02 -1.041949071187428938e-01 -1.138395882307304541e-01 -1.230765595297638321e-01 -1.324445874830879333e-01 -1.423902595967848350e-01 -1.523197378474664410e-01 -1.639024406947962587e-01 -1.767206224764908407e-01 -1.916878463282415401e-01 -2.094490024059185995e-01 -2.288454768760173341e-01 -2.507935048088231755e-01 -2.760713556934143997e-01 -3.039624283822343065e-01 -3.325623117805899254e-01 -3.637160192506915246e-01 -3.955871153830261555e-01 -4.281390533000927756e-01 -4.617427116147106991e-01 -4.953710394125420691e-01 -5.298510054424122595e-01 -5.629501316107026199e-01 -6.374843342896414633e-01
9.178891584939253070e-03 2.362114860569583530e-02 3.212684682704314287e-02 3.828847936115626488e-02 4.324885802275819924e-02 4.646887178417614950e-02 4.816998369055017909e-02 4.816278284817777228e-02 4.699276651934519017e-02 4.484810085686023046e-02 4.061222623491141104e-02 3.543674022204881119e-02 2.906027475788346831e-02 2.178741780598868194e-02 1.401871472306631672e-02 4.766876003186275648e-03 -5.091232981872344937e-03 -1.501064268000731373e-02 -2.559813058043193187e-02 -3.707330547796986592e-02 -4.954591901266741649e-02 -6.246214677572852619e-02 -7.684928644195110348e-02 -9.241223557533775890e-02 -1.093818782228108827e-01 -1.278568714795105810e-01 -1.480136386981706909e-01 -1.700676768166652364e-01 -1.927619233815801858e-01 -2.534749205488453505e-01
4.666418769225443713e-02 6.075491315745094878e-02 7.564100606282803119e-02 9.058707258899593995e-02 1.063912892301958901e-01 1.221826500575212832e-01 1.382501522181924791e-01 1.549308122166665747e-01 1.714952653578618591e-01 1.876690814709908450e-01 2.042120540446437926e-01 2.203673056830777743e-01 2.365691632110839826e-01 2.527118368806411941e-01 2.678805288997996303e-01 2.824631038458933485e-01 2.975063805901557168e-01 3.113665524443834376e-01 3.247416307840520489e-01 3.377665291458341046e-01 3.499230538820503611e-01 3.607959941980571905e-01 3.714509663535558448e-01 3.808537620834197557e-01 3.893955018662877410e-01 3.977815959710190308e-01 4.048394305596914045e-01 4.115179053370102147e-01 4.170488580129735334e-01 4.251598019205132806e-01
-3.858448971107933390e-02 -5.729964901294451463e-02 -7.497141138744482791e-02 -9.263221558166784275e-02 -1.098429141166220452e-01 -1.269215771831764539e-01 -1.439672420780000461e-01 -1.616053342308853003e-01 -1.789332214647659236e-01 -1.958358674742260996e-01 -2.138590183050589344e-01 -2.319938451130290902e-01 -2.501456131883512679e-01 -2.689917277527319461e-01 -2.878331403833749302e-01 -3.074523813513370674e-01 -3.281914501542156914e-01 -3.483318092012371858e-01 -3.690549295415724851e-01 -3.906101158644522120e-01 -4.124066841007275608e-01 -4.329951558771555908e-01 -4.545891893575400022e-01 -4.752444195402799609e-01 -4.951319525936805355e-01 -5.148237009745972870e-01 -5.334957501265046309e-01 -5.513328671855008967e-01 -5.681853733710053866e-01 -5.974302594402917110e-01
-5.688522057025640483e-02 -9.167383210010894568e-02 -1.221116615948801554e-01 -1.520152376933087413e-01 -1.808551395883835067e-01 -2.090386708883483213e-01 -2.365383698453319694e-01 -2.641503315033323918e-01 -2.902673949521207275e-01 -3.151720830177709987e-01 -3.401054486307024671e-01 -3.640365975084536299e-01 -3.864065784804638914e-01 -4.086233284764606566e-01 -4.297517456646835488e-01 -4.495597287023054833e-01 -4.694888766001817371e-01 -4.871516151901301717e-01 -5.042000536898976204e-01 -5.200144429209889729e-01 -5.348574984238078089e-01 -5.470262423772090932e-01 -5.594147033084145848e-01 -5.695455360285350821e-01 -5.777041014436952171e-01 -5.847588926693216838e-01 -5.899360125652275411e-01 -5.928245532221076974e-01 -5.951439068446404690e-01 -5.845487560279540862e-01
8.457670480718743056e-03 2.763607061515307994e-02 4.412356875201306483e-02 5.958455459549158451e-02 7.444912002453575595e-02 8.778165336996704426e-02 9.938543816627296024e-02 1.088978127592303002e-01 1.158961974560917124e-01 1.215531590779792420e-01 1.233409914335718005e-01 1.231675470790128124e-01 1.192798520426837233e-01 1.142776710794700945e-01 1.078762026737449947e-01 9.754442720409310652e-02 8.635975350832292285e-02 7.353113960141086092e-02 5.989284836353077346e-02 4.362566678041530227e-02 2.736518009840224752e-02 1.085682877032836599e-02 -5.651450880808081556e-03 -2.226879875375758697e-02 -3.853713687387716469e-02 -5.399702006775455865e-02 -6.874865340404838487e-02 -8.255196374370288304e-02 -9.470088713626975685e-02 -1.137980292874703481e-01
6.248716345729394411e-02 7.793009057838010123e-02 9.655025446249063115e-02 1.158043983347865902e-01 1.365105308289354114e-01 1.575670675885310068e-01 1.793430901009330780e-01 2.023822185333901680e-01 2.255685324881848419e-01 2.485402353958786892e-01 2.727015166347899200e-01 2.968147036590619292e-01 3.214695589695398814e-01 3.466890086415476135e-01 3.710811700379533784e-01 3.956500795325800790e-01 4.217033204466940632e-01 4.466087633515036792e-01 4.717241275171797921e-01 4.974494951088824224e-01 5.229791611462495382e-01 5.473503089761790896e-01 5.724838902171212052e-01 5.966880901018867256e-01 6.205957686471432755e-01 6.452290512864848893e-01 6.688415994354988126e-01 6.931292151325006978e-01 7.158541884155842361e-01 7.666838300706908527e-01
3.246533188348946219e-02 4.134848576620998861e-02 5.112105494506281184e-02 6.095939047102715003e-02 7.158108479026431548e-02 8.220421163170116285e-02 9.299271711538371898e-02 1.041357104440008008e-01 1.150978953151543249e-01 1.257957266580284894e-01 1.364387520394227393e-01 1.466923654497446217e-01 1.567784561811827182e-01 1.667507009886393110e-01 1.759091768210596374e-01 1.843079972728142168e-01 1.930024795145441896e-01 2.007699402519708964e-01 2.081672012609641909e-01 2.151052248162715341e-01 2.215304478393280152e-01 2.272323502219099900e-01 2.328448936371995404e-01 2.377880445796847486e-01 2.424275726310617385e-01 2.472918816958094845e-01 2.515685113819686181e-01 2.560793287681968344e-01 2.599945568511980443e-01 2.689438055967684482e-01
-6.193342381087766496e-02 -8.976160497574849073e-02 -1.172794256058265761e-01 -1.451016158979269166e-01 -1.728629870396058144e-01 -2.005816934866493095e-01 -2.283934357503586421e-01 -2.571989857222302112e-01 -2.854188917592207497e-01 -3.130420218141558575e-01 -3.420209691611745262e-01 -3.709693095642345728e-01 -3.996413248977665478e-01 -4.293152094283537723e-01 -4.586811912997920127e-01 -4.886214165065753123e-01 -5.203273181577550144e-01 -5.507844119073275202e-01 -5.820269428863017458e-01 -6.141946417645226530e-01 -6.468741160838098470e-01 -6.778833748783821278e-01 -7.106919691825372976e-01 -7.423816152166580196e-01 -7.734173859000395002e-01 -8.049508690495277285e-01 -8.354787925061042397e-01 -8.657867342384162335e-01 -8.949162483342516516e-01 -9.531281625998192508e-01
-4.024589023464377434e-03 -2.048444807257009809e-02 -3.308541575429409243e-02 -4.503654027891663969e-02 -5.554255675504402717e-02 -6.532302935150927081e-02 -7.425193159718462832e-02 -8.252525264981812325e-02 -8.975272504473860713e-02 -9.614440549068108133e-02 -1.019837644202462451e-01 -1.071966961696553533e-01 -1.111663236620803741e-01 -1.147567786910607956e-01 -1.180986448703260638e-01 -1.205785831202816905e-01 -1.225954107448360142e-01 -1.237398329881710668e-01 -1.244846071261668519e-01 -1.243312194615979194e-01 -1.235433810267265176e-01 -1.214933194467384958e-01 -1.190810438640947377e-01 -1.154187893922784258e-01 -1.103289407957617624e-01 -1.039318623451117862e-01 -9.639170457720516727e-02 -8.669680687188080492e-02 -7.696756950540084574e-02 -4.283845272894144102e-02
-8.907417785863459836e-02 -1.212411625823198447e-01 -1.531192465024192595e-01 -1.858212199999810521e-01 -2.189769171285942395e-01 -2.528791368383729310e-01 -2.877690477010459436e-01 -3.250254589997558785e-01 -3.625011411691297369e-01 -3.994900576349745824e-01 -4.396555902764913148e-01 -4.799658082174584894e-01 -5.212510392358805644e-01 -5.633292789772007536e-01 -6.045574496607265536e-01 -6.466767174085457093e-01 -6.901875233413051758e-01 -7.314590284243907004e-01 -7.725583324881788450e-01 -8.140510628333454957e-01 -8.543493939616193522e-01 -8.912244897317338488e-01 -9.288683997424376226e-01 -9.637206422268289607e-01 -9.961944124772721398e-01 -1.027709303502306604e+00 -1.056398519195616670e+00 -1.082789157111970102e+00 -1.106767929233803738e+00 -1.139895943426944669e+00
1.933939999293331213e-03 -1.032956632329397502e-02 -1.905117553813214654e-02 -2.697976746734805087e-02 -3.346133637254376791e-02 -3.910031945241253942e-02 -4.372298994351224433e-02 -4.744910640211474906e-02 -5.005754420400131133e-02 -5.201310858854744923e-02 -5.305191086517481447e-02 -5.360082551614447216e-02 -5.283043042290815755e-02 -5.195526339755018874e-02 -5.111634231758287183e-02 -4.968662326533512807e-02 -4.810677041755574701e-02 -4.626832349610161821e-02 -4.453191993686732297e-02 -4.240946908593132281e-02 -4.051406708878805413e-02 -3.817542242363562710e-02 -3.606228784670053450e-02 -3.358322330222462959e-02 -3.061797492136960480e-02 -2.711080486572221490e-02 -2.337065819855246515e-02 -1.863466704484624190e-02 -1.433490564756400784e-02 6.510425352739095117e-04
-1.933142320630920966e-02 -2.616571798873371102e-02 -3.382439986327022419e-02 -4.229600036957159581e-02 -5.082401919657829337e-02 -5.993595110884994415e-02 -6.953589750780708734e-02 -8.013536422815500937e-02 -9.083763645403637732e-02 -1.015771010168790012e-01 -1.136666331087999859e-01 -1.259731144055679097e-01 -1.385574552510930868e-01 -1.516511464945065057e-01 -1.647137567982489004e-01 -1.783653473068607387e-01 -1.925315793305824585e-01 -2.060190642899821789e-01 -2.197341515447920057e-01 -2.337202838692594153e-01 -2.478187525908421285e-01 -2.610324234683053524e-01 -2.750521183082373367e-01 -2.886731900979379595e-01 -3.020169914147304846e-01 -3.155071399984284986e-01 -3.288165882207446655e-01 -3.419020908163123429e-01 -3.548074301250008222e-01 -3.804423611569568431e-01
1.226786495294741458e-01 1.627691902269980118e-01 2.069582025701145467e-01 2.522354566075151738e-01 2.991956717708801894e-01 3.462919089928396810e-01 3.938795744969847967e-01 4.431035264875106683e-01 4.912764398744968730e-01 5.383563388532018879e-01 5.864659232657811749e-01 6.336780918401485607e-01 6.800188845726427012e-01 7.270947769249507253e-01 7.722368485897392887e-01 8.162963369555449322e-01 8.626087303261391614e-01 9.058147325956303897e-01 9.491884092953386531e-01 9.924997451280992422e-01 1.035563900024089934e+00 1.075900818522524727e+00 1.117999126692232670e+00 1.158188900933629473e+00 1.197714719756906909e+00 1.238643133111988925e+00 1.278018147334656351e+00 1.318412290012464849e+00 1.357164932960355230e+00 1.444575025238574284e+00
-2.373121389869651925e-03 -1.475558177253538140e-02 -2.374177238601214018e-02 -3.212389656232356866e-02 -3.917645488581472657e-02 -4.557238452859700695e-02 -5.111684978907080762e-02 -5.591093547824119159e-02 -5.969303898522297647e-02 -6.277826814952229550e-02 -6.512737897943626786e-02 -6.693841476329376317e-02 -6.749178845542840033e-02 -6.774917917474543305e-02 -6.797409832991840872e-02 -6.739049980043454458e-02 -6.644551852698712957e-02 -6.495199422366271236e-02 -6.334122290503893526e-02 -6.105605899077282128e-02 -5.863818992273241160e-02 -5.556157433507410287e-02 -5.251493971690730789e-02 -4.888614527482978978e-02 -4.457337491317069078e-02 -3.958460878585227938e-02 -3.425657003661278233e-02 -2.766136715412323421e-02 -2.149060756299298741e-02 -1.321932051315498347e-03
2.488402547726432240e-02 2.117888720770680702e-02 2.241445893366150396e-02 2.466974758417750727e-02 2.866841596944958229e-02 3.343942300951929791e-02 3.922146027452700495e-02 4.619285704072990939e-02 5.395809550240047991e-02 6.221131005048891743e-02 7.159258060750127439e-02 8.144322113349150571e-02 9.243606236686463529e-02 1.041138337211797993e-01 1.156204450878261097e-01 1.279462116256054327e-01 1.414998759154106334e-01 1.550969207688094043e-01 1.692282272794428666e-01 1.844364728114043783e-01 2.001856149016034148e-01 2.161927957605159767e-01 2.330860682719365640e-01 2.504555327775520590e-01 2.687314689917519317e-01 2.884118219259876881e-01 3.084812048426686104e-01 3.304809489581381765e-01 3.517109176178030427e-01 4.081011192285681211e-01
2.107644196667409972e-02 1.268490462488979301e-02 6.324619029512382196e-03 7.120677825058659149e-04 -3.528873780972293858e-03 -6.529824311850184609e-03 -7.931439666447137257e-03 -7.478705398179730929e-03 -5.119980959681705301e-03 -2.127317475764808723e-03 3.423951046743119522e-03 9.632785590070035847e-03 1.846503920861095396e-02 2.704320854695276000e-02 3.510927795325777256e-02 4.428442199317976502e-02 5.296054827935833126e-02 6.118973033054712907e-02 6.820642471420551578e-02 7.507204883995652334e-02 7.962765755885913010e-02 8.285916822183590769e-02 8.409363359161524387e-02 8.363551489219377133e-02 8.132297998118731552e-02 7.723620685976742561e-02 7.081508986055513877e-02 6.229808609083224702e-02 5.184562836270555086e-02 1.476712877917497890e-02
3.615439839788987808e-02 5.405173459460586166e-02 7.078428660671101658e-02 8.728012588329925325e-02 1.040727594629842628e-01 1.204204988681637084e-01 1.363354757054887900e-01 1.519661324890473064e-01 1.664200550309958837e-01 1.800593458487161902e-01 1.923906225312182472e-01 2.034356748249127600e-01 2.128457716190537696e-01 2.214380424951828408e-01 2.284686185325733032e-01 2.329783095306658669e-01 2.368842354959463381e-01 2.387633145445189897e-01 2.393990757578391415e-01 2.379038758679880294e-01 2.352380248855477640e-01 2.311271641882363947e-01 2.264096842736810777e-01 2.204057630206893714e-01 2.135451004183557822e-01 2.065354549585737276e-01 1.986921449410472551e-01 1.904743356919114394e-01 1.824202787908940360e-01 1.622195250063588057e-01
-9.921911486651552661e-03 -1.884486870747762235e-02 -2.695070242509244041e-02 -3.528924306144923945e-02 -4.309455547993304436e-02 -5.091196258642171485e-02 -5.861398411702664624e-02 -6.647168991671076332e-02 -7.388291960933751623e-02 -8.102877270605049476e-02 -8.847298647961406026e-02 -9.575819423853751400e-02 -1.025348506388095438e-01 -1.094820824910091861e-01 -1.163470862448281323e-01 -1.231317101382926049e-01 -1.300441506603582653e-01 -1.363353070512534349e-01 -1.426929991774017470e-01 -1.488658247594495110e-01 -1.551545933364231744e-01 -1.607472756268196745e-01 -1.668729505949733127e-01 -1.726057849649561549e-01 -1.780144596795596446e-01 -1.833335171112981943e-01 -1.885636210708867277e-01 -1.932991170388486668e-01 -1.982347589222807072e-01 -2.056818553181528064e-01
-1.034676523434119588e-01 -1.487524791964041637e-01 -1.938603501624480419e-01 -2.396837369971119569e-01 -2.859117589891562727e-01 -3.322946307584624392e-01 -3.789889349263075302e-01 -4.274339669191750679e-01 -4.748040657350176552e-01 -5.212018836001142130e-01 -5.694227681893857529e-01 -6.171617427955509161e-01 -6.641934387289437636e-01 -7.123236613842024445e-01 -7.592903488311688598e-01 -8.060626122551894923e-01 -8.550529176522739805e-01 -9.012952484449271440e-01 -9.479664824879525664e-01 -9.949667216313711204e-01 -1.042101340046385882e+00 -1.086025079451968356e+00 -1.132321868753753957e+00 -1.176460696480510881e+00 -1.219349237228459559e+00 -1.262890500004211880e+00 -1.304763708244471854e+00 -1.346225431080525281e+00 -1.385973569759481272e+00 -1.463773108718821492e+00
-9.720603546240975945e-02 -1.061571175342752305e-01 -1.218271686053521569e-01 -1.414085836784460537e-01 -1.639566305477047625e-01 -1.902642979802395273e-01 -2.205749148596399256e-01 -2.565700395526329669e-01 -2.954431543914168845e-01 -3.354372047670617363e-01 -3.825969151373073140e-01 -4.310694760477039589e-01 -4.836291125266866109e-01 -5.372388815650110949e-01 -5.896226355371064765e-01 -6.444889895967167437e-01 -7.002027467102338587e-01 -7.527602210895052437e-01 -8.040762217185065674e-01 -8.554839848373184674e-01 -9.042519324739595188e-01 -9.487796987426446726e-01 -9.934240485781816732e-01 -1.034945708334340964e+00 -1.073968913823849958e+00 -1.112025489180912929e+00 -1.147275150995361592e+00 -1.180425453508386902e+00 -1.210811416012364417e+00 -1.257802401884871024e+00
1.044067774323572395e-01 1.518609302318618126e-01 1.992293123230051421e-01 2.467991202568040887e-01 2.949196826711766306e-01 3.422730990527095840e-01 3.888502658774172227e-01 4.354835576751439064e-01 4.795472699518794624e-01 5.217472185580104282e-01 5.623976405493348318e-01 6.008696911210995584e-01 6.360550765833739018e-01 6.707924647112455396e-01 7.028624272910841686e-01 7.311089263490934131e-01 7.599997088694041558e-01 7.848137369763589222e-01 8.086307117310913561e-01 8.299303257972572290e-01 8.503639748090855432e-01 8.677628884470162118e-01 8.860611817510226640e-01 9.021168783583436435e-01 9.171620610754342984e-01 9.330823108160100077e-01 9.477662868801270957e-01 9.627791380172137092e-01 9.777134217521352699e-01 1.010630929442557946e+00
2.751456269582393949e-03 -3.911828564994678653e-03 -1.039179219425320766e-02 -1.648799735735705096e-02 -2.182948830776138341e-02 -2.647785656432018533e-02 -3.035397725734633942e-02 -3.354112097927097746e-02 -3.595933330112392745e-02 -3.818585918840777804e-02 -3.985474943259875724e-02 -4.176095389766322497e-02 -4.293274137504479032e-02 -4.512927915560110970e-02 -4.825769441315969771e-02 -5.226862961970864252e-02 -5.785965909026215270e-02 -6.450288305671658673e-02 -7.294115727752675804e-02 -8.320042813039577045e-02 -9.582032356158422248e-02 -1.095554584652395635e-01 -1.255518053921889088e-01 -1.429090140055818137e-01 -1.617522042806284754e-01 -1.821843707304009463e-01 -2.040210805850366516e-01 -2.276417850696536571e-01 -2.516144140844044363e-01 -3.139911437469734001e-01
