5.271134718832104493e-02 7.519972322131007747e-02 1.174884881851683410e-01 1.277416920459228389e-01 1.821213030576124547e-01 2.147692634699757130e-01 2.251482570402121852e-01 2.519624023144440006e-01 2.925232823309207308e-01 3.182617343098794183e-01 3.601251236113789389e-01 3.980708949273512043e-01 4.030090995918069741e-01 4.317208887211068657e-01 4.685002039636977922e-01 4.905146819049084339e-01 5.292792286216687625e-01 4.825357029428837263e-01 5.103620910951733869e-01 4.882714280797901818e-01 5.108288850049446106e-01 5.086349729922596818e-01 5.035694111822093255e-01 4.855677479726517864e-01 4.953832076339359514e-01 4.746495357565603257e-01 4.831637849953639430e-01 4.828806321095721610e-01 4.654192610266218444e-01 4.831820664087271844e-01
3.170127728092438785e-02 6.556397231367883105e-02 1.145752519686422805e-01 1.162094792444217095e-01 1.714342491910232358e-01 1.785906818411052421e-01 1.980386110156714397e-01 2.234744387505074592e-01 2.510543553032301700e-01 2.535128450073195761e-01 2.957060288361882394e-01 3.170268627760266522e-01 3.022102593292213535e-01 3.270056756821299038e-01 3.599752845291023795e-01 3.504406007110669741e-01 4.021949916760702015e-01 3.496923917238392576e-01 3.610469240486572917e-01 3.429369373208283056e-01 3.659185248921928979e-01 3.660240581106323776e-01 3.586110269535428552e-01 3.385682236338604656e-01 3.480330277684764440e-01 3.483865637145165950e-01 3.477036148862750475e-01 3.487943902002218488e-01 3.403176107135432171e-01 3.553363126443950248e-01
-2.565621021786437805e-02 -5.031903146591189951e-02 -6.044163084751893317e-02 -6.898717860157274617e-02 -7.988887001441229152e-02 -9.135490515173344539e-02 -8.803003649208433756e-02 -9.989287746650041266e-02 -1.158730353111283445e-01 -1.112111958729088135e-01 -1.255428206774584221e-01 -1.342639478212818704e-01 -1.223650543164728210e-01 -1.262567337825262759e-01 -1.435388835757950565e-01 -1.334733087258693218e-01 -1.245054174186435159e-01 -1.173608864605982099e-01 -1.035242352765006479e-01 -8.451825240270666173e-02 -8.502938282008423720e-02 -7.824549226665811208e-02 -6.102287286189897464e-02 -2.829072997259414121e-02 -3.986611720642016521e-02 -1.176567669013776560e-02 2.722080425972467355e-02 3.806411456335643401e-02 5.456702032375501665e-02 1.130915636781804345e-01
4.671107318549484744e-02 3.028542655944425205e-02 2.589702246824898343e-02 1.818303192152812692e-02 1.996115656560780438e-02 3.326873027929298787e-02 2.441961693109966081e-02 2.392647230150126217e-02 2.247102979880945262e-02 1.602222543214575079e-02 3.380708453707106237e-02 2.863311472174260436e-02 5.277479389801101317e-02 4.487172737620656604e-02 4.121721312473521776e-02 5.722147188706865756e-02 6.771316761092291414e-02 8.264258213101280393e-02 9.826555255442744052e-02 1.062537257446933003e-01 1.078501457752252951e-01 1.066190821244294429e-01 1.157731877484409894e-01 1.315289158352870580e-01 1.264760992945531126e-01 1.452984666360783716e-01 1.620189962741734879e-01 1.709072334538060955e-01 1.771173322485993240e-01 2.087023580061684036e-01
-1.091820969875253663e-02 -8.957920595176568912e-03 4.656687047663133489e-03 1.281331413840251440e-02 2.680616316917290576e-02 3.457834858861411065e-02 3.262184950816186813e-02 3.998420941207475598e-02 5.095691797518123178e-02 3.517532831985660524e-02 4.591129142092774396e-02 6.207304078955234311e-02 5.044852843158029176e-02 5.184693058637243612e-02 6.929958318361587044e-02 6.238561398495834354e-02 6.399829192570488656e-02 5.896398662816468988e-02 5.738202701049188031e-02 5.779948781818108894e-02 5.464184167638246048e-02 5.391262000108967833e-02 4.866252846712542518e-02 4.843110116493119788e-02 4.721417149095491483e-02 2.906201390044489685e-02 1.596303995268132103e-02 1.410322893332397604e-02 4.428347802504707664e-03 -2.292744775688288980e-02
6.674297655865545076e-02 7.821583751762713199e-02 1.204737363999844602e-01 1.469126983592585201e-01 2.021460093807420366e-01 2.644771302727228490e-01 2.630719817738781940e-01 2.862198466809703912e-01 3.698259088197001221e-01 4.070969646872162895e-01 4.699042437972672515e-01 5.272914570987006222e-01 5.731437976698158243e-01 6.197399824768439203e-01 6.883418635041292921e-01 7.674921205485154552e-01 7.853773378214657930e-01 8.105630174754510087e-01 8.941431120406414523e-01 9.286287856266521867e-01 9.518372564895158927e-01 9.734955524877452193e-01 1.054760163706641940e+00 1.103866112435981206e+00 1.110627125601174825e+00 1.163165638413133918e+00 1.239106652720750823e+00 1.278544426278039214e+00 1.299053956247915975e+00 1.409356414095102927e+00
6.450409153051955835e-02 9.088813002261539320e-02 1.392499009349003336e-01 1.573940227577145801e-01 2.115952147693837548e-01 2.511358287499501074e-01 2.582409927151969598e-01 2.866045571883567566e-01 3.336091140007311218e-01 3.573376363081646190e-01 3.856881527641597973e-01 4.405781518735357727e-01 4.474991427939340460e-01 4.703560943405850070e-01 5.065323902988977389e-01 5.345289034041630361e-01 5.641447727370655363e-01 5.285267792192278602e-01 5.701332395388144514e-01 5.476055248156405098e-01 5.660638986133790240e-01 5.706165398078598683e-01 5.748765018919070879e-01 5.703560221988492884e-01 5.746254201969567266e-01 5.391841398700725208e-01 5.316359613100447579e-01 5.432404201782400355e-01 5.257554046389820712e-01 4.973487950131036950e-01
-1.032579351460717956e-02 -2.511180396943074253e-02 -2.859122948731673136e-02 -3.287930093637887741e-02 -3.399615180330767261e-02 -3.389804683158036125e-02 -3.827367597269279442e-02 -3.478920460845404128e-02 -4.485275525852047696e-02 -5.645808521230945287e-02 -6.929377912870461620e-02 -6.038235862625125627e-02 -6.686230502538613452e-02 -7.320716904139906722e-02 -7.598244396791818678e-02 -6.879820394872390721e-02 -6.118224719874846423e-02 -6.194176509692289612e-02 -4.216291330927308956e-02 -2.534037995288774062e-02 -2.919713274759649924e-02 -1.509516581070127067e-02 5.314676525869359291e-03 4.070558633488931266e-02 3.154614997747657440e-02 7.480592291520007930e-02 1.104539563110906453e-01 1.305967355036467548e-01 1.557701706051681789e-01 2.324690735537152664e-01
1.152150722404163795e-02 -5.299917844311534225e-03 -8.044346787477021921e-03 -2.272852604518087183e-03 -1.081034138830679753e-02 3.102370818440724175e-03 -4.654634518695261597e-03 -1.656444545526086429e-02 -4.671430496668630555e-03 3.921524178259038623e-03 4.567551446751701161e-03 1.160015769344041950e-02 4.269943208591568673e-02 4.581069813632737686e-02 4.303361426644388560e-02 8.107389952890693696e-02 7.786527663534337229e-02 1.023689464289285617e-01 1.405353070624684730e-01 1.579989635858569108e-01 1.631632782043760943e-01 1.720491673122337417e-01 2.109110683526745911e-01 2.455003081669646647e-01 2.386930647761493218e-01 2.684624853441754944e-01 3.120353820001108280e-01 3.249857378767374572e-01 3.365406371917548656e-01 3.916983486393524894e-01
1.757345185814625926e-02 1.422748884383334342e-02 2.176603303435986625e-02 2.486555731518216850e-02 4.319523755272362125e-02 5.084506892354479640e-02 5.716417113312323439e-02 6.935859968113269880e-02 7.095602562661680601e-02 8.219004029897433727e-02 9.528763131623511906e-02 9.797509490550906919e-02 1.006807587501717949e-01 1.106816517430692648e-01 1.210920914222873568e-01 1.239098624219294315e-01 1.391480624742520433e-01 1.139897969930017824e-01 1.161862679459277070e-01 1.092278623538256999e-01 1.068977676402523835e-01 1.027446944680789204e-01 9.201208496303031614e-02 8.532115468020906590e-02 8.650472665732394928e-02 6.705202348388214495e-02 6.141661130668409074e-02 5.299834022094498942e-02 4.727680568182809906e-02 3.997031439903717120e-02
4.941759778531472358e-03 3.714894142711300251e-02 8.615960798593119696e-02 1.003972977901852193e-01 1.582772735072993098e-01 1.608926542762120215e-01 1.799618220536058910e-01 2.085710306985064377e-01 2.551961697382134076e-01 2.610186458793619657e-01 2.745741698488595173e-01 3.035907429580701478e-01 2.873302161214085215e-01 3.200931256103070055e-01 3.550318545171687323e-01 3.520749545604651143e-01 3.853717820136669525e-01 3.556831145425349838e-01 3.928208126282378143e-01 4.094640486435212612e-01 4.186542579766381889e-01 4.346815623986985955e-01 4.728034014227723847e-01 5.084363772894761047e-01 5.085178370916609847e-01 5.439415922666486214e-01 6.037593442145379186e-01 6.292185498495392881e-01 6.524627677352559108e-01 7.579492785095317542e-01
-2.063086905518647304e-02 -6.413622308827351959e-02 -1.026191842085979050e-01 -1.038833900851155179e-01 -1.556997889456557260e-01 -1.418238280522935435e-01 -1.663101300401332028e-01 -2.041644159539016679e-01 -2.160140999967743447e-01 -2.199724635972348796e-01 -2.231297409436909795e-01 -2.270093501299895733e-01 -2.063762142600545912e-01 -2.183328595947255923e-01 -2.167690052048064087e-01 -1.801207045048239530e-01 -2.239696923434818243e-01 -1.497414725434122185e-01 -1.487961673215258129e-01 -1.023504368723366226e-01 -1.218633792411417394e-01 -1.145628140010269275e-01 -8.568259633600147640e-02 -4.599372593498010642e-02 -6.093443529013065768e-02 -3.351859348936427757e-02 -1.071747909894418122e-02 -2.597498437517116454e-03 6.476361968006487391e-03 2.428353254641660991e-02
5.209632911756315043e-02 6.227058981139498711e-02 7.191885503157505188e-02 9.884428469928283056e-02 1.184139419034359736e-01 1.492960157554943934e-01 1.450239291033477151e-01 1.537830109544735813e-01 1.938726594045616924e-01 2.170668554770278091e-01 2.293152893011645987e-01 2.554081897329630313e-01 2.862855415457545849e-01 3.057498047338921277e-01 3.243843648425120962e-01 3.671849778582270130e-01 3.673240422972847696e-01 3.550412208598029418e-01 3.915709993013009593e-01 3.832971275859053950e-01 3.900827678526794795e-01 3.978318165457376265e-01 4.183936292571017734e-01 4.189385702542351986e-01 4.227102723768660919e-01 4.098632619904637453e-01 4.021001061811844135e-01 4.031953915639787112e-01 3.902571844297034187e-01 3.636460960321620250e-01
7.738780357191162723e-03 -1.089461741510378175e-02 -1.940241650318710181e-02 -1.870870206732046237e-02 -4.110143803060857526e-02 -2.582650684668474916e-02 -3.798770343738647193e-02 -6.424813890919690851e-02 -5.948577844073785204e-02 -7.071349582871915007e-02 -4.428584884412387068e-02 -5.228353223759719948e-02 -2.742170373797707048e-02 -2.749056094774484163e-02 -1.859124446970663105e-02 1.164605562683099921e-02 -8.180187548889605864e-06 5.004945160912089436e-02 6.085469210829085734e-02 9.287817777550236298e-02 9.234938965632716323e-02 9.766130950940868360e-02 1.238488222301043634e-01 1.477094891774639873e-01 1.417526646376029986e-01 1.682672370685531216e-01 1.864244126699868553e-01 1.969378748259729695e-01 2.031810862083165414e-01 2.224719253625435655e-01
-7.660973832766232450e-03 -2.826960416767805573e-02 -3.689968793376553757e-02 -3.702607878973249861e-02 -4.679590359410060185e-02 -5.586831420576916091e-02 -4.923885922224077727e-02 -7.258447104298786090e-02 -6.735715290666677291e-02 -7.400867706948283109e-02 -6.536919809738575560e-02 -8.275087155446231302e-02 -7.071317746874314358e-02 -6.796317260424694640e-02 -7.023794443566699908e-02 -7.604926194838732001e-02 -7.201089137009289431e-02 -5.700844062689566089e-02 -5.409799160099916515e-02 -3.761759383801428075e-02 -4.586903022491645165e-02 -3.951888346923215778e-02 -3.444911156298803567e-02 -8.930012145886401242e-03 -1.884516354424119883e-02 -5.677606941032267707e-03 1.737767590731785494e-02 3.069144036808114928e-02 4.913325038463587507e-02 9.815858660882233189e-02
5.702982457525027082e-02 5.382011789158064330e-02 7.348401097139045657e-02 7.921107889343764752e-02 1.015912320273068548e-01 1.287056750275881178e-01 1.271633509895613579e-01 1.278798891316978992e-01 1.583063430584626397e-01 1.654985093701876742e-01 2.052957089878567898e-01 2.044521139609830063e-01 2.637865945424044956e-01 2.774118605625187084e-01 2.776237091439859306e-01 3.339592230123383243e-01 3.659773787071459172e-01 3.771918500345488034e-01 4.346959124258145679e-01 4.465556513427639818e-01 4.730693203266121416e-01 4.862756023929888372e-01 5.286482276817789927e-01 5.507405434372381059e-01 5.547798166005371012e-01 5.798367626249436579e-01 6.041953568125217888e-01 6.285749625402048402e-01 6.403654832886015447e-01 6.625795843702305676e-01
-3.742656629276279456e-02 -5.907708816603385316e-02 -8.269925769682076599e-02 -9.543596467981696474e-02 -1.149444140447364732e-01 -1.462993502457530515e-01 -1.446624242971238372e-01 -1.584702676061383875e-01 -1.882464965747108199e-01 -2.130644796351016113e-01 -2.436373513511259081e-01 -2.633607836033585725e-01 -2.785558375209481463e-01 -3.042844727899940982e-01 -3.341897081818487880e-01 -3.757180812356807342e-01 -3.739291974657699136e-01 -3.827788861510574847e-01 -4.050673319656001858e-01 -4.107386006234488018e-01 -4.318291599771300060e-01 -4.337442580367034672e-01 -4.586455726168134905e-01 -4.424100324543247531e-01 -4.620627512449135832e-01 -4.528914561649193260e-01 -4.475704377012755808e-01 -4.489915036961750205e-01 -4.397650939381637647e-01 -4.051808140657854329e-01
1.451106438581936317e-02 1.769281040299429397e-02 2.834400586405120409e-02 2.829539156195209904e-02 4.038006974893887380e-02 4.437241979617077142e-02 4.512101338482052415e-02 4.954366077593248818e-02 4.897852450480660175e-02 4.685560836554381048e-02 5.459483304891265404e-02 5.022081859077927313e-02 5.192777479450115530e-02 5.002605793150526059e-02 4.798637858572545045e-02 4.665355414559614611e-02 5.894252996170454284e-02 4.380447472986892521e-02 3.966473153134497664e-02 3.717051872879396923e-02 2.615179443975296919e-02 3.026952446756287635e-02 1.118075184611248135e-02 1.142824247483087419e-02 7.598151713190701845e-03 -2.714962676162780558e-02 -4.888063597450248432e-02 -4.698726847970871590e-02 -4.778120425876477423e-02 -8.256873305569895072e-02
-3.402671950649638344e-02 -4.770936432489775170e-02 -6.573122581199476733e-02 -8.232306570115435762e-02 -8.936733032622337647e-02 -1.190122110741554523e-01 -1.100895558716181999e-01 -1.115963415717963064e-01 -1.525150466284569406e-01 -1.299157995079790184e-01 -1.609521300773837371e-01 -1.976454938127099048e-01 -1.999370806084612151e-01 -2.096729956029935726e-01 -2.528883643914076051e-01 -2.797366995756602748e-01 -2.640502644183675973e-01 -3.248614956316063229e-01 -3.570535978589938209e-01 -3.923671491057149630e-01 -4.132974997118316063e-01 -4.226501690313931858e-01 -4.861360561662265711e-01 -5.145944402740290080e-01 -5.238901838841392156e-01 -5.830505650750297253e-01 -6.265349713284191768e-01 -6.535887588468431986e-01 -6.691963372365272722e-01 -7.110583125552585315e-01
4.480985364185761932e-02 8.577186912312198541e-02 1.270180873854386272e-01 1.584939843700280959e-01 2.085177041339538184e-01 2.291129258089529830e-01 2.429780313051655705e-01 2.610436916787335915e-01 3.208882062134059687e-01 3.537333082980461674e-01 3.849317723184569329e-01 3.953287778834208011e-01 4.198334865153799944e-01 4.532438309886555605e-01 4.735861586769459231e-01 4.793842591986099411e-01 4.972990009187341354e-01 4.431673231270124580e-01 4.557256774641164077e-01 4.082061977305433964e-01 4.102749642673025887e-01 4.051611747299659338e-01 3.748680814121171379e-01 3.331407409065145764e-01 3.432360925638093807e-01 2.458197772470688269e-01 1.839272657878544548e-01 1.649245878392345821e-01 1.257168125073528930e-01 1.291903375865560005e-02
1.367315244878676284e-01 1.432976566375577243e-01 1.807066937758465830e-01 2.097572451673080929e-01 2.572682158988545686e-01 3.505111332801089108e-01 3.366494524866903149e-01 3.563600682002405762e-01 4.336195251245914539e-01 4.775763209476378002e-01 5.648320531996887661e-01 6.348542871312907732e-01 7.001264089286255432e-01 7.489050642255816737e-01 8.305296448459889014e-01 9.632017011902022086e-01 9.795340474305305190e-01 1.018470350407489233e+00 1.108898350610199479e+00 1.164051851756170874e+00 1.199943085656981268e+00 1.223959637274057322e+00 1.315760281764034811e+00 1.353671133369095836e+00 1.370067532426340273e+00 1.397967402000614978e+00 1.456517057555825723e+00 1.495816637812479089e+00 1.500490163557250289e+00 1.544699081954338915e+00
-3.028977810659915296e-02 -2.747144935781617794e-02 -7.506829447077482259e-03 -1.812020707610561762e-02 7.042454311906885811e-03 -8.622167950451885624e-03 -4.334863028701230192e-03 1.681919276426362131e-02 8.697643289122628310e-03 -3.369801621042309292e-02 -3.681119368558016802e-02 -1.883699918716113045e-02 -6.774779437252441416e-02 -8.475547204586225680e-02 -7.886394662300413860e-02 -1.357516467719079301e-01 -1.068265065152732007e-01 -1.494821082239481957e-01 -1.654916055422853693e-01 -1.878462179762944162e-01 -1.976896351488081627e-01 -1.988335816145895829e-01 -2.300393674727208015e-01 -2.266980170310781140e-01 -2.381944676534797356e-01 -2.372390002141711585e-01 -2.404525780950071412e-01 -2.375792597845642062e-01 -2.310783321239364696e-01 -1.984437568144637454e-01
1.476125546430712143e-01 1.777908411981629078e-01 2.495950906492759580e-01 2.975614105129815168e-01 3.869481011590550912e-01 4.886570616332598371e-01 4.973897321398391691e-01 5.238302036693669450e-01 6.591925051756217790e-01 7.201213513983690806e-01 8.294874763157960018e-01 9.056736799880147348e-01 1.006418741222481206e+00 1.074818808409727877e+00 1.167489978323924538e+00 1.294723258790094089e+00 1.325179724993956309e+00 1.381904855911864960e+00 1.510402343861427132e+00 1.556463978677180560e+00 1.605817294721878952e+00 1.627059515362597297e+00 1.739168719283387121e+00 1.796334137094515615e+00 1.810744770962799954e+00 1.841986508143682366e+00 1.917359957307423812e+00 1.979880073244709937e+00 1.987201420695478227e+00 2.044316187128141671e+00
7.485135884554673658e-02 1.155323484171432713e-01 1.798669115318898282e-01 2.072222674945552456e-01 2.842320808015270650e-01 3.364135345936853927e-01 3.389215726015392671e-01 3.849685292974676099e-01 4.622779009849398157e-01 4.662285981611373198e-01 5.346089972780077026e-01 5.877510379586505795e-01 6.213741522235547432e-01 6.541369542178792074e-01 7.268266787908629345e-01 7.772860821517008079e-01 7.977022321267714933e-01 8.470816474764949477e-01 9.121538900748290546e-01 9.666010547824972488e-01 9.864963915653178761e-01 9.972427228497093843e-01 1.087075889929491668e+00 1.142008603062469430e+00 1.149063725640830702e+00 1.189471687763685726e+00 1.254001871647733690e+00 1.290248974303743967e+00 1.303514603175575326e+00 1.342973690018653077e+00
-1.295789144761292852e-02 -3.096556232817185977e-02 -4.879852075079660345e-02 -4.547470660887689697e-02 -6.417553103600535935e-02 -6.747709754143745020e-02 -6.848817009270791178e-02 -9.072176544753042526e-02 -9.366200171886007730e-02 -1.011108832370525568e-01 -1.041533648831275416e-01 -1.183244646464546440e-01 -1.101769674529827908e-01 -1.191400599682504446e-01 -1.320372633664191053e-01 -1.454537183501708741e-01 -1.511652390299942916e-01 -1.501223765226064322e-01 -1.625073012346479606e-01 -1.756926066616496251e-01 -1.873655164232825021e-01 -1.922513927404936040e-01 -2.196445237358286562e-01 -2.229748692720082970e-01 -2.334749608269105214e-01 -2.508231298160191747e-01 -2.695454318456518839e-01 -2.757504753341522008e-01 -2.825154214907166228e-01 -2.977642454079095780e-01
3.317086700416543854e-02 6.273072976091244313e-02 1.067623107627441448e-01 1.337994535187727319e-01 1.810847054279909329e-01 2.063632545386327455e-01 2.140676846326897420e-01 2.257366958376217092e-01 2.977312461284414846e-01 2.846779090395256118e-01 3.382291002955419290e-01 3.691047737353695402e-01 3.809676795344323352e-01 4.049877593562725142e-01 4.548293876524835966e-01 4.513979591554531101e-01 4.607922565252728919e-01 4.787543480018250919e-01 5.010759145387664315e-01 5.022010448655451764e-01 5.146073241661446307e-01 5.087394913067089242e-01 5.316339044763582766e-01 5.394745367981741424e-01 5.413634150449531113e-01 5.356944061389385947e-01 5.472508561027692453e-01 5.547528046357793619e-01 5.390473681063521205e-01 5.318066892046078298e-01
-3.399378077576270529e-02 -6.264737740390162457e-02 -8.154672020868927729e-02 -8.982859829907757776e-02 -9.914442165853160072e-02 -1.224660175800949824e-01 -1.172999079079985740e-01 -1.238185692999126536e-01 -1.517180531660885512e-01 -1.646369330265719522e-01 -1.929895879667065661e-01 -2.006506523837457978e-01 -2.256207332630548179e-01 -2.403231512995641639e-01 -2.619873968944510523e-01 -2.994545284781213179e-01 -2.906625708868044722e-01 -3.402831613584602621e-01 -3.628718006431217447e-01 -3.911114055426017089e-01 -4.112116062361210744e-01 -4.120966738080408254e-01 -4.625711924400334185e-01 -4.708640740095277333e-01 -4.853013252482846762e-01 -5.206821579762185292e-01 -5.543383897635481006e-01 -5.596526784587786407e-01 -5.629608765923161950e-01 -5.722132527787551215e-01
-7.208568584852290129e-03 -3.403554531072047057e-02 -6.731163304635473521e-02 -7.159117891098272513e-02 -9.597114263863600059e-02 -9.764100691501716167e-02 -1.129231906806948960e-01 -1.208612870445134602e-01 -1.487726082266205285e-01 -1.595025575223089631e-01 -1.790137682446475698e-01 -1.878011319577396476e-01 -1.825922839465720093e-01 -2.131890371775848891e-01 -2.416773320597982444e-01 -2.600671315747924428e-01 -2.720267197933745607e-01 -2.933088876375197218e-01 -3.217980053681234187e-01 -3.644732845708951174e-01 -3.820449468899204115e-01 -4.002099096572684922e-01 -4.594360289049690405e-01 -4.935064835480358347e-01 -5.043786219306072294e-01 -5.632718643480975063e-01 -6.315325815287644584e-01 -6.601221537563607411e-01 -6.966852006503876371e-01 -7.919089207660681140e-01
2.585050663637552051e-02 4.183365838109654594e-02 5.378420820534936253e-02 5.601228357964302407e-02 6.980590913528628150e-02 6.554740014260640457e-02 7.048429939875210104e-02 7.648195553954542647e-02 7.589175196177512517e-02 7.887343076191095925e-02 7.636493390233201062e-02 6.665064696048372817e-02 6.659493676422813258e-02 6.490019301062524559e-02 4.814897349206093136e-02 3.098558884884218545e-02 4.665175852029757042e-02 2.827747330183202207e-03 -8.759243231060542118e-03 -4.916923033655646452e-02 -4.791498247511341568e-02 -6.078121845359304998e-02 -1.021730686671544763e-01 -1.382873874744755538e-01 -1.365009257590596992e-01 -1.846940556919799137e-01 -2.279895897263875815e-01 -2.512985372552167807e-01 -2.810930276608267220e-01 -3.474609834504177597e-01
4.651915924577847139e-02 5.951438339076367545e-02 7.409566865097783062e-02 9.193568104265884000e-02 1.108784564199296607e-01 1.434592782244403786e-01 1.378462128574092782e-01 1.506332058940647867e-01 1.756522239805576313e-01 1.931350342488465932e-01 2.112659704208273981e-01 2.330318901724778846e-01 2.638659929974037643e-01 2.755415548144724558e-01 2.958586031543528616e-01 3.419340799553808319e-01 3.422213755013725489e-01 3.584030639369860660e-01 3.904192155071942727e-01 4.106854473587869814e-01 4.129457357920639504e-01 4.202705750769520909e-01 4.521169415439127981e-01 4.717168244804362809e-01 4.734674411672574745e-01 4.654533706866583742e-01 4.792338782170664224e-01 4.861318544861906177e-01 4.828094119785029115e-01 4.658020192696428752e-01
-2.871122414263072020e-02 -4.598538188636201729e-02 -6.726454549159545382e-02 -9.263940455023328413e-02 -1.121875890076753646e-01 -1.403018784009479880e-01 -1.496781498882974182e-01 -1.466543232838229960e-01 -1.982723925088342720e-01 -2.124627797754221614e-01 -2.544640628300037788e-01 -2.747318312810764773e-01 -2.961782613310455781e-01 -3.290548392018203261e-01 -3.696722268094601027e-01 -4.041741368545755941e-01 -4.015092596284837168e-01 -4.222285305581215953e-01 -4.503693406581145697e-01 -4.661783481389271677e-01 -4.819166318763388746e-01 -4.883368084103523188e-01 -5.228013726182597631e-01 -5.279285725341190672e-01 -5.419406417908829710e-01 -5.363356908887881858e-01 -5.606664118364022009e-01 -5.703009769953915065e-01 -5.717101137729209137e-01 -5.812949162792750979e-01
-7.482994406668208587e-02 -1.139156283158860583e-01 -1.459901369378947544e-01 -1.628740077217336046e-01 -1.906507612760675041e-01 -2.308977294853069573e-01 -2.308074603375651346e-01 -2.578064141972208900e-01 -2.906811969957904251e-01 -3.410028397126302346e-01 -3.687988085964652996e-01 -3.927100654751874975e-01 -4.225763123492217721e-01 -4.564580855013923300e-01 -4.903055607633911572e-01 -5.508685368111326808e-01 -5.448083247299333465e-01 -5.625222601787662757e-01 -6.033025171742568693e-01 -6.134750239377080305e-01 -6.378557812782346126e-01 -6.381977949254190596e-01 -6.854456782263911307e-01 -6.770840111010797413e-01 -7.001926553882508175e-01 -6.992536814992675875e-01 -7.110998171916417254e-01 -7.127483640818802479e-01 -7.016004641168466227e-01 -6.742952899678952283e-01
3.285675802970099146e-02 5.972140759627437429e-02 8.174828238258474711e-02 8.130931763752970165e-02 1.225244779505995502e-01 1.157799610354063868e-01 1.267856197415218045e-01 1.761349017885916468e-01 1.632304099040386425e-01 1.921599625016431334e-01 1.546395298241003136e-01 1.808934586223665264e-01 1.507076228184643374e-01 1.552401792382720469e-01 1.484164532776963141e-01 1.262851879093759566e-01 1.568673040738419178e-01 6.159676477371954506e-02 6.980814972364797477e-02 1.928946898036467544e-02 2.136955758673141775e-02 9.971844810284369656e-03 -1.866369991737703085e-02 -4.102292786643529920e-02 -4.211403742505530345e-02 -7.119184811754113162e-02 -7.480750847118172731e-02 -9.403096765218590947e-02 -1.163398046392408181e-01 -9.989108384918291006e-02
4.208315691768015065e-02 5.298360502126887861e-02 8.049925863198588438e-02 1.032739815227592395e-01 1.375524862022978745e-01 1.727969274386028653e-01 1.698606226122210128e-01 1.621485311043462940e-01 2.404777165122002625e-01 2.337523349593568500e-01 3.005196912703554379e-01 3.096184763558614272e-01 3.744262056053531684e-01 3.957768043014116555e-01 4.260078527035697227e-01 4.757824197662044452e-01 4.938067606092886308e-01 5.479086477625116913e-01 5.961112303847808658e-01 6.383113270772925452e-01 6.568416532704186572e-01 6.719681753182533690e-01 7.313576176058380618e-01 7.724562123913220058e-01 7.739213834754472554e-01 8.027047013754908811e-01 8.501014996234774745e-01 8.805727231865538851e-01 8.948834361727979747e-01 9.301795131003551820e-01
3.772424667615344174e-02 4.738805306147100133e-02 6.300677911160076916e-02 6.776699844032735287e-02 8.716482753965032471e-02 1.064188209023235465e-01 1.051870297739325721e-01 1.140954877559313685e-01 1.355347412224748860e-01 1.435882963667315382e-01 1.544907381468820506e-01 1.635300558772955215e-01 1.850787109713676881e-01 1.894946604572202431e-01 1.936813311676791327e-01 2.111427884727259952e-01 2.232221381852155795e-01 2.352467403218231334e-01 2.654027092937175092e-01 2.713316600097802067e-01 2.794374716954843296e-01 2.844751164871113236e-01 3.034687697020769792e-01 3.240739569699732092e-01 3.214747259078549191e-01 3.413799253623458485e-01 3.611852520381086951e-01 3.803166574534145861e-01 3.890559594773022600e-01 4.142377145571365382e-01
-6.202340814458164042e-02 -9.655306693772006121e-02 -1.312089165352348652e-01 -1.591593195398338101e-01 -1.967382069934402455e-01 -2.434312680481852675e-01 -2.431916869808521398e-01 -2.614635122830507030e-01 -3.329450523798458406e-01 -3.585891073822942143e-01 -3.970633417824386280e-01 -4.363010065186013198e-01 -4.805869611909329153e-01 -5.131933875322636229e-01 -5.539747786947223362e-01 -6.194820938798997201e-01 -6.257977773128042820e-01 -6.635825644361214026e-01 -7.345966372913999010e-01 -7.631851363119083187e-01 -7.944969211024215383e-01 -8.150496959855246804e-01 -8.940194590789014573e-01 -9.281237912481171692e-01 -9.441406348003784643e-01 -9.854905127403015275e-01 -1.046908785869286707e+00 -1.083597666724024355e+00 -1.105853039563819529e+00 -1.163265813362245993e+00
-4.321363252529023674e-03 -2.210249076343925520e-02 -3.118822493925408126e-02 -3.738240692368798024e-02 -4.404081367808375391e-02 -4.675687545723814648e-02 -5.487341366816753802e-02 -6.128575534044793105e-02 -6.804052770482180157e-02 -9.729796323338474329e-02 -9.772137332946990995e-02 -9.964433736799932495e-02 -9.776871936214853731e-02 -1.168014753227904212e-01 -1.271587864867809725e-01 -1.359368339158220362e-01 -1.258342337276268652e-01 -1.208059025832254468e-01 -1.170768586905983066e-01 -1.111107449639543165e-01 -1.187581795321160233e-01 -1.136732707805898634e-01 -1.137943801979689890e-01 -8.892761521950423576e-02 -1.023114333893007516e-01 -8.549305100504885069e-02 -6.547211484059549391e-02 -5.479400504583156750e-02 -4.021576145669222141e-02 2.674098583599349155e-03
-9.408136099210787084e-02 -1.197183611174017781e-01 -1.524993771511616580e-01 -1.797757528660618720e-01 -2.128594282684089234e-01 -2.920216416868870457e-01 -2.706553708636988409e-01 -3.029527065496685490e-01 -3.612746402729244966e-01 -4.033010707637911807e-01 -4.471565445995565602e-01 -5.033980424459112424e-01 -5.728318704109347514e-01 -6.019847991387430319e-01 -6.461294210538718330e-01 -7.679733226349253483e-01 -7.619306576809659060e-01 -8.179063384398723713e-01 -9.091530019114466565e-01 -9.478964925426907051e-01 -9.865253537021865249e-01 -1.006099874923429338e+00 -1.106014804467523760e+00 -1.134119698312525681e+00 -1.157840659379303805e+00 -1.183900699486914565e+00 -1.224995485842554466e+00 -1.254576502979928510e+00 -1.259704626677691452e+00 -1.246460593318271748e+00
-2.612076111886818541e-02 -4.660257858208163850e-02 -6.249531556056420883e-02 -6.350362166517445339e-02 -7.824977262221850804e-02 -8.902031757401757117e-02 -9.582365708704732032e-02 -1.104005358892421323e-01 -1.152987842206874558e-01 -1.420773345902590634e-01 -1.519339955139716314e-01 -1.692754902525771543e-01 -1.605606393808426124e-01 -1.746948098146882955e-01 -1.918113944005733207e-01 -1.998618778955535136e-01 -2.061602003265311789e-01 -1.784119473544229506e-01 -1.783555150253537391e-01 -1.581285147257942558e-01 -1.645238927043382593e-01 -1.641758667575881347e-01 -1.506389634361887941e-01 -1.227420978015321684e-01 -1.346192580990610010e-01 -1.027305612771135385e-01 -7.980895527044953863e-02 -7.282813559123527125e-02 -6.096781138687573653e-02 -2.696108889024763020e-02
2.341015238965044737e-02 2.706588807759865989e-02 2.636818653275099789e-02 1.012949229721150923e-02 9.979797088606155719e-04 -1.180150423844928548e-02 -1.548530431529725887e-02 -1.440154597889258675e-02 -4.878987610085788740e-02 -4.514297214180821444e-02 -5.309314996480851701e-02 -8.545374782424584870e-02 -8.316305597464997146e-02 -9.289654306643237158e-02 -1.194656741180851051e-01 -1.296297939106828001e-01 -1.270335300645959453e-01 -1.377447551692216332e-01 -1.549686645356747050e-01 -1.696765984260156790e-01 -1.737215664226191558e-01 -1.871583833284179987e-01 -2.111972886125192406e-01 -2.337878457353839701e-01 -2.349793007248843768e-01 -2.539149369299762427e-01 -2.903788917830536498e-01 -3.082945302436038149e-01 -3.270728903641919594e-01 -3.818880551295439907e-01
1.179166204148898861e-01 1.524564644456104512e-01 2.082627031371017401e-01 2.483594834402041707e-01 3.183810112494404043e-01 3.871041579467536797e-01 3.947103687614247902e-01 4.167242166858240449e-01 5.204315316873991959e-01 5.624918905470216446e-01 6.284702234574846003e-01 6.993659965499547937e-01 7.414661937591415786e-01 7.985182607535116217e-01 8.830190231870609363e-01 9.703284137835300749e-01 9.853153579341150659e-01 1.018937927534223409e+00 1.098611458383957462e+00 1.158854532350269917e+00 1.178519961187941778e+00 1.206265671856805444e+00 1.294280484643099083e+00 1.353757432013251050e+00 1.360203834503180165e+00 1.378565470180277419e+00 1.452093339535368122e+00 1.504036249096476707e+00 1.518979894462088920e+00 1.587388201817513611e+00
3.210405126094168643e-02 6.935420057316095746e-03 -1.292266500442423340e-02 -1.222318526015168418e-02 -3.227204788716467321e-02 -3.040232752369969801e-02 -3.438253486821077343e-02 -6.584042067410492138e-02 -5.915538649605716487e-02 -6.056119254188033901e-02 -4.059244640264689230e-02 -7.811676437581571708e-02 -2.991278159000436421e-02 -2.845500723206141960e-02 -4.659031412257254312e-02 -2.178710115873362316e-02 -1.743769598277312982e-02 8.807111034798047536e-03 2.318987454791767572e-02 4.067566160312032636e-02 4.311376279524075511e-02 4.899419527786044726e-02 6.204398601339023572e-02 7.852433331982879017e-02 7.552513311495788473e-02 9.576892916448287441e-02 1.127525165754729441e-01 1.224470342222648972e-01 1.375610720045478963e-01 1.727439605447909921e-01
2.462598916742786762e-02 1.270517864795736238e-02 1.167704328670409429e-02 1.575341883144497704e-02 1.601940207831462765e-02 3.568370269182331855e-02 2.806639818231206063e-02 2.408460909050415613e-02 3.872164828798420333e-02 4.028416543145032364e-02 5.060420174710855701e-02 6.198703411865470747e-02 8.367313901204455340e-02 8.833767070964479440e-02 9.992732669094941955e-02 1.363158775407154466e-01 1.379651952750312049e-01 1.693265085878631337e-01 2.062890452472059544e-01 2.396176841537616120e-01 2.420215066362596534e-01 2.617982157773069418e-01 3.056818346867538616e-01 3.506756615353566198e-01 3.454279030122011096e-01 4.004471592694920368e-01 4.426510379374959947e-01 4.744100445348455874e-01 5.043718188390508006e-01 5.755909927390826519e-01
1.813597369125092423e-02 -1.157420298074828512e-02 -3.291856305365165047e-02 -3.068915873971815936e-02 -5.634216423259216094e-02 -4.093148801228191358e-02 -5.908830236935695701e-02 -7.927504947332390806e-02 -8.761459111968772362e-02 -1.018391711141766742e-01 -9.209027650104903429e-02 -1.013663231538318721e-01 -6.735880602018370911e-02 -7.760206101670340251e-02 -9.070712745423900603e-02 -5.056974579412665260e-02 -5.925832606982357753e-02 -3.106980675220341603e-02 -1.702676424523345139e-02 -5.033340647960245218e-03 4.315374048052978556e-03 6.203310435318284966e-03 2.370463918726185143e-02 2.585449798848365316e-02 2.545321438508713063e-02 4.560004137801194901e-02 3.253827852740210497e-02 3.060839839662422845e-02 2.459340925316911425e-02 -1.058086326521479742e-02
4.703315869515527214e-02 6.200490105516043293e-02 8.747828124893977653e-02 1.014300957800345626e-01 1.422938164542382200e-01 1.655404441386577608e-01 1.647821247385618249e-01 1.970409461130712414e-01 2.204885526422996067e-01 2.242782230728157522e-01 2.292256669326465102e-01 2.655430303512940071e-01 2.740050164157766810e-01 2.762208270053052583e-01 2.871482024172494207e-01 3.011441894559070964e-01 3.252904439281843474e-01 2.865511196953820505e-01 3.167341855339732559e-01 2.956943633789138604e-01 2.992094797154550845e-01 3.012794891400467079e-01 3.009894024746864183e-01 3.051701110388257976e-01 3.024059518957932791e-01 2.661595207782918027e-01 2.611431162046623511e-01 2.648061637634301912e-01 2.520890999420801193e-01 2.284395927646173385e-01
-1.225965669369693742e-02 -1.146064120194248415e-02 -1.201011820202386657e-02 -1.114870665544288181e-02 -1.481257124987098855e-02 -2.341510569084790175e-02 -2.446638472969155098e-02 -3.270511905030400179e-02 -3.056868082653580593e-02 -2.545261368572607902e-02 -2.376933997130961304e-02 -6.267308738237484245e-02 -2.987220661053259160e-02 -3.366310825888119140e-02 -6.031013565972761364e-02 -6.980053907280311942e-02 -7.487887999603273781e-02 -6.065502330965108491e-02 -6.821349045911415110e-02 -7.859700800059370163e-02 -8.709226883546014597e-02 -1.015477676835114113e-01 -1.151188065187876974e-01 -1.228798840225175937e-01 -1.271872350831442788e-01 -1.596005312288874545e-01 -1.797633756391912585e-01 -1.978552036667350911e-01 -2.128850106377500606e-01 -2.662193452610246425e-01
-9.017267987360437498e-02 -1.436469601051221789e-01 -2.166776177127300029e-01 -2.472589624780483497e-01 -3.278038069756956663e-01 -3.949864228516748454e-01 -4.079073729188197328e-01 -4.461401602954423451e-01 -5.492590078509849150e-01 -5.900874201740512470e-01 -6.747609942430184971e-01 -7.455067601968969893e-01 -7.856478596675022796e-01 -8.475001265942349038e-01 -9.370278517531644979e-01 -1.017648189118806945e+00 -1.050414298084516140e+00 -1.086670635774120708e+00 -1.179082710249538035e+00 -1.220721430332757151e+00 -1.275133250352499692e+00 -1.298711192680570337e+00 -1.402888610544819059e+00 -1.439185413579330941e+00 -1.465892635466109484e+00 -1.531406514951308750e+00 -1.614695525701031587e+00 -1.665023416802383860e+00 -1.689578430825207311e+00 -1.775033264014581391e+00
-1.046815274757470077e-01 -9.934333778484207012e-02 -1.118878556202410474e-01 -1.373435981568613129e-01 -1.379855573971561500e-01 -2.301635114672472837e-01 -2.084757147034364266e-01 -1.911685508264903688e-01 -2.657044803921257969e-01 -3.121811007382722103e-01 -4.046320007686986520e-01 -4.505053305956318033e-01 -5.418920353841909510e-01 -5.854074855592822368e-01 -6.558663529744321874e-01 -8.006456751056802990e-01 -7.788355759883742735e-01 -8.897693444855243605e-01 -9.728143954384027570e-01 -1.038166574186879743e+00 -1.080242419255329045e+00 -1.100175518816047360e+00 -1.207216926144135005e+00 -1.240072077115717430e+00 -1.262074772181089655e+00 -1.301772900299733138e+00 -1.354470146413903286e+00 -1.392696515822514636e+00 -1.398394098524828433e+00 -1.406604797208102831e+00
7.125335632994886370e-02 1.409656008102977975e-01 2.368215460605566647e-01 2.721308930773688739e-01 3.804342854222396708e-01 4.285657858974795120e-01 4.519218515627947408e-01 5.133347923589222095e-01 6.089234110675452172e-01 6.368365524970984737e-01 6.934382102070952847e-01 7.763950346456204299e-01 7.744390842662355334e-01 8.276002197256109305e-01 9.131481167649658781e-01 9.390856226051328415e-01 9.815902128208932043e-01 9.553109030557717096e-01 1.023325992483862468e+00 1.029819073765861015e+00 1.053883967530645061e+00 1.066699388510806257e+00 1.121018251478199890e+00 1.147905818234983721e+00 1.158081151323087976e+00 1.157621889778283286e+00 1.201243705057926547e+00 1.231875967947464012e+00 1.231438674545698886e+00 1.269454958223940721e+00
5.043780683760892836e-04 -1.233844771209879898e-02 -2.723134093611899453e-02 -3.496631084997051109e-02 -5.541903919184783256e-02 -5.483198295183674964e-02 -6.665894767027036316e-02 -8.165634825692104359e-02 -9.700287677988167490e-02 -9.503721905162294814e-02 -9.425930464258877595e-02 -1.139960229437053246e-01 -1.021618603993268426e-01 -1.124058800565680555e-01 -1.267184098089249311e-01 -1.250106651461850016e-01 -1.380420855502683952e-01 -1.238699606581162987e-01 -1.428309472670420965e-01 -1.457516687950533019e-01 -1.543385633630057208e-01 -1.649896870745530264e-01 -1.865462580074497834e-01 -2.011830005630006746e-01 -2.066164761937746563e-01 -2.310570140178553888e-01 -2.623866717371403645e-01 -2.771798389145215813e-01 -2.969288326051238158e-01 -3.515541542902479999e-01
