7.862400780434986025e-02 9.382215015905172317e-02 1.104458057578290575e-01 1.277681167747458657e-01 1.458014772870341036e-01 1.651467442184412493e-01 1.841327901194949879e-01 2.042207452807705825e-01 2.232005367491700920e-01 2.417119180223077091e-01 2.608787048122460095e-01 2.769388437791078239e-01 2.934676519489007318e-01 3.069344358818610896e-01 3.199900564176937912e-01 3.293284497453227155e-01 3.370476577633790827e-01 3.414376387599542539e-01 3.439755348514951239e-01 3.435909951003269791e-01 3.405785613328707329e-01 3.362669960007050873e-01 3.300721893003784047e-01 3.221745852353675166e-01 3.132162013479198315e-01 3.036341440925021118e-01 2.935441262656297012e-01 2.834852649532366153e-01 2.734658408993850820e-01 2.482459516435816804e-01
4.277260231926705708e-02 5.517693192824421611e-02 6.712382480438683352e-02 7.912891910299083009e-02 9.117945843363235714e-02 1.030546040542965336e-01 1.147853037309112256e-01 1.259557517118404801e-01 1.358524540805531311e-01 1.452643692153881283e-01 1.540767550208952952e-01 1.603082014575189507e-01 1.668506072275532659e-01 1.708391661197726785e-01 1.747656236508112193e-01 1.759287320798360033e-01 1.764400599283742488e-01 1.747110734722027159e-01 1.721530244050261393e-01 1.678990582040186808e-01 1.623459813765300574e-01 1.562507020906516719e-01 1.490581001994449872e-01 1.410841671124957730e-01 1.325917080847350271e-01 1.240566619404683268e-01 1.154614742630188096e-01 1.072165015704797802e-01 9.930993166821372453e-02 8.232700060296084532e-02
2.287128867021820909e-03 -1.281586910810770044e-02 -2.276623922114846127e-02 -3.093690151070920338e-02 -3.735241462810548474e-02 -4.233694604299586411e-02 -4.768229964994673276e-02 -5.072535321100815620e-02 -5.208432043560065616e-02 -5.319721779469644557e-02 -5.322098840734108133e-02 -5.233409416367794387e-02 -5.144797484939082205e-02 -4.911910787488467378e-02 -4.735789084163256890e-02 -4.502955970862897173e-02 -4.293978894358736753e-02 -4.074820859204227042e-02 -3.841704664214946885e-02 -3.654166880965274700e-02 -3.411735160090995783e-02 -3.175549035948047050e-02 -2.918207361418999682e-02 -2.632534127963951504e-02 -2.242111232916367547e-02 -1.845673147309064357e-02 -1.340728555045706330e-02 -7.108331913413621500e-03 -8.845191386737706607e-04 2.168767176930651297e-02
8.885535764907567802e-03 4.128681742950016109e-03 1.486713982380392929e-03 -3.776064732498290305e-04 -1.551529374132561145e-03 -2.380998427694257236e-03 -3.521762285598193862e-03 -3.981224296516138253e-03 -3.948112612927075563e-03 -3.915194536916310336e-03 -3.730294458166447807e-03 -3.731533696349785545e-03 -3.535791728455419183e-03 -3.052136054381423408e-03 -2.758848880893517361e-03 -2.628717202313611209e-03 -2.416324878004933591e-03 -2.439031699121260374e-03 -2.226163027016224080e-03 -2.419774190655591545e-03 -2.265498760035849699e-03 -2.117826303538829225e-03 -1.990963760989214459e-03 -1.848396410608979523e-03 -1.120949267891725720e-03 -5.380759486328101637e-04 6.710983134738182643e-04 2.699089983344553356e-03 4.570259366603584422e-03 1.384936153525045260e-02
1.770188627120247715e-02 2.076188709178361860e-02 2.316676437624899665e-02 2.555004582716610684e-02 2.801971472617464931e-02 3.030647498797572198e-02 3.211513416612446492e-02 3.409269540429135659e-02 3.579439383531762831e-02 3.715066509441895815e-02 3.819115864350956097e-02 3.831318515510218764e-02 3.837074259898575618e-02 3.766714454824097308e-02 3.650267456306134639e-02 3.411575530582709043e-02 3.150656180283196300e-02 2.764660682914362594e-02 2.311821212963468056e-02 1.754547405689358547e-02 1.110454039568060762e-02 3.989329809261117979e-03 -4.313611910623023349e-03 -1.324788422301798399e-02 -2.324444210998126426e-02 -3.353493371618489899e-02 -4.456000159071617922e-02 -5.592426037768537250e-02 -6.730486091939841264e-02 -9.732051687372209048e-02
1.214348841418829428e-01 1.355777626932281044e-01 1.559075653373903914e-01 1.772965597758292544e-01 1.996856665677863019e-01 2.256901055511162379e-01 2.501015328967109985e-01 2.781710435076896748e-01 3.063461233142549256e-01 3.345558339475036003e-01 3.664427504492860921e-01 3.965741131737857139e-01 4.283657132962256919e-01 4.600605349560497603e-01 4.923936799018727717e-01 5.239798108440357760e-01 5.546199529290832819e-01 5.849688956137433227e-01 6.154729208803810803e-01 6.441077243468367186e-01 6.720307491062528227e-01 6.992813689122147069e-01 7.264038356533697449e-01 7.507586256284536352e-01 7.764117963785281962e-01 7.984662422848614050e-01 8.209413163034298133e-01 8.430793674348902034e-01 8.622418956850024241e-01 9.041283063762768357e-01
7.454993432188136704e-02 9.191535015866675318e-02 1.100287079267329993e-01 1.282997062291111323e-01 1.465885274562728768e-01 1.655532967856308546e-01 1.840072467405264312e-01 2.027363684692234935e-01 2.200846089681680606e-01 2.371309941871264926e-01 2.546286137634873881e-01 2.692313348263857264e-01 2.847261267450472699e-01 2.979216084436863698e-01 3.114018022293465471e-01 3.223095035330093561e-01 3.325030856111078070e-01 3.408207706837212414e-01 3.486313531999908344e-01 3.545511119425885926e-01 3.591987726007217496e-01 3.632395449366868090e-01 3.664084350569448700e-01 3.680068449039225476e-01 3.695365602405366046e-01 3.697966427628520680e-01 3.700090528160134840e-01 3.702549903308643975e-01 3.697324883619825808e-01 3.675552634169350075e-01
-2.557686902667612519e-04 -7.519244769821131769e-03 -1.123511558379364922e-02 -1.382984254874276321e-02 -1.555491537914447352e-02 -1.693179813090019484e-02 -1.845176397007613003e-02 -1.955304999135258626e-02 -1.999750597914251582e-02 -2.042422782878845072e-02 -2.077526569345624491e-02 -2.119901730481864657e-02 -2.124702101748794647e-02 -2.086681266164999715e-02 -2.027255280560494310e-02 -1.940367783294143916e-02 -1.830532089187624986e-02 -1.676149301851028936e-02 -1.437680573145007530e-02 -1.186588424054223559e-02 -8.166921057280401505e-03 -3.924389442865197988e-03 1.166807091673494057e-03 6.791476371887091718e-03 1.413586025164194002e-02 2.163975648757544140e-02 3.075472617565954553e-02 4.150145168329272272e-02 5.220272340036983399e-02 8.848637043819219949e-02
2.145091038602457006e-02 1.288813979288705967e-02 8.831695357357246742e-03 6.139613833727804171e-03 4.724418388948450898e-03 4.723399933079111893e-03 4.168507941475043006e-03 5.621248271857407809e-03 8.253488342244054074e-03 1.110714550146072940e-02 1.520460866712093975e-02 1.966603869889269052e-02 2.450583130263446832e-02 3.054397355530717728e-02 3.644083679491392364e-02 4.282882885484647073e-02 4.917109399008666448e-02 5.582836574935733098e-02 6.297734066457026658e-02 6.972182635632595549e-02 7.715088669914013653e-02 8.463020432586010333e-02 9.249639817942886810e-02 1.002349230336100766e-01 1.092691377311269807e-01 1.176777818306867507e-01 1.271496417980528260e-01 1.376889212563890685e-01 1.475190274813641123e-01 1.770506861985914060e-01
1.919272393909280186e-02 1.881471913054504411e-02 1.913216988976288585e-02 1.981549160154872855e-02 2.097192456565703453e-02 2.244477493309278426e-02 2.340513519096586864e-02 2.516830216497531469e-02 2.709445454748952986e-02 2.887756409524457751e-02 3.083236081496192743e-02 3.226751485694132060e-02 3.373227672095818752e-02 3.505032968775948637e-02 3.593290495969525544e-02 3.604637164008166195e-02 3.599736467926106104e-02 3.505033569384122250e-02 3.375583252771899995e-02 3.151323433822230541e-02 2.878472809186463643e-02 2.557428120323174126e-02 2.155695358166356129e-02 1.705249686299705608e-02 1.210385159003051631e-02 6.776638962755401202e-03 1.194731520424371224e-03 -4.349680929287759457e-03 -1.008814228575984073e-02 -2.433676569024611006e-02
2.308648563454930580e-02 3.267119659381939600e-02 4.309759299148357981e-02 5.351791072140562461e-02 6.340560641668602226e-02 7.274914383765988812e-02 8.187488898540384863e-02 8.954067912705095111e-02 9.618093448523627742e-02 1.025690324428585598e-01 1.083091736104656311e-01 1.123387048048316295e-01 1.174189732613667159e-01 1.213913631171922580e-01 1.265613884157815727e-01 1.313156027392890779e-01 1.366360976301255192e-01 1.425373060905037459e-01 1.499258291943346699e-01 1.576136549337389947e-01 1.666852288276912120e-01 1.766652132606710279e-01 1.878122845975059019e-01 1.989282201420884133e-01 2.121000354752852757e-01 2.246314247508908735e-01 2.387868269715125447e-01 2.543147137756058829e-01 2.691163842657038341e-01 3.133175462335160422e-01
-3.118789407050180304e-03 -2.670803217253673104e-02 -4.523770604530712169e-02 -6.243564411986689267e-02 -7.788340235717380877e-02 -9.136992426848397630e-02 -1.061078126861561277e-01 -1.169583962158087520e-01 -1.248675407286212180e-01 -1.322368900800954539e-01 -1.373554138860655638e-01 -1.395582807038515671e-01 -1.420841007680189727e-01 -1.403613601799336696e-01 -1.396801834217945015e-01 -1.363329045353451341e-01 -1.325270018050618281e-01 -1.272846040633376363e-01 -1.215597602216638151e-01 -1.157004761328885994e-01 -1.088651573433182113e-01 -1.024517269113459916e-01 -9.614062195345879358e-02 -9.002443181839860087e-02 -8.371920473296354248e-02 -7.859682062674537562e-02 -7.367937059148332857e-02 -6.900100196501811334e-02 -6.568360535599977734e-02 -6.039925020309726278e-02
5.452481650662034662e-02 6.003081961741004585e-02 6.756647879109289878e-02 7.585857574253590530e-02 8.500830881553819718e-02 9.554163408930653467e-02 1.053832112521270459e-01 1.170859749539762268e-01 1.286710653555147021e-01 1.400673769162006088e-01 1.525391054371112998e-01 1.635758572978289749e-01 1.748820894873369669e-01 1.851350762822372431e-01 1.948072872170731606e-01 2.025286797878782519e-01 2.093288579668294569e-01 2.140713110202475955e-01 2.176141182956740083e-01 2.190748766139190562e-01 2.187955787196433355e-01 2.173893978689409590e-01 2.144398485896132633e-01 2.100504517456063813e-01 2.046805435740330359e-01 1.983071233485977081e-01 1.912138119114553392e-01 1.837516558740091288e-01 1.757670665128671650e-01 1.526028626605401284e-01
3.131281166001638472e-02 1.947747093880632455e-02 1.292374195831045604e-02 7.949632103188331023e-03 4.801587656716321470e-03 3.888259412763826403e-03 2.092808856433973907e-03 3.748560140296133825e-03 7.203164322060075404e-03 1.098567194954465712e-02 1.689569559614588837e-02 2.365780288949514282e-02 3.055076685682174900e-02 3.928464724257683949e-02 4.729075053407162665e-02 5.580433126613857514e-02 6.391427384657559496e-02 7.190629173321660961e-02 7.966333186590338067e-02 8.642958085655734479e-02 9.308990740645264883e-02 9.913194061480752606e-02 1.048035416055571739e-01 1.097770207432494372e-01 1.151266389452356015e-01 1.194489082679223158e-01 1.239974536126112331e-01 1.288173720663984001e-01 1.327043851897559135e-01 1.424426222687327492e-01
-7.249679933244924240e-03 -2.240931577987328310e-02 -3.341602267010857635e-02 -4.287961352051940234e-02 -5.085248109886610773e-02 -5.793480496310207672e-02 -6.521262006964963220e-02 -7.091554823919167527e-02 -7.508715671538071512e-02 -7.906500590784124038e-02 -8.252214509283958832e-02 -8.511804312308671183e-02 -8.779292777304162354e-02 -8.919270157313194392e-02 -9.107956944339597183e-02 -9.240100472749786242e-02 -9.376749263245537369e-02 -9.495564863146260803e-02 -9.588650712606199000e-02 -9.698614424971727099e-02 -9.728590748961914170e-02 -9.746389761794198303e-02 -9.729340449287746106e-02 -9.647263517432841384e-02 -9.454612375905527277e-02 -9.213221430364722242e-02 -8.852912041791674569e-02 -8.336905553237888844e-02 -7.801086491899564268e-02 -5.573292536429497179e-02
5.668236872050971820e-02 6.279006700610484382e-02 7.147004787087199440e-02 8.079482046727660960e-02 9.069030525481439065e-02 1.018930290051994758e-01 1.123544120150686831e-01 1.242903288893698055e-01 1.361580723269035231e-01 1.479925136783721840e-01 1.610721013421375358e-01 1.728988134198714000e-01 1.855463739950087287e-01 1.978103945972694844e-01 2.102294616913829572e-01 2.217741984930649835e-01 2.329973960117285581e-01 2.435737954218847312e-01 2.541822322320174132e-01 2.636522619365592734e-01 2.727323263730360159e-01 2.814612334485052658e-01 2.898787356489343492e-01 2.971237130495320011e-01 3.048794906723989451e-01 3.112143699860258628e-01 3.178178931837776222e-01 3.246065867250979564e-01 3.302477159053279765e-01 3.437272687101002866e-01
-3.651101488897755265e-02 -5.556939953340614413e-02 -7.244786478795836593e-02 -8.799387006672934608e-02 -1.020912406997500632e-01 -1.165830414031685247e-01 -1.307018295164372179e-01 -1.445662627661868094e-01 -1.571210336684806808e-01 -1.696430061499329123e-01 -1.831972750660476046e-01 -1.959600527417330040e-01 -2.095315995615149307e-01 -2.224861397600698953e-01 -2.364054442074657869e-01 -2.504894295323952802e-01 -2.645982809032028649e-01 -2.793363117326142508e-01 -2.943107680448609487e-01 -3.094489914419843446e-01 -3.240245785013664559e-01 -3.384407138681146399e-01 -3.528606237393104861e-01 -3.657106134290022958e-01 -3.780751202043284298e-01 -3.882772445082735002e-01 -3.973002966886756138e-01 -4.043046284417149971e-01 -4.095054479517991064e-01 -4.080206097711343016e-01
1.117995110703671330e-02 1.195981305616465769e-02 1.307250109026404129e-02 1.454534808811623614e-02 1.635683801267735771e-02 1.787902230911424251e-02 1.923967614911462065e-02 2.040176959622564887e-02 2.130257018281828466e-02 2.193772808113246889e-02 2.193260949678022334e-02 2.088821461442928046e-02 1.979072139358516169e-02 1.773983131324505247e-02 1.538458267730979934e-02 1.173226341676191116e-02 7.861929425897180509e-03 2.827534182456046402e-03 -2.594331854980138838e-03 -8.874586718789783182e-03 -1.554332918996014293e-02 -2.248574135800048696e-02 -3.003590053268014037e-02 -3.766325807099117629e-02 -4.549359838939148748e-02 -5.298119215446216168e-02 -6.029953721179942550e-02 -6.704156056555686527e-02 -7.332055144994602258e-02 -8.464276357836277020e-02
-4.577888876876029522e-02 -6.122557229396818901e-02 -7.612410558204392441e-02 -9.019565837484921911e-02 -1.033428860459200960e-01 -1.173849133555337626e-01 -1.312239860707142547e-01 -1.452714386528120294e-01 -1.585079909301391754e-01 -1.720487317488641477e-01 -1.871231028347998260e-01 -2.016358109933838183e-01 -2.172756790168013097e-01 -2.329449499065258944e-01 -2.498827084347464145e-01 -2.675201892159118078e-01 -2.853035471064274131e-01 -3.043758381344188191e-01 -3.243562885965141640e-01 -3.448339978992432941e-01 -3.656790811576553502e-01 -3.869232271617820684e-01 -4.091661262662643073e-01 -4.303348769529879991e-01 -4.525316406729295027e-01 -4.727949315486544291e-01 -4.931496191444185162e-01 -5.126362414861793670e-01 -5.302371945665036446e-01 -5.657480814097350930e-01
6.353320386439084699e-02 8.285358196937156472e-02 1.006004176082931356e-01 1.182653368463647547e-01 1.359988563256766814e-01 1.538921898745603811e-01 1.715632973672902017e-01 1.889903495242657994e-01 2.045880886726232362e-01 2.193077473766567864e-01 2.334395620676924243e-01 2.439279496765170696e-01 2.543932835305808271e-01 2.606937539850860408e-01 2.663302804024955117e-01 2.673121410944092058e-01 2.666115398848340479e-01 2.617110984617162517e-01 2.542798287406233815e-01 2.437065581544055060e-01 2.297538567055213976e-01 2.141775132215245070e-01 1.958825678386779401e-01 1.759315318022700303e-01 1.535923556839708937e-01 1.312390520470210209e-01 1.074705010729735261e-01 8.319879982852386446e-02 5.972813680820689836e-02 -8.315904477571509079e-04
1.246004786390284003e-01 1.414836635983036384e-01 1.645888355638838729e-01 1.889960282611890252e-01 2.144907513124668097e-01 2.433952946798015049e-01 2.711286199117119433e-01 3.019285986174315428e-01 3.323249567659842807e-01 3.626590216301872616e-01 3.961505553708770666e-01 4.270049263258141603e-01 4.595767049315294672e-01 4.908268453805716414e-01 5.227879657350587017e-01 5.529289653994615694e-01 5.818061343734086677e-01 6.095647830295609637e-01 6.371617761443560957e-01 6.625230707015586917e-01 6.868047929524077055e-01 7.104862877239077612e-01 7.339985839995850636e-01 7.550069269137915651e-01 7.774682203052675211e-01 7.970407738898266370e-01 8.174389889858360014e-01 8.381760133810947089e-01 8.566172784529290096e-01 9.010805700095304571e-01
-1.855700952220708244e-02 -2.269866850578479769e-02 -2.654436924725955826e-02 -2.975325158264549574e-02 -3.258175583053992547e-02 -3.656739903613438064e-02 -4.011747398831794209e-02 -4.505460564593585099e-02 -5.024604019918411935e-02 -5.577026192168049734e-02 -6.306057168292253379e-02 -7.123669012304456594e-02 -7.964800059663687537e-02 -8.935068269114798678e-02 -9.924169803695022385e-02 -1.103301531713688777e-01 -1.214587273256310385e-01 -1.335200573939634427e-01 -1.455878774434491707e-01 -1.579058708119659982e-01 -1.698736621812311220e-01 -1.814851134660316057e-01 -1.930256055674915427e-01 -2.034707777859784961e-01 -2.133203942613818294e-01 -2.215178784001795576e-01 -2.285227980027281780e-01 -2.337363339727964173e-01 -2.374503411646821660e-01 -2.338070270720290500e-01
1.837620251388600301e-01 2.178950569573873675e-01 2.587895944572746743e-01 3.007391478143073282e-01 3.432533710796004667e-01 3.899328849750798298e-01 4.352297796685037912e-01 4.832166962785782727e-01 5.294417586315265378e-01 5.752269743096164456e-01 6.246740273393809328e-01 6.694774743238841586e-01 7.167832235063198443e-01 7.607488167151679193e-01 8.062488945097356918e-01 8.485631765673122828e-01 8.890043830052682949e-01 9.277460426548180816e-01 9.663952647743074831e-01 1.002089856912497190e+00 1.036179548679791118e+00 1.069807400883926229e+00 1.103413384902133698e+00 1.133640487751143455e+00 1.166055928898675154e+00 1.194759441553359114e+00 1.224811151196014247e+00 1.255481089645146042e+00 1.283307598792843063e+00 1.352577971886263386e+00
1.092537698044335065e-01 1.289083834427564579e-01 1.526611484284284281e-01 1.771219031091634255e-01 2.019950306592931955e-01 2.290988028068102200e-01 2.552595989762481143e-01 2.830023741814876592e-01 3.097766477591671341e-01 3.363372476244407272e-01 3.650021876511682084e-01 3.907978882332374670e-01 4.183147321353056780e-01 4.440619596220222731e-01 4.708864718466848065e-01 4.959524175396722301e-01 5.201847888271352582e-01 5.436717215344561982e-01 5.674534926981364968e-01 5.895919762964380029e-01 6.112504669140328417e-01 6.327437743243061741e-01 6.544589555314137552e-01 6.741478172048536166e-01 6.955383483661152777e-01 7.144395340329383615e-01 7.344211608883380871e-01 7.549547743143426581e-01 7.734651200395078474e-01 8.198911296758657485e-01
-1.954982064048843560e-02 -3.210427562811759422e-02 -4.293309594267646911e-02 -5.288247278241283572e-02 -6.187756530198200433e-02 -7.094229218947442628e-02 -8.014110923777613416e-02 -8.875740088678868434e-02 -9.635908572375483094e-02 -1.040163148971213064e-01 -1.120981258917418677e-01 -1.195932032215137331e-01 -1.275547904710385982e-01 -1.348405808896299685e-01 -1.428473895469928312e-01 -1.508296130184096362e-01 -1.588025808957213569e-01 -1.671292826523422814e-01 -1.756705778539333074e-01 -1.844789082973634642e-01 -1.930238015745059932e-01 -2.017405521056543916e-01 -2.107676589296856307e-01 -2.192090775910967015e-01 -2.276743562323348125e-01 -2.353244000040708439e-01 -2.426383356096403765e-01 -2.490299410919177003e-01 -2.547482323656756753e-01 -2.626633140040182113e-01
6.949251873105213861e-02 8.374403319981961469e-02 9.848218542403514020e-02 1.133411606394056914e-01 1.283789706305005218e-01 1.444572890962205203e-01 1.597388188373797813e-01 1.760913421655518618e-01 1.915827185746467043e-01 2.067258947794149704e-01 2.227203863219513191e-01 2.365227359061707335e-01 2.509388861076138899e-01 2.636115208526429998e-01 2.761857325477926062e-01 2.865397808137388758e-01 2.960515527414619985e-01 3.036568709667889499e-01 3.103335777186016498e-01 3.150020957131490773e-01 3.179978568966086439e-01 3.200144435298472034e-01 3.206394429632918319e-01 3.194879529930467754e-01 3.175043422790227443e-01 3.140705224210159630e-01 3.098878752831666361e-01 3.051420041869352118e-01 2.994932807287433163e-01 2.805902872000135551e-01
-4.079266525112643094e-02 -5.917674962327124089e-02 -7.584461957409252553e-02 -9.143685011534546936e-02 -1.058765008671686547e-01 -1.208108042405645483e-01 -1.356379650860054520e-01 -1.501304367152745678e-01 -1.633796422006310867e-01 -1.766734902789147688e-01 -1.909412228450771964e-01 -2.041872815325706525e-01 -2.183108153624642167e-01 -2.315892123950215042e-01 -2.459073554578863896e-01 -2.601456558960111853e-01 -2.742469873388945767e-01 -2.888703913738677187e-01 -3.038058141622624886e-01 -3.188400939463293948e-01 -3.335066181359802595e-01 -3.482537131079490589e-01 -3.633600167919064372e-01 -3.772519762366847162e-01 -3.913162900738033079e-01 -4.037281307609699721e-01 -4.156920880909381610e-01 -4.264002278692389236e-01 -4.357105721068034176e-01 -4.493400643141907680e-01
-1.344411831564818610e-02 -2.642447917178727609e-02 -3.887880616030460479e-02 -5.041989492644542714e-02 -6.053847281464568020e-02 -7.062288552172446554e-02 -8.077329816313397193e-02 -8.974595084715242255e-02 -9.772289856772525818e-02 -1.060238179218180588e-01 -1.149354181156331117e-01 -1.236248157104122558e-01 -1.336028618590148487e-01 -1.439001726920281776e-01 -1.560545129605307446e-01 -1.698485757066316992e-01 -1.845816870383274744e-01 -2.018056252920193416e-01 -2.211632099823717668e-01 -2.421906488606751506e-01 -2.650038540067720660e-01 -2.891214118808671518e-01 -3.153524033035484120e-01 -3.413517391558058556e-01 -3.695267486827705228e-01 -3.961075537133982305e-01 -4.236888866867348780e-01 -4.511307388216353464e-01 -4.767670527327581009e-01 -5.369094099573392675e-01
9.414350617581409772e-03 1.640137133362606220e-02 2.009631094065561507e-02 2.289928004645240545e-02 2.496054472687958894e-02 2.577642321953630203e-02 2.609995922075580496e-02 2.527814320197899201e-02 2.356603896674817900e-02 2.137334124788940748e-02 1.789999760418337429e-02 1.325250170941388340e-02 8.334070559238212009e-03 2.368364657187800246e-03 -3.978291093927024263e-03 -1.162844811675107885e-02 -1.914555523416548027e-02 -2.782619989707497965e-02 -3.705070181699762072e-02 -4.701617516826038512e-02 -5.772490849943753832e-02 -6.904887451202468274e-02 -8.169470873211404083e-02 -9.487931940494453986e-02 -1.096250562343102641e-01 -1.244950251666881169e-01 -1.405713856355077229e-01 -1.573206312612274171e-01 -1.739606009561527611e-01 -2.185710920929403167e-01
5.618818815901666791e-02 6.399078976387898021e-02 7.376408073191605130e-02 8.401025588953975332e-02 9.467743002643018435e-02 1.064469498569738243e-01 1.174620309893671943e-01 1.296835746071319240e-01 1.416401068283637543e-01 1.534292181606939365e-01 1.662363614251139987e-01 1.776277847964999601e-01 1.897189580993694502e-01 2.010861328411098214e-01 2.125882104792933269e-01 2.229696717759499514e-01 2.329138067531502376e-01 2.420260411542896339e-01 2.509879481889270569e-01 2.586999811073500966e-01 2.658552188835620056e-01 2.725566369282366175e-01 2.787629868535709265e-01 2.837467749517020854e-01 2.889883528532110057e-01 2.928505598598870052e-01 2.968134007206826852e-01 3.008395436095251396e-01 3.037938794457826774e-01 3.099310534079658952e-01
-4.261273544943422475e-02 -5.984454051694124144e-02 -7.608060765340031451e-02 -9.139790306595221847e-02 -1.056669225029617798e-01 -1.206670417947363072e-01 -1.354972980980215791e-01 -1.502873683063415955e-01 -1.640248944068952441e-01 -1.778935311926013174e-01 -1.930499043625027444e-01 -2.073906082993488276e-01 -2.227312304482789440e-01 -2.376057493160422251e-01 -2.536339381492485057e-01 -2.699493747998893411e-01 -2.862193571920584878e-01 -3.033747485812696709e-01 -3.211487478192530665e-01 -3.391626603476947110e-01 -3.571583948821250853e-01 -3.753916531508673660e-01 -3.942833462966060520e-01 -4.120035604444371446e-01 -4.303551908304737994e-01 -4.468148212168439048e-01 -4.631623678537700739e-01 -4.783858474690755314e-01 -4.919504639701680060e-01 -5.166955672947299849e-01
-6.690509631631418042e-02 -9.526586702528762329e-02 -1.204823980166538216e-01 -1.442165214962876918e-01 -1.664657252036960133e-01 -1.891878438191674783e-01 -2.116924727199151479e-01 -2.336615796112505306e-01 -2.534523701236544024e-01 -2.730929197282988552e-01 -2.936411315436526226e-01 -3.119002611921658508e-01 -3.311138061497705398e-01 -3.481093569704526436e-01 -3.660915827793903565e-01 -3.825367598247190193e-01 -3.984748548769618814e-01 -4.136423017456828388e-01 -4.283975312383742073e-01 -4.423533584621451853e-01 -4.547389317531730368e-01 -4.666966989458080084e-01 -4.781129283797059260e-01 -4.875825402022566646e-01 -4.962374093445993117e-01 -5.029551385691571896e-01 -5.084153954555381549e-01 -5.119948924708712656e-01 -5.141305482027750395e-01 -5.059079077153826320e-01
1.118356120379797661e-02 2.186432046834944215e-02 3.096367076778529584e-02 4.006345695354618375e-02 4.884623846580087025e-02 5.617014295677217467e-02 6.397497008785130168e-02 6.946246363621433328e-02 7.323914945947761213e-02 7.637188901744305924e-02 7.737520927378649382e-02 7.560375052468354395e-02 7.394726121931727292e-02 6.897320234988102428e-02 6.410885425154140560e-02 5.626593712061558894e-02 4.802602505049797382e-02 3.757406317801654377e-02 2.656689586818052062e-02 1.443703860404299023e-02 1.558438442433859178e-03 -1.133218083874945950e-02 -2.487342122204226971e-02 -3.816518050485721847e-02 -5.159032003560218294e-02 -6.378150657535155976e-02 -7.539551915978957852e-02 -8.571970095956224500e-02 -9.466444204135188167e-02 -1.073624451353813181e-01
7.472495249645881576e-02 8.374788258465826196e-02 9.666134564115247407e-02 1.104538699062347085e-01 1.248732145054554377e-01 1.411617698371452068e-01 1.565981432771898774e-01 1.738117410739505875e-01 1.909123838265309459e-01 2.079991646925982429e-01 2.268932405892436499e-01 2.443287486344477011e-01 2.630203535562585238e-01 2.812564628708498216e-01 3.001271864929062061e-01 3.183611397921318198e-01 3.361250995318900148e-01 3.537834261328365315e-01 3.719076754398246143e-01 3.889901547704071594e-01 4.061233082985465925e-01 4.231831816728039986e-01 4.405622716122558069e-01 4.565820291662717745e-01 4.741130574882581050e-01 4.897082341166346664e-01 5.062819654544348236e-01 5.234129607056222655e-01 5.388654124278691171e-01 5.782342733617062969e-01
3.802389912179857112e-02 4.253800364363953534e-02 4.843410760096310275e-02 5.479911382110470852e-02 6.154932364247484022e-02 6.888894186013792831e-02 7.575228032239122999e-02 8.330824423998101080e-02 9.068041267730436727e-02 9.793128679313969909e-02 1.056293530972825523e-01 1.121499222531020939e-01 1.191850610161471480e-01 1.256041279510970443e-01 1.320423105497580685e-01 1.374779655888304641e-01 1.426670769624737711e-01 1.470753980685562956e-01 1.514370099965275940e-01 1.548034283206229378e-01 1.578938333064676958e-01 1.607075516450626185e-01 1.631585359374824462e-01 1.649080827356991241e-01 1.669917190784553362e-01 1.683039395626605705e-01 1.699359338103508255e-01 1.720023985908270825e-01 1.734943891543786754e-01 1.788859863645296533e-01
-7.170489670089021106e-02 -9.521220607024685756e-02 -1.185111508821620752e-01 -1.411017477267007270e-01 -1.627037033733700899e-01 -1.856455165992640099e-01 -2.084011799320319436e-01 -2.314591516695072571e-01 -2.531481294226030077e-01 -2.750528173371310503e-01 -2.988877726740741259e-01 -3.211285895972886828e-01 -3.450545239531375152e-01 -3.679371272052110453e-01 -3.924974649278228922e-01 -4.169627563191707909e-01 -4.411929800615382313e-01 -4.662826561102743628e-01 -4.921577917294271964e-01 -5.180676496194726033e-01 -5.439323492129741755e-01 -5.701518823997495655e-01 -5.974089342974576722e-01 -6.230623303627214060e-01 -6.500964505022569506e-01 -6.746705022926482442e-01 -6.995952860071876778e-01 -7.237477844539811356e-01 -7.456520265998234365e-01 -7.914506844368498495e-01
-6.579499395252827801e-03 -2.116726428041343366e-02 -3.237116771557963651e-02 -4.221691788321448729e-02 -5.069390639933102349e-02 -5.865259999364365318e-02 -6.669421374220758925e-02 -7.354593668555436947e-02 -7.898725296012133745e-02 -8.424084702198444963e-02 -8.924103297536434276e-02 -9.346999098371991388e-02 -9.772386928966474151e-02 -1.007841967965210639e-01 -1.042029351072077531e-01 -1.070516222439731463e-01 -1.097781835106719089e-01 -1.121986032886246876e-01 -1.142002126953243213e-01 -1.161689213662045056e-01 -1.171037805802740001e-01 -1.177178691112158448e-01 -1.177499064836624587e-01 -1.169519403182164852e-01 -1.147923336487086804e-01 -1.119805124058146917e-01 -1.077109030018333219e-01 -1.017376357456482028e-01 -9.537996363999060034e-02 -6.904857905380620831e-02
-1.028793966562229073e-01 -1.302293351997629300e-01 -1.579139347805184057e-01 -1.848846276852562642e-01 -2.110747290707110368e-01 -2.398189848245601274e-01 -2.676787689135720627e-01 -2.976015067984930651e-01 -3.263076406734696788e-01 -3.553172020492746386e-01 -3.876520946520377042e-01 -4.184373328703755446e-01 -4.509931819494730765e-01 -4.828760303706700618e-01 -5.161238283683773354e-01 -5.491181801648732375e-01 -5.814843651834062932e-01 -6.142452285130323153e-01 -6.472102159122012921e-01 -6.793232255377579243e-01 -7.103471454638980997e-01 -7.409313617163959531e-01 -7.716386831832036108e-01 -7.994712172697193697e-01 -8.276726235519924479e-01 -8.520270710998096853e-01 -8.755540543951622068e-01 -8.969897109596246532e-01 -9.150977452148945090e-01 -9.417665775891173041e-01
3.356765436290808438e-03 -7.982681159266660775e-03 -1.608571477056969928e-02 -2.295184713753393307e-02 -2.852823937674979493e-02 -3.322648468323119442e-02 -3.828961986118788186e-02 -4.168464472919262281e-02 -4.382696778298249274e-02 -4.585729483351488889e-02 -4.725887528618673977e-02 -4.804384878149645793e-02 -4.888701533096190960e-02 -4.869612623028440890e-02 -4.903855770508144807e-02 -4.910882061386701719e-02 -4.929052183074643378e-02 -4.957755861040425566e-02 -4.979609720927469230e-02 -5.048077480686553875e-02 -5.079188076421301684e-02 -5.119822942642734270e-02 -5.163902099715524108e-02 -5.184056198542093263e-02 -5.141337251549579768e-02 -5.089590566549873768e-02 -4.963559383289167792e-02 -4.739630097487458615e-02 -4.514240813978298572e-02 -3.384546916950213757e-02
-2.296334252572506188e-02 -3.123920883340455118e-02 -3.971096648729818823e-02 -4.789541463345041439e-02 -5.573873115709958304e-02 -6.444176153917410832e-02 -7.321883515594809766e-02 -8.241565708963469183e-02 -9.123394843751708727e-02 -1.002279010005048404e-01 -1.103611273232069090e-01 -1.203630571355708279e-01 -1.308862849539998985e-01 -1.412565801153716216e-01 -1.522835345074160518e-01 -1.636157553477993742e-01 -1.747100141780430216e-01 -1.863617376344520737e-01 -1.982114658682578578e-01 -2.102462190099261274e-01 -2.221166398482572746e-01 -2.341323749947104849e-01 -2.466824157271286788e-01 -2.586431936550849242e-01 -2.710748334476539290e-01 -2.825794375801167768e-01 -2.940938589391515201e-01 -3.050649850892842019e-01 -3.151904700295068418e-01 -3.354550988002231726e-01
1.401744676481375129e-01 1.668719868939947948e-01 1.989090706278701659e-01 2.317076154210490901e-01 2.648139861129191752e-01 3.007915309486969280e-01 3.356639959462339728e-01 3.721662039095123276e-01 4.072836982816420148e-01 4.420791193237725292e-01 4.795335906503521706e-01 5.133089678252849009e-01 5.493271820178302622e-01 5.829920987737694515e-01 6.182458051126633602e-01 6.514687921928119518e-01 6.836394857943968173e-01 7.151732989830550391e-01 7.473648256727279948e-01 7.777413768893035595e-01 8.077168688232446714e-01 8.377658334630093684e-01 8.684362230253102055e-01 8.966875100294159351e-01 9.274834278560641909e-01 9.552034483076468074e-01 9.846193274480289359e-01 1.014879384164340648e+00 1.042641309581793463e+00 1.113861447655541070e+00
-6.928696560819227676e-04 -1.250849751995640295e-02 -2.099613120495869012e-02 -2.823532389798618161e-02 -3.424543893163642383e-02 -3.951962267729166450e-02 -4.508705834075938529e-02 -4.923716773553227927e-02 -5.214871519941093048e-02 -5.491352093891330860e-02 -5.720408212324936542e-02 -5.885727633065864633e-02 -6.051997128178959739e-02 -6.110873454725404552e-02 -6.212410670605676699e-02 -6.271296835344562781e-02 -6.332244657170753299e-02 -6.381717035911387004e-02 -6.408338222772819170e-02 -6.460810182406115376e-02 -6.451411669537057691e-02 -6.439154781013924078e-02 -6.408300327591084922e-02 -6.342106079573023303e-02 -6.191736606548788741e-02 -6.024158752559436586e-02 -5.767396441665147144e-02 -5.396325506335880595e-02 -5.024060904200150501e-02 -3.447470591642065596e-02
3.001100648483025560e-02 2.455645056497369333e-02 2.392762336553548932e-02 2.474732929462778938e-02 2.681832535013174701e-02 3.029852680717968344e-02 3.339122745741049392e-02 3.816856134933072769e-02 4.381357110800797316e-02 4.969747125977987817e-02 5.678954459593280046e-02 6.367826035807580554e-02 7.128200195209237477e-02 7.958618915232552882e-02 8.807036496011486082e-02 9.675894203595011844e-02 1.053990535996502664e-01 1.143270868265411355e-01 1.239882827166001872e-01 1.332681679705575162e-01 1.434106984818237229e-01 1.538732938375609316e-01 1.650942544999226269e-01 1.762438032709677527e-01 1.893133857630530659e-01 2.017962355622888448e-01 2.159147940155344836e-01 2.314967369476799708e-01 2.464165004756136979e-01 2.911967343940877750e-01
2.905770160349731290e-02 2.140008248362557097e-02 1.637740169363650217e-02 1.214327586340842313e-02 9.125616501660778479e-03 7.815104595674539009e-03 5.353758109745509683e-03 6.062713878659659744e-03 8.166753976048293090e-03 1.035544664551864107e-02 1.435196970040237933e-02 1.909021483430909868e-02 2.366975084896646986e-02 2.980644120946796677e-02 3.487039491566297500e-02 4.006208938830305849e-02 4.489018984111676352e-02 4.902551633074467285e-02 5.231557423771267257e-02 5.431813219225366945e-02 5.532569664532686199e-02 5.513298378629494234e-02 5.349165193025879478e-02 5.063675229399272615e-02 4.650897657888661968e-02 4.103418655525966491e-02 3.432228793211051371e-02 2.658781185855511181e-02 1.782439161265990044e-02 -1.136112799556020930e-02
4.102848467599448656e-02 5.158025674149480100e-02 6.221638534676160459e-02 7.298687718518687140e-02 8.386678215656054314e-02 9.485827136778166024e-02 1.055262067160685213e-01 1.160218396197353063e-01 1.255921753173645794e-01 1.346630683474115131e-01 1.434711399358233053e-01 1.500738457108935497e-01 1.569951333417741179e-01 1.618257411835967441e-01 1.666267260032459618e-01 1.691207652611971257e-01 1.709316573184942178e-01 1.709294773815944191e-01 1.701268431087984423e-01 1.678082598642659795e-01 1.643464563205093154e-01 1.602914161245764524e-01 1.552562576562210306e-01 1.493513170668639700e-01 1.429976464251492552e-01 1.363358685987529906e-01 1.295450122504292756e-01 1.230159599796638165e-01 1.165258002562781087e-01 1.018742653665444253e-01
-1.261286802480954435e-02 -2.177087814483893990e-02 -2.974583646593917385e-02 -3.708857461691240920e-02 -4.379116250705437918e-02 -5.067156087645190155e-02 -5.779360080929092647e-02 -6.451564269667561802e-02 -7.053367498814437642e-02 -7.660500156263730376e-02 -8.308195564036743863e-02 -8.916843125880689891e-02 -9.555041176206942322e-02 -1.013451625895137875e-01 -1.076797274079698968e-01 -1.139526048228025612e-01 -1.200640612377216615e-01 -1.263976547062254374e-01 -1.327005295027643139e-01 -1.392368850722498774e-01 -1.454210893544675698e-01 -1.517069717734474965e-01 -1.582593820224093839e-01 -1.644238857316485392e-01 -1.705611350528980219e-01 -1.762914426492953046e-01 -1.817529936651285372e-01 -1.865269550440901147e-01 -1.909802123355990866e-01 -1.974463527567836829e-01
-1.212378989303518340e-01 -1.574857009609720859e-01 -1.941999984179124117e-01 -2.302683470902458784e-01 -2.652940505585755782e-01 -3.026595858259153449e-01 -3.395744276687969743e-01 -3.774424911502362034e-01 -4.131765197149657731e-01 -4.491354185555290757e-01 -4.880710820017696294e-01 -5.239683774846615183e-01 -5.623885053511873400e-01 -5.986377610313829978e-01 -6.371425379558477431e-01 -6.745365102567033588e-01 -7.112549747252001620e-01 -7.482664476075223670e-01 -7.859943088895680052e-01 -8.229275072117662182e-01 -8.591878490739872642e-01 -8.956281896170507073e-01 -9.330436560532953116e-01 -9.677152784364528859e-01 -1.004187783380322330e+00 -1.036917915884612684e+00 -1.070135382083852837e+00 -1.102311421566646743e+00 -1.131222884357285574e+00 -1.190755840165697688e+00
-1.150227386440892952e-01 -1.277698438519111190e-01 -1.458029311502263836e-01 -1.646515436034812763e-01 -1.846810770613083463e-01 -2.097369815956735828e-01 -2.335319282626482362e-01 -2.630533340389993868e-01 -2.935003728828896596e-01 -3.247477607935967403e-01 -3.617550059348171865e-01 -3.987991905948838900e-01 -4.374512878382341707e-01 -4.775522694769132603e-01 -5.181631690681338664e-01 -5.593928945666407637e-01 -5.993112083484046781e-01 -6.396422419166283291e-01 -6.795219454479665133e-01 -7.178492456859557613e-01 -7.546460241764076926e-01 -7.903485662796431166e-01 -8.259086177551384633e-01 -8.581935554692196044e-01 -8.909417677725646190e-01 -9.193556083085552277e-01 -9.469920785244186900e-01 -9.724764547759987554e-01 -9.942056493665049066e-01 -1.028472187010339267e+00
1.211683529739397969e-01 1.535002866324739201e-01 1.872683318901824379e-01 2.211353180780423200e-01 2.546648436733863208e-01 2.894086768721253478e-01 3.236274680868974074e-01 3.575671232350796647e-01 3.889600718268285129e-01 4.196853012911914149e-01 4.511815404488049852e-01 4.778678962897540128e-01 5.062834363315917852e-01 5.303752531831358308e-01 5.556881707158383144e-01 5.771657968621162205e-01 5.973769166538740460e-01 6.152927265880203667e-01 6.328261751613613040e-01 6.479930065464973854e-01 6.616284380740466986e-01 6.749270160814816455e-01 6.877832937747594411e-01 6.984536640752039283e-01 7.101206731924887272e-01 7.199172770896471452e-01 7.305487520630195020e-01 7.417827724808505607e-01 7.518464423517281503e-01 7.789833688242033816e-01
5.784836631144324101e-03 -1.050556981054377725e-03 -7.087841568294176581e-03 -1.256989712136269075e-02 -1.708784426708493884e-02 -2.108599881295188105e-02 -2.567195731459362071e-02 -2.868120935150439421e-02 -3.095881635890114503e-02 -3.344133043979964637e-02 -3.568962645455618643e-02 -3.784031368691420649e-02 -4.065399397284791966e-02 -4.328452919323406978e-02 -4.722349236132362960e-02 -5.217859730103380222e-02 -5.761448956090520213e-02 -6.478565518900089581e-02 -7.329873037156489635e-02 -8.327487478373843399e-02 -9.466944530986287631e-02 -1.072150147405279974e-01 -1.216100490207024376e-01 -1.365182183135481564e-01 -1.532627927747945429e-01 -1.699175733391432574e-01 -1.877940072702821706e-01 -2.062372379698980684e-01 -2.242940585758951832e-01 -2.717815877639354616e-01
