7.598547499865285215e-02 9.098809457440362736e-02 1.031092648121909872e-01 1.203557780059519855e-01 1.336769535836650480e-01 1.444752708920085116e-01 1.673668501224130356e-01 1.836126847233688908e-01 2.058642255693963752e-01 2.180253629709537622e-01 2.350564679413904012e-01 2.526422010822341191e-01 2.689620149908742985e-01 2.752053244714581792e-01 2.837114911836620124e-01 2.890504227700499418e-01 2.995358255542928116e-01 3.062479169150537084e-01 3.042233294390059295e-01 3.025290530768265373e-01 3.033552415711174843e-01 2.912479116943449409e-01 2.845363168416976118e-01 2.755121180054596053e-01 2.685130519541708560e-01 2.558802185271638052e-01 2.441709533906956109e-01 2.321072070694559231e-01 2.204554052271035791e-01 1.919706189230057647e-01
5.494183321441425266e-02 6.986547998909987955e-02 7.971228854848590173e-02 9.264387377196518780e-02 1.047228245085789905e-01 1.157566183543802946e-01 1.305538341519027479e-01 1.381222820651016037e-01 1.589869794167371730e-01 1.611787967277707456e-01 1.737301769314568978e-01 1.820770822928757804e-01 1.912384814656635512e-01 1.916366139450522421e-01 1.966470467732830407e-01 1.967418876092002222e-01 2.016177120981407778e-01 2.069865705173756787e-01 2.049804463490789985e-01 2.052726807567437917e-01 2.093205697465088111e-01 2.016990929106358132e-01 2.004457238883149972e-01 1.979578483454940974e-01 1.944331970189282777e-01 1.921826883480065862e-01 1.862171076657548330e-01 1.828890243562021345e-01 1.798883295077342570e-01 1.683579201792312630e-01
6.424591308581568613e-03 -5.056435954402090094e-03 -1.805692472579119301e-02 -2.699354114519360998e-02 -3.629737078036898712e-02 -4.345559554430297733e-02 -4.189889879214805241e-02 -4.474493544894481145e-02 -4.965522540302509669e-02 -4.020561083800497371e-02 -4.893960341901956723e-02 -4.317055578283173628e-02 -4.181238087810644488e-02 -3.982150015253707598e-02 -3.513423802110578198e-02 -2.987531053451833452e-02 -3.037782629016817088e-02 -3.187712440594194646e-02 -3.082994896409483460e-02 -2.954908974471776723e-02 -2.870120747264542221e-02 -2.690971642354851243e-02 -2.912039097971199850e-02 -2.688750404737996411e-02 -2.945101766395466503e-02 -2.664269137830411679e-02 -2.838546496003472794e-02 -2.471482348625629599e-02 -2.016388624944379093e-02 -8.978009264288877578e-03
2.935821154616095885e-04 -1.446847663961104216e-03 -3.578464515835667534e-03 -7.296098805058629996e-03 -7.115134496492127314e-03 -4.200064984491708522e-03 -2.930724163717077224e-03 -9.728171975631912799e-03 -9.813490382359082997e-03 -5.763812105463915481e-03 -9.011694958204728018e-03 -6.777451686419868303e-03 -6.265745337128109799e-03 -6.680540057042548205e-03 -5.895723127492237536e-03 -8.815972950499493394e-03 -8.439115512628950211e-03 -8.848248321165413238e-03 -8.405202435515887749e-03 -6.640254713247428948e-03 -6.825261919171576527e-03 -6.515705122103379598e-03 -6.299260438039293308e-03 -2.152208014163570562e-03 -3.363160240624800054e-03 7.196454548535936857e-04 -3.483557690973013155e-04 6.267159931678960988e-03 1.058967952861716508e-02 2.970431302678206223e-02
-6.240652411402397570e-05 6.449401080999724728e-03 9.308835018440184822e-03 1.017825314054551962e-02 1.413968941756955575e-02 1.722527167421647465e-02 1.637760125791428920e-02 1.533547319863523550e-02 1.535490769903242840e-02 1.465374816909138268e-02 1.445155945398931760e-02 1.003859495563748545e-02 1.016632038616020230e-02 7.051706222876347185e-03 4.545478865626954162e-03 1.274117572381417395e-03 -3.410415811202745576e-03 -6.645508472926385177e-03 -1.351159277271911548e-02 -1.700203676802301833e-02 -2.392676700502810797e-02 -3.076947153543688543e-02 -3.985926345725148562e-02 -4.863357517562834353e-02 -5.861794340373654988e-02 -7.215324426475200337e-02 -8.543737395867372075e-02 -9.932407233956107306e-02 -1.145151929316163136e-01 -1.587816285827441110e-01
1.191499239891368189e-01 1.368848885876309263e-01 1.603725418141766224e-01 1.863781714678934831e-01 2.080205123428582881e-01 2.199725119468958490e-01 2.573067849354318537e-01 2.881586855998993224e-01 3.227221410314304317e-01 3.475720994454287727e-01 3.737822041741046264e-01 4.084440178567765312e-01 4.387090307098099329e-01 4.638273950121815647e-01 4.914583380353468312e-01 5.240882590687835352e-01 5.607451321649774556e-01 5.851335399042684182e-01 6.113492325962250895e-01 6.363516772203758887e-01 6.772788182384235078e-01 6.938330353997237410e-01 7.151993424163886059e-01 7.413461176165377919e-01 7.633060724085358739e-01 7.952370844127458760e-01 8.097084965823860836e-01 8.294208950655851398e-01 8.491199363798664912e-01 8.917764265900738341e-01
7.701997352344230885e-02 9.713857345764662088e-02 1.142503742640360309e-01 1.331886439213255668e-01 1.507399341708797469e-01 1.631786541107494160e-01 1.864448794322595693e-01 2.029753263544236130e-01 2.292666318358832500e-01 2.392805426596414375e-01 2.576199151768703288e-01 2.740508498414397365e-01 2.916334605560328974e-01 3.013084041956540227e-01 3.136296811158013620e-01 3.247374489346186999e-01 3.412852773964543673e-01 3.530026341321571004e-01 3.609263913157156889e-01 3.696905372514509569e-01 3.859825798897861260e-01 3.868696998243487117e-01 3.925036074348181026e-01 3.983523222288670729e-01 4.041139757949135936e-01 4.113347677892740251e-01 4.108591658476107300e-01 4.142761514206370621e-01 4.159853744950238186e-01 4.171960261291505767e-01
-8.408771832501646393e-03 -1.315827101423529266e-02 -1.870544481796378514e-02 -2.242914383413291413e-02 -2.255810265398067518e-02 -2.141839924235434608e-02 -2.095778059738325622e-02 -2.513890318070224547e-02 -2.027335450851235760e-02 -2.282957123819340586e-02 -2.296042088397735534e-02 -2.553207955484099179e-02 -2.436553941966592210e-02 -2.592390812103691211e-02 -2.734013267163377253e-02 -2.818948160090918587e-02 -2.729693191287198978e-02 -2.798112433096923771e-02 -2.750747872310434217e-02 -2.418694143310859065e-02 -2.079686904919739524e-02 -1.634647647011982369e-02 -1.294149946245989197e-02 -3.360343842651058316e-03 -1.234618617623278736e-03 1.050183784563980816e-02 1.510494746763330065e-02 3.018161429535101345e-02 4.315669094310545240e-02 8.749660053304676721e-02
3.113673318678392143e-02 2.459982716764384791e-02 1.775445894875432931e-02 1.501680734159658789e-02 8.488320136634214946e-03 5.873713312920143814e-03 1.045937380328838991e-02 9.785093741320929905e-03 9.890318127685607252e-03 2.079164470247950314e-02 1.376293856163471330e-02 2.358723297416706610e-02 2.614760732737356208e-02 2.736115214273742574e-02 3.602517373475337681e-02 4.555413031884740505e-02 4.926244000490850872e-02 5.283088582009533990e-02 5.644503635890765064e-02 6.588067200688547953e-02 7.304255095082103078e-02 8.229028627636640614e-02 8.683350749820860359e-02 9.600145427923281738e-02 9.965405219317806373e-02 1.088611262051934758e-01 1.113320044573109097e-01 1.227632286600060935e-01 1.291915582369888016e-01 1.512184870919991986e-01
2.956321074160426533e-03 4.258361319147419000e-03 1.195303517108824501e-03 -4.459047903627253590e-04 -1.145677217377157400e-03 -9.751109065952029420e-04 -3.349667531982215840e-04 -1.277794128236425450e-03 -1.468578922779174151e-03 3.215002645514299789e-04 -1.349437397499471912e-03 -2.490895662136958025e-03 -1.999918630393732709e-03 -3.846045362117519323e-03 -4.080486842308828077e-03 -4.870361551849040557e-03 -8.363014651296653973e-03 -1.054429525737057491e-02 -1.505842748827653649e-02 -1.704915509897528270e-02 -2.094337522130096038e-02 -2.493422875952303053e-02 -3.047956772106577214e-02 -3.393399330425231342e-02 -4.039468429443630187e-02 -4.622375154194564850e-02 -5.333207765945018053e-02 -5.710724011165432129e-02 -6.205471852724482595e-02 -7.420933419415454146e-02
2.475104643849203312e-02 3.628958334613383019e-02 4.772306743991116401e-02 5.809891855515190995e-02 7.147027009447522172e-02 8.493730445821154329e-02 9.295504922837213857e-02 9.748247057894617040e-02 1.176969320625032289e-01 1.134552435178478591e-01 1.269957656315762740e-01 1.278982844150484688e-01 1.354329349500615343e-01 1.369597990977600432e-01 1.375861360552456114e-01 1.391093630475472021e-01 1.485330178920021837e-01 1.533722454667083845e-01 1.576426958807811973e-01 1.640957857701666467e-01 1.767844243813178617e-01 1.821954897970558818e-01 1.891766743081673696e-01 2.010742597621670846e-01 2.105916983303421086e-01 2.262419342687651547e-01 2.331861026686450622e-01 2.513428972182845111e-01 2.650547256790899420e-01 3.140214283972747600e-01
1.248172581523297048e-03 -1.944717409710907188e-02 -3.649158554919555708e-02 -5.493378716033907316e-02 -7.321568697274097315e-02 -8.677727850030722556e-02 -9.121279254617098431e-02 -9.925010915990317706e-02 -1.184954658389480997e-01 -1.022940520717270652e-01 -1.239174797314550464e-01 -1.167600807742551344e-01 -1.195144015662523707e-01 -1.149621896523691095e-01 -1.041613791768784686e-01 -9.225993708451966924e-02 -9.118144644400223708e-02 -9.148995105248597381e-02 -8.013632764781475348e-02 -6.767160661214488560e-02 -6.137934814425079211e-02 -4.609172594651234772e-02 -3.875084735003882924e-02 -2.745311431654443718e-02 -2.148924070519664387e-02 -8.611109248462343185e-03 -3.640569725009029992e-03 1.164549372358819959e-02 2.041262830088751840e-02 4.214857205981001331e-02
4.890919380141890010e-02 5.967956954738727615e-02 6.980684275168387576e-02 8.044008550566619786e-02 9.050272123222369292e-02 9.647069077736243614e-02 1.127677125627679355e-01 1.237926281026372893e-01 1.366359034379782955e-01 1.493833980291053853e-01 1.583162892259903365e-01 1.727109955822385134e-01 1.839510321635368095e-01 1.908352715068934446e-01 2.009304485647932792e-01 2.080600015973515793e-01 2.158783072727516739e-01 2.228160332490559670e-01 2.238117292799218783e-01 2.267052792270492501e-01 2.315429750628274219e-01 2.270266669918862279e-01 2.241249391336754826e-01 2.207563581383477636e-01 2.174656386019576115e-01 2.113977684047245176e-01 2.028252005031844496e-01 1.946775825758846890e-01 1.856740052983267553e-01 1.571499260226523198e-01
3.011522422918033043e-02 1.979109020276326875e-02 1.209934102705959372e-02 3.664064590328261831e-03 -4.477340640851127165e-03 -1.219293968102791621e-02 -8.075202479012468654e-03 -8.432019545219431034e-03 -1.560523746077999846e-02 1.844749085046152107e-03 -9.183137128992888490e-03 3.251659581999221012e-03 7.354861254618027915e-03 1.332927686791503252e-02 2.601199714099955429e-02 3.813807452922429037e-02 4.362964200468753828e-02 4.751374388732756970e-02 5.558891113439858034e-02 6.628265987053916231e-02 7.530057566689866977e-02 8.681467497873709971e-02 9.137024511256344739e-02 1.001840706486332028e-01 1.059758712567683420e-01 1.154858486447531557e-01 1.183776535404756358e-01 1.294848358374252051e-01 1.365279725025947966e-01 1.576220925789640903e-01
-8.102826577489435217e-03 -2.166520297638252490e-02 -3.338844057444116664e-02 -4.470167230440809381e-02 -5.373050786266275053e-02 -6.065244741351515090e-02 -6.650860558298569980e-02 -7.480217559300986196e-02 -8.513215182750862031e-02 -7.956430824299100257e-02 -9.149879453156312126e-02 -9.391401180137209925e-02 -9.860365567079699967e-02 -9.625756551629104096e-02 -9.723157145755928488e-02 -9.500897226900624493e-02 -9.796129418206832307e-02 -1.023670330290662733e-01 -1.024098694334709542e-01 -9.945095442025356225e-02 -1.019007020279936448e-01 -9.389880858879118275e-02 -9.616463087088533701e-02 -8.999608125508845591e-02 -9.009755874530719910e-02 -8.563545159540356111e-02 -8.585870897820768732e-02 -7.765654490243391328e-02 -7.411554143664743355e-02 -4.980141839080619998e-02
4.181240194472866933e-02 5.537300275655110404e-02 6.433886429400445528e-02 7.354981898264809081e-02 8.438054440010218926e-02 9.268479480750954624e-02 1.070937065933007248e-01 1.149609712250623111e-01 1.285911227939479651e-01 1.362638862951865149e-01 1.471217213404801549e-01 1.575047945186665022e-01 1.689174749780041618e-01 1.754773671839635341e-01 1.821370329866961735e-01 1.889528552349089841e-01 2.002581981437118186e-01 2.070211113746168730e-01 2.119093600697836977e-01 2.173241399850748268e-01 2.277305324935099129e-01 2.288186116996280550e-01 2.312023686755352858e-01 2.390960747797548080e-01 2.422386420473244262e-01 2.497349193502677311e-01 2.489599857731194521e-01 2.542895597504420957e-01 2.569450282066376712e-01 2.691632265401808777e-01
-3.352739310758977298e-02 -4.720496972555041082e-02 -6.227943952493031343e-02 -7.829612087786308461e-02 -8.981941850020536133e-02 -9.428316750931592383e-02 -1.096599455349043378e-01 -1.248291112448193518e-01 -1.390043762165109054e-01 -1.439144696150177483e-01 -1.568031334487819950e-01 -1.689864200445269082e-01 -1.793353707693242927e-01 -1.889529103710419211e-01 -2.003989251817494543e-01 -2.120034246089574914e-01 -2.261392196607304172e-01 -2.380335112579313184e-01 -2.510845881746600061e-01 -2.615587296150005958e-01 -2.788581833182359748e-01 -2.869335825301037035e-01 -2.999716605836630912e-01 -3.074840569795161405e-01 -3.195384338779032607e-01 -3.306002024290488617e-01 -3.393184637521994285e-01 -3.426097647406962654e-01 -3.473341889236135627e-01 -3.431785168627566329e-01
1.277634418003701852e-02 1.691122178168309384e-02 1.640920507483000293e-02 1.858321680928622099e-02 2.159909399764513294e-02 2.628033755989514497e-02 3.045519163840221949e-02 2.960839366878516288e-02 3.359726210332986129e-02 3.485451172272279602e-02 3.752142900966098926e-02 3.707017987806315168e-02 3.905147304274406150e-02 3.624499487447026963e-02 3.338353586535393325e-02 2.750571298606510617e-02 2.408220128025084783e-02 2.098967134701577864e-02 1.287680119088311509e-02 7.195151455140727514e-03 -1.880052711582331365e-03 -9.483782445710357140e-03 -1.915286879930792885e-02 -2.677460216119941644e-02 -3.516736785279971772e-02 -4.693309132030730468e-02 -5.727000264219459652e-02 -6.243150691610043629e-02 -7.049903571164552185e-02 -7.795274010393338227e-02
-3.295945948782751100e-02 -4.657713682606405559e-02 -6.668426250283525369e-02 -8.179438815946815655e-02 -9.799499538936450038e-02 -1.047738735249585107e-01 -1.181846340462942985e-01 -1.341382730703973847e-01 -1.518549097870861564e-01 -1.550099676776862390e-01 -1.732368806575509956e-01 -1.848588884820535905e-01 -1.973316191613525561e-01 -2.122824173538970516e-01 -2.238378430610737102e-01 -2.394055353876528847e-01 -2.610945096828982681e-01 -2.765293632546552693e-01 -2.970832051922729367e-01 -3.129302703799142771e-01 -3.413185139078543928e-01 -3.540980362041524221e-01 -3.766667295340208055e-01 -3.980717327464476929e-01 -4.190053481108580447e-01 -4.483481394300478651e-01 -4.690811619427794898e-01 -4.874412322582391544e-01 -5.078556065114249174e-01 -5.486128458808865460e-01
8.320020106302078444e-02 1.040621387753205146e-01 1.180524097279326556e-01 1.396361533376313246e-01 1.536677979297007557e-01 1.657880527040827556e-01 1.882631501495015680e-01 2.049968319127451477e-01 2.289596360364217209e-01 2.387906421748647312e-01 2.545052275131852171e-01 2.703247568223641206e-01 2.830344691838813098e-01 2.821356082622028527e-01 2.893894185912953554e-01 2.883539238645745351e-01 2.888157770305829208e-01 2.929980600929860124e-01 2.797146054538023341e-01 2.704867005582741735e-01 2.608299531704303398e-01 2.386485995762306356e-01 2.214517457706218495e-01 1.948753068986674719e-01 1.778676147722734746e-01 1.445294221269658175e-01 1.199053013586672128e-01 8.946310950205706158e-02 6.003247896342309153e-02 -2.417802321542354346e-02
1.365894126748486703e-01 1.576100067754425404e-01 1.839727129428236907e-01 2.123987440659536596e-01 2.361249162727095952e-01 2.485615919328977574e-01 2.876464864569366897e-01 3.212569266543509050e-01 3.572391142891300220e-01 3.849192282619791072e-01 4.130103997725014242e-01 4.499287821125686482e-01 4.809750836244213179e-01 5.074512728152491547e-01 5.365601432914555158e-01 5.682592567709784381e-01 6.035365430798679265e-01 6.285779931939725618e-01 6.523621694264325477e-01 6.744688564007983445e-01 7.130053041992450158e-01 7.239200263430747295e-01 7.420386033325314656e-01 7.624173070273778663e-01 7.812134118996956200e-01 8.064194124909422889e-01 8.177416100906877983e-01 8.312605587250759820e-01 8.468260735099113479e-01 8.765661424508337518e-01
-2.404933370179973551e-02 -2.175982440636781839e-02 -2.673367531083871776e-02 -2.709767533589312744e-02 -2.705204096766531535e-02 -2.041951742982598197e-02 -2.621574657096636604e-02 -3.298790492868072799e-02 -3.050865609341405979e-02 -4.272835245354170142e-02 -4.122927956504526814e-02 -5.458136722922568573e-02 -5.883311592279638624e-02 -7.096717224740103913e-02 -8.432062692596900555e-02 -9.792263748622634378e-02 -1.089241207343341344e-01 -1.179606174387354545e-01 -1.332214376282723212e-01 -1.446400435742000168e-01 -1.603559458199815269e-01 -1.722467213311575374e-01 -1.848227615366649368e-01 -1.941148589780374856e-01 -2.076197769093632295e-01 -2.214813465611931709e-01 -2.330055689503512661e-01 -2.396025373293265703e-01 -2.474903070209211742e-01 -2.548165891865967758e-01
1.821474740021198635e-01 2.192871515981180131e-01 2.637627792580968800e-01 3.105045816006433146e-01 3.526595364194569093e-01 3.777635661691454150e-01 4.379049455423112414e-01 4.887576161310985268e-01 5.479527967446399250e-01 5.783805106092683168e-01 6.286844949495284940e-01 6.776444481478991477e-01 7.262628807244340123e-01 7.604968251883632568e-01 7.993982355046022059e-01 8.394546670102298602e-01 8.941545878568535333e-01 9.325606659003352616e-01 9.689566011174277627e-01 1.002456903640092989e+00 1.059720944046441460e+00 1.077201968473644467e+00 1.109831593283640228e+00 1.144306332590179665e+00 1.176401944889011730e+00 1.219476740212104282e+00 1.241871666701421795e+00 1.272240366370478437e+00 1.301760628533917163e+00 1.372269796926962604e+00
8.979715615412248164e-02 1.083393028341478465e-01 1.281813617576225695e-01 1.515929599091982716e-01 1.733170860649252409e-01 1.868048843701001493e-01 2.198764869327685667e-01 2.459146467426898963e-01 2.787145431068109303e-01 2.947798464690973286e-01 3.214708417383522199e-01 3.476027659420978244e-01 3.752164880811146297e-01 3.936965146869222387e-01 4.152911898538641511e-01 4.406136326030095640e-01 4.733253434566608853e-01 4.955538980700033846e-01 5.175630021451300689e-01 5.409546177829747116e-01 5.789647261256725130e-01 5.968398887324247726e-01 6.188286572090192506e-01 6.491738900915047239e-01 6.719600280757699329e-01 7.083459482968627041e-01 7.262542210064034665e-01 7.560070316513487487e-01 7.824603638924110260e-01 8.560356651629259517e-01
-1.969176832341170552e-02 -2.757643469368516523e-02 -3.792939528512249969e-02 -5.004922718781136537e-02 -5.717120077962150465e-02 -6.200199161412058707e-02 -7.161072706327591131e-02 -8.300821776596734036e-02 -9.569883442442800314e-02 -9.526760051360885773e-02 -1.071398953960737699e-01 -1.147139660088995622e-01 -1.221525416214051252e-01 -1.274935695508451206e-01 -1.342335311705587231e-01 -1.422628688020988741e-01 -1.533856394438678772e-01 -1.618717184808833864e-01 -1.730220839306493841e-01 -1.798231601315153916e-01 -1.945651618175837094e-01 -1.993414372006666879e-01 -2.120613829455685329e-01 -2.198670359666252683e-01 -2.305588607162369352e-01 -2.431069233333822410e-01 -2.541178002552596515e-01 -2.608103387454800970e-01 -2.710035200255692112e-01 -2.838588711227369443e-01
7.362228345821181241e-02 8.944691279537050899e-02 1.019088649735239716e-01 1.186574535015396809e-01 1.299131026780903364e-01 1.391267321365751708e-01 1.602856384700939163e-01 1.786589344032834537e-01 1.990200613823595588e-01 2.125283212318527237e-01 2.273884295472506090e-01 2.463675553951577557e-01 2.627541081902988740e-01 2.691861440729514388e-01 2.806300173534219677e-01 2.925087833244482960e-01 3.048934638697824440e-01 3.137327240815673823e-01 3.142584454497340252e-01 3.165398334229309607e-01 3.252586224480261690e-01 3.189992850651439671e-01 3.147791737875891283e-01 3.096965838773805824e-01 3.080136342627243229e-01 3.013375941273455649e-01 2.923748871151111706e-01 2.822749786149135742e-01 2.726572189769841392e-01 2.424205087341713694e-01
-3.773493482425225448e-02 -5.337488024225171823e-02 -7.393584089980824448e-02 -9.173535391308956788e-02 -1.074144824654243435e-01 -1.147197303708572813e-01 -1.302458985356539367e-01 -1.491884301447557182e-01 -1.644891768929744313e-01 -1.704941790642178767e-01 -1.885898949115942247e-01 -2.024602688460524491e-01 -2.159083673820818838e-01 -2.279000290842342902e-01 -2.395116730151482520e-01 -2.541752150333785321e-01 -2.734555153897810231e-01 -2.879893761293060850e-01 -3.022717581155341948e-01 -3.137752652139374487e-01 -3.366836035661285864e-01 -3.449495730585206421e-01 -3.591462362252758611e-01 -3.711328911392403618e-01 -3.863061814179165054e-01 -4.027154828293678657e-01 -4.144832589244685783e-01 -4.193737440695678442e-01 -4.276966052285348097e-01 -4.350741793813213132e-01
-2.824248340831161941e-02 -3.730164971196303636e-02 -5.298215004029555031e-02 -6.541256071510717640e-02 -7.774491200963513926e-02 -8.184794924558570772e-02 -9.275498559718257929e-02 -1.054745210197722272e-01 -1.186494635316943658e-01 -1.216691663387701738e-01 -1.345135322888128260e-01 -1.441954434649565520e-01 -1.539537327747000917e-01 -1.657384393976910342e-01 -1.764594480938998788e-01 -1.919048694302127878e-01 -2.104050152280612096e-01 -2.238003560099404987e-01 -2.419131052890039213e-01 -2.582670230186927540e-01 -2.848409622876348912e-01 -3.030823605311116498e-01 -3.236454270953221246e-01 -3.450002438552768891e-01 -3.664791941487025584e-01 -3.942943879116140304e-01 -4.142749176611514317e-01 -4.339948896544130186e-01 -4.536516726755169815e-01 -4.972871585476089096e-01
1.158688376120507561e-02 1.862685622994099399e-02 1.547554233032703494e-02 1.737345097335727187e-02 1.633032678876220750e-02 2.026917300037502784e-02 1.794777783864333690e-02 1.167573860456491350e-02 1.167582348293158892e-02 7.823016996009712551e-03 3.252208981640017024e-03 -3.646617950134916492e-03 -8.992852383376794684e-03 -1.932742708128400849e-02 -2.605092633709769206e-02 -3.543357185639633977e-02 -4.906109826563394283e-02 -5.816339079356915021e-02 -7.259526789786228951e-02 -8.402074317741910214e-02 -1.003629287730423841e-01 -1.141259996357820994e-01 -1.306558834343806152e-01 -1.503863435779414504e-01 -1.685994483864181048e-01 -1.935073264294681628e-01 -2.135312672898980191e-01 -2.365870033853938181e-01 -2.578764587616459991e-01 -3.237856036844924401e-01
5.104695614580269381e-02 6.018542178545983196e-02 6.612455900903997652e-02 7.679754520725880218e-02 8.376229991328376645e-02 9.068234414088671702e-02 1.058512135218086653e-01 1.157366590767710535e-01 1.303682419310648322e-01 1.390633251378406432e-01 1.474148251625956030e-01 1.592884772927125603e-01 1.703707261461715194e-01 1.748018708906559915e-01 1.844049195406747832e-01 1.934697621856122096e-01 2.032880176116199089e-01 2.106338876065826926e-01 2.154441741968125268e-01 2.229967351547929855e-01 2.345084284372846994e-01 2.386729152149447142e-01 2.425052548128173169e-01 2.486929973253568793e-01 2.531595289418742123e-01 2.599565856476341863e-01 2.601655178819569092e-01 2.669605150350206624e-01 2.712729483745613956e-01 2.835717126158329160e-01
-4.610410792725407741e-02 -6.037698726631010593e-02 -7.991464850128464359e-02 -9.963347991979121243e-02 -1.151610312906068134e-01 -1.233689458037127984e-01 -1.420573447718661009e-01 -1.606799992087038498e-01 -1.779895386977803917e-01 -1.860800888503636730e-01 -2.050816832317242377e-01 -2.212946241598429120e-01 -2.352330786020666586e-01 -2.497919870652664798e-01 -2.630990045909314401e-01 -2.778944245569914817e-01 -2.987627814361528689e-01 -3.147051103706105524e-01 -3.319527577571524390e-01 -3.456183264647110231e-01 -3.705262931051837572e-01 -3.824221569667249909e-01 -3.999573564305050066e-01 -4.165004260647058310e-01 -4.350986160986128892e-01 -4.563495013845043080e-01 -4.722590642348813428e-01 -4.848303505189008877e-01 -4.998236511956763994e-01 -5.323834058616850884e-01
-5.979944762263902924e-02 -8.378739376052217469e-02 -1.101128876618282654e-01 -1.389551043723656343e-01 -1.587850028011152936e-01 -1.726056059965536682e-01 -1.962178581522419363e-01 -2.211696723463391634e-01 -2.481311470472290226e-01 -2.543791862501420531e-01 -2.796681588334766766e-01 -2.984780560920351489e-01 -3.149537120863331041e-01 -3.273237512183856390e-01 -3.417139043865226045e-01 -3.571293652263466400e-01 -3.776622464147026959e-01 -3.945833710909500414e-01 -4.095261917310432098e-01 -4.200861214236955021e-01 -4.436612177302948767e-01 -4.466373076247349694e-01 -4.611409926666548698e-01 -4.681803814953426346e-01 -4.811937873728113768e-01 -4.921837721272815380e-01 -5.006478198004278291e-01 -5.000092790226385864e-01 -5.037256636479291450e-01 -4.909706186650065751e-01
2.075852138556038076e-02 3.611171331736876683e-02 4.527044885796831925e-02 5.713175914085698304e-02 6.958961686480158448e-02 8.344804324314820942e-02 8.957061308626138030e-02 9.361296979261457540e-02 1.102325215188311169e-01 1.027848933377682045e-01 1.171740629339531187e-01 1.129950563217098775e-01 1.162845120627681583e-01 1.110899631995028863e-01 1.025426217861076100e-01 9.104655697052677077e-02 8.753633855885402382e-02 8.463487118068194204e-02 7.024408881353114142e-02 5.927495893552172518e-02 4.642912307597824723e-02 2.951794341537748376e-02 1.565654350087794522e-02 2.942198829606867613e-03 -9.207372187127407445e-03 -2.772276685458512427e-02 -4.223257893995109591e-02 -5.368963088958985524e-02 -6.855721009486898110e-02 -8.835705243651573171e-02
6.995372849525000047e-02 7.912542540538444746e-02 9.141194353848344778e-02 1.044269644886490489e-01 1.170628489313341181e-01 1.244850176289952204e-01 1.452499235801118782e-01 1.619178832346024888e-01 1.842545020297470804e-01 1.965220326379727711e-01 2.117531143476817923e-01 2.291564993587931753e-01 2.479070629867449194e-01 2.620669711175630523e-01 2.785421285963063376e-01 2.979018450751939606e-01 3.198892121075221917e-01 3.338243622959810031e-01 3.519784958259570828e-01 3.686802370681480645e-01 3.963727628346631060e-01 4.086840014093336415e-01 4.245182915550353986e-01 4.439781490471070846e-01 4.593625739486054682e-01 4.841465563209308431e-01 4.957042970473537480e-01 5.148629488497984408e-01 5.334431702565929356e-01 5.755953501160739894e-01
2.268649335543692150e-02 2.497445499796646998e-02 2.959749504011400037e-02 3.326172315302317051e-02 3.909068178167991736e-02 4.570551928884329651e-02 5.512812416481572414e-02 5.961735793084010915e-02 6.879272007476286421e-02 7.401933484980383060e-02 8.107134298796780936e-02 8.728847653660753991e-02 9.629032842244307500e-02 1.009096294106132524e-01 1.063637500805068165e-01 1.102722246223652586e-01 1.198554442749038412e-01 1.247791021658458815e-01 1.322855102625172807e-01 1.394470646485357623e-01 1.475900897011015733e-01 1.505117983503838353e-01 1.570290735194543874e-01 1.661434157067313011e-01 1.706187592833343647e-01 1.806759243895209588e-01 1.835591437672481618e-01 1.951642881421383202e-01 2.031117896784333798e-01 2.307858855481315641e-01
-7.201812167766474815e-02 -9.229919893626092886e-02 -1.184695719617557402e-01 -1.425980305584957364e-01 -1.635531023008773288e-01 -1.740227495147892434e-01 -2.014596599421388523e-01 -2.253761322052417193e-01 -2.502465178421773850e-01 -2.646240379803184162e-01 -2.883449346087218479e-01 -3.134391162652070406e-01 -3.354554347426689231e-01 -3.567343491819329193e-01 -3.776361460441663986e-01 -3.999884810369034316e-01 -4.311118293769357068e-01 -4.532467605330930960e-01 -4.802997388775669396e-01 -5.007187559256807141e-01 -5.371304293693963672e-01 -5.527199768587027773e-01 -5.777534321852362265e-01 -6.000417007625926669e-01 -6.250175597076440548e-01 -6.551012331444426851e-01 -6.747601146795828564e-01 -6.905661719503635165e-01 -7.097252920526195830e-01 -7.428100371621368936e-01
-1.438071227178257510e-03 -1.330091555725361127e-02 -2.519965020212333595e-02 -3.564430356488242080e-02 -4.369820718592659636e-02 -4.893915531940835895e-02 -5.310158528451615345e-02 -5.862532992789119823e-02 -6.649497192285078184e-02 -6.325592749805290793e-02 -7.151234656888007246e-02 -7.442290490213936127e-02 -7.602977954873503530e-02 -7.731658413056849422e-02 -7.811295180655375425e-02 -7.825044399441623277e-02 -8.092811941141568599e-02 -8.408483911324184101e-02 -8.604138217039056236e-02 -8.419657810035270640e-02 -8.643296142607458099e-02 -8.125118025460448257e-02 -8.281161534896445964e-02 -7.716232168405677549e-02 -7.715571058938910931e-02 -7.208527590366230198e-02 -7.088509922860915247e-02 -5.968508543007514100e-02 -5.227394381066777229e-02 -1.518336041099228179e-02
-1.048923680817889087e-01 -1.293755351760190742e-01 -1.620611919758761232e-01 -1.949550932779942625e-01 -2.201265173455657087e-01 -2.329569904803741043e-01 -2.713781078705771455e-01 -3.071479532976380544e-01 -3.427021071553017495e-01 -3.643989890342552163e-01 -3.956625114832512113e-01 -4.331935792081068604e-01 -4.632570539946735400e-01 -4.885056908198068260e-01 -5.187253451667050985e-01 -5.497954697422189341e-01 -5.881145187414820175e-01 -6.175161274847029702e-01 -6.477079101952183393e-01 -6.722237587496784350e-01 -7.162333856845016777e-01 -7.302259345437669413e-01 -7.584432621227017446e-01 -7.805403957794514458e-01 -8.072273959312465941e-01 -8.376309416816332121e-01 -8.575294627411763626e-01 -8.713418399965684458e-01 -8.895732350786709208e-01 -9.112571609816778606e-01
7.662119336695068748e-03 1.345373857303302535e-03 -8.501887879257865807e-03 -1.502389975528534843e-02 -2.260705927650638603e-02 -2.580118863876823543e-02 -2.537154812063276491e-02 -2.823446854604310871e-02 -3.075171399484908849e-02 -2.520439363025662322e-02 -3.191172278433002107e-02 -2.829317594624173454e-02 -2.807970309531215847e-02 -2.939277851581219986e-02 -2.727934661998565602e-02 -2.425221847142628590e-02 -2.488674971968709432e-02 -2.636680379563887539e-02 -2.785303793565650776e-02 -2.597753726719056327e-02 -2.702289180966129661e-02 -2.557862119904888432e-02 -2.752786227446691811e-02 -2.470182612585297352e-02 -2.640907606840663460e-02 -2.389167863238718381e-02 -2.551432557276986021e-02 -1.880476666409657688e-02 -1.641662392918696173e-02 -3.638133546648852912e-04
-2.378030417944270586e-02 -3.006120165666199134e-02 -4.095411408992078589e-02 -4.980330050837502437e-02 -5.817144114672370692e-02 -5.910038503010160704e-02 -7.054315883178430280e-02 -8.230235811497932374e-02 -8.939891255771337253e-02 -9.593198630683362482e-02 -1.061566698606146997e-01 -1.168969834190393964e-01 -1.268010981458323194e-01 -1.385590719828051764e-01 -1.484895665232963680e-01 -1.600425197159619228e-01 -1.755109628922446041e-01 -1.865211996300445152e-01 -2.013411630335908420e-01 -2.122290017114291383e-01 -2.298626963898360298e-01 -2.402215736720259565e-01 -2.544565828304488631e-01 -2.680879328477745460e-01 -2.820408598335661932e-01 -2.989437098582176100e-01 -3.116367577219556484e-01 -3.212411698398141002e-01 -3.322209539734658490e-01 -3.550194941473470145e-01
1.416143104737321023e-01 1.722146328998745701e-01 2.079426272216036709e-01 2.457525899565749516e-01 2.798252742498360535e-01 3.042206934642021077e-01 3.514795819469855309e-01 3.910328182588899137e-01 4.430594391209811689e-01 4.634299155663585412e-01 5.062670250611932543e-01 5.451210479351582538e-01 5.846390158209715526e-01 6.082735649531285649e-01 6.364494087552645674e-01 6.677918447896177279e-01 7.135775611145012132e-01 7.443214308715643268e-01 7.714179889489197750e-01 7.982256468844252106e-01 8.456822974111672941e-01 8.595625193762896910e-01 8.859623343186703304e-01 9.170869884052930132e-01 9.444887626218088084e-01 9.834216713372759822e-01 1.002721615332556659e+00 1.032257929935276763e+00 1.058850274500939381e+00 1.131452533213746836e+00
-1.459107969154198499e-02 -2.182177427393585528e-02 -3.017114997647404873e-02 -4.018021921364064303e-02 -4.561980786704480928e-02 -4.885352887230436092e-02 -5.449004204181245176e-02 -6.113147443438746165e-02 -6.759295737763741652e-02 -6.694683829905917483e-02 -7.387647994967325160e-02 -7.837463286314477751e-02 -7.997510959718616419e-02 -8.145067934773003726e-02 -8.398705559386844544e-02 -8.533819331518104068e-02 -8.785140282647264931e-02 -9.213642890646343842e-02 -9.324821293194866800e-02 -9.294551831617028914e-02 -9.605344207930271994e-02 -9.512411028021300341e-02 -9.723040907264118848e-02 -9.434213452234745112e-02 -9.662917424762532126e-02 -9.435840449042490197e-02 -9.579853622890897868e-02 -8.966569211903803460e-02 -8.659780178355276636e-02 -6.865267294951681032e-02
3.991503387007186432e-02 3.649697305022079480e-02 3.503018124267964772e-02 3.697972160119728652e-02 3.855363954950508099e-02 3.853580960611505818e-02 5.065331249189128360e-02 5.701670206271279573e-02 6.711479468592849995e-02 7.771576749980929621e-02 8.126166591781382176e-02 9.377120180709584696e-02 1.023872221591440312e-01 1.096966378078086113e-01 1.205787468934224060e-01 1.300126595262256213e-01 1.390049557432131433e-01 1.462540848144050221e-01 1.533448079620439719e-01 1.625646292654365221e-01 1.744219992301395961e-01 1.813043729632297374e-01 1.883997606229471655e-01 2.000861841165484933e-01 2.065439289957703151e-01 2.207146542994760097e-01 2.267102284104885457e-01 2.422453550375771314e-01 2.556503604719881362e-01 2.967237590220910270e-01
2.537088071090746327e-02 2.061980836883154852e-02 1.164309988562271803e-02 6.210540550518327610e-03 -8.910741456380020381e-04 -7.362096179339172250e-03 -1.645426484028714859e-03 -1.779533528193620595e-04 -5.779499845253263657e-03 7.881464467794276757e-03 7.332738822854994315e-04 8.686961521799617392e-03 1.275111632455186439e-02 1.646075119539284343e-02 2.346494397865930143e-02 2.941664481468729553e-02 2.922466076442938737e-02 2.830043040595593001e-02 2.870376524413237665e-02 2.916616338341948209e-02 2.562817994929396381e-02 2.441073206627129150e-02 1.886195320893228194e-02 1.427923444988214025e-02 8.580357367433233406e-03 8.632489958836919719e-04 -7.388167124447689305e-03 -1.109312444488125271e-02 -1.796140210995983075e-02 -3.501142292036814319e-02
4.641028946377594167e-02 5.798662804079073030e-02 6.787138095322331477e-02 7.866956466966364137e-02 9.059419412766828161e-02 9.998701044984543984e-02 1.158894573220930896e-01 1.244022490045914309e-01 1.412332915148478418e-01 1.483962700484547648e-01 1.604162832083996515e-01 1.711250284514207742e-01 1.827981315591390987e-01 1.860059938871621577e-01 1.924104270846566100e-01 1.932200109303060520e-01 2.003742174198188120e-01 2.061926935813982453e-01 2.056496906897221089e-01 2.065996748091519786e-01 2.095375311583671518e-01 2.027656198639312124e-01 2.010072629435091240e-01 1.981443772080955512e-01 1.953666196950979705e-01 1.913713917475197146e-01 1.852158285066915488e-01 1.826889917461221313e-01 1.794530558587935642e-01 1.741387820951169618e-01
7.447406789871068022e-03 -2.046493793566818084e-03 -1.598087337193122848e-02 -2.676813751630514188e-02 -3.988258170981458239e-02 -4.638840355407958249e-02 -5.279759819725010628e-02 -6.228016291560879714e-02 -7.401991939987681568e-02 -6.939246891728048650e-02 -8.529883621468543897e-02 -8.757587041756204060e-02 -9.440829546927803628e-02 -9.966342129786932846e-02 -9.987403288554964897e-02 -1.010698168704496913e-01 -1.107395900877206074e-01 -1.174648175208780204e-01 -1.221960832546103576e-01 -1.236523942501257106e-01 -1.330786250406134352e-01 -1.348705382235882433e-01 -1.412133342349869425e-01 -1.471136150055725456e-01 -1.563255585434035477e-01 -1.645154328667461363e-01 -1.733110001738953354e-01 -1.783694553499630409e-01 -1.860373253157608930e-01 -2.084839236050965994e-01
-1.169283617475869314e-01 -1.503748728590480754e-01 -1.911155069206937340e-01 -2.295036811645495556e-01 -2.642083186732144262e-01 -2.823723493728904632e-01 -3.276165118491333739e-01 -3.738924446956236047e-01 -4.207558571174134787e-01 -4.403741649262722380e-01 -4.865146750136772891e-01 -5.263986715907921221e-01 -5.672885537851971582e-01 -5.981179341119737813e-01 -6.295291639788682669e-01 -6.659858292857079309e-01 -7.172233074051007629e-01 -7.532206654001594170e-01 -7.895209896338795108e-01 -8.180953486370332595e-01 -8.739490075247335898e-01 -8.889713876301642559e-01 -9.244909486129273546e-01 -9.580270172320000110e-01 -9.931590385299977619e-01 -1.038586157417082045e+00 -1.067246375520591206e+00 -1.092933867447635432e+00 -1.122435743944909525e+00 -1.182143226766677824e+00
-1.173178166951783646e-01 -1.280223707977495295e-01 -1.500825709411970910e-01 -1.746853752182096209e-01 -1.877551052708009705e-01 -1.888818428668630200e-01 -2.299373801530568695e-01 -2.694664315389315723e-01 -2.928311028320086939e-01 -3.302568352875678848e-01 -3.530127882276921092e-01 -4.013496595974650472e-01 -4.353598269607105165e-01 -4.700178717418426189e-01 -5.094699180215709333e-01 -5.553197784262047243e-01 -6.002554519755392004e-01 -6.318255695728343113e-01 -6.722180617833719563e-01 -7.028251630133617311e-01 -7.521314986330926988e-01 -7.719169163253892796e-01 -8.039910607169886703e-01 -8.310933344263855549e-01 -8.597559814091981778e-01 -8.954842259132139715e-01 -9.176489709588599997e-01 -9.319364295869827508e-01 -9.514262535186458480e-01 -9.675433806491098299e-01
1.155740551282241624e-01 1.522245174779874033e-01 1.871711590767692335e-01 2.255090910497450640e-01 2.609394958024928712e-01 2.864110568655816591e-01 3.263018008656686786e-01 3.625692705743936428e-01 4.160105077429313014e-01 4.242527929439743328e-01 4.681561570354627611e-01 4.939529669238814646e-01 5.269248550546760113e-01 5.430320167846400814e-01 5.598854993838743299e-01 5.780846708970430736e-01 6.102490866989896956e-01 6.320388683722709677e-01 6.446608735455042760e-01 6.565005038249650537e-01 6.861162871874046942e-01 6.836424897220920727e-01 6.949434602562458707e-01 7.064920512799632846e-01 7.194190125180497386e-01 7.344461508781345849e-01 7.396032231818080449e-01 7.492334678704770656e-01 7.576960110575412521e-01 7.808779063232285100e-01
3.742501921630017603e-03 -1.151588262773322463e-03 -1.062527006399774376e-02 -1.611163750463660838e-02 -2.281982717349414352e-02 -2.641565370026735526e-02 -2.847595755674230122e-02 -3.240098679510793056e-02 -3.707099951428629442e-02 -3.434642112828711208e-02 -4.211834575839997624e-02 -4.361491277514495390e-02 -4.550666502939232361e-02 -5.232938509548274580e-02 -5.497237550479861651e-02 -5.882347918858347319e-02 -6.826075554827941427e-02 -7.507106139942809619e-02 -8.692642156165496237e-02 -9.490351861620702212e-02 -1.087957893251113861e-01 -1.187527596265583324e-01 -1.328477223372110938e-01 -1.473874176169712169e-01 -1.623334777393228290e-01 -1.817066180577684154e-01 -1.972034235029977434e-01 -2.129664298545135559e-01 -2.280217992464312615e-01 -2.685872233016294297e-01
