7.648738364111691557e-02 9.231116083494185498e-02 1.087057479035831442e-01 1.261420077748032498e-01 1.444075012808981595e-01 1.633379365835251340e-01 1.826431974510834833e-01 2.020785955030442727e-01 2.212542002977349598e-01 2.401624720866465390e-01 2.582970990023844005e-01 2.753209450346966736e-01 2.910739306961265260e-01 3.050488523674811381e-01 3.169115094541122835e-01 3.267150316401503662e-01 3.340362456802800639e-01 3.387449189333261446e-01 3.408969376298409681e-01 3.405690851319945756e-01 3.379213092192255852e-01 3.332553133776288146e-01 3.268238672912432419e-01 3.191485696655270710e-01 3.104451846587083508e-01 3.009811546764931678e-01 2.911146035983938063e-01 2.810841079748004345e-01 2.709920861128717329e-01 2.466689088540204300e-01
4.272725636384775566e-02 5.542822537155322332e-02 6.732944450224374877e-02 7.946746091922501920e-02 9.159724071605571116e-02 1.035933363943846719e-01 1.152178099554003049e-01 1.263379301765324425e-01 1.366477038459547044e-01 1.462157498845237935e-01 1.547674118611391259e-01 1.621229505210897148e-01 1.683373404995312517e-01 1.731173578583176942e-01 1.763699559945415551e-01 1.783147229207371343e-01 1.787058400891319843e-01 1.775709248709067545e-01 1.750190449849355900e-01 1.711238676297666128e-01 1.659907040726170402e-01 1.598091632899816261e-01 1.527232583660178278e-01 1.450461718091193564e-01 1.368970630974568892e-01 1.284330970062124710e-01 1.199188532104899091e-01 1.115101742042167027e-01 1.033157548272895937e-01 8.611013852351510900e-02
3.249612903406425002e-03 -1.210856614128815421e-02 -2.187721664929372437e-02 -3.003099078867075417e-02 -3.688371573357018818e-02 -4.241228969893690026e-02 -4.674141202871169576e-02 -4.988644068531521841e-02 -5.187994633145056461e-02 -5.286048771415244318e-02 -5.302530309925216484e-02 -5.232873101390844717e-02 -5.107156183865514676e-02 -4.922586626587333730e-02 -4.705205428889833175e-02 -4.479143818510200603e-02 -4.247867967215320645e-02 -4.010199333774623620e-02 -3.784723325302179892e-02 -3.561460831603176225e-02 -3.334084663221608541e-02 -3.089167765180873479e-02 -2.814626631877194599e-02 -2.497795484602170768e-02 -2.130659262939139931e-02 -1.701416577146564260e-02 -1.203666698647030270e-02 -6.338854133443701938e-03 2.118306373979951529e-04 2.217697393323880828e-02
9.605061233221825340e-03 4.756659715003068792e-03 2.298206108481513389e-03 5.425744551855113396e-04 -7.717652446343984535e-04 -1.645936506914420783e-03 -2.206329420158893717e-03 -2.461402582116295826e-03 -2.494563043582828307e-03 -2.326013059935449004e-03 -2.087776641973227570e-03 -1.741086334783419065e-03 -1.373628511025069485e-03 -9.827018352495924675e-04 -6.675639016597220698e-04 -4.379485738016924284e-04 -3.340848008938131913e-04 -2.794699145635109322e-04 -3.511763484241401528e-04 -4.704834077671297965e-04 -6.011434940352278211e-04 -6.552903630138752489e-04 -5.773151028994200074e-04 -2.642225290736335830e-04 3.069158018727154158e-04 1.218004225295721277e-03 2.548784627280517578e-03 4.343163144031988304e-03 6.718511912108076495e-03 1.712362148523093042e-02
1.871303999872639054e-02 2.141912112725320033e-02 2.359110333194879006e-02 2.577580503893901059e-02 2.788318461270323026e-02 2.997462979930736945e-02 3.194879850761048190e-02 3.381279466583551885e-02 3.544412671171844054e-02 3.685771771508233874e-02 3.788390347395100000e-02 3.850027204759736560e-02 3.864250470936122367e-02 3.821731902550115634e-02 3.708772709556358571e-02 3.526742332801669627e-02 3.261583442002150002e-02 2.911416331571649307e-02 2.473808557315880854e-02 1.943399466858512781e-02 1.321435339911236802e-02 6.099720694191091211e-03 -1.892563108629050084e-03 -1.067692385926088602e-02 -2.023345809009908375e-02 -3.055624008448877549e-02 -4.146372721869989730e-02 -5.290675141615756166e-02 -6.481824362210530932e-02 -9.458705150826965391e-02
1.209230975225413507e-01 1.359018836895864168e-01 1.557023896116664918e-01 1.772051368885312894e-01 2.002527858025511809e-01 2.247546641261842226e-01 2.506201280321861957e-01 2.776838106792374750e-01 3.058776405056938263e-01 3.353047625530314324e-01 3.654777584444566241e-01 3.964062669761363455e-01 4.277647168404651867e-01 4.593709099688542685e-01 4.909641154093610793e-01 5.223199208371210878e-01 5.532753682130511219e-01 5.837554205193522527e-01 6.133333265012621549e-01 6.421141383658104385e-01 6.699584932333919607e-01 6.969114794464472684e-01 7.227872745985357561e-01 7.479235440506585286e-01 7.720217252576397904e-01 7.953287975529309550e-01 8.176939065613384461e-01 8.392684159665384502e-01 8.601139591425218667e-01 9.018665853810603483e-01
7.181931289659780615e-02 8.979222710829352916e-02 1.076191263118777969e-01 1.258586296344450239e-01 1.443038781561038209e-01 1.628221734268613941e-01 1.812127086541646948e-01 1.993270851291346069e-01 2.169028598705323996e-01 2.340688053795059731e-01 2.504913186744985865e-01 2.660361621112469210e-01 2.807167686872755752e-01 2.942477673448294917e-01 3.065360755256122394e-01 3.177502012641606477e-01 3.276562790156354321e-01 3.362714044046904993e-01 3.435751853342361439e-01 3.496501790747799654e-01 3.545175470897878878e-01 3.583143423234080860e-01 3.610607529510410640e-01 3.630844246273867149e-01 3.643550420238539367e-01 3.650529977308790697e-01 3.653175131331268810e-01 3.653121187344846588e-01 3.651242286530608228e-01 3.629469953650216740e-01
4.674869922941301409e-04 -6.752080782274341372e-03 -1.008999676584745007e-02 -1.244209776457736935e-02 -1.422787998656297598e-02 -1.553221913386341677e-02 -1.651869796591628331e-02 -1.721242570639522351e-02 -1.770341871424491523e-02 -1.798911632947715333e-02 -1.815675476228697030e-02 -1.813441273426097400e-02 -1.793536005089958058e-02 -1.750339731236090490e-02 -1.684255711867995234e-02 -1.589063519133153413e-02 -1.461219979355420258e-02 -1.283504276319959864e-02 -1.062805029614060856e-02 -7.820982468184382516e-03 -4.367339144771656065e-03 -1.432759949146888284e-04 4.912069817177431436e-03 1.090737023254430976e-02 1.784794995422816360e-02 2.585949704733372934e-02 3.495298237910996614e-02 4.516931177703186612e-02 5.665895889751291353e-02 9.291610580961945365e-02
2.052769052521720428e-02 1.202333707779102041e-02 8.126107508959132253e-03 5.517919764535306193e-03 3.927006412344869433e-03 3.365952167700512511e-03 3.737157553117912215e-03 5.030421222083289456e-03 7.229235472401508190e-03 1.028595144981781992e-02 1.401937880420947580e-02 1.851953397817423727e-02 2.356767818995855052e-02 2.921278329084653694e-02 3.528686059608940329e-02 4.162800752525631920e-02 4.823102284038637000e-02 5.515100669715163051e-02 6.217116147788103592e-02 6.939906121510133752e-02 7.683405461302701689e-02 8.455653670437536518e-02 9.257991170994084307e-02 1.010149022156356102e-01 1.098195143207228858e-01 1.191072261410343613e-01 1.288591306868455411e-01 1.391099676664083462e-01 1.499783443724813092e-01 1.799263298643690168e-01
1.891595616745301439e-02 1.852210987661270097e-02 1.894953469925772516e-02 1.973914283717959767e-02 2.075093625763607674e-02 2.203236645465733029e-02 2.347995169375832747e-02 2.509391664955442497e-02 2.677658757793904137e-02 2.852185933619592884e-02 3.015783685214519852e-02 3.168699469779309025e-02 3.300355662080568797e-02 3.404874354057570857e-02 3.467460729947157566e-02 3.485167391008536092e-02 3.447175461007283975e-02 3.353708983908342683e-02 3.197730615338944399e-02 2.978605520603227336e-02 2.697833049007292150e-02 2.359771541992720933e-02 1.966964537085844761e-02 1.529173366445137072e-02 1.047637397860753591e-02 5.261780178459986995e-03 -2.187722945613430892e-04 -5.918148260532725413e-03 -1.175357067721159721e-02 -2.532338214650069891e-02
2.556779831026841088e-02 3.514377502385816754e-02 4.542712649885353310e-02 5.568806446762304685e-02 6.552958557810703577e-02 7.479683500964329212e-02 8.333911303586216679e-02 9.112823507365930276e-02 9.804313953272103532e-02 1.043062669724862668e-01 1.098986920419604829e-01 1.149452020385292594e-01 1.197260052951146514e-01 1.243063496729999023e-01 1.289514498365705308e-01 1.340269362278538323e-01 1.396155148321886752e-01 1.460137907190351136e-01 1.532040581822000924e-01 1.613701766807719151e-01 1.704574578981323252e-01 1.804933908089906280e-01 1.913510928094498131e-01 2.031041720244601001e-01 2.155560804394396901e-01 2.288089178438285076e-01 2.427684314083424222e-01 2.574845957469053537e-01 2.730869348740783131e-01 3.156610190191185272e-01
-3.820639433109524613e-03 -2.755480440897201469e-02 -4.571823853434531237e-02 -6.268934462116251827e-02 -7.847313119106130719e-02 -9.276012659065406563e-02 -1.054363217096850464e-01 -1.163214429992370652e-01 -1.251490548955715154e-01 -1.320875595163958915e-01 -1.372236857107765606e-01 -1.402586294936221112e-01 -1.416948247015286100e-01 -1.412230987962632134e-01 -1.391705342694369851e-01 -1.361094943455400108e-01 -1.319299685853093096e-01 -1.267165921526110517e-01 -1.209312041113005942e-01 -1.146801564730881851e-01 -1.081042641909179397e-01 -1.013677847453475223e-01 -9.463722731630042073e-02 -8.810478937611528061e-02 -8.195184073207842368e-02 -7.627405552072472061e-02 -7.119759797467911655e-02 -6.682789719327902889e-02 -6.312066304442678910e-02 -5.747659596439610996e-02
5.153273699844064526e-02 5.716316939906663369e-02 6.434300791757485705e-02 7.245375795574303390e-02 8.136477880296144605e-02 9.106370588984147307e-02 1.013891745086141216e-01 1.122340712730391654e-01 1.234031451728595519e-01 1.348633919218589772e-01 1.462354148881899185e-01 1.573761900830594751e-01 1.680439791303667274e-01 1.779726177814753008e-01 1.868390857718320031e-01 1.945263643007953958e-01 2.007600237531497189e-01 2.054176716852921247e-01 2.084001430582887449e-01 2.096992154963799593e-01 2.093641078899060315e-01 2.075258131419687180e-01 2.042795807374788164e-01 1.999056264948617934e-01 1.944806357273150266e-01 1.881335098736282851e-01 1.810761397704383491e-01 1.734371488831384645e-01 1.652863908520529335e-01 1.428698680187603098e-01
2.942137301819720482e-02 1.783365902574100131e-02 1.146055086520481915e-02 6.692625607955899822e-03 3.385343944522421072e-03 1.644132149990734648e-03 1.411433814465961820e-03 2.684126461870081463e-03 5.481762541807352722e-03 9.671401796399321099e-03 1.496998395092085515e-02 2.143501117303821951e-02 2.863531428511783411e-02 3.657083815861773141e-02 4.487316238321321926e-02 5.315383730473147855e-02 6.132747994365519983e-02 6.930055176876384615e-02 7.676353866689709926e-02 8.373524993304300168e-02 9.020610319286971601e-02 9.623619308310941978e-02 1.018512716098829429e-01 1.071718893069323469e-01 1.121861063392134567e-01 1.169825979955209094e-01 1.215894858752437357e-01 1.260390483266714545e-01 1.304159580953849484e-01 1.404976304055195468e-01
-6.365120579406785724e-03 -2.198806121988881868e-02 -3.274477276916501478e-02 -4.213494980660371925e-02 -5.049258664912149863e-02 -5.780292049894130563e-02 -6.420187710452152086e-02 -6.969134482667466157e-02 -7.431816085262557547e-02 -7.820812663560902656e-02 -8.150129028087164940e-02 -8.414669325204310324e-02 -8.636469136080954234e-02 -8.810636613450679999e-02 -8.956674308886596048e-02 -9.090271123241706885e-02 -9.212410217265307177e-02 -9.317109019657124347e-02 -9.416484593634746880e-02 -9.498964472072296550e-02 -9.556048744150917595e-02 -9.573274558496301656e-02 -9.536275277852754306e-02 -9.434168220987076969e-02 -9.256411202141720529e-02 -8.992021334740182836e-02 -8.632492224261698044e-02 -8.174974208758288563e-02 -7.604844654961068207e-02 -5.384933611418479815e-02
5.678033186641850971e-02 6.376854036034734774e-02 7.266115351885944762e-02 8.230681292187473630e-02 9.253991469549541216e-02 1.033369589064667832e-01 1.145868713455921867e-01 1.262256720791802844e-01 1.381487604802288383e-01 1.504186274467936568e-01 1.627627544362675316e-01 1.751870472467696449e-01 1.875604473605506917e-01 1.997767623205609355e-01 2.116923768477888546e-01 2.232702764489583047e-01 2.343905034751036787e-01 2.450640781483400255e-01 2.551139537740171326e-01 2.646020223014871053e-01 2.734906390912581475e-01 2.818371122427699715e-01 2.895888550724186605e-01 2.969410936129449063e-01 3.037869554632882108e-01 3.102517389067390718e-01 3.163532708286171391e-01 3.221819452767422653e-01 3.278178356761540235e-01 3.393312571988493231e-01
-3.812656419645296668e-02 -5.795678018377519586e-02 -7.445334603166731124e-02 -8.995359660281909697e-02 -1.048435189976217319e-01 -1.191216873581460584e-01 -1.329910780265516623e-01 -1.464516750507149356e-01 -1.596393219488233262e-01 -1.727452011045399471e-01 -1.858316547870743074e-01 -1.989347956880036239e-01 -2.121778295481034360e-01 -2.255537029908240287e-01 -2.392328760317474212e-01 -2.532414789913319808e-01 -2.676232574046072954e-01 -2.822888671087088186e-01 -2.971436831477252682e-01 -3.120656486094847692e-01 -3.268376052016725986e-01 -3.412193115673413102e-01 -3.548770022232126120e-01 -3.676841100120400441e-01 -3.793149744683168567e-01 -3.896665014757380030e-01 -3.984555230990246555e-01 -4.056410348095818019e-01 -4.110349959957223520e-01 -4.087493811142792199e-01
1.034903778663136958e-02 1.108751202914948567e-02 1.216928212518111202e-02 1.352283857457673918e-02 1.491296267301722364e-02 1.631266140286301292e-02 1.755429443233772965e-02 1.860323490556629183e-02 1.928302376700192014e-02 1.959661071151959366e-02 1.939633063262199975e-02 1.862879020639698555e-02 1.729338964381627389e-02 1.528673575229396245e-02 1.252392842023246008e-02 9.113225055238375477e-03 4.931975576615807086e-03 3.861371046918332661e-05 -5.519324047195501778e-03 -1.169497005700961823e-02 -1.840796332769269530e-02 -2.554010145683984628e-02 -3.297893711198167377e-02 -4.057457666112876393e-02 -4.822708261559192217e-02 -5.586124385028357064e-02 -6.327590521143085234e-02 -7.039771386497338523e-02 -7.711345260018767633e-02 -8.878745448986624655e-02
-4.387784844302250464e-02 -5.973555601908252938e-02 -7.420716457059900462e-02 -8.823229177425168102e-02 -1.020965926329472084e-01 -1.157537513409670205e-01 -1.293841065112791844e-01 -1.429628201595938009e-01 -1.566449329621387720e-01 -1.706011447163324202e-01 -1.848967853611051537e-01 -1.996036519784841756e-01 -2.148180073986961092e-01 -2.305827814498537243e-01 -2.470875033831387568e-01 -2.643479698201248729e-01 -2.824713442780986683e-01 -3.014491839420966879e-01 -3.211427944444683602e-01 -3.415665937473814640e-01 -3.625364725326910564e-01 -3.838993831350945851e-01 -4.053731687609969381e-01 -4.268947781274980979e-01 -4.481511532484480087e-01 -4.691334031393262216e-01 -4.894826996986015866e-01 -5.091706695955356965e-01 -5.280595140203054871e-01 -5.634890457280428144e-01
6.347546602322087783e-02 8.334163327002878929e-02 1.008934283331675008e-01 1.187279700794519888e-01 1.366928443956218486e-01 1.546395031015608545e-01 1.722596738850609710e-01 1.893206450728527335e-01 2.053623931408917191e-01 2.203926073900605853e-01 2.339433357976009320e-01 2.456086684729821001e-01 2.553394121981929499e-01 2.625618852980833862e-01 2.669763859398794903e-01 2.687632792755679789e-01 2.674337373838298615e-01 2.628347071835161475e-01 2.551773168295696226e-01 2.444529399523436286e-01 2.308567063380918549e-01 2.146755630374150292e-01 1.962051981124553479e-01 1.759407396622963415e-01 1.541829940762197149e-01 1.311333579616940082e-01 1.072990048198687874e-01 8.292469296727093819e-02 5.809640122760595382e-02 -2.364511238714964159e-03
1.239092785896479948e-01 1.416865500520283483e-01 1.642366014509054062e-01 1.887040864946519791e-01 2.148116601540107085e-01 2.423544526158057655e-01 2.711326514319285508e-01 3.008941430300905995e-01 3.314306913594259330e-01 3.628385835499670087e-01 3.945668976134311667e-01 4.264949811308200722e-01 4.583615207953543602e-01 4.898414214206273654e-01 5.206711040820085623e-01 5.507490424076427749e-01 5.798301997886834425e-01 6.078615764187758064e-01 6.345487455613385563e-01 6.600798691813400954e-01 6.844241405197049044e-01 7.077739255010780939e-01 7.301006145067748809e-01 7.518967983618274342e-01 7.730128987467428381e-01 7.937932239586276140e-01 8.142032031708307249e-01 8.344601162328426636e-01 8.546675031096822028e-01 8.994271707987334663e-01
-1.777492204808807374e-02 -2.175408597719737797e-02 -2.505144288365087138e-02 -2.806735078265249622e-02 -3.122171657269563402e-02 -3.462916593449910652e-02 -3.853620603256800031e-02 -4.299256635476748217e-02 -4.823638305475897586e-02 -5.428279618258297079e-02 -6.118256896032519404e-02 -6.900912511078477474e-02 -7.762282328674605103e-02 -8.709995231106149038e-02 -9.741074288848397544e-02 -1.082833538551738750e-01 -1.197863008802627360e-01 -1.317425961707250348e-01 -1.439546701380020610e-01 -1.562762476510533849e-01 -1.685304937526785340e-01 -1.804994515061887073e-01 -1.919404926036965553e-01 -2.026847462048796400e-01 -2.125067368599677098e-01 -2.212889748192487238e-01 -2.287731634999476960e-01 -2.348774155008101217e-01 -2.394278535137665254e-01 -2.375248397308434289e-01
1.833492800637587794e-01 2.188823504700389277e-01 2.590290315672779120e-01 3.012315138999678843e-01 3.451243167638513576e-01 3.902885088095990884e-01 4.364433849766153894e-01 4.831683071153973219e-01 5.301275736448548548e-01 5.775478189814051699e-01 6.247337906763226201e-01 6.714606294656411123e-01 7.175870680848510652e-01 7.626018278561772501e-01 8.063424855214884612e-01 8.488891987901958647e-01 8.899328505202270811e-01 9.294401726039270839e-01 9.671577609070238779e-01 1.003370518206780471e+00 1.038043997891715753e+00 1.071444195227863272e+00 1.103518153986617900e+00 1.134993735469390419e+00 1.165628520028514359e+00 1.195946016137585888e+00 1.225886649973675135e+00 1.255787311926827909e+00 1.285774872547555736e+00 1.353799837600913047e+00
1.093656532294568218e-01 1.296265003304942209e-01 1.527787289157664929e-01 1.771201229140894062e-01 2.023673461948863050e-01 2.283176826728645081e-01 2.547896521505339518e-01 2.815857014260504942e-01 3.085120011795517980e-01 3.357481006634834841e-01 3.628842335028295008e-01 3.898697512115988362e-01 4.166386098674729754e-01 4.429576193711491916e-01 4.687488237185126194e-01 4.940926748370175203e-01 5.188303412607629950e-01 5.430205313891239838e-01 5.664446024243130484e-01 5.892955498519947266e-01 6.115137123561447119e-01 6.332329313336406695e-01 6.543568726906826560e-01 6.752774485684223116e-01 6.957838268088624156e-01 7.161613982156831426e-01 7.363363674767264833e-01 7.564905567044173385e-01 7.767287918598104746e-01 8.228291198336366019e-01
-1.809085777050171984e-02 -3.106138481861620004e-02 -4.158909772797703130e-02 -5.141610823129350721e-02 -6.080124398362928007e-02 -6.969433398263968904e-02 -7.822775741216814183e-02 -8.637633899056214315e-02 -9.422196022257339765e-02 -1.018784241724773609e-01 -1.094383365908207784e-01 -1.168868027210450966e-01 -1.243607877726816968e-01 -1.318418311234225704e-01 -1.394947919073901421e-01 -1.473890690128004666e-01 -1.555737606912562243e-01 -1.640078191840369792e-01 -1.727040203570706645e-01 -1.816249739962121079e-01 -1.906703879299715410e-01 -1.997282223598824680e-01 -2.086400270863625339e-01 -2.173417550673851228e-01 -2.256797641196113258e-01 -2.336122387176142734e-01 -2.409510577985272683e-01 -2.476746189780602569e-01 -2.536545000710390685e-01 -2.605667266182956632e-01
6.989988027997198761e-02 8.450496623380014671e-02 9.897563348095576863e-02 1.138656515514109291e-01 1.290932639464534015e-01 1.446290358610145266e-01 1.603325882897549404e-01 1.760993704915737590e-01 1.917314204095678654e-01 2.073051345030166026e-01 2.224653963051075045e-01 2.371000624746573138e-01 2.510910457135349105e-01 2.641756056314897294e-01 2.761499657077422509e-01 2.870217457653799764e-01 2.965373312193233524e-01 3.046209990517524946e-01 3.111771426453530109e-01 3.161970943331783857e-01 3.196690195791176414e-01 3.216664925457169977e-01 3.221759828024798322e-01 3.214648633388372256e-01 3.194888548591628963e-01 3.163669138262352187e-01 3.122472578798996534e-01 3.072635560394643139e-01 3.014689364665818494e-01 2.821301407065250899e-01
-4.096026415820205185e-02 -5.994027853093945868e-02 -7.619077660981667111e-02 -9.171751722687769559e-02 -1.068315305238712459e-01 -1.214766573602105854e-01 -1.358059485730934712e-01 -1.497766932675876905e-01 -1.634787228646217283e-01 -1.770815125583422855e-01 -1.906288925350212715e-01 -2.041166270437719810e-01 -2.176762826474157586e-01 -2.312653513035821118e-01 -2.450536109947213936e-01 -2.591099069662757826e-01 -2.734674071091638958e-01 -2.880751544605319459e-01 -3.028812526528764648e-01 -3.178493855861614925e-01 -3.328264183948256294e-01 -3.476702062036828300e-01 -3.621426462374435218e-01 -3.762054557431611657e-01 -3.896111780269915226e-01 -4.023331234116327981e-01 -4.141178161486381848e-01 -4.249568864250133915e-01 -4.347017344313857112e-01 -4.471878265520822238e-01
-1.414000505387154327e-02 -2.744974041211148408e-02 -3.967893534317431387e-02 -5.113041300483753965e-02 -6.192324987957929100e-02 -7.195294784049853509e-02 -8.140089442793835284e-02 -9.029530190155922453e-02 -9.883807122628637809e-02 -1.072813600132608014e-01 -1.158766876407812674e-01 -1.248268948679114587e-01 -1.344440465097775095e-01 -1.449498172855641642e-01 -1.567802449140335841e-01 -1.701354482561051318e-01 -1.852964943822317800e-01 -2.024333857051766050e-01 -2.214473046293606306e-01 -2.424115071300308177e-01 -2.650988455050014014e-01 -2.892936849348156647e-01 -3.146231080535485392e-01 -3.408836795137703546e-01 -3.676632374751743204e-01 -3.949092445813092156e-01 -4.221362865091285999e-01 -4.492646888178327691e-01 -4.761811207572492766e-01 -5.347157066197298914e-01
9.486011333048287655e-03 1.662491162214514706e-02 2.031628149152429896e-02 2.304367597740580170e-02 2.480299772308484224e-02 2.570365806913497975e-02 2.568778925202673882e-02 2.482742871143077401e-02 2.302258938133544541e-02 2.036623169297011732e-02 1.681340176800361769e-02 1.239905665438864601e-02 7.228741093445276156e-03 1.277405143107672968e-03 -5.443204595947314164e-03 -1.276401933140115103e-02 -2.077637516716152044e-02 -2.944153246393522647e-02 -3.870448741180372576e-02 -4.868074016112085289e-02 -5.939996583425883464e-02 -7.093950535211165920e-02 -8.336533044882145360e-02 -9.670976576751001696e-02 -1.110158077311818314e-01 -1.263708116172490292e-01 -1.425903001365305678e-01 -1.596605679057502558e-01 -1.775310649962792975e-01 -2.228234624796462116e-01
5.552697178435434672e-02 6.404543308718102512e-02 7.390086578446886101e-02 8.436090539480144146e-02 9.526285190392019819e-02 1.065761511940509498e-01 1.181831665278706145e-01 1.300169355982600528e-01 1.419548140918871215e-01 1.540709818696554545e-01 1.660992206144818462e-01 1.780315034240529393e-01 1.897685599909293419e-01 2.011883016997808582e-01 2.121640706116005304e-01 2.226964199131285516e-01 2.326528307249690342e-01 2.420463386331387357e-01 2.507300505068351670e-01 2.587554760259979658e-01 2.660883729586263069e-01 2.727839419565351586e-01 2.787920291325046152e-01 2.843063511102443819e-01 2.892299604343136488e-01 2.936785792171041076e-01 2.976923750910610567e-01 3.013651902540932515e-01 3.047736988358845100e-01 3.106731852286181428e-01
-4.311856201078048678e-02 -6.037466254538775834e-02 -7.580811604619816513e-02 -9.074526799212211114e-02 -1.054742987316745484e-01 -1.199356969013322116e-01 -1.342889385348738918e-01 -1.484901109485891046e-01 -1.626543557032921750e-01 -1.769432618437377369e-01 -1.913955343235556050e-01 -2.060336178556607667e-01 -2.209550836410618668e-01 -2.361467980468097694e-01 -2.517710119902344945e-01 -2.678580905870879270e-01 -2.844672692990398710e-01 -3.015597425219634364e-01 -3.190378365818575812e-01 -3.368933700716414403e-01 -3.549640584004851718e-01 -3.731137243970524819e-01 -3.910934426072542047e-01 -4.088672857902580504e-01 -4.261667575828979593e-01 -4.429825588606757236e-01 -4.590165062380298089e-01 -4.742555613458196984e-01 -4.885578215106785027e-01 -5.125046086140323531e-01
-6.557365775398794894e-02 -9.494907175869264637e-02 -1.196149811520405559e-01 -1.432944137242790350e-01 -1.663771079430677868e-01 -1.887781676060946989e-01 -2.106150656142986577e-01 -2.317845210975653103e-01 -2.522734144443128934e-01 -2.722946622342931056e-01 -2.917838455591011959e-01 -3.106198252868315746e-01 -3.289593251115485728e-01 -3.465878770990197810e-01 -3.636306008506497434e-01 -3.802259769028183412e-01 -3.962714955195219546e-01 -4.116503238391849284e-01 -4.263720468454327284e-01 -4.403671867318748046e-01 -4.535007652038234305e-01 -4.656638347187692095e-01 -4.766438288213004637e-01 -4.865115885121152894e-01 -4.950554248916297917e-01 -5.022733116610541559e-01 -5.080087917099831429e-01 -5.123084343036858890e-01 -5.150021886398625792e-01 -5.070051651916349655e-01
1.080149145250831541e-02 2.140832939556809589e-02 3.049235954403067828e-02 3.949220371236029231e-02 4.799327527608995142e-02 5.577811041559627148e-02 6.253136730339226013e-02 6.811365768104064855e-02 7.214043402565387120e-02 7.469445968114053758e-02 7.562639567928801376e-02 7.473073182669474901e-02 7.227165188752421310e-02 6.797795153477148578e-02 6.191693628350160294e-02 5.454089949407911475e-02 4.565199140291782698e-02 3.540678881687715773e-02 2.410697247583646480e-02 1.189509861289113520e-02 -1.037844386230562729e-03 -1.443162883880672390e-02 -2.803671458212391929e-02 -4.155037418800042875e-02 -5.473922977950800017e-02 -6.743848979246147568e-02 -7.930595965997438990e-02 -9.018533892639872540e-02 -9.991812203934535841e-02 -1.134495163211565183e-01
7.351358712689279318e-02 8.256519836736794793e-02 9.502005581844347182e-02 1.086153159975812577e-01 1.230938673980871839e-01 1.383573449937756106e-01 1.542772912492562376e-01 1.707477879957514655e-01 1.876682039205775088e-01 2.051404635784563890e-01 2.228617353043986782e-01 2.408641958522784177e-01 2.590250951836224891e-01 2.772509284877965330e-01 2.954412295680588496e-01 3.135757615206324900e-01 3.315723322807970774e-01 3.494938677257374282e-01 3.671004843874498547e-01 3.845385551009943836e-01 4.017471872523898924e-01 4.188089461131839220e-01 4.356338898023933703e-01 4.524693387305865344e-01 4.691378118981968104e-01 4.858343478126229131e-01 5.024796971531715339e-01 5.191836520179200498e-01 5.360464973440186576e-01 5.754972123148588414e-01
3.829069508027781871e-02 4.266852106292076674e-02 4.846011913437930918e-02 5.484658867003282257e-02 6.162010825451227913e-02 6.874762309621951228e-02 7.609170600653407390e-02 8.359687903479734450e-02 9.112961431349088370e-02 9.873097715628026405e-02 1.061817555419245912e-01 1.134686245174743452e-01 1.205189374646676026e-01 1.272329869718396289e-01 1.335009687739261985e-01 1.393527094752164408e-01 1.446752866962476847e-01 1.495114281178677729e-01 1.537734014773887437e-01 1.575326731195961227e-01 1.608009646653549007e-01 1.636681646915651156e-01 1.661508236710274589e-01 1.684311975089499425e-01 1.704845488368823270e-01 1.724254229623877199e-01 1.743353052115730883e-01 1.763000081596849677e-01 1.784172309387880573e-01 1.846066484292955834e-01
-7.155420291027969615e-02 -9.572290313614095769e-02 -1.185339767274641021e-01 -1.411356859794545282e-01 -1.637797686382946316e-01 -1.863311779201120288e-01 -2.089193025303723306e-01 -2.314326342357957422e-01 -2.539442616754988835e-01 -2.766739734949038576e-01 -2.995758902891608177e-01 -3.226450509502319930e-01 -3.459894710557101516e-01 -3.695257997179308140e-01 -3.934284717651488350e-01 -4.177729207723942517e-01 -4.425871473183993210e-01 -4.678560842105215500e-01 -4.934387830271807496e-01 -5.194075342565515063e-01 -5.455867919966701507e-01 -5.718900826514332625e-01 -5.980469960493617343e-01 -6.241319356927195194e-01 -6.498234684910495496e-01 -6.751980346226778007e-01 -6.998914232950137482e-01 -7.239362629064041155e-01 -7.471941714249606958e-01 -7.916745689771131911e-01
-7.195273105804009944e-03 -2.208628749080255443e-02 -3.299343629379437870e-02 -4.280398552139520751e-02 -5.182412070572887247e-02 -6.002445312269501232e-02 -6.752903911168273154e-02 -7.432358245552739273e-02 -8.044462027243842739e-02 -8.600442274998960912e-02 -9.109173238045517595e-02 -9.563512189833192623e-02 -9.980249186210278511e-02 -1.035129176282176822e-01 -1.069086397286284351e-01 -1.100865995948458465e-01 -1.130307978305678945e-01 -1.156405089542056064e-01 -1.180060615871347945e-01 -1.199949624424635625e-01 -1.215169870378602496e-01 -1.224286996857019139e-01 -1.225847286958940685e-01 -1.218912364480823907e-01 -1.202449967697800520e-01 -1.175395820626576188e-01 -1.136917553530403524e-01 -1.086776297538676606e-01 -1.023409151325035404e-01 -7.714932892543686915e-02
-1.029750317033479995e-01 -1.316288333397898358e-01 -1.588055589579200344e-01 -1.859174883675475121e-01 -2.134211809697694751e-01 -2.412840292620990201e-01 -2.697100449248175935e-01 -2.985949980337624932e-01 -3.280630927650279860e-01 -3.583357798922826576e-01 -3.892187121699647312e-01 -4.207020260516537991e-01 -4.526987574206799980e-01 -4.850581160683530291e-01 -5.177776976248502638e-01 -5.507137943338507036e-01 -5.838045461040562989e-01 -6.168729137096181647e-01 -6.496090881262256422e-01 -6.819726824546611388e-01 -7.136989104897465408e-01 -7.446140358538151371e-01 -7.743344955716430222e-01 -8.029413654224875074e-01 -8.300076316116924424e-01 -8.555714565485028622e-01 -8.792284378006391954e-01 -9.010080997863554320e-01 -9.207026607726391809e-01 -9.469697214725958379e-01
3.154232767921535258e-03 -8.377780609313101312e-03 -1.612713092408311205e-02 -2.277783280891655660e-02 -2.858245211666738533e-02 -3.349757389296037502e-02 -3.763443954569808958e-02 -4.098699640975929370e-02 -4.359830219886801778e-02 -4.556495945802238601e-02 -4.704172219226554486e-02 -4.798080479466569626e-02 -4.859719371289965284e-02 -4.886406805698299827e-02 -4.898078546650994070e-02 -4.910093158031046678e-02 -4.926177194571977613e-02 -4.943459634781420531e-02 -4.975229238676989740e-02 -5.014586812739345312e-02 -5.056360332940524477e-02 -5.090483601449740519e-02 -5.107639524906482098e-02 -5.098224687448121850e-02 -5.056070484155679445e-02 -4.972913807674980702e-02 -4.840253876208412687e-02 -4.655095979564710662e-02 -4.405387024948032720e-02 -3.274626372157492249e-02
-2.248580942500397195e-02 -3.103356091556904589e-02 -3.920547912227143050e-02 -4.734365164813650328e-02 -5.565888929473038205e-02 -6.408592597224894993e-02 -7.273984218557483228e-02 -8.156193255392567287e-02 -9.064025303970682512e-02 -1.000232718754132111e-01 -1.097338522880962342e-01 -1.197366723632271590e-01 -1.300385448699759028e-01 -1.406003616288165892e-01 -1.514832960825716057e-01 -1.626345918707492733e-01 -1.740850124285501510e-01 -1.857591016445752363e-01 -1.976057320604199252e-01 -2.096314280934823970e-01 -2.217639327937559746e-01 -2.339533430848554363e-01 -2.460990122904044286e-01 -2.582019944066587525e-01 -2.701520795108518502e-01 -2.819671659775516703e-01 -2.934481531677444743e-01 -3.045910464034159437e-01 -3.152812888764484067e-01 -3.347814125296192378e-01
1.404449754330773237e-01 1.680881313190686066e-01 1.994109005942341362e-01 2.322038463736963987e-01 2.661039714748906770e-01 3.007912173951882706e-01 3.360434401698266793e-01 3.715779002234224082e-01 4.071542511936062647e-01 4.430168658952635674e-01 4.786833550686550032e-01 5.140745929608331322e-01 5.491679055068326987e-01 5.836648168014656468e-01 6.175416865197331795e-01 6.509486569812505952e-01 6.837220855319141588e-01 7.159517597869714534e-01 7.474015764760516545e-01 7.783468405440970850e-01 8.087186997391038190e-01 8.386962019248926925e-01 8.681602490187049215e-01 8.976237283392589639e-01 9.268079342873185578e-01 9.561048945345632655e-01 9.853839722476163132e-01 1.014881522995820351e+00 1.044723933392051274e+00 1.114506403744645269e+00
-5.170616861167468339e-04 -1.255539878737350727e-02 -2.075898617227775467e-02 -2.790287658879966881e-02 -3.425851223854908811e-02 -3.978824655064772120e-02 -4.460166163836515318e-02 -4.868479361330792232e-02 -5.207233559115295729e-02 -5.485093266334202522e-02 -5.715045674856909091e-02 -5.890286409293125219e-02 -6.029673249740264557e-02 -6.127862665544735188e-02 -6.201491451345704509e-02 -6.263691765616691276e-02 -6.315592977965633903e-02 -6.351712620346020022e-02 -6.385014179495343556e-02 -6.407407461354770739e-02 -6.414181629568595222e-02 -6.395866886649048677e-02 -6.344092261127712296e-02 -6.251003069015118041e-02 -6.111624407906388751e-02 -5.918015259949671591e-02 -5.663486603842246558e-02 -5.345754897849052528e-02 -4.952239441830931510e-02 -3.404040357760149127e-02
2.929412690543993156e-02 2.398426856577037802e-02 2.350663007814375594e-02 2.444122553669265258e-02 2.643634280782471840e-02 2.942682424479260012e-02 3.326851047390371602e-02 3.790341855739294552e-02 4.326259552464610525e-02 4.933017370489845010e-02 5.590536705859595890e-02 6.304658226291876000e-02 7.059655956355692652e-02 7.856256665304323095e-02 8.682513333545932577e-02 9.531142771885724174e-02 1.040099761453510546e-01 1.130237937390665970e-01 1.221712786401044498e-01 1.316318530259719122e-01 1.414302679997213041e-01 1.517063741804067500e-01 1.625046601512252775e-01 1.740099484677580521e-01 1.861921967316162441e-01 1.992282100862983740e-01 2.130929718789099370e-01 2.278530498501383228e-01 2.436503738461426039e-01 2.875903554817079155e-01
2.737857397743803656e-02 1.969920752203851988e-02 1.464023282286595201e-02 1.043463460974617882e-02 7.126956569381484932e-03 4.930804640860111943e-03 3.857168456588698502e-03 3.965068414183439693e-03 5.305409030248370295e-03 7.770212197155719133e-03 1.109859376395019512e-02 1.535992935157180425e-02 2.013102092537966820e-02 2.540932397970072087e-02 3.080761092266845122e-02 3.591983071807653555e-02 4.061981450388750525e-02 4.473370794558129138e-02 4.795937445689756745e-02 5.015893849562780976e-02 5.126168472958297917e-02 5.120105093522490242e-02 4.991067018404594935e-02 4.740465267661747584e-02 4.361988807301035026e-02 3.852279520411455022e-02 3.218791098658764505e-02 2.461570354315699427e-02 1.583155039441724865e-02 -1.207472343873521037e-02
4.245563190068338960e-02 5.323351438936090030e-02 6.369591200976723600e-02 7.447637984361277219e-02 8.535639685815889222e-02 9.624346465384082949e-02 1.069299818931674639e-01 1.173053276811942824e-01 1.271085581834490441e-01 1.363995723305140850e-01 1.449085334915818923e-01 1.524939946519709433e-01 1.591657559792583054e-01 1.646726791471695706e-01 1.689021662092007325e-01 1.720103264031266344e-01 1.737747317364045918e-01 1.742118221170567693e-01 1.733735946462851008e-01 1.713183699273941873e-01 1.681228751032688984e-01 1.639428120943000611e-01 1.588840865822271353e-01 1.532230277551885067e-01 1.470402107502765121e-01 1.404735321233429590e-01 1.337463887951760022e-01 1.269948726070140033e-01 1.203193356078885307e-01 1.056381477457321583e-01
-1.129975284865531934e-02 -2.087914670845190251e-02 -2.876446870527924610e-02 -3.623221006766913499e-02 -4.349279715315770845e-02 -5.047635057140018033e-02 -5.728064142467969438e-02 -6.385719327352248897e-02 -7.025704119302311756e-02 -7.653973198230568098e-02 -8.277345090144958006e-02 -8.889742068121235519e-02 -9.500536285029902162e-02 -1.010433820330739335e-01 -1.071216598808713838e-01 -1.132806242905361471e-01 -1.195415731563317929e-01 -1.258467124433332307e-01 -1.322396044916281099e-01 -1.387053014676491725e-01 -1.451988614047333703e-01 -1.516718810319181987e-01 -1.580548385348831408e-01 -1.643306350228829482e-01 -1.704360715125919912e-01 -1.763610460879145858e-01 -1.819747770338323023e-01 -1.872706970887247357e-01 -1.921389217714211672e-01 -1.988025217520917876e-01
-1.194927512853763973e-01 -1.572086591459583294e-01 -1.933256904600107184e-01 -2.294928364934001874e-01 -2.659775219119659972e-01 -3.025591588770132345e-01 -3.393313119249508070e-01 -3.760831387159896400e-01 -4.128072034244854027e-01 -4.498250995074982717e-01 -4.869253673511228508e-01 -5.240313369568554425e-01 -5.612545345307821121e-01 -5.983542365161809151e-01 -6.354826987094115420e-01 -6.727705189101043093e-01 -7.101448554057814277e-01 -7.475738429438584243e-01 -7.848527775497938785e-01 -8.221182482454747475e-01 -8.591605940206232805e-01 -8.959409429438950356e-01 -9.321340592069020659e-01 -9.679801918931425497e-01 -1.003071589380859940e+00 -1.037580698214584540e+00 -1.071075147854287923e+00 -1.103654918764668258e+00 -1.135160492229797313e+00 -1.194560683533417489e+00
-1.132320697950954802e-01 -1.272793844103254080e-01 -1.448308901620478928e-01 -1.639858265878308963e-01 -1.852395606356345981e-01 -2.086519327569677507e-01 -2.344497882701696567e-01 -2.625000415372291673e-01 -2.930028198192285438e-01 -3.259581834178336690e-01 -3.609549660631677925e-01 -3.979449770840736145e-01 -4.363514897708446472e-01 -4.759815835010259844e-01 -5.164256537376799017e-01 -5.570367459147971267e-01 -5.976670319897960937e-01 -6.379381723099505352e-01 -6.772876880012097534e-01 -7.156840043048906530e-01 -7.528976949989364398e-01 -7.888495907579935462e-01 -8.232690240942519555e-01 -8.563440074566645022e-01 -8.877529206821301866e-01 -9.176093730559536921e-01 -9.455072107962322336e-01 -9.714909489249122787e-01 -9.953472152575648657e-01 -1.030210366433939484e+00
1.213548162405809761e-01 1.545583661419594745e-01 1.878256968488104806e-01 2.217928550599176929e-01 2.560967460059760947e-01 2.903848912630765389e-01 3.243418826804284616e-01 3.576624522082499924e-01 3.899296867000831002e-01 4.213978502419054584e-01 4.515998773947749179e-01 4.802894865615462971e-01 5.076169125106625435e-01 5.331124639939859300e-01 5.567792252494381255e-01 5.789966446111496357e-01 5.994616225580323698e-01 6.182556123922775537e-01 6.354104669005469219e-01 6.511579003067545779e-01 6.655451204649589503e-01 6.788340326059684182e-01 6.910641013905736152e-01 7.028046690139062580e-01 7.139861271282801347e-01 7.249702521067779015e-01 7.358709533321148299e-01 7.469668642942915993e-01 7.583831270852179340e-01 7.855431286611962438e-01
5.907711616269377061e-03 -6.538852781694838578e-04 -6.353696696797382637e-03 -1.155931484477873764e-02 -1.630917835877472924e-02 -2.046078006390965667e-02 -2.410188773152436778e-02 -2.721119014216742682e-02 -2.988242663305537561e-02 -3.224040910992616304e-02 -3.451860332540123560e-02 -3.677853336788099170e-02 -3.930006286074806676e-02 -4.220017361202910849e-02 -4.582250189865953727e-02 -5.038394282966240229e-02 -5.608435565455840988e-02 -6.307168195610474148e-02 -7.141566650488290202e-02 -8.123959631439585383e-02 -9.248865944510353820e-02 -1.051218802931267321e-01 -1.190309845746406470e-01 -1.341325929560014951e-01 -1.502908272535984913e-01 -1.675220704308860997e-01 -1.855541263001053154e-01 -2.043492737166960060e-01 -2.238490272931623060e-01 -2.723740288899915152e-01
