5.290006995201110840e-01
5.112827420234680176e-01
1.209506630897521973e+00
2.174201160669326782e-01
-1.139459490776062012e+00
3.815874159336090088e-01
-1.301066517829895020e+00
2.218951731920242310e-01
-7.306107282638549805e-01
-1.333177208900451660e+00
-7.061161398887634277e-01
3.258815407752990723e-01
-1.453550696372985840e+00
-3.137929439544677734e-01
8.993633091449737549e-02
-1.418494820594787598e+00
-1.480662345886230469e+00
-1.033940911293029785e+00
-3.598506152629852295e-01
7.182489633560180664e-01
9.448213577270507812e-01
-1.085382699966430664e+00
2.318526804447174072e-01
1.243986725807189941e+00
1.282245397567749023e+00
-1.665318161249160767e-01
6.347168684005737305e-01
-1.869386136531829834e-01
-1.153965950012207031e+00
1.983004093170166016e+00
-3.361908197402954102e-01
-2.123717308044433594e+00
-7.965018153190612793e-01
1.512465000152587891e+00
-5.586046352982521057e-02
9.612361192703247070e-01
1.830776482820510864e-01
7.595114707946777344e-01
-3.340066671371459961e-01
-6.503098607063293457e-01
-4.853081703186035156e-01
-9.020237922668457031e-01
1.108070313930511475e-01
1.119157075881958008e+00
1.407060146331787109e+00
1.065639138221740723e+00
3.422946929931640625e-01
5.812501311302185059e-01
4.568702280521392822e-01
-2.556823015213012695e+00
7.027903199195861816e-01
2.024769067764282227e+00
-1.003120422363281250e+00
-2.880585670471191406e+00
-2.170227319002151489e-01
