1.416721343994140625e+00
-5.633499622344970703e-01
6.353652477264404297e-01
5.475166440010070801e-01
-1.436243534088134766e+00
-5.119109153747558594e-01
5.451971292495727539e-01
-2.616711258888244629e-01
9.232379198074340820e-01
-1.262611269950866699e+00
9.232904314994812012e-01
-3.313140273094177246e-01
-4.796017110347747803e-01
9.571264386177062988e-01
-2.166206836700439453e+00
-1.127387285232543945e+00
-5.122115612030029297e-01
9.555876851081848145e-01
1.562985777854919434e+00
-1.271704077720642090e+00
-9.245024621486663818e-02
-4.134267196059226990e-02
1.901736497879028320e+00
1.039952635765075684e+00
-1.820953607559204102e+00
-3.455964028835296631e-01
1.677170872688293457e+00
-8.725298196077346802e-02
1.180752277374267578e+00
-1.056505680084228516e+00
1.553524613380432129e+00
-9.048266410827636719e-01
3.776634037494659424e-01
-5.238204002380371094e-01
-8.955193758010864258e-01
6.799734234809875488e-01
-1.044732257723808289e-01
-9.047164916992187500e-01
-1.631636321544647217e-01
4.565854668617248535e-01
9.342384338378906250e-01
1.127148941159248352e-01
3.186109960079193115e-01
2.162104994058609009e-01
-3.106590211391448975e-01
