-3.950051665306091309e-01 5.911589786410331726e-02 -4.050698578357696533e-01 -4.648016393184661865e-01 -4.494451880455017090e-01 -3.856623470783233643e-01 5.584969520568847656e-01 4.618831276893615723e-01 8.855065703392028809e-02 2.490027062594890594e-02
-3.077331781387329102e-01 3.603014647960662842e-01 -5.634272098541259766e-01 -3.347165286540985107e-01 -5.614889264106750488e-01 -6.039677262306213379e-01 1.322061661630868912e-02 3.927678167819976807e-01 1.407721042633056641e-01 -3.668513614684343338e-03
1.110239699482917786e-02 -1.241575330495834351e-01 4.321228563785552979e-01 5.167739987373352051e-01 1.550447642803192139e-01 4.405434802174568176e-02 -1.385403722524642944e-01 -4.184741675853729248e-01 -5.299708247184753418e-01 -2.846775650978088379e-01
1.808992773294448853e-01 -5.625588297843933105e-01 4.157139360904693604e-02 6.531288623809814453e-01 1.752138733863830566e-01 4.143561720848083496e-01 -1.784999221563339233e-01 -5.662242770195007324e-01 -2.771406173706054688e-01 -7.068968564271926880e-02
-3.385850191116333008e-01 5.949622392654418945e-01 -5.595185756683349609e-01 -5.304700136184692383e-01 -2.520902641117572784e-02 -2.908427119255065918e-01 -1.208613216876983643e-01 3.239580094814300537e-01 2.275311648845672607e-01 1.594921648502349854e-01
-4.073974490165710449e-01 3.672029972076416016e-01 -1.754096150398254395e-01 -3.456099331378936768e-01 1.155307516455650330e-01 -1.715786308050155640e-01 2.222720831632614136e-01 1.091070026159286499e-01 -7.603260874748229980e-02 1.141881719231605530e-01
-1.957824975252151489e-01 1.033613979816436768e-01 -5.860120654106140137e-01 -1.571714878082275391e-01 3.398811817169189453e-02 -4.030632972717285156e-01 2.275094240903854370e-01 5.227079391479492188e-01 2.688047587871551514e-01 -6.016266997903585434e-03
2.707614302635192871e-01 -2.632249593734741211e-01 6.007356569170951843e-02 2.945770621299743652e-01 2.054440379142761230e-01 1.466949470341205597e-03 -3.261328935623168945e-01 -3.406726196408271790e-02 -5.008275508880615234e-01 -7.211325317621231079e-02
5.051434636116027832e-01 -2.987714707851409912e-01 4.107245802879333496e-01 5.156526714563369751e-02 8.713252842426300049e-02 1.835408061742782593e-01 -1.394768655300140381e-01 -4.069627821445465088e-01 -1.170073971152305603e-01 7.894916832447052002e-02
4.286076128482818604e-01 -3.346995711326599121e-01 -2.489861287176609039e-02 8.751346170902252197e-02 -1.012772787362337112e-02 -2.209114097058773041e-02 -3.936460614204406738e-01 -2.157335281372070312e-01 -1.369236111640930176e-01 1.159344315528869629e-01
