-6.350372731685638428e-02
2.008626051247119904e-02
-2.538504544645547867e-03
1.350385881960391998e-02
-3.500785678625106812e-02
1.729120849631726742e-04
-3.854520618915557861e-02
8.624570444226264954e-03
3.257535025477409363e-02
-1.041751448065042496e-02
-6.931499578058719635e-03
-8.560504764318466187e-03
-2.185452543199062347e-02
3.375580161809921265e-02
2.781211957335472107e-02
3.013430163264274597e-03
-2.168887108564376831e-02
1.896338723599910736e-02
-4.917536303400993347e-02
-3.477926552295684814e-02
2.769576944410800934e-02
1.346562243998050690e-02
4.288103431463241577e-03
3.388974070549011230e-02
-1.458475273102521896e-02
-6.157460156828165054e-03
-3.268313407897949219e-02
3.822568804025650024e-02
1.934019662439823151e-02
3.046494675800204277e-03
-1.258342992514371872e-02
3.450907021760940552e-02
5.619699135422706604e-02
4.081366583704948425e-02
-9.264175780117511749e-03
1.985955052077770233e-02
1.158116292208433151e-02
3.189688175916671753e-02
9.608477354049682617e-03
3.964193165302276611e-03
-4.580915346741676331e-02
-9.328575804829597473e-03
9.865513071417808533e-03
-3.016157075762748718e-02
-4.653301462531089783e-02
-3.523325547575950623e-02
-6.565399933606386185e-03
-1.236097328364849091e-02
1.472787093371152878e-02
7.746063172817230225e-03
7.903203368186950684e-02
4.377338569611310959e-03
4.741996526718139648e-03
2.184719592332839966e-02
-4.403366521000862122e-02
3.625855222344398499e-02
8.292497135698795319e-03
-3.196551278233528137e-02
-5.054571852087974548e-02
4.303099121898412704e-03
-4.658239707350730896e-02
1.692851772531867027e-03
-1.657958514988422394e-02
2.241159230470657349e-02
-3.116856329143047333e-03
-2.882147394120693207e-02
-2.131822705268859863e-02
7.056355476379394531e-02
-4.271735623478889465e-02
-1.961066387593746185e-02
-5.325455591082572937e-02
-3.741686418652534485e-02
3.499221429228782654e-02
3.292701393365859985e-02
2.929676556959748268e-03
-1.576800644397735596e-02
4.811833053827285767e-02
4.842482507228851318e-03
-2.568906731903553009e-02
-3.324554860591888428e-02
1.500778831541538239e-02
2.899256907403469086e-02
-4.559817537665367126e-02
-6.104597705416381359e-04
-3.499382361769676208e-02
4.298155382275581360e-02
-4.284737631678581238e-03
-3.692321479320526123e-02
2.481076307594776154e-02
-1.630411669611930847e-02
-5.230662599205970764e-02
-5.665191449224948883e-03
5.114972218871116638e-02
4.018406383693218231e-03
-4.279392957687377930e-02
-4.234874621033668518e-02
4.632100090384483337e-02
-2.701449394226074219e-02
-4.079817980527877808e-02
2.139409072697162628e-02
