-1.008049771189689636e-01
1.743818372488021851e-01
7.010181993246078491e-02
-2.807546965777873993e-02
2.770499512553215027e-02
-8.588419854640960693e-02
6.213491037487983704e-02
-3.583430498838424683e-02
-1.161303892731666565e-01
-1.256435513496398926e-01
1.872486323118209839e-01
3.474446013569831848e-02
1.447683423757553101e-01
-9.404387325048446655e-02
3.927407786250114441e-02
-9.208922088146209717e-02
1.679841428995132446e-01
1.393800526857376099e-01
-1.706680953502655029e-01
2.092987447977066040e-01
-1.038854345679283142e-01
2.018054127693176270e-01
6.527201831340789795e-02
-6.677129864692687988e-02
-2.229274436831474304e-02
-1.729704886674880981e-01
4.518292099237442017e-02
1.236305907368659973e-01
4.432595148682594299e-02
-7.454358786344528198e-02
8.267385512590408325e-02
5.089033022522926331e-02
1.715862751007080078e-01
9.850654006004333496e-02
-7.015983015298843384e-02
-1.349781751632690430e-01
8.507573604583740234e-02
-1.575577259063720703e-01
-6.289098411798477173e-02
-6.426743417978286743e-02
-1.246073022484779358e-01
1.005731076002120972e-01
-2.043559402227401733e-01
1.784226484596729279e-02
-8.226501196622848511e-02
1.202673763036727905e-01
1.498372852802276611e-02
2.734773047268390656e-02
1.692204386927187443e-04
-4.820388182997703552e-02
1.084235981106758118e-01
8.359285444021224976e-02
1.485387831926345825e-01
-6.426380481570959091e-03
4.765905439853668213e-03
-1.409270465373992920e-01
-7.773230224847793579e-02
-5.874389410018920898e-02
-8.523552864789962769e-02
-1.489683389663696289e-01
1.799301058053970337e-02
1.008527129888534546e-01
1.035732850432395935e-01
1.691649109125137329e-01
1.240454912185668945e-01
1.917736604809761047e-02
-1.044954080134630203e-02
-1.307955086231231689e-01
-9.140417724847793579e-02
3.549085557460784912e-02
-2.530870959162712097e-03
5.317741632461547852e-02
-7.468202710151672363e-02
1.589625924825668335e-01
5.217487365007400513e-02
-2.102005779743194580e-01
-1.210973113775253296e-01
1.152966450899839401e-02
-2.421445585787296295e-02
3.091059997677803040e-02
-1.177567243576049805e-01
2.887334302067756653e-02
3.473464399576187134e-02
1.294403970241546631e-01
-1.724067181348800659e-01
1.899620890617370605e-01
7.250909507274627686e-02
-1.909411400556564331e-01
-1.977051794528961182e-01
9.970667958259582520e-02
6.804284453392028809e-02
1.462455689907073975e-01
1.299105286598205566e-01
1.915146708488464355e-01
-4.921828210353851318e-02
-4.780645295977592468e-02
1.669915765523910522e-01
-1.760222613811492920e-01
-6.579339504241943359e-02
6.188606098294258118e-02
