-2.786021828651428223e-01 1.155354827642440796e-01 1.829017400741577148e-01 1.119659394025802612e-01 -2.441289871931076050e-01 2.528524212539196014e-02 2.765118703246116638e-02 1.328663527965545654e-01 -7.778839021921157837e-02 2.638708353042602539e-01 -2.350760847330093384e-01 -1.228252351284027100e-01
-1.701085455715656281e-02 2.620901465415954590e-01 2.735656797885894775e-01 -8.423162996768951416e-02 1.366903632879257202e-01 1.195131987333297729e-01 1.204548478126525879e-01 9.136519581079483032e-02 5.703620612621307373e-02 -1.807899624109268188e-01 3.290109038352966309e-01 -6.967445462942123413e-02
-1.531891077756881714e-01 3.561420440673828125e-01 -1.131637915968894958e-01 -2.276201099157333374e-01 2.446012347936630249e-01 -3.511615395545959473e-01 -2.711245119571685791e-01 -3.077184259891510010e-01 -2.996280789375305176e-01 -2.434849888086318970e-01 1.886525899171829224e-01 1.223747506737709045e-01
3.364839553833007812e-01 -2.190046161413192749e-01 -1.261685341596603394e-01 5.626254901289939880e-02 1.846773922443389893e-01 6.071441248059272766e-02 -1.589634269475936890e-01 -2.301095426082611084e-01 -1.678012609481811523e-01 -2.287786751985549927e-01 -2.282032072544097900e-01 2.174217626452445984e-02
-3.211726844310760498e-01 2.494332492351531982e-01 -3.824422657489776611e-01 1.268498599529266357e-01 -1.197681576013565063e-02 1.442257221788167953e-02 2.412188798189163208e-01 -2.056474089622497559e-01 -3.734371364116668701e-01 2.691974490880966187e-02 3.122919499874114990e-01 9.332530945539474487e-02
-2.821905016899108887e-01 2.156858593225479126e-01 -3.452796936035156250e-01 -1.144263967871665955e-01 -1.271327286958694458e-01 1.547853946685791016e-01 1.271828711032867432e-01 -1.050523072481155396e-01 -8.902922272682189941e-02 -1.895314007997512817e-01 -1.241778060793876648e-01 1.136225275695323944e-02
-6.935981661081314087e-02 -9.651685506105422974e-02 -2.537616789340972900e-01 1.888206154108047485e-01 -4.352662339806556702e-02 -7.192499935626983643e-02 2.225255370140075684e-01 2.237001061439514160e-02 2.548764646053314209e-01 -1.874969899654388428e-02 -2.395975440740585327e-01 1.334661990404129028e-01
2.091220915317535400e-01 1.668704897165298462e-01 1.224151998758316040e-01 -6.734067201614379883e-02 -2.272699326276779175e-01 1.827605366706848145e-01 -2.509914934635162354e-01 2.781557738780975342e-01 1.794539391994476318e-01 1.313658803701400757e-01 -2.505315542221069336e-01 -2.374711036682128906e-01
-1.595771908760070801e-01 2.753483057022094727e-01 3.269649147987365723e-01 2.288211733102798462e-01 3.090008199214935303e-01 -6.960599869489669800e-02 2.016112804412841797e-01 -6.676928699016571045e-02 5.024779960513114929e-02 -1.130443140864372253e-01 1.598230898380279541e-01 2.690213620662689209e-01
3.541942536830902100e-01 -2.104741185903549194e-01 3.582451045513153076e-01 -1.644800901412963867e-01 -1.026490982621908188e-02 5.116349458694458008e-01 3.567694127559661865e-01 -3.639509677886962891e-01 3.659197390079498291e-01 4.361968636512756348e-01 -2.776838839054107666e-01 3.098642267286777496e-02
1.912250369787216187e-01 2.022241950035095215e-01 -1.311068534851074219e-01 3.016019165515899658e-01 4.009826779365539551e-01 -3.896611630916595459e-01 -3.797440230846405029e-01 2.820861935615539551e-01 -5.409950762987136841e-02 -2.124888002872467041e-01 -2.610625028610229492e-01 8.139867335557937622e-02
6.368247866630554199e-01 -2.348378747701644897e-01 1.322241425514221191e-01 2.782175317406654358e-02 -4.278549551963806152e-01 -2.125785499811172485e-01 -6.711250543594360352e-01 -5.979505777359008789e-01 -3.727413117885589600e-01 -4.916799664497375488e-01 3.000358045101165771e-01 -1.354096680879592896e-01
1.794819533824920654e-01 -7.066525518894195557e-02 1.302677839994430542e-01 -1.757279224693775177e-02 1.447518169879913330e-01 2.572855155449360609e-04 1.566836610436439514e-02 1.367838531732559204e-01 -3.731108456850051880e-02 -2.605106532573699951e-01 -6.582534313201904297e-02 1.681804955005645752e-01
-2.724435627460479736e-01 -2.868525683879852295e-02 -2.748805582523345947e-01 1.805953830480575562e-01 -1.348486542701721191e-01 -1.039376854896545410e-01 4.543796181678771973e-02 -4.436848685145378113e-02 -2.778470218181610107e-01 1.808268874883651733e-01 -6.695459783077239990e-02 -2.420436441898345947e-01
-6.162353977560997009e-02 -1.485111117362976074e-01 1.558046787977218628e-01 3.375444114208221436e-01 3.759598731994628906e-01 -7.733434438705444336e-02 2.009563595056533813e-01 -7.560451626777648926e-01 -5.329895019531250000e-01 -1.666744351387023926e-01 -2.757724523544311523e-01 2.139278501272201538e-01
-1.613174438476562500e+00 6.431150436401367188e-02 -2.598664350807666779e-02 4.924584031105041504e-01 -7.003883123397827148e-01 -1.093389034271240234e+00 5.395172238349914551e-01 1.615160256624221802e-01 6.108986735343933105e-01 5.295070633292198181e-02 -6.818812340497970581e-02 -2.661629617214202881e-01
-8.208459615707397461e-02 8.761455863714218140e-02 1.502238810062408447e-01 -2.018834352493286133e-01 -1.834473609924316406e-01 -1.479045897722244263e-01 1.557773537933826447e-02 -1.924173384904861450e-01 1.977715194225311279e-01 -2.321346402168273926e-01 -2.676911652088165283e-01 1.688479334115982056e-01
2.405767589807510376e-01 -3.091372549533843994e-01 -1.863967925310134888e-01 2.869292497634887695e-01 1.543169468641281128e-01 -2.890673279762268066e-01 1.754402667284011841e-01 3.098195195198059082e-01 2.469324916601181030e-01 1.685475856065750122e-01 9.884777665138244629e-02 -1.304044872522354126e-01
2.965973615646362305e-01 -2.965091764926910400e-01 7.769773155450820923e-02 1.481769680976867676e-01 -8.238641917705535889e-02 -4.893588833510875702e-03 -6.664041429758071899e-02 2.037084251642227173e-01 2.546008229255676270e-01 -1.125605255365371704e-01 -1.635945141315460205e-01 -2.259333133697509766e-01
-1.520426869392395020e-01 1.243096292018890381e-01 -7.712844759225845337e-02 7.465190254151821136e-03 -2.116668820381164551e-01 -8.552909642457962036e-02 -1.539281010627746582e-01 -2.495156787335872650e-02 -2.467380836606025696e-02 1.321921795606613159e-01 -9.196678549051284790e-02 8.027864992618560791e-02
-1.541867405176162720e-01 3.528522700071334839e-02 1.018519997596740723e-01 4.414867460727691650e-01 4.107545018196105957e-01 -3.789538443088531494e-01 -2.017519772052764893e-01 -3.061822056770324707e-01 1.481572985649108887e-01 2.322588264942169189e-01 3.158100545406341553e-01 -5.609978362917900085e-02
2.715070545673370361e-01 -1.033665910363197327e-01 -3.900157287716865540e-02 -6.477041542530059814e-02 5.651305243372917175e-02 8.961550146341323853e-02 -8.331179618835449219e-02 -1.167692169547080994e-01 1.097369939088821411e-01 1.924565732479095459e-01 1.345246583223342896e-01 1.475841701030731201e-01
1.645916700363159180e-01 8.539937436580657959e-02 -2.446667253971099854e-01 1.646157167851924896e-02 1.837964504957199097e-01 -1.909261383116245270e-02 2.472439408302307129e-01 -1.432507783174514771e-01 -1.280982643365859985e-01 3.191632404923439026e-02 -1.498912125825881958e-01 -2.516843676567077637e-01
-1.577026993036270142e-01 -2.559544444084167480e-01 2.051298320293426514e-01 1.147887036204338074e-01 1.556625962257385254e-01 -2.720061130821704865e-02 1.454028785228729248e-01 4.036738350987434387e-02 8.298485539853572845e-03 -1.472315639257431030e-01 -2.059544026851654053e-01 -5.711586028337478638e-02
-2.589791268110275269e-02 -2.856821753084659576e-02 -6.834752112627029419e-02 -1.544458270072937012e-01 -3.529506623744964600e-01 2.944285869598388672e-01 1.990677863359451294e-01 -6.322378665208816528e-02 1.915980577468872070e-01 -3.589004650712013245e-02 -2.920928597450256348e-01 1.511516571044921875e-01
-2.721281349658966064e-01 1.262758374214172363e-01 1.686432510614395142e-01 2.111085057258605957e-01 -1.228810399770736694e-01 8.779936283826828003e-02 1.476523429155349731e-01 6.288700271397829056e-03 6.728754937648773193e-02 2.019178681075572968e-02 6.876475363969802856e-02 -1.362811923027038574e-01
-2.447703480720520020e-01 -2.075081318616867065e-01 1.378381699323654175e-01 7.330696284770965576e-02 2.932100892066955566e-01 -2.480110526084899902e-01 8.922262932173907757e-04 5.076443403959274292e-02 -1.007421910762786865e-01 1.164211481809616089e-01 2.365531772375106812e-01 9.900099039077758789e-02
-3.509593605995178223e-01 9.003301709890365601e-02 -4.845949262380599976e-02 1.050302572548389435e-02 1.525189280509948730e-01 1.918683350086212158e-01 2.929614782333374023e-01 3.519440889358520508e-01 3.344878554344177246e-01 3.597432672977447510e-01 -7.130227237939834595e-02 2.028031647205352783e-02
-4.687637388706207275e-01 3.333243429660797119e-01 8.388765901327133179e-02 -2.255733013153076172e-01 -2.699242234230041504e-01 -3.350023031234741211e-01 1.780946999788284302e-01 -3.673145473003387451e-01 1.674090027809143066e-01 2.293744236230850220e-01 -3.755714297294616699e-01 1.637938171625137329e-01
2.027925699949264526e-01 -2.786827981472015381e-01 2.486013248562812805e-02 9.080240875482559204e-02 -2.738121151924133301e-01 8.165541887283325195e-01 2.197449095547199249e-02 -1.834218502044677734e-01 -9.634295850992202759e-02 4.804753661155700684e-01 3.443116545677185059e-01 6.344793736934661865e-02
-2.761031985282897949e-01 1.794070005416870117e-01 -2.723632752895355225e-01 6.347025185823440552e-02 -2.177464663982391357e-01 -1.708528399467468262e-01 -6.599119864404201508e-03 -3.163086771965026855e-01 1.484806835651397705e-01 1.710236668586730957e-01 7.105791568756103516e-02 1.865855902433395386e-01
4.457451403141021729e-02 -3.161241486668586731e-02 -2.960476577281951904e-01 3.124793767929077148e-01 -2.100174129009246826e-01 -2.192476093769073486e-01 2.552842795848846436e-01 1.501910537481307983e-01 -2.691826224327087402e-01 5.733410269021987915e-02 8.683839440345764160e-02 8.069632947444915771e-02
8.215676993131637573e-02 2.225980013608932495e-01 -4.740300476551055908e-01 3.443093225359916687e-02 -7.093145698308944702e-02 2.493122220039367676e-01 5.030910298228263855e-02 1.972140967845916748e-01 1.487320754677057266e-02 7.747617363929748535e-02 1.100310161709785461e-01 1.769644170999526978e-01
1.474985331296920776e-01 -2.081454396247863770e-01 -4.297576472163200378e-02 1.993675678968429565e-01 -1.308564990758895874e-01 -5.375256016850471497e-02 4.516440257430076599e-02 4.097949340939521790e-02 1.742159575223922729e-01 1.840934753417968750e-01 1.005414724349975586e-01 -2.793841660022735596e-01
-1.866392940282821655e-01 9.928952902555465698e-03 2.575482726097106934e-01 1.108778640627861023e-01 -1.016279160976409912e-01 2.709023356437683105e-01 -1.700723320245742798e-01 2.314658612012863159e-01 1.423485726118087769e-01 -1.160755008459091187e-01 -1.279127746820449829e-01 -1.443811971694231033e-02
-4.858527798205614090e-03 1.946247667074203491e-01 -1.351608783006668091e-01 5.008813738822937012e-01 3.935099840164184570e-01 2.286173254251480103e-01 -3.801638185977935791e-01 3.746165633201599121e-01 -2.920657098293304443e-01 2.037774957716464996e-02 2.231490761041641235e-01 5.165772512555122375e-02
-5.096156597137451172e-01 -1.945818215608596802e-01 -3.135938048362731934e-01 3.774399161338806152e-01 -2.995735704898834229e-01 1.140448972582817078e-01 2.434377521276473999e-01 4.670348465442657471e-01 3.047133088111877441e-01 -1.473124045878648758e-02 -4.937633275985717773e-01 9.005438536405563354e-02
1.702506840229034424e-02 -3.591548502445220947e-01 6.300225108861923218e-02 2.769067585468292236e-01 -2.899866551160812378e-02 -9.679993987083435059e-02 -2.339443862438201904e-01 9.617348015308380127e-02 5.529330298304557800e-02 -2.676910534501075745e-02 -8.744074404239654541e-02 2.368084639310836792e-01
2.114895582199096680e-01 -2.065268009901046753e-01 2.302388101816177368e-01 1.615802757441997528e-02 3.324332237243652344e-01 -3.200792148709297180e-02 -2.827029228210449219e-01 -5.283930897712707520e-01 -7.421158254146575928e-02 -4.822586774826049805e-01 -1.174563821405172348e-02 2.061277329921722412e-01
-3.549988567829132080e-01 1.868475675582885742e-01 -7.586228847503662109e-02 -3.031969368457794189e-01 4.067276120185852051e-01 -1.737220883369445801e-01 -1.520573198795318604e-01 -3.190690577030181885e-01 -1.215462163090705872e-01 -2.593069374561309814e-01 3.644466102123260498e-01 -9.740374982357025146e-02
1.175274103879928589e-01 -3.412699103355407715e-01 -1.836414188146591187e-01 2.404199540615081787e-01 -4.191852211952209473e-01 -2.254848629236221313e-01 4.432513192296028137e-02 6.633251905441284180e-03 -1.047497242689132690e-01 -1.790316849946975708e-01 2.350067794322967529e-01 -1.358423978090286255e-01
2.041747570037841797e-01 9.337299466133117676e-01 1.484616100788116455e-02 6.503769755363464355e-01 2.092003524303436279e-01 5.640298128128051758e-03 -5.461462736129760742e-01 3.792924880981445312e-01 -2.335013896226882935e-01 -2.884503901004791260e-01 8.382730185985565186e-02 2.446333020925521851e-01
2.286187410354614258e-01 -1.589702665805816650e-01 2.192599698901176453e-02 2.657506167888641357e-01 -1.910820305347442627e-01 3.466467261314392090e-01 2.426238209009170532e-01 3.162095844745635986e-01 1.189815774559974670e-01 -6.894766539335250854e-02 8.452533930540084839e-02 8.207107335329055786e-02
-2.778208255767822266e-01 -8.486308157444000244e-02 -1.953631639480590820e-01 -2.090957164764404297e-01 -4.542218893766403198e-02 -1.525231599807739258e-01 -2.325991541147232056e-01 -2.336859256029129028e-01 -5.868203938007354736e-03 -2.797730267047882080e-01 -6.405246257781982422e-02 -4.604142904281616211e-02
-2.466174066066741943e-01 -6.590707898139953613e-01 -9.305374324321746826e-02 5.606216192245483398e-01 7.662277817726135254e-01 5.824696272611618042e-02 3.871355354785919189e-01 -1.004292219877243042e-01 -5.454568266868591309e-01 1.340514123439788818e-01 -2.269333042204380035e-02 2.446934878826141357e-01
1.908092349767684937e-01 3.516224622726440430e-01 2.149077355861663818e-01 -3.206698894500732422e-01 -3.204983472824096680e-01 -8.830692619085311890e-02 1.277634650468826294e-01 1.288369745016098022e-01 -1.754157543182373047e-01 -1.565552651882171631e-01 1.493247747421264648e-01 3.272647038102149963e-02
2.570889294147491455e-01 1.446485985070466995e-02 2.650674879550933838e-01 6.002064794301986694e-02 -1.834113150835037231e-01 -9.769429266452789307e-02 -7.493021339178085327e-02 2.410005480051040649e-01 -2.095742821693420410e-01 -1.682289317250251770e-02 -1.803364753723144531e-01 -3.626128286123275757e-02
2.366417348384857178e-01 4.386683925986289978e-02 -2.613182663917541504e-01 -4.177956655621528625e-02 -2.214364856481552124e-01 -4.565431550145149231e-02 -2.099466025829315186e-01 -1.603470009285956621e-04 -1.736298352479934692e-01 -1.969984769821166992e-01 -2.078192979097366333e-01 1.842171549797058105e-01
1.082441136240959167e-01 -4.676057025790214539e-02 -3.771114721894264221e-02 1.141619607806205750e-01 -1.305512487888336182e-01 8.897092938423156738e-02 -1.496429443359375000e-01 -7.669575512409210205e-02 -7.649875432252883911e-02 1.697319149971008301e-01 -2.753696143627166748e-01 -1.797880381345748901e-01
3.362854719161987305e-01 2.321739196777343750e-01 2.127048969268798828e-01 1.423605531454086304e-01 -1.443232991732656956e-03 -6.077191233634948730e-02 1.131334714591503143e-02 -8.753183484077453613e-02 -1.664336174726486206e-01 2.277060300111770630e-01 2.694209814071655273e-01 1.803270727396011353e-02
-1.075217425823211670e-01 -3.554560542106628418e-01 -2.732164263725280762e-01 1.290990710258483887e-01 -3.159065246582031250e-01 -2.377395480871200562e-01 2.888550162315368652e-01 -1.067991554737091064e-01 -2.276480346918106079e-01 2.247592210769653320e-01 1.535887867212295532e-01 -1.504495888948440552e-01
-4.373860731720924377e-02 -2.062099725008010864e-01 7.125998288393020630e-02 -3.177611157298088074e-02 1.583656519651412964e-01 -6.167680770158767700e-02 3.285793587565422058e-02 7.082225382328033447e-02 1.377062201499938965e-01 -2.822088301181793213e-01 1.826815754175186157e-01 1.505368351936340332e-01
9.644687175750732422e-02 -6.208217144012451172e-02 1.055099740624427795e-01 2.097853124141693115e-01 -2.248531728982925415e-01 1.030569821596145630e-01 -1.238493099808692932e-01 1.169783994555473328e-02 1.282438784837722778e-01 2.697941958904266357e-01 -1.996606737375259399e-01 1.734367012977600098e-01
-9.619775414466857910e-02 5.656102299690246582e-02 -1.520794034004211426e-01 9.502010047435760498e-02 1.296418160200119019e-01 -1.383733600378036499e-01 8.891673386096954346e-02 1.833340376615524292e-01 -2.295403480529785156e-01 3.290567174553871155e-02 2.004655599594116211e-01 2.238249331712722778e-01
-5.669587850570678711e-01 6.889653205871582031e-02 -4.481728374958038330e-01 -1.112795919179916382e-01 2.837658822536468506e-01 -4.712237119674682617e-01 1.885468512773513794e-02 -7.302795350551605225e-02 4.662172198295593262e-01 4.322263300418853760e-01 -1.129909884184598923e-02 -1.128979176282882690e-01
1.940816827118396759e-02 2.995546162128448486e-01 -1.839557141065597534e-01 1.731942743062973022e-01 2.670649588108062744e-01 -1.027586162090301514e-01 2.805117666721343994e-01 -1.547659188508987427e-01 9.400088340044021606e-02 -1.309898942708969116e-01 -7.344365119934082031e-02 -2.819610759615898132e-03
-3.170287702232599258e-03 2.362237572669982910e-01 1.045364215970039368e-01 -3.960047662258148193e-02 2.143563926219940186e-01 3.858111565932631493e-03 -2.583958804607391357e-01 4.566940665245056152e-02 7.168724387884140015e-02 -3.503136709332466125e-02 -1.432624757289886475e-01 -1.867927610874176025e-01
-3.083966374397277832e-01 2.625589258968830109e-02 -7.480067014694213867e-02 -4.131930768489837646e-01 -1.302261948585510254e-01 -3.127657771110534668e-01 -1.527558267116546631e-01 -1.488024294376373291e-01 -1.217950880527496338e-01 2.677518129348754883e-01 2.959154248237609863e-01 2.917472273111343384e-02
1.215840950608253479e-01 -1.075887009501457214e-01 -2.825273899361491203e-03 1.377939805388450623e-02 1.779950708150863647e-01 -1.811175048351287842e-01 -3.897817805409431458e-02 1.059732213616371155e-01 1.371525079011917114e-01 8.924228139221668243e-03 1.096690148115158081e-01 5.523338168859481812e-02
-2.766319513320922852e-01 -3.397880792617797852e-01 -4.394771158695220947e-01 -2.276022732257843018e-01 3.415637612342834473e-01 -2.100099772214889526e-01 -3.300416767597198486e-01 1.914332434535026550e-02 -4.544944167137145996e-01 -2.060954272747039795e-01 -2.297728881239891052e-02 -2.394662424921989441e-02
-1.631967425346374512e-01 1.936853379011154175e-01 3.426639437675476074e-01 1.663616299629211426e-01 -3.774858266115188599e-02 2.447169870138168335e-01 7.022185623645782471e-02 -2.647519707679748535e-01 -1.280687600374221802e-01 2.116858065128326416e-01 -2.361286245286464691e-02 -2.687560021877288818e-01
1.221440825611352921e-02 -1.550447791814804077e-01 1.940409466624259949e-02 -6.776943057775497437e-02 -2.111955881118774414e-01 1.001498624682426453e-01 3.714825585484504700e-02 1.964903473854064941e-01 -2.855751477181911469e-02 1.788871437311172485e-01 -5.615551397204399109e-02 -6.358821690082550049e-02
-2.579240202903747559e-01 -2.282995544373989105e-02 8.713461458683013916e-02 -1.757736951112747192e-01 1.575581729412078857e-02 -1.194626688957214355e-01 1.674306988716125488e-01 -2.157635539770126343e-01 -1.196323707699775696e-01 -1.949244365096092224e-02 1.975152492523193359e-01 -2.851748764514923096e-01
-4.412917047739028931e-02 -2.883085794746875763e-02 -1.882044523954391479e-01 -1.242593005299568176e-01 -2.492514103651046753e-01 9.733042865991592407e-02 -2.356693744659423828e-01 -1.756760478019714355e-01 3.466397821903228760e-01 -1.023671180009841919e-01 -2.014668583869934082e-01 1.177982985973358154e-01
1.025907099246978760e-01 2.703794240951538086e-01 -3.211721181869506836e-01 3.077756762504577637e-01 -2.075848281383514404e-01 -2.525103390216827393e-01 -2.748984992504119873e-01 -2.521485090255737305e-01 2.859815657138824463e-01 -1.983311921358108521e-01 -3.121313452720642090e-01 -2.383087575435638428e-01
6.918552517890930176e-02 2.462502717971801758e-01 2.918301820755004883e-01 3.542753458023071289e-01 -1.169465407729148865e-01 -4.887157306075096130e-02 -2.463532537221908569e-01 -3.782742470502853394e-02 2.046909630298614502e-01 9.602269157767295837e-03 3.381552994251251221e-01 2.383972406387329102e-01
3.259759247303009033e-01 1.310473680496215820e-01 1.992174237966537476e-01 2.345680743455886841e-01 1.957893967628479004e-01 -2.266203314065933228e-01 1.107161343097686768e-01 -1.889163404703140259e-01 1.344196647405624390e-01 1.305513083934783936e-01 -1.494069695472717285e-01 4.682262241840362549e-02
-3.587901890277862549e-01 -3.370632976293563843e-02 5.448403954505920410e-02 3.019596040248870850e-01 -3.698696792125701904e-01 -1.732785850763320923e-01 1.128515526652336121e-01 -3.358661234378814697e-01 -2.582823634147644043e-01 -2.403867691755294800e-01 3.868743032217025757e-02 8.280686289072036743e-02
-4.307926893234252930e-01 1.986497938632965088e-01 -2.696113288402557373e-01 2.010446041822433472e-01 3.488979637622833252e-01 -3.494265079498291016e-01 -2.533242106437683105e-01 -6.455444730818271637e-03 -5.843853577971458435e-02 4.200990498065948486e-01 4.833108484745025635e-01 1.844056695699691772e-01
5.601067468523979187e-02 2.354734539985656738e-01 2.429101616144180298e-01 3.667446672916412354e-01 -3.831507265567779541e-01 5.520965456962585449e-01 2.575135827064514160e-01 1.286988258361816406e-01 -1.813925206661224365e-01 3.924880623817443848e-01 2.528617680072784424e-01 -2.783406376838684082e-01
-4.082779586315155029e-01 -6.048370897769927979e-02 -1.540469676256179810e-01 2.393761277198791504e-01 -2.034207582473754883e-01 -5.302207469940185547e-01 4.576891660690307617e-01 4.082646965980529785e-01 -3.971002995967864990e-02 -2.252036631107330322e-01 8.806663006544113159e-02 3.623065724968910217e-02
2.674270272254943848e-01 2.547471523284912109e-01 -2.970612235367298126e-02 2.616991400718688965e-01 -3.743491470813751221e-01 -1.119854860007762909e-02 -1.306889653205871582e-01 -3.354546427726745605e-01 -3.588174581527709961e-01 -1.227466315031051636e-01 -1.691079139709472656e-01 -1.737177073955535889e-01
2.771731317043304443e-01 -3.641058504581451416e-01 -7.704249769449234009e-02 2.270999103784561157e-01 -5.721711739897727966e-02 -2.830145359039306641e-01 2.278786152601242065e-01 -2.854139506816864014e-01 2.598273754119873047e-01 2.229133993387222290e-01 -3.678538501262664795e-01 5.735826119780540466e-02
3.037588894367218018e-01 6.137346625328063965e-01 1.360760442912578583e-02 2.792182862758636475e-01 -1.016952097415924072e-01 -8.418543636798858643e-02 1.172445937991142273e-01 -2.467392235994338989e-01 -1.927121579647064209e-01 -2.799215912818908691e-01 1.248700544238090515e-01 1.248992234468460083e-01
-6.519303917884826660e-01 -2.675333917140960693e-01 -6.158671155571937561e-02 4.827243089675903320e-01 -4.787216484546661377e-01 4.354014992713928223e-02 -6.672045588493347168e-02 1.981536597013473511e-01 4.746335148811340332e-01 -1.347680538892745972e-01 -1.139421537518501282e-01 -1.690008305013179779e-02
-3.655958473682403564e-01 2.654361426830291748e-01 2.825009822845458984e-01 -2.752170264720916748e-01 1.538784801959991455e-01 2.286166399717330933e-01 -1.588859111070632935e-01 -4.372804462909698486e-01 -3.074701428413391113e-01 5.901792645454406738e-02 4.421497881412506104e-01 1.556476652622222900e-01
-1.069686710834503174e-01 -6.880749017000198364e-02 -2.295166850090026855e-01 4.091452062129974365e-02 -1.860749125480651855e-01 2.439057528972625732e-01 -1.656792610883712769e-01 -1.110478788614273071e-01 -6.593095511198043823e-02 -1.781016886234283447e-01 -3.952996805310249329e-02 1.857202202081680298e-01
-2.578968107700347900e-01 -1.251446157693862915e-01 -3.105770349502563477e-01 6.249474734067916870e-02 2.484378367662429810e-01 1.780023425817489624e-01 -9.544965624809265137e-02 -1.977436989545822144e-01 2.465585470199584961e-01 3.237760961055755615e-01 5.936681479215621948e-02 9.527234733104705811e-02
5.937910079956054688e-01 1.152793690562248230e-01 -3.947012871503829956e-02 -6.409695148468017578e-01 1.432668566703796387e-01 -4.251607954502105713e-01 -6.240299940109252930e-01 5.422948002815246582e-01 -3.412403762340545654e-01 -1.448775529861450195e-01 -5.968772768974304199e-01 -5.312581360340118408e-02
-1.400385499000549316e-01 2.330473214387893677e-01 3.082667291164398193e-01 -2.436279058456420898e-01 -2.837915718555450439e-01 3.018512427806854248e-01 -2.762875258922576904e-01 -1.470820009708404541e-01 8.237827569246292114e-02 -3.277662098407745361e-01 -2.732834517955780029e-01 1.120458357036113739e-02
-9.819823503494262695e-02 -2.411273270845413208e-01 2.015293687582015991e-01 2.747108042240142822e-01 -2.958572506904602051e-01 -1.440309137105941772e-01 6.761774420738220215e-02 -7.808615267276763916e-02 1.417085081338882446e-01 5.911081656813621521e-02 2.955152839422225952e-02 1.952603459358215332e-01
7.162551581859588623e-02 -1.239017993211746216e-01 -2.411239147186279297e-01 1.321529000997543335e-01 -2.436969578266143799e-01 1.338111162185668945e-01 7.319962605834007263e-03 3.270697593688964844e-01 2.072163969278335571e-01 -3.404830992221832275e-01 1.147473324090242386e-02 -1.607557944953441620e-02
7.021991163492202759e-02 -7.885973900556564331e-02 5.877904593944549561e-02 7.580275088548660278e-02 -2.711869180202484131e-01 -1.782137900590896606e-01 1.893277615308761597e-01 -1.789533346891403198e-01 5.061830952763557434e-02 5.371574312448501587e-02 8.814822137355804443e-02 -1.246021986007690430e-01
-1.285825967788696289e-01 -1.379599869251251221e-01 -1.060603857040405273e-01 2.371197789907455444e-01 2.089451402425765991e-01 6.822419166564941406e-02 -7.530454080551862717e-03 -1.757647469639778137e-02 3.886841982603073120e-02 -1.581153869628906250e-01 -2.493570595979690552e-01 -2.236326336860656738e-01
-1.366459131240844727e-01 4.725313920062035322e-04 1.377414911985397339e-01 8.434373885393142700e-02 -1.624956354498863220e-02 -1.316889077425003052e-01 -8.948487043380737305e-02 -5.926551297307014465e-02 1.155739799141883850e-01 -5.152517184615135193e-02 3.077529929578304291e-02 -5.282856151461601257e-02
-3.139087855815887451e-01 2.023704349994659424e-01 9.184301495552062988e-01 5.304612517356872559e-01 8.989470601081848145e-01 -6.854675710201263428e-02 -3.651442229747772217e-01 2.042713314294815063e-01 6.805709004402160645e-01 -2.159743905067443848e-01 -3.185350894927978516e-01 -1.193546876311302185e-01
-1.202942654490470886e-01 9.531519562005996704e-02 1.106106489896774292e-01 7.034789770841598511e-02 4.100728034973144531e-02 -1.975510865449905396e-01 1.462460011243820190e-01 -8.654745668172836304e-02 -1.178088970482349396e-02 3.847183659672737122e-02 1.463486701250076294e-01 -7.606780529022216797e-02
5.294320732355117798e-02 -1.560532953590154648e-02 -2.249255478382110596e-01 -1.919406652450561523e-02 3.005883395671844482e-01 -9.752601035870611668e-04 8.537861704826354980e-02 -1.330491248518228531e-02 1.944252848625183105e-01 -1.874859631061553955e-01 2.158903777599334717e-01 1.023148093372583389e-02
-7.240098118782043457e-01 -9.821516275405883789e-01 9.416943788528442383e-01 3.055768609046936035e-01 -3.641034364700317383e-01 -3.071054220199584961e-01 -4.152175188064575195e-01 6.003042683005332947e-02 4.300111830234527588e-01 8.631539344787597656e-02 5.850838124752044678e-02 -6.601421535015106201e-02
3.531519696116447449e-02 1.081287488341331482e-01 -5.291813984513282776e-02 5.849753320217132568e-02 -3.299684524536132812e-01 1.685973703861236572e-01 -9.043704718351364136e-03 -2.728387415409088135e-01 2.873147130012512207e-01 -1.566005200147628784e-01 -2.775403484702110291e-02 -2.067602872848510742e-01
1.422168686985969543e-02 -1.773064583539962769e-01 2.034161537885665894e-01 3.982761204242706299e-01 2.632430195808410645e-01 -2.931207418441772461e-01 1.576025635004043579e-01 3.008554130792617798e-02 -2.655619382858276367e-01 2.331730425357818604e-01 -1.266784071922302246e-01 1.246037185192108154e-01
-7.916137576103210449e-02 -3.556955456733703613e-01 2.853624336421489716e-02 -2.630651593208312988e-01 -1.669209599494934082e-01 1.674603670835494995e-02 9.210019558668136597e-02 -3.174851008225232363e-04 -1.099498644471168518e-01 1.056599393486976624e-01 -2.660278379917144775e-01 2.741692066192626953e-01
-1.123167634010314941e+00 -5.483024716377258301e-01 -1.690678000450134277e+00 1.453715562820434570e+00 -6.871744990348815918e-01 -2.272656410932540894e-01 9.451766014099121094e-01 -5.636421442031860352e-01 7.886560261249542236e-02 7.677331566810607910e-02 -1.759207341820001602e-03 2.601733244955539703e-02
-1.310426443815231323e-01 8.295844495296478271e-02 -4.192959144711494446e-02 2.824863195419311523e-01 -2.193358913064002991e-02 1.889697909355163574e-01 2.403266429901123047e-01 1.629727929830551147e-01 1.694862097501754761e-01 1.155729889869689941e-01 -1.802815124392509460e-02 2.460121214389801025e-01
-1.547188311815261841e-01 8.252386748790740967e-02 2.724589705467224121e-01 2.550978958606719971e-01 2.809975743293762207e-01 1.656666696071624756e-01 -3.099411427974700928e-01 -8.836530148983001709e-02 -1.568963527679443359e-01 -2.181659042835235596e-01 -1.739581227302551270e-01 -1.109232902526855469e-01
-1.431553214788436890e-01 -4.216665029525756836e-01 -1.441851705312728882e-01 -6.677117664366960526e-03 -3.694846928119659424e-01 5.649124830961227417e-02 -7.152110338211059570e-02 3.457927405834197998e-01 -2.196680158376693726e-01 -3.193324208259582520e-01 3.215602934360504150e-01 -1.934569776058197021e-01
-3.218848705291748047e-01 2.319869250059127808e-01 -2.402865141630172729e-01 6.381748616695404053e-02 1.576635986566543579e-01 -2.134386748075485229e-01 -6.753081083297729492e-02 2.302344441413879395e-01 8.899844437837600708e-02 -2.842606604099273682e-01 -6.684748083353042603e-02 -1.646631769835948944e-02
-9.289829060435295105e-03 1.544041037559509277e-01 3.640479594469070435e-02 2.666424028575420380e-02 1.136261448264122009e-01 -2.821713685989379883e-01 2.304591238498687744e-01 1.650381237268447876e-01 -1.956569999456405640e-01 1.191628575325012207e-01 -1.092169433832168579e-01 -6.970283389091491699e-02
5.245835706591606140e-02 2.595176398754119873e-01 5.084605515003204346e-02 -1.084551960229873657e-01 1.569097340106964111e-01 -1.769327372312545776e-01 1.262566447257995605e-01 1.262410581111907959e-01 -1.741256266832351685e-01 2.152629643678665161e-01 2.142904996871948242e-01 1.785859316587448120e-01
2.886341139674186707e-02 1.385619640350341797e-01 1.873537153005599976e-01 -2.286318540573120117e-01 -3.005670905113220215e-01 2.820195555686950684e-01 1.568045914173126221e-01 -1.616396307945251465e-01 1.831200271844863892e-01 -1.111770644783973694e-01 -9.483993053436279297e-02 -2.073229998350143433e-01
