-8.608147501945495605e-02
1.009816229343414307e-01
3.037046641111373901e-02
-4.477552697062492371e-02
-8.750244043767452240e-03
-9.205301851034164429e-02
7.337110489606857300e-02
-2.111798338592052460e-02
-1.169216930866241455e-01
-1.524106115102767944e-01
8.758721500635147095e-02
4.897076264023780823e-02
5.963477119803428650e-02
-8.382445201277732849e-03
3.369473293423652649e-02
-7.612077891826629639e-02
8.125203847885131836e-02
1.329332441091537476e-01
-1.022948324680328369e-01
1.699426770210266113e-01
-9.574306011199951172e-02
1.559920012950897217e-01
6.926726549863815308e-02
-1.476152893155813217e-02
1.877858862280845642e-02
-1.532730907201766968e-01
-1.838300377130508423e-02
1.274428814649581909e-01
4.286033799871802330e-06
-4.350529517978429794e-03
5.417188629508018494e-02
-5.237956997007131577e-03
1.043278425931930542e-01
7.323433458805084229e-02
-1.866876520216464996e-02
-1.235170736908912659e-01
5.941889062523841858e-02
-1.466738432645797729e-01
-2.675479650497436523e-02
-3.773510083556175232e-02
-9.695329517126083374e-02
9.366316348314285278e-02
-1.502543240785598755e-01
-1.972893811762332916e-02
-8.849235624074935913e-02
1.372689306735992432e-01
4.523846507072448730e-02
-1.937661203555762768e-03
2.384182438254356384e-02
-5.031096935272216797e-02
2.692592889070510864e-02
6.018361076712608337e-02
1.328329890966415405e-01
2.906824275851249695e-02
3.929589688777923584e-02
-5.549084767699241638e-02
-2.522150753065943718e-03
-6.834615767002105713e-02
-4.789565131068229675e-02
-1.622832417488098145e-01
1.709206611849367619e-03
7.300844043493270874e-02
3.261877223849296570e-02
1.069695502519607544e-01
1.144595295190811157e-01
5.279590841382741928e-03
-1.711899414658546448e-02
-6.216618418693542480e-02
-1.620871573686599731e-01
7.181540131568908691e-02
3.301133587956428528e-02
3.384603932499885559e-02
-1.445562243461608887e-01
1.312720477581024170e-01
1.155367586761713028e-02
-1.281403154134750366e-01
-1.128136217594146729e-01
-5.272066220641136169e-03
-4.430320113897323608e-02
3.372873738408088684e-02
-7.628844678401947021e-02
-8.705516345798969269e-03
5.790208652615547180e-02
1.360851675271987915e-01
-1.861238777637481689e-01
8.882490545511245728e-02
4.521531239151954651e-02
-1.371104121208190918e-01
-1.649469286203384399e-01
1.351831406354904175e-01
2.362924069166183472e-02
1.229410693049430847e-01
5.312598124146461487e-02
1.644174754619598389e-01
-8.376131206750869751e-02
-6.798786669969558716e-02
1.570871472358703613e-01
-1.784812211990356445e-01
-6.188220158219337463e-02
-1.118546351790428162e-02
