-1.155697584152221680e+00
4.961248040199279785e-01
6.274257302284240723e-01
1.463792681694030762e+00
7.320071458816528320e-01
1.275505870580673218e-02
3.725208714604377747e-02
2.446991443634033203e+00
-1.100973844528198242e+00
3.113514482975006104e-01
-7.494850158691406250e-01
1.461871147155761719e+00
5.691166520118713379e-01
-1.810396909713745117e+00
7.974629104137420654e-02
2.252329587936401367e-01
-4.290769696235656738e-01
1.707725077867507935e-01
2.088436335325241089e-01
-4.701547324657440186e-01
-1.697803616523742676e+00
6.028527617454528809e-01
-1.357143968343734741e-01
-6.330379247665405273e-01
2.902524732053279877e-02
2.447390407323837280e-01
-1.445673346519470215e+00
-2.136492967605590820e+00
-2.511205434799194336e+00
-4.615893959999084473e-02
-6.353844404220581055e-01
6.466097235679626465e-01
1.662714362144470215e+00
-1.318625330924987793e+00
9.052791446447372437e-02
2.552183866500854492e+00
-8.885079622268676758e-01
-2.952561378479003906e-01
-1.942805528640747070e+00
1.432775616645812988e+00
-1.021276235580444336e+00
-1.456781774759292603e-01
-4.045411646366119385e-01
2.288022488355636597e-01
9.633026123046875000e-01
1.174227952957153320e+00
-2.780303955078125000e-01
1.683507323265075684e+00
-4.406475424766540527e-01
-2.267573595046997070e+00
-1.533815562725067139e-01
-1.053082346916198730e+00
1.709378361701965332e-01
7.777604460716247559e-01
1.510143995285034180e+00
1.502886295318603516e+00
1.722775578498840332e+00
-1.916129469871520996e+00
9.341463446617126465e-01
1.046675682067871094e+00
-4.278500676155090332e-01
-1.589686751365661621e+00
-9.812271595001220703e-01
-1.694044947624206543e+00
9.305369853973388672e-01
-1.100556612014770508e+00
2.686898410320281982e-01
6.269782185554504395e-01
6.869148463010787964e-02
-7.344748973846435547e-01
1.555188417434692383e+00
2.752607464790344238e-01
-2.051029801368713379e-01
1.229710102081298828e+00
2.180100381374359131e-01
1.779451012611389160e+00
-1.017517685890197754e+00
2.468094080686569214e-01
-1.037163853645324707e+00
-9.159516096115112305e-01
1.037320375442504883e+00
4.248389005661010742e-01
4.492779728025197983e-03
-1.705320000648498535e+00
-1.273988962173461914e+00
-4.070011675357818604e-01
-1.775961816310882568e-01
-1.270976901054382324e+00
-1.058862209320068359e+00
5.384560227394104004e-01
-1.572832107543945312e+00
9.370645880699157715e-01
-1.590091437101364136e-01
1.073025465011596680e+00
-2.128693580627441406e+00
7.142875790596008301e-01
1.086136341094970703e+00
3.306644558906555176e-01
6.500803232192993164e-01
1.017682433128356934e+00
-3.616845011711120605e-01
-6.473602056503295898e-01
-4.524691104888916016e-01
-6.815647482872009277e-01
3.376364409923553467e-01
-1.389287114143371582e+00
8.535834401845932007e-02
-1.967861354351043701e-01
5.808447599411010742e-01
3.325550556182861328e-01
-1.551394820213317871e+00
-6.120752692222595215e-01
-7.387614250183105469e-01
1.629667580127716064e-01
-8.877587318420410156e-01
1.310397386550903320e-01
3.748679459095001221e-01
1.161681175231933594e+00
-9.312739372253417969e-01
1.449157357215881348e+00
1.724634885787963867e+00
-1.359055161476135254e+00
-1.265872955322265625e+00
2.277842611074447632e-01
1.022525191307067871e+00
-6.030700206756591797e-01
-2.875375747680664062e-01
1.096743822097778320e+00
1.345329999923706055e+00
1.630524873733520508e+00
6.519178152084350586e-01
-1.080848336219787598e+00
2.081917762756347656e+00
-1.858699679374694824e+00
8.518882989883422852e-01
1.426326632499694824e+00
3.927086591720581055e-01
4.260484874248504639e-01
-1.482188105583190918e+00
-1.715430140495300293e+00
2.829136550426483154e-01
-1.272486686706542969e+00
-1.038820296525955200e-01
1.428145647048950195e+00
-1.750734448432922363e+00
-4.510449990630149841e-02
-8.832902908325195312e-01
-7.965995073318481445e-01
-4.053509533405303955e-01
1.073968410491943359e-01
-3.689727485179901123e-01
2.552102088928222656e+00
-2.093955278396606445e+00
-1.147757411003112793e+00
1.389479994773864746e+00
1.937717571854591370e-02
-9.150636792182922363e-01
1.602886795997619629e+00
-9.827476739883422852e-01
1.981293320655822754e+00
-1.131254196166992188e+00
1.881328225135803223e+00
-5.361083149909973145e-01
-2.104195207357406616e-01
1.617416143417358398e+00
-1.533187031745910645e+00
-4.980139136314392090e-01
-9.845771789550781250e-01
1.421894412487745285e-02
5.334317684173583984e-01
-8.529974222183227539e-01
1.546373009681701660e+00
4.417527019977569580e-01
4.669090211391448975e-01
-2.648981213569641113e-01
-5.897996425628662109e-01
-1.418634772300720215e+00
-7.563952207565307617e-01
3.589070141315460205e-01
7.494868636131286621e-01
-4.799628555774688721e-01
8.819404840469360352e-01
-1.408877134323120117e+00
-1.885682702064514160e+00
-1.286547064781188965e+00
6.677352786064147949e-01
3.582758605480194092e-01
3.368296921253204346e-01
-8.684564232826232910e-01
1.052581548690795898e+00
7.152070850133895874e-02
-2.123049646615982056e-01
1.458715796470642090e+00
1.188022375106811523e+00
-2.151157706975936890e-01
2.158650159835815430e-01
-8.592833876609802246e-01
-5.837506055831909180e-01
-1.419345378875732422e+00
9.069985747337341309e-01
5.865834951400756836e-01
-1.179873943328857422e+00
-7.178309559822082520e-01
9.042609930038452148e-01
6.077258586883544922e-01
1.273829698562622070e+00
-6.956081986427307129e-01
1.145709827542304993e-01
6.772300004959106445e-01
-1.456437587738037109e+00
1.651804894208908081e-01
5.049844384193420410e-01
-1.114106327295303345e-01
1.875628590583801270e+00
-3.928078114986419678e-01
1.318124830722808838e-01
-2.193734884262084961e+00
8.968802094459533691e-01
3.222492933273315430e-01
1.383189409971237183e-01
-1.214373350143432617e+00
-2.030077695846557617e+00
3.430274426937103271e-01
-1.146338954567909241e-01
4.985344409942626953e-01
-9.074537754058837891e-01
-4.881907403469085693e-01
1.987709552049636841e-01
4.398684501647949219e-01
-3.990498781204223633e-01
1.218363523483276367e+00
1.568277955055236816e+00
5.279270410537719727e-01
-1.148720383644104004e+00
-6.207587122917175293e-01
1.946872115135192871e+00
-7.098609805107116699e-01
-2.003427505493164062e+00
8.633375763893127441e-01
1.006662487983703613e+00
1.330286860466003418e+00
-1.137828230857849121e+00
3.654353916645050049e-01
-7.992736697196960449e-01
3.455963432788848877e-01
-1.629377752542495728e-01
1.260591864585876465e+00
1.099350303411483765e-01
-9.276013970375061035e-01
-2.101465225219726562e+00
9.937700033187866211e-01
2.405282258987426758e+00
5.199360847473144531e-01
1.888844728469848633e+00
9.565748572349548340e-01
1.528697848320007324e+00
9.176499843597412109e-01
6.458001583814620972e-02
1.186777949333190918e+00
1.057463407516479492e+00
-7.176198959350585938e-01
1.046772956848144531e+00
1.081663012504577637e+00
1.059992790222167969e+00
4.599335417151451111e-02
1.370474576950073242e+00
-4.601244330406188965e-01
-1.121180534362792969e+00
-1.919038534164428711e+00
-2.065521478652954102e-01
-1.344040274620056152e+00
9.593594074249267578e-02
3.352343738079071045e-01
-2.635233104228973389e-02
-1.350335359573364258e+00
-6.199739575386047363e-01
-1.851322770118713379e+00
2.993604242801666260e-01
1.377637498080730438e-02
1.918997149914503098e-03
-7.289329767227172852e-01
-1.773424148559570312e+00
5.927413105964660645e-01
9.574921727180480957e-01
-5.675343275070190430e-01
2.210916727781295776e-01
-3.187189400196075439e-01
1.175602316856384277e+00
-5.662596821784973145e-01
4.745937287807464600e-01
-4.140534698963165283e-01
1.074246764183044434e+00
1.156087040901184082e+00
-4.295742511749267578e-02
-1.442538022994995117e+00
-6.354751586914062500e-01
-1.018802285194396973e+00
-2.482557743787765503e-01
1.760965585708618164e+00
-1.553629636764526367e+00
-6.698893904685974121e-01
-4.541428387165069580e-02
1.188496351242065430e+00
1.903498545289039612e-02
-1.447106599807739258e+00
1.059991955757141113e+00
-1.565261363983154297e+00
1.663687705993652344e+00
-1.466908454895019531e+00
-1.894393265247344971e-01
-4.977952241897583008e-01
-3.740600049495697021e-01
3.610614836215972900e-01
5.035984516143798828e-01
7.946398854255676270e-01
-1.569698810577392578e+00
2.683461308479309082e-01
-1.302052617073059082e+00
-8.323263376951217651e-02
-5.476816892623901367e-01
-1.252483725547790527e+00
3.287478089332580566e-01
-7.281525731086730957e-01
1.421545863151550293e+00
1.334721326828002930e+00
-1.742030382156372070e-01
1.626305282115936279e-01
-8.937554359436035156e-01
-1.534791588783264160e+00
4.136902689933776855e-01
-8.628969192504882812e-01
-1.704467535018920898e+00
-8.209912776947021484e-01
-1.117874741554260254e+00
-2.117137312889099121e-01
-4.020821452140808105e-01
-4.584864377975463867e-01
-1.626470088958740234e+00
-9.436310529708862305e-01
-9.213127493858337402e-01
9.544790536165237427e-02
3.561204671859741211e-01
-1.571106672286987305e+00
-1.766689300537109375e+00
1.551291942596435547e-01
1.198951601982116699e-01
-1.619440466165542603e-01
-1.223013401031494141e+00
3.396866321563720703e-01
1.974919252097606659e-02
1.880851149559020996e+00
7.013849020004272461e-01
-6.887625157833099365e-02
-1.536859273910522461e+00
-3.067326843738555908e-01
2.158768028020858765e-01
-4.481607377529144287e-01
-1.431516110897064209e-01
-8.635845780372619629e-01
-4.053703844547271729e-01
1.099610686302185059e+00
6.480050832033157349e-02
6.427630782127380371e-01
2.563693523406982422e-01
1.639378190040588379e+00
1.401913642883300781e+00
-1.061168313026428223e+00
-1.792961359024047852e+00
1.701267361640930176e+00
-6.298359036445617676e-01
1.029350996017456055e+00
1.690783798694610596e-01
2.643873691558837891e-01
-2.988205291330814362e-02
-1.948717594146728516e+00
-3.672126829624176025e-01
-5.559753179550170898e-01
-1.136553883552551270e+00
2.427752017974853516e+00
1.669687479734420776e-01
1.054281711578369141e+00
-1.911003440618515015e-01
1.106832623481750488e+00
-3.690735697746276855e-01
8.320913910865783691e-01
-7.917860522866249084e-03
-9.307996034622192383e-01
-9.410071969032287598e-01
-2.315667271614074707e-01
-7.683376073837280273e-01
-6.006786227226257324e-01
-5.443229526281356812e-02
-1.421017765998840332e+00
8.942658901214599609e-01
-1.563694834709167480e+00
5.322158932685852051e-01
-3.762684762477874756e-01
-1.627344489097595215e-01
9.409002661705017090e-01
2.238752365112304688e+00
-1.045880198478698730e+00
-4.458270668983459473e-01
-1.964581727981567383e+00
-7.216951847076416016e-01
6.252349019050598145e-01
8.248404264450073242e-01
-9.486701488494873047e-01
-6.893461346626281738e-01
8.749752640724182129e-01
-5.245107412338256836e-01
3.575168251991271973e-01
1.074831962585449219e+00
9.745667576789855957e-01
6.534076929092407227e-01
-1.271478414535522461e+00
-6.010569930076599121e-01
-1.111734136939048767e-01
-1.477768659591674805e+00
-5.156358480453491211e-01
1.357421994209289551e+00
-1.348112523555755615e-02
9.873756170272827148e-01
7.597262263298034668e-01
-1.074501037597656250e+00
-6.036800742149353027e-01
1.665654540061950684e+00
6.433095932006835938e-01
-9.810744524002075195e-01
1.713812351226806641e+00
5.201466083526611328e-01
1.726935863494873047e+00
-3.297078609466552734e-01
1.383842378854751587e-01
-3.747250735759735107e-01
2.072063237428665161e-01
1.004185318946838379e+00
-1.057995676994323730e+00
1.194600462913513184e+00
-4.034593403339385986e-01
5.365660786628723145e-01
-3.638311848044395447e-02
6.867729872465133667e-02
9.415017962455749512e-01
8.702062815427780151e-02
-6.064203381538391113e-01
1.208626270294189453e+00
9.340947270393371582e-01
5.225256681442260742e-01
-2.545647025108337402e-01
8.536863327026367188e-01
-4.069225490093231201e-01
-9.340856671333312988e-01
3.064857125282287598e-01
-5.300413370132446289e-01
4.132987931370735168e-02
2.718243896961212158e-01
-6.626651287078857422e-01
-4.167096614837646484e-01
-1.086489930748939514e-01
1.649536132812500000e+00
1.813694238662719727e+00
-4.478798508644104004e-01
1.764479875564575195e+00
-2.352129220962524414e+00
1.377154469490051270e+00
-1.947921663522720337e-01
-1.613545566797256470e-01
-1.561648696660995483e-01
-1.305217981338500977e+00
-3.004220128059387207e-01
-1.862236261367797852e-01
-1.896902173757553101e-01
1.234246373176574707e+00
-7.058651447296142578e-01
3.567650020122528076e-01
1.960808038711547852e+00
-1.681022167205810547e+00
-9.168554544448852539e-01
-6.575889140367507935e-02
-3.023990197107195854e-03
-6.761993765830993652e-01
4.140086770057678223e-01
-1.415386795997619629e+00
-2.381360530853271484e+00
-2.924402244389057159e-02
1.181706070899963379e+00
1.618049383163452148e+00
-3.402588069438934326e-01
5.044674277305603027e-01
2.107334852218627930e+00
-3.460411429405212402e-01
-1.088391184806823730e+00
1.791947960853576660e+00
-5.069941282272338867e-01
-1.856320071965456009e-03
6.651540398597717285e-01
-1.420070767402648926e+00
1.273361563682556152e+00
-1.082184195518493652e+00
-7.154768109321594238e-01
-1.271209955215454102e+00
7.004176378250122070e-01
2.353968471288681030e-01
-2.889593839645385742e-01
1.149299860000610352e+00
-3.702792227268218994e-01
-1.324332356452941895e+00
4.863092899322509766e-01
-1.473477959632873535e+00
-1.048602938652038574e+00
-2.156735584139823914e-02
-1.256878614425659180e+00
-1.291651129722595215e+00
1.296234726905822754e-01
4.658505916595458984e-01
-1.250825405120849609e+00
9.267582297325134277e-01
3.826032280921936035e-01
-1.204209923744201660e+00
1.017693042755126953e+00
8.896790742874145508e-01
-9.285605549812316895e-01
-1.369117140769958496e+00
-1.430945843458175659e-01
-1.504160314798355103e-01
-1.010531663894653320e+00
3.437400981783866882e-02
-1.390487551689147949e+00
1.180609703063964844e+00
-1.674828529357910156e+00
-1.271412134170532227e+00
1.295321714133024216e-02
6.345272064208984375e-01
-7.858951687812805176e-01
1.575157642364501953e+00
-2.031502723693847656e-01
2.144609242677688599e-01
1.237309575080871582e+00
-2.758506834506988525e-01
-8.027446269989013672e-01
-8.184535503387451172e-01
2.769687175750732422e-01
4.864457547664642334e-01
-2.851386070251464844e-01
2.761485576629638672e-01
8.751336932182312012e-01
6.771922111511230469e-01
1.256372094154357910e+00
8.818088769912719727e-01
1.663432002067565918e+00
6.238474249839782715e-01
2.235993891954421997e-01
5.700911283493041992e-01
-1.156017661094665527e+00
7.018715143203735352e-02
2.324552059173583984e+00
8.651162385940551758e-01
1.048486113548278809e+00
-2.911836504936218262e-01
4.052503407001495361e-01
6.688028573989868164e-01
4.948270022869110107e-01
-1.161347985267639160e+00
7.514309287071228027e-01
-1.018382668495178223e+00
1.177364468574523926e+00
2.764393091201782227e-01
1.102489709854125977e+00
-1.676093459129333496e+00
-1.389290094375610352e+00
2.508917152881622314e-01
-1.587530612945556641e+00
7.917318344116210938e-01
-4.350473880767822266e-01
-1.229432225227355957e+00
4.392671883106231689e-01
1.249970912933349609e+00
-6.142550110816955566e-01
2.146170288324356079e-01
1.620863080024719238e+00
-1.359077543020248413e-01
1.832876920700073242e+00
2.864077687263488770e-01
4.059022367000579834e-01
-1.145142316818237305e+00
-8.136991262435913086e-01
-4.877609387040138245e-02
-1.581852078437805176e+00
3.513152301311492920e-01
-6.092318296432495117e-01
9.712858200073242188e-01
-1.132789701223373413e-01
7.558251023292541504e-01
1.453930139541625977e+00
4.835836589336395264e-01
6.197378635406494141e-01
-1.106965184211730957e+00
-2.678085863590240479e-01
5.603315681219100952e-02
1.086015343666076660e+00
1.410903811454772949e+00
1.441272795200347900e-01
2.275824546813964844e-02
5.501452684402465820e-01
1.777114868164062500e+00
-8.959610462188720703e-01
-7.190517187118530273e-01
-2.892380475997924805e+00
1.154040336608886719e+00
4.659771323204040527e-01
-1.246967792510986328e+00
-4.349435269832611084e-01
2.533920764923095703e+00
4.016306400299072266e-01
1.550232432782649994e-02
1.157632470130920410e+00
-8.583113551139831543e-02
1.260003089904785156e+00
6.770624518394470215e-01
1.206721901893615723e+00
3.198327124118804932e-01
-1.595496572554111481e-02
-9.868156164884567261e-02
5.286574959754943848e-01
-2.028119087219238281e+00
-6.594097614288330078e-01
-9.850209206342697144e-02
-7.864478230476379395e-01
1.118197560310363770e+00
-7.893347144126892090e-01
1.503847956657409668e+00
-6.162152290344238281e-01
-5.180206894874572754e-01
-1.424829363822937012e+00
-2.079424262046813965e-01
-2.387701272964477539e-01
-5.564616322517395020e-01
1.868359446525573730e-01
-8.278351426124572754e-01
6.005989909172058105e-01
-5.341044068336486816e-01
1.726690411567687988e+00
-4.368858337402343750e-01
9.304225444793701172e-01
3.254576325416564941e-01
-1.171491146087646484e+00
1.067388415336608887e+00
1.288189738988876343e-01
-1.302987933158874512e+00
1.266056060791015625e+00
2.156540155410766602e-01
-4.090332090854644775e-01
-2.895328700542449951e-01
3.420996665954589844e-02
5.174053907394409180e-01
-7.085813283920288086e-01
-6.290952563285827637e-01
-2.444578558206558228e-01
1.064310908317565918e+00
2.176885008811950684e-01
-4.800457134842872620e-02
-1.400617063045501709e-01
3.822976350784301758e-02
-1.459460496902465820e+00
7.795118689537048340e-01
-5.276181697845458984e-01
-1.385590076446533203e+00
-1.176621437072753906e+00
4.044237434864044189e-01
1.263524591922760010e-02
1.775529235601425171e-01
-7.211645692586898804e-02
-3.946804702281951904e-01
8.252355456352233887e-01
1.463912367820739746e+00
-7.174545526504516602e-01
6.520678400993347168e-01
-8.524354100227355957e-01
-1.148984551429748535e+00
-4.955066740512847900e-01
-1.641956418752670288e-01
-9.151871800422668457e-01
-7.773339748382568359e-01
-4.297596812248229980e-01
-1.942122817039489746e+00
-4.322707056999206543e-01
1.390584945678710938e+00
-4.744552075862884521e-01
1.732181191444396973e+00
1.328069806098937988e+00
1.670709848403930664e-01
-2.126948237419128418e-01
-5.248340368270874023e-01
-1.223389506340026855e+00
1.704236626625061035e+00
-6.176565885543823242e-01
4.058308899402618408e-01
5.082996487617492676e-01
-3.168586790561676025e-01
1.317072749137878418e+00
3.181005716323852539e-01
-1.066589355468750000e-01
-1.359365463256835938e+00
3.153121564537286758e-03
2.947254180908203125e-01
-1.259887218475341797e+00
5.739084482192993164e-01
2.462287247180938721e-02
2.661604285240173340e-01
-3.495592772960662842e-01
-9.219774007797241211e-01
1.020511746406555176e+00
4.835781455039978027e-01
1.302889585494995117e+00
3.245764672756195068e-01
5.872589945793151855e-01
1.338145732879638672e+00
1.057987332344055176e+00
7.700638175010681152e-01
1.415183663368225098e+00
-5.090295076370239258e-01
-1.525184392929077148e+00
-1.758812367916107178e-02
-4.712773561477661133e-01
-5.385661721229553223e-01
-2.714371122419834137e-02
-6.238300204277038574e-01
-4.798067212104797363e-01
-1.331286907196044922e+00
-9.493442624807357788e-02
-5.541469454765319824e-01
-6.239978671073913574e-01
-2.075501918792724609e+00
1.553058624267578125e+00
6.217239499092102051e-01
3.589257970452308655e-02
-5.782212018966674805e-01
1.952877402305603027e+00
3.249783039093017578e+00
3.304319679737091064e-01
1.068163752555847168e+00
-1.085730791091918945e+00
6.478136777877807617e-01
-1.804831385612487793e+00
2.342706918716430664e+00
-3.423239290714263916e-01
2.149787843227386475e-01
-1.543499976396560669e-01
1.307377815246582031e+00
3.319580852985382080e-01
6.550292372703552246e-01
5.954580903053283691e-01
-2.539512872695922852e+00
3.208271265029907227e-01
2.870488464832305908e-01
-1.151555538177490234e+00
1.194387394934892654e-02
2.793517708778381348e-01
2.488989979028701782e-01
-1.806102156639099121e+00
1.967042237520217896e-01
-9.127032011747360229e-02
1.668818354606628418e+00
-1.977658629417419434e+00
-8.873034119606018066e-01
-3.573141694068908691e-01
-4.691488146781921387e-01
-1.075274795293807983e-01
1.971201539039611816e+00
1.297880887985229492e+00
-1.295792162418365479e-01
1.272828429937362671e-01
-1.147843480110168457e+00
-4.713616371154785156e-01
1.214919984340667725e-01
4.909766912460327148e-01
1.740980982780456543e+00
-1.229317188262939453e-01
1.421768307685852051e+00
-3.144226074218750000e-01
9.320611953735351562e-01
1.024551987648010254e+00
1.341475546360015869e-02
5.858252644538879395e-01
6.446911692619323730e-01
-3.970658183097839355e-01
7.867838144302368164e-01
3.926664292812347412e-01
2.072974443435668945e-01
-4.485774934291839600e-01
-6.830045580863952637e-02
-5.006819367408752441e-01
9.958000481128692627e-02
-1.213016867637634277e+00
1.120633840560913086e+00
1.764262795448303223e+00
-5.629540085792541504e-01
-3.560233712196350098e-01
-1.107625126838684082e+00
-6.936219930648803711e-01
-5.279777646064758301e-01
5.139077901840209961e-01
6.303689479827880859e-01
1.014785654842853546e-02
-3.521412611007690430e-01
-1.740335702896118164e+00
-1.306476354598999023e+00
-1.090861484408378601e-01
6.321610212326049805e-01
-8.284784555435180664e-01
-6.685623526573181152e-01
3.535193443298339844e+00
2.223047971725463867e+00
-1.767390221357345581e-01
-2.356996059417724609e+00
-1.775634884834289551e-01
6.794222593307495117e-01
-1.156365394592285156e+00
-8.589225411415100098e-01
3.767274022102355957e-01
-8.730128407478332520e-01
-9.731783270835876465e-01
1.390090942382812500e+00
-1.107036828994750977e+00
-2.676177620887756348e-01
-2.651231884956359863e-01
4.147758483886718750e-01
-7.409674525260925293e-01
-1.767159938812255859e+00
-5.582579374313354492e-01
6.215258315205574036e-02
2.770872116088867188e-01
3.576689362525939941e-01
-1.187483429908752441e+00
3.354831933975219727e-01
1.920279622077941895e+00
-6.344093084335327148e-01
2.161122858524322510e-01
-1.606394723057746887e-02
1.097382307052612305e+00
3.963158428668975830e-01
-6.751107573509216309e-01
-1.605061441659927368e-01
-2.758888304233551025e-01
7.033839076757431030e-02
3.775388896465301514e-01
-2.341887727379798889e-02
-4.707657396793365479e-01
2.393819808959960938e+00
7.200784087181091309e-01
-6.308027505874633789e-01
-1.791465997695922852e+00
1.909236311912536621e+00
-1.491358160972595215e+00
-1.000315904617309570e+00
-9.189251065254211426e-01
-1.383495330810546875e+00
2.279891252517700195e+00
-6.543890237808227539e-01
-5.131015181541442871e-01
-1.554126977920532227e+00
-1.188468575477600098e+00
-1.425956845283508301e+00
1.399135828018188477e+00
1.368095576763153076e-01
1.928169250488281250e+00
-3.544394075870513916e-01
-9.090938568115234375e-01
-6.385196447372436523e-01
1.225764870643615723e+00
7.235893607139587402e-01
1.973404288291931152e-01
1.740207374095916748e-01
5.212618708610534668e-01
1.343144893646240234e+00
2.426621675491333008e+00
-9.426145553588867188e-01
-8.210750222206115723e-01
-1.037955999374389648e+00
-1.296281099319458008e+00
-1.189612269401550293e+00
1.226458907127380371e+00
-6.820858120918273926e-01
-3.908949792385101318e-01
-2.278064340353012085e-01
1.212790012359619141e-01
-6.959999799728393555e-01
1.066873073577880859e+00
3.513695895671844482e-01
5.249446630477905273e-01
-1.756107211112976074e+00
1.425762891769409180e+00
-1.091768145561218262e-01
1.749912738800048828e+00
1.228114724159240723e+00
1.143841594457626343e-01
1.293902695178985596e-01
1.058190822601318359e+00
-5.878231525421142578e-01
-1.316009163856506348e+00
-6.665577888488769531e-01
1.230815872550010681e-01
-7.550518512725830078e-01
6.941023468971252441e-01
-6.386547684669494629e-01
1.599249958992004395e+00
-1.722852468490600586e+00
1.698483824729919434e+00
3.788276016712188721e-01
9.954979419708251953e-01
-4.867311120033264160e-01
5.981249734759330750e-03
-2.834728956222534180e-01
-5.307290554046630859e-01
-1.555654406547546387e+00
-2.219664305448532104e-01
5.341916084289550781e-01
4.509155452251434326e-01
-6.239649057388305664e-01
-8.163724839687347412e-02
1.054302692413330078e+00
1.452925205230712891e-01
3.558160960674285889e-01
-3.122103810310363770e-01
4.788108766078948975e-01
-5.600198507308959961e-01
-1.741380333900451660e+00
2.434460639953613281e+00
2.618167996406555176e-01
3.461355566978454590e-01
1.465320229530334473e+00
-5.899296998977661133e-01
8.586275577545166016e-01
-1.314908862113952637e+00
4.023201763629913330e-01
-1.146035790443420410e+00
-9.969804435968399048e-02
-6.050525307655334473e-01
6.253714561462402344e-01
-4.203436076641082764e-01
2.331888228654861450e-01
-1.170157909393310547e+00
-1.365190744400024414e-01
3.756430447101593018e-01
4.903516769409179688e-01
-1.291547536849975586e+00
-1.819422483444213867e+00
5.979225039482116699e-01
9.557594656944274902e-01
-6.929412484169006348e-01
7.637360692024230957e-01
-6.116927862167358398e-01
1.111333370208740234e+00
-1.917969733476638794e-01
2.409705370664596558e-01
-1.006201505661010742e+00
1.194269061088562012e+00
-2.232430875301361084e-01
4.302654266357421875e-01
-1.728228688240051270e+00
-1.290432959794998169e-01
2.252622842788696289e+00
-1.494236230850219727e+00
-1.369748353958129883e+00
8.834805488586425781e-01
-1.521848201751708984e+00
1.551968455314636230e+00
1.029207825660705566e+00
5.236271023750305176e-01
5.293149352073669434e-01
-1.127274036407470703e+00
6.226807236671447754e-01
2.777311801910400391e-01
3.036136738955974579e-02
-3.156053125858306885e-01
-2.258493900299072266e-01
1.289767980575561523e+00
2.238264083862304688e-01
1.072020888328552246e+00
1.412875205278396606e-01
-3.195917904376983643e-01
1.272825300693511963e-01
-4.762886762619018555e-01
5.579805970191955566e-01
-1.964921057224273682e-01
-7.767651677131652832e-01
9.183240681886672974e-02
-1.282018661499023438e+00
-8.077882528305053711e-01
6.757698208093643188e-02
-1.142541885375976562e+00
1.443836569786071777e+00
-1.414856433868408203e+00
9.093717336654663086e-01
-2.389134407043457031e+00
1.165108084678649902e+00
-2.288676500320434570e+00
2.540496289730072021e-01
7.970137000083923340e-01
1.390142440795898438e+00
-6.898313164710998535e-01
9.347963929176330566e-01
-7.907395958900451660e-01
9.725851565599441528e-02
8.158183097839355469e-01
-1.101931929588317871e-01
7.622863054275512695e-01
-3.556385934352874756e-01
-9.886830449104309082e-01
1.953713446855545044e-01
-1.398135662078857422e+00
2.105018645524978638e-01
2.310574293136596680e+00
5.921746492385864258e-01
-9.009962677955627441e-01
-1.470353722572326660e+00
9.821282625198364258e-01
-6.513238549232482910e-01
9.070791602134704590e-01
8.970727026462554932e-02
2.302368581295013428e-01
1.201813817024230957e+00
3.536912500858306885e-01
1.590883731842041016e+00
1.844224214553833008e+00
-6.926492601633071899e-02
5.531617403030395508e-01
8.146426677703857422e-01
2.837013304233551025e-01
2.564466476440429688e+00
-1.680883467197418213e-01
4.656173884868621826e-01
1.700457215309143066e+00
-4.898907616734504700e-02
-7.747711539268493652e-01
-1.348871141672134399e-01
-5.887261033058166504e-02
4.223468005657196045e-01
6.058517098426818848e-01
1.211787983775138855e-01
-5.838413834571838379e-01
2.763883471488952637e-01
-1.413618922233581543e+00
-1.946316838264465332e+00
-1.497643709182739258e+00
1.216812968254089355e+00
-1.242521762847900391e+00
-2.599872052669525146e-01
5.742236971855163574e-01
3.268604576587677002e-01
-4.365418851375579834e-01
6.005019545555114746e-01
9.149773418903350830e-02
-1.009360194206237793e+00
-7.072232961654663086e-01
-2.280973196029663086e+00
9.626277089118957520e-01
1.544271111488342285e-01
-1.000654220581054688e+00
1.000564396381378174e-01
-4.055591523647308350e-01
-5.693205595016479492e-01
1.055990815162658691e+00
3.880133032798767090e-01
-4.327656030654907227e-01
-2.008181363344192505e-01
-1.122471570968627930e+00
1.141586899757385254e+00
8.338655829429626465e-01
-5.632571503520011902e-02
6.132288277149200439e-02
1.038722842931747437e-01
1.917854398488998413e-01
4.884157478809356689e-01
-2.972200512886047363e-01
1.048700213432312012e+00
-1.289399266242980957e+00
-1.468398213386535645e+00
1.037564158439636230e+00
-1.662783503532409668e+00
-6.419589519500732422e-01
-6.127208471298217773e-01
-1.238783001899719238e+00
3.255808651447296143e-01
-1.309388995170593262e+00
-2.609948217868804932e-01
-7.148940563201904297e-01
1.148782134056091309e+00
8.343155682086944580e-02
-4.602142870426177979e-01
1.091766953468322754e+00
5.024112462997436523e-01
-8.442847728729248047e-01
1.198976486921310425e-01
2.173690557479858398e+00
-1.135370135307312012e+00
7.834004163742065430e-01
2.721410751342773438e+00
1.044135764241218567e-01
-3.916927576065063477e-01
1.913708448410034180e+00
5.346544384956359863e-01
2.760193824768066406e+00
-1.379736185073852539e+00
2.832573056221008301e-01
-1.362752914428710938e+00
-5.882795453071594238e-01
-1.227168440818786621e+00
-1.433838367462158203e+00
1.674347996711730957e+00
8.236274123191833496e-01
-1.571565747261047363e+00
6.708002090454101562e-01
-1.100401043891906738e+00
-2.457495480775833130e-01
1.143948912620544434e+00
-1.981593966484069824e+00
7.120757102966308594e-01
8.362863659858703613e-01
2.828720510005950928e-01
1.275339484214782715e+00
-6.772181987762451172e-01
