7.398587185889482498e-03
1.789827272295951843e-02
1.189898233860731125e-03
-3.549439366906881332e-03
-1.129022915847599506e-03
9.640945121645927429e-03
5.119601264595985413e-03
2.446554135531187057e-03
6.940156687051057816e-03
-2.697421004995703697e-03
4.545119591057300568e-03
-9.966209530830383301e-03
9.537008590996265411e-03
3.229546826332807541e-03
4.059792496263980865e-03
-1.207831432111561298e-03
1.265459507703781128e-02
-3.715375903993844986e-03
-2.195311244577169418e-03
-5.889943800866603851e-03
1.617943053133785725e-03
4.613748285919427872e-03
1.604523882269859314e-02
9.121890179812908173e-03
8.818821515887975693e-04
1.365949027240276337e-02
-1.181322894990444183e-02
3.311350592412054539e-04
2.075795317068696022e-03
-1.394873717799782753e-03
-7.155282422900199890e-03
-2.351539296796545386e-04
-1.949890516698360443e-02
1.171501935459673405e-03
1.976973935961723328e-02
-7.717263069935142994e-04
-7.403402589261531830e-03
-5.214908625930547714e-03
1.061731204390525818e-02
-1.422205095877870917e-04
-1.795033022062852979e-04
3.478431608527898788e-03
-7.559009245596826077e-04
-8.149758912622928619e-03
-3.399273264221847057e-04
-8.868056349456310272e-03
5.744680296629667282e-03
-7.189997704699635506e-04
-7.851828122511506081e-04
-3.357565728947520256e-04
-3.072532825171947479e-03
1.179434265941381454e-02
5.579330958425998688e-03
-2.620706334710121155e-02
7.101626601070165634e-03
1.697719842195510864e-02
4.177387803792953491e-03
-1.340611488558351994e-03
1.234996411949396133e-02
-3.735218895599246025e-03
3.272405127063393593e-03
2.034446038305759430e-02
2.339792903512716293e-03
1.391321979463100433e-02
7.124845869839191437e-04
1.159806735813617706e-02
-2.469469618517905474e-04
-2.541105786804109812e-04
1.514611503807827830e-04
2.652011578902602196e-03
4.696465097367763519e-03
1.038130000233650208e-02
-5.942558404058218002e-03
-8.035085629671812057e-04
-9.145485237240791321e-03
1.087780948728322983e-02
-4.671805363614112139e-04
1.118202973157167435e-02
-4.625308327376842499e-03
1.460725348442792892e-02
4.294856451451778412e-03
1.295904070138931274e-02
2.208291739225387573e-02
8.613382466137409210e-03
-1.661995984613895416e-02
1.256582094356417656e-03
-6.617881823331117630e-03
-4.425237420946359634e-03
-7.674586959183216095e-03
-7.258445024490356445e-03
2.471124008297920227e-02
-1.581651344895362854e-02
1.644735783338546753e-02
-1.424281857907772064e-02
1.358940498903393745e-04
-1.004474423825740814e-02
1.991587877273559570e-02
2.303435280919075012e-02
1.712053827941417694e-02
3.091916069388389587e-02
