3.359887563449744791e-02 6.558884530938149937e-02 6.097624687629464579e-02 7.401058856369173433e-02 1.070551413230995258e-01 1.222888869469542367e-01 1.713721423429339363e-01 1.567759345780501690e-01 1.683803959872293143e-01 2.063979883562350737e-01 2.118127705780994408e-01 2.287648595619720671e-01 3.289599323401391495e-01 2.699491439416806804e-01 2.781393181255210623e-01 2.733459804132520876e-01 3.009240572547311476e-01 2.682509940148082861e-01 3.027916488464711953e-01 2.791975788151558335e-01 3.014026388501619969e-01 2.545080326414991267e-01 2.584061631725780295e-01 2.541447330403961424e-01 2.475274842974576062e-01 2.417782112866365685e-01 2.435182825556423403e-01 2.319608223303191719e-01 2.375384953643266961e-01 2.581566297572947533e-01
1.613569690172592108e-02 5.978509134052599483e-02 7.980945746127848794e-02 9.052795781647315909e-02 1.374560499137416070e-01 1.810706972552262317e-01 2.000187140370933980e-01 2.325805574441759949e-01 2.470354806740151510e-01 2.763606182016679069e-01 3.198622409093304086e-01 3.204823864361110441e-01 4.250414212300509531e-01 4.251052267907639570e-01 4.679715638199984928e-01 4.810588915700461654e-01 5.119582929321828679e-01 5.964819023199802173e-01 6.231809764760701809e-01 6.468046951126158461e-01 6.975855352678346222e-01 7.537021543701404314e-01 7.978459748680560848e-01 8.277745571567480809e-01 8.851098758565822955e-01 9.238356502377418344e-01 9.506952202334273405e-01 9.565294140899344155e-01 1.021734203247574246e+00 1.067806966316556139e+00
-2.300250942753024816e-02 -1.591192501564698408e-02 5.177189343870647678e-03 -4.922101146915500505e-03 -7.533863338227871076e-03 -8.716426073661876286e-03 -6.526233710971215268e-04 -1.087829782738916617e-02 -2.112926844538836474e-02 -3.811409687485304426e-02 -4.070526970496288199e-02 -5.274562356453482703e-02 -4.147716227746017781e-02 -5.632511429292286903e-02 -6.385926192541491186e-02 -7.088292138894994321e-02 -7.081032765001968321e-02 -8.931010191204294402e-02 -9.350315485010202154e-02 -1.016375525300055593e-01 -1.083413133604453904e-01 -1.341472210126317399e-01 -1.269025684650864350e-01 -1.529520871565781259e-01 -1.588727788637250560e-01 -1.724816791029629148e-01 -1.800422325732856932e-01 -2.030885045460203153e-01 -2.342603006610834704e-01 -2.839177089348855487e-01
-8.832539699651607845e-04 3.056824319565544512e-02 3.786476198564204393e-02 4.213909603190432729e-02 6.424126503107993602e-02 7.132626368877666156e-02 1.294988126593377142e-01 1.054658385613815863e-01 1.059106707605111525e-01 1.249981076338803621e-01 1.159499050337569614e-01 1.236309142401913475e-01 2.186736241536463843e-01 1.491110879793075827e-01 1.520986025238755812e-01 1.413061453783036048e-01 1.548512589767829239e-01 1.091770213026166808e-01 1.316834251713165371e-01 9.857603058217349890e-02 1.216772510199616852e-01 8.224408410874575748e-02 9.496857739063740977e-02 8.706529312024063882e-02 8.886794633650077491e-02 9.074863961989684813e-02 9.427240194994290778e-02 9.709431167903728732e-02 1.033872538612080616e-01 1.137613192902970222e-01
1.092642996230806449e-02 4.770861619101258305e-02 5.550379640726847003e-02 6.244557157691552063e-02 9.103428639352029172e-02 9.663317951262709316e-02 1.453721569100055733e-01 1.675764929508724854e-01 1.623004160653382655e-01 1.980284799428206899e-01 1.879316055155692555e-01 1.944462980958027720e-01 3.233663712203886931e-01 2.531603736994987308e-01 2.808703657477862325e-01 2.693758326001297609e-01 2.953673694207684663e-01 2.793788241295559471e-01 3.129216695049884533e-01 2.832014239443672587e-01 3.275735107194264195e-01 3.115770697281328161e-01 3.392645463603203293e-01 3.557755716294612180e-01 3.756301706868396817e-01 3.964407271191634496e-01 4.078074468450910706e-01 4.267442406208712402e-01 4.666096692950253977e-01 5.114456128570542548e-01
-6.116881425269872496e-03 -1.195025139406829563e-02 -4.214426371423910661e-02 -4.411674487114776444e-02 -3.119804807124117174e-02 -3.094116035674892781e-02 -4.224354016488712782e-02 -1.007135176807107298e-02 -3.558501664311966919e-03 3.354953977905574675e-02 5.537497668903672288e-02 5.523507008298567805e-02 8.824381272901045403e-02 1.200486246961032233e-01 1.540555744842046493e-01 1.751923593092680198e-01 1.986597670673889149e-01 2.990988620280273236e-01 3.076249266837584040e-01 3.391146131803131625e-01 3.800414521876467888e-01 4.555645525379465877e-01 4.993133199440722980e-01 5.390869766150615527e-01 6.039704884725602962e-01 6.481778884474219682e-01 6.800893923993318602e-01 7.009269200856079740e-01 7.783451983522703399e-01 8.687190548875038942e-01
-6.509886654182140200e-03 -4.135536094595174128e-02 -6.948198174946680628e-02 -5.782386281614946416e-02 -4.564913760606696680e-02 -4.445176281935366014e-02 -1.059064738582349563e-01 -5.033353192039611429e-02 -5.547260575204464306e-02 -2.899883908476064837e-02 -1.780177411080918759e-02 6.397924091109789130e-03 -3.684087581163218716e-02 2.904013309716369298e-02 4.608637783860714682e-03 1.797347517142056095e-02 3.963720376534919654e-02 1.031977906826232194e-01 9.369991545698774793e-02 1.081206521553037814e-01 1.150793431427574176e-01 1.394184014835791185e-01 1.696683489403262857e-01 1.737318916664883084e-01 1.858013090261137201e-01 1.998286683608940795e-01 2.049785481045919844e-01 2.116881012656957606e-01 2.234979662201710127e-01 2.150679840479969296e-01
-2.767659541370643544e-02 -6.760830360221170565e-02 -7.539920521679496779e-02 -9.037543290410919583e-02 -1.035657933283626458e-01 -1.194951540759410791e-01 -1.629765450035099150e-01 -1.668612675828534397e-01 -1.698696873383444828e-01 -2.060851944084066412e-01 -1.960789509460543201e-01 -2.066511225903516491e-01 -2.836579934492972632e-01 -2.296515515340465663e-01 -2.540927192916204169e-01 -2.430331080195731186e-01 -2.475265591452059377e-01 -2.077062125779478019e-01 -2.275627670013027071e-01 -2.166020330859655119e-01 -2.314729355929117660e-01 -2.017511329537919340e-01 -1.864034051793020674e-01 -2.018541574216382861e-01 -1.949819183555331070e-01 -1.861657860594572445e-01 -1.833915536101406174e-01 -1.931107353254001013e-01 -2.015722611290922395e-01 -2.203742033140682344e-01
4.077133296949549818e-02 9.637610397676543705e-02 9.443907471593031289e-02 1.214737471372516892e-01 1.747427280747993472e-01 2.030324514442052863e-01 2.430392388976206908e-01 2.872543855087898446e-01 2.968167852914648797e-01 3.614920671676633557e-01 3.983067495973610650e-01 4.083183915369745787e-01 5.226332607363921579e-01 5.104505595411537033e-01 5.483585050537349570e-01 5.578558026659607982e-01 5.879536144688949362e-01 6.383962673225749285e-01 6.612852774022275337e-01 6.678003630227704601e-01 7.000526285399558679e-01 6.918530201645791688e-01 7.296670467570826046e-01 7.228178832998035652e-01 7.475492418087488211e-01 7.473852938278841007e-01 7.539352722171958066e-01 7.471030794091739757e-01 7.599451367492300324e-01 7.355550861161340714e-01
2.621763195553381692e-04 -3.365670813932185312e-02 -4.121283931461620920e-02 -5.931000227729636698e-02 -6.622746756166369986e-02 -7.659242576984418016e-02 -1.028685724038397309e-01 -9.785840469512563367e-02 -1.007245555711868967e-01 -1.169219547026062872e-01 -1.091865625174055221e-01 -1.149539484203480899e-01 -1.075030671774468011e-01 -9.709468671411483620e-02 -8.946675919884655714e-02 -7.660294047342978974e-02 -6.377303624045509156e-02 -4.798718287906234004e-03 9.015060557985031531e-03 3.118628785633122125e-02 7.474000102614607177e-02 1.468584898770769198e-01 1.828614410200200546e-01 2.404557425880534116e-01 2.908399569759651526e-01 3.562339643459591643e-01 3.892458645628046332e-01 4.143474104293595195e-01 5.097537154964214556e-01 6.446574366947763757e-01
3.412815010379799396e-02 1.012082825369376715e-01 1.324872828622506438e-01 1.525589406682156257e-01 2.008619176888808144e-01 2.387318459485988364e-01 2.981605065836108182e-01 3.092112201224175849e-01 3.084816192266797708e-01 3.457516462866008222e-01 3.381195745655977691e-01 3.457213494973173651e-01 4.795356466961828712e-01 4.019462685618595543e-01 4.215356636202670648e-01 3.969168038402828835e-01 4.117799208235972674e-01 3.548297871316512531e-01 3.880721898068915654e-01 3.317592377514561597e-01 3.524786450319268294e-01 2.828155776601475324e-01 2.766189050484013090e-01 2.648088756511439712e-01 2.399043367470983790e-01 2.304641644845080717e-01 2.182466143287699334e-01 2.026004157495173985e-01 1.905414416795410959e-01 1.563974453005555210e-01
-3.194492105272249416e-02 -3.921522010714447587e-02 -9.379114965755077499e-03 -3.341754375836285262e-02 -4.975916306992636540e-02 -5.818666929284556366e-02 -3.040153952226779324e-02 -9.948139239351827534e-02 -1.084802483090611391e-01 -1.623756650342443597e-01 -1.851345130914230364e-01 -2.110247840249865614e-01 -2.022042500414527599e-01 -2.605014185988851483e-01 -2.783966067635876840e-01 -3.084356698773241257e-01 -3.246853865844526732e-01 -4.059257202577973844e-01 -4.013254292063661577e-01 -4.488640234901417614e-01 -4.538645579304246280e-01 -4.933001266312121436e-01 -5.131976983128664349e-01 -5.195465985907572470e-01 -5.443063334612325832e-01 -5.434395191282221926e-01 -5.482654387091709935e-01 -5.517949257848357991e-01 -5.634359076658174148e-01 -5.453308033145818357e-01
1.932293733348189671e-02 1.243411270841332864e-02 3.030145785771240496e-02 1.995128447950140355e-02 3.656423549047230215e-02 8.580755750039006924e-02 4.512046356829750582e-02 9.495766975704510171e-02 1.008883644630436255e-01 1.345444059182440422e-01 1.756204548383224484e-01 1.794605317064151828e-01 2.419153667671417041e-01 2.712850147816626700e-01 3.154496537428708169e-01 3.276788209427162202e-01 3.746608640203842322e-01 4.863140580139826419e-01 5.159331579915108490e-01 5.616478791005526938e-01 6.050026427559946907e-01 6.900462049750248905e-01 7.303683963090503717e-01 7.822580374342391618e-01 8.508060817588838365e-01 9.022164288795093690e-01 9.285633347428896567e-01 9.295254255368002871e-01 1.006027805555333776e+00 1.077667199482612137e+00
-3.266585800837625703e-02 -2.090092674589805882e-02 7.067220404646110815e-03 -5.958849320241342562e-03 -1.392249790772938020e-02 -4.565057253801055315e-02 -2.100802781623634097e-02 -5.490340189076816507e-02 -7.420691599869486121e-02 -1.325145953361678286e-01 -1.603863178930112487e-01 -1.970402735447267240e-01 -2.064810181159893177e-01 -2.560659556534767289e-01 -2.809626492894760075e-01 -3.099096217529246355e-01 -3.320557020825050110e-01 -4.290147553683071324e-01 -4.457086565282907809e-01 -4.942992305155764488e-01 -5.100046738646299982e-01 -5.846824439110618332e-01 -6.094483811336683932e-01 -6.384798264213125130e-01 -6.840949536672397135e-01 -7.129665054366245425e-01 -7.359802471920812161e-01 -7.601666478009087013e-01 -8.108509060036713789e-01 -8.576795354453674580e-01
8.400460218483889185e-03 -1.326185755857389389e-02 -2.569678943384542946e-02 -3.224467493933194651e-02 -3.046715471044758247e-02 -2.530157163267632639e-02 -1.693205260073597437e-02 -4.415225665143200640e-02 -4.366377908000317054e-02 -3.074422687200487059e-02 -3.388592601223322509e-02 -8.013698567432746278e-03 1.303107350229063682e-02 -3.737237284808826721e-03 -2.044161696575151274e-02 -1.639463585052725048e-02 -3.081499551819889826e-03 5.131762337281662451e-03 3.051048424805174325e-02 2.148773462214774096e-02 4.835556201986809799e-02 6.939093536749534052e-02 9.726807919416609327e-02 1.247076689836519037e-01 1.459298460608729198e-01 1.889563250852653309e-01 2.109973309642384498e-01 2.362393140348774123e-01 2.959774137586866916e-01 3.815024590706739271e-01
-6.078883775571545384e-02 -1.072630563074897792e-01 -9.911851558913727100e-02 -1.144170054478337861e-01 -1.252338306306969018e-01 -1.355763111131367826e-01 -2.016184685783985187e-01 -1.985995668797644331e-01 -1.965316457264244254e-01 -2.524533399275156187e-01 -2.059258920663331605e-01 -2.208636820233796927e-01 -3.152093212539053835e-01 -2.294318828175640479e-01 -2.637778559202058060e-01 -2.480299191109363588e-01 -2.363485389545331716e-01 -1.489669482683919632e-01 -1.794303018185530452e-01 -1.230025243880053104e-01 -1.289884445022080328e-01 -6.406683551981508240e-02 -2.434957879107690210e-02 -2.747997572108974718e-02 1.070370939162583468e-02 2.488164318969698571e-02 4.006607794688495788e-02 3.431803382845446948e-02 3.839365596230077948e-02 3.629563286287403739e-02
2.121174870872268720e-02 3.763411459590983166e-02 2.482651864729798485e-02 3.691175102755993309e-02 6.636361372724478014e-02 8.313285997944865058e-02 9.532713924545939410e-02 1.148000577087270185e-01 1.193943277371314893e-01 1.657051150555330921e-01 1.749312928703732339e-01 1.889299101321575969e-01 2.595038530764035012e-01 2.431059967991922310e-01 2.585897075934924794e-01 2.576858655929841757e-01 2.899620899538396523e-01 3.086227954858355993e-01 3.316638563565005304e-01 3.278729608542569340e-01 3.610687872138675369e-01 3.564789130314431898e-01 3.792057591576255549e-01 4.023620117521779505e-01 4.213614804545482428e-01 4.320615570588223764e-01 4.447081723599798364e-01 4.586346427259223035e-01 4.936727858564505800e-01 5.417044046421255477e-01
5.335647557907639837e-02 8.058122973740841632e-02 3.473104991876654196e-02 6.418469918205628455e-02 1.025254178250663284e-01 1.014794485717672307e-01 1.049029238338907016e-01 1.615402600451776305e-01 1.608111924552185212e-01 2.476185616276998791e-01 2.516421022642639782e-01 2.809204956085550875e-01 3.125145731171810604e-01 3.392085845343901229e-01 3.438256430899036542e-01 3.567849816304535793e-01 3.885346693858351408e-01 4.344859599433172903e-01 4.316303860456786601e-01 4.320626521072066240e-01 4.413770853962216134e-01 4.303321592962099928e-01 4.532942088061774344e-01 4.389732392403456473e-01 4.320295037769293911e-01 4.239201251924707425e-01 4.142209972727093903e-01 4.060341093620967179e-01 3.954668762149701200e-01 3.366370721376907849e-01
-4.180677346673609268e-02 -6.560601156020455516e-02 -3.917716533261685063e-02 -4.423304830526928605e-02 -5.114271591979008269e-02 -4.882540206656905968e-02 -1.018785943029529018e-01 -6.712642106046089185e-02 -8.464202432478860894e-02 -1.003874019315750404e-01 -7.689903748947657380e-02 -8.271274270768283476e-02 -1.193181431776141332e-01 -6.143537451972694990e-02 -6.309569937318273980e-02 -6.369903268377535843e-02 -4.291550350728561003e-02 4.690598018033689809e-02 3.979203338275682372e-02 7.544203383712741462e-02 8.930406942609586673e-02 1.595751242993226904e-01 1.993299602353289512e-01 2.167646424888518553e-01 2.695626109923187075e-01 2.953141076782197505e-01 3.056376929479642790e-01 3.086736118138782015e-01 3.266809512935833215e-01 3.224240253404819789e-01
-1.408924093899487431e-02 -8.628869190108462775e-03 -1.257441490074536448e-02 -1.041268866443229371e-02 -6.979771567509267943e-03 -1.467341284610141142e-02 -2.599889546151995523e-02 -2.447794112537071340e-02 -3.245046237418083152e-02 -2.985513084665444156e-02 -4.048489186951297752e-02 -3.933167734159512263e-02 -6.944532779306332448e-02 -5.872964370686661884e-02 -8.337901514639536882e-02 -8.931914578277319605e-02 -8.606860315205823453e-02 -1.143496966001930626e-01 -1.265270762198662247e-01 -1.442859748370381723e-01 -1.652825707908738562e-01 -2.123149229393620219e-01 -2.201972768760036003e-01 -2.508497196010626706e-01 -2.849653596650538745e-01 -3.115434339764813210e-01 -3.332420065758123773e-01 -3.612864395571440124e-01 -4.131651736651428819e-01 -4.893935655560508469e-01
-6.936481472060626596e-02 -1.239260606426181299e-01 -1.098676032924166407e-01 -1.327860166453448398e-01 -1.645298024907598800e-01 -1.939755007339264703e-01 -2.558978786737629574e-01 -2.704827756588761845e-01 -2.859261164726769611e-01 -3.614977726467871189e-01 -3.581074953170904074e-01 -3.896038930408219358e-01 -5.081058232113137008e-01 -4.526852468661221041e-01 -4.946206309679118673e-01 -5.062218946685119736e-01 -5.188463928769972977e-01 -5.114407880611824275e-01 -5.473905917470760496e-01 -5.441936708858740035e-01 -5.715867560207265052e-01 -5.564992366371115384e-01 -5.584432582891212249e-01 -5.742706059069080382e-01 -5.906761063943266610e-01 -5.940262413691248522e-01 -6.047006206786935678e-01 -6.126787606410425413e-01 -6.495613222699505585e-01 -6.921280711943322839e-01
-8.002831224033395141e-02 -9.509744399045014229e-02 -3.002012808527030480e-02 -7.049840279104344076e-02 -9.989400301704542962e-02 -9.936703340742088220e-02 -1.276889528929935624e-01 -1.491389141767910931e-01 -1.733976216642753587e-01 -2.640321032967647419e-01 -2.879286963503799313e-01 -3.259165687668317268e-01 -3.655781001378393680e-01 -3.838713593585503236e-01 -4.113443986880185865e-01 -4.457517920282870749e-01 -4.680055050533628025e-01 -5.247388633415874803e-01 -5.373285100490939881e-01 -5.716345678668030006e-01 -5.804853459826994078e-01 -5.955264989481674487e-01 -6.002893599420453530e-01 -5.944226105629598633e-01 -6.150334658274139166e-01 -6.031649615295203715e-01 -6.104670766752295918e-01 -6.082733087910430214e-01 -6.163512368990834434e-01 -6.208990152405787777e-01
-1.109431090337048426e-01 -1.791239269037039339e-01 -1.724255963422747229e-01 -2.054509806053487764e-01 -2.644738459936374353e-01 -3.130281085964771171e-01 -3.723440933277102904e-01 -4.180438361814085013e-01 -4.424984149967867708e-01 -5.332449959878393653e-01 -5.787353046573244786e-01 -6.081305232719302900e-01 -7.707415685811963568e-01 -7.431259418825085783e-01 -8.125587606263189322e-01 -8.389046222173230927e-01 -8.788180242974017453e-01 -9.688652745265677879e-01 -1.010926998052587678e+00 -1.055501323404365754e+00 -1.118023076679557803e+00 -1.173417510371272954e+00 -1.221423830372794450e+00 -1.265677424048325950e+00 -1.344196589512552276e+00 -1.377467200490595678e+00 -1.415145888437221444e+00 -1.443393758625426848e+00 -1.538039021132238782e+00 -1.632265601078452866e+00
3.722880309910035594e-03 1.125980676145943958e-02 7.219859056034864594e-03 5.087065500824550224e-03 2.653603419254128848e-02 4.338701885809399805e-02 4.531685649818300438e-02 6.439177375382057478e-02 6.896227562700862901e-02 9.252062249462379706e-02 1.148076952827224995e-01 1.143791732806194311e-01 1.625353967391802434e-01 1.718346087429515889e-01 1.947257785069217983e-01 2.034645552292143611e-01 2.270784045877992097e-01 2.958691816524202656e-01 3.057470113167969905e-01 3.242168134774817134e-01 3.573417848869004376e-01 4.180668560975123738e-01 4.591297699889497208e-01 4.906693822172612518e-01 5.431254100275780816e-01 5.877894234909548654e-01 6.164709953724525349e-01 6.388226177388334204e-01 7.077545280917693082e-01 7.804825894355860161e-01
-5.888145995217364259e-02 -6.709420993336714933e-02 -2.275658561353600950e-02 -4.141081310738671528e-02 -4.541424673763520131e-02 -1.692634060041087879e-02 -5.745125886254165426e-02 -4.573330012277389278e-02 -4.902646438904449677e-02 -8.441839802087174049e-02 -5.519630744121287874e-02 -6.595694871799838432e-02 -7.356557197981396234e-02 -3.869736705053137410e-02 -4.352167017450331299e-02 -4.234081579734309125e-02 -2.105603198356319899e-02 3.825332830984298771e-02 3.483813064524562270e-02 7.277719811060548438e-02 7.822760697469917368e-02 1.269200135523601003e-01 1.696310419052923790e-01 1.700835853400870512e-01 2.115560786965494655e-01 2.241582671425224049e-01 2.416171536311727819e-01 2.431666110980564288e-01 2.491272927791243763e-01 2.375400201889966700e-01
-4.030547881979479677e-03 2.108068956388338411e-02 4.794025630655331799e-02 6.008256570567083871e-02 8.487348306960620925e-02 1.015023339339209407e-01 1.091001498615010723e-01 1.293962658505737329e-01 1.228557209879757584e-01 1.338268184530978511e-01 1.550154069992893680e-01 1.588032200172075081e-01 1.965043130505343683e-01 1.958468369060172853e-01 1.872410948653752960e-01 1.750324253496163551e-01 1.941453114680512515e-01 2.129309101540878824e-01 2.111046997936519287e-01 2.118095346103926191e-01 2.222113238364590848e-01 2.196306296604685071e-01 2.413847147102843593e-01 2.332985109996661699e-01 2.381395809530481578e-01 2.410375905947088893e-01 2.389993257576966679e-01 2.368178760518287740e-01 2.298647710783379150e-01 1.937022593460850095e-01
-7.792902755620217947e-02 -1.197810354958631085e-01 -1.145791935108848997e-01 -1.372518599384480176e-01 -1.724192796025835195e-01 -2.100888134898276083e-01 -2.411052783618882478e-01 -2.695553315138219941e-01 -2.889687980246016807e-01 -3.425480585242975939e-01 -3.706931000763648010e-01 -3.821925837499243195e-01 -4.737360300010047265e-01 -4.641565219573908219e-01 -5.149653103491875772e-01 -5.298280510748005767e-01 -5.463799634859602961e-01 -5.844924164448737081e-01 -6.129475423348091923e-01 -6.243142937209225085e-01 -6.463993568165284920e-01 -6.500255091568799548e-01 -6.644356461494203003e-01 -6.651877363744758132e-01 -6.918265012249319446e-01 -6.840804163352994793e-01 -6.888365245407959137e-01 -6.901071084746135398e-01 -7.009464795779932755e-01 -6.828248679068937843e-01
4.747936510473461241e-02 6.330245610586866800e-02 5.915110680117311587e-02 7.768451969750098107e-02 1.115106816312202154e-01 1.346790606169721016e-01 1.420929949728588215e-01 1.672008612385952053e-01 1.723913551677255240e-01 2.206070584453361239e-01 2.407067021075186275e-01 2.709044381096720189e-01 3.448927296284310384e-01 3.319444380171918119e-01 3.354973507790028897e-01 3.422671428933702353e-01 3.821129165093670732e-01 4.160934037939881258e-01 4.450378579997042450e-01 4.592140930723293546e-01 4.937051362315332259e-01 4.966771023016636200e-01 5.290308538738679456e-01 5.501752360404281728e-01 5.789612094654663643e-01 5.953427893851132024e-01 6.134197454172755082e-01 6.171194581559490411e-01 6.586479194749292887e-01 7.143215257859594214e-01
3.563681090215813953e-03 -9.829847841933091884e-03 -4.085953308190046207e-02 -4.834195138222470434e-02 -5.664517955112020192e-02 -8.092902002126087235e-02 -4.788004852983595433e-02 -9.560238430333772852e-02 -9.580414522789251763e-02 -8.649833887200680804e-02 -1.169253023001047692e-01 -1.044675465287718680e-01 -8.192853447503928299e-02 -1.259298572080671530e-01 -1.350704738526957716e-01 -1.258898656735060462e-01 -1.293077903716548238e-01 -1.594795084939910623e-01 -1.471030717758950723e-01 -1.661680495175243966e-01 -1.493261153347771875e-01 -1.556881289240384936e-01 -1.492337164186230969e-01 -1.365233682903890244e-01 -1.197253874103923615e-01 -9.972391514435238746e-02 -7.750282605382173562e-02 -5.902480462393257243e-02 -1.468006257377589552e-02 9.031155231327445132e-02
-5.896808890413644810e-02 -1.156653487673715008e-01 -9.684688295737814423e-02 -1.371816904328319597e-01 -1.848053791295014014e-01 -2.145139145938411152e-01 -2.228987915017834609e-01 -2.998847268099401608e-01 -3.098970840909185953e-01 -4.002772449082589445e-01 -4.311516876047983837e-01 -4.641626962901309050e-01 -5.139699101151332661e-01 -5.565013316814959587e-01 -5.891675397510252044e-01 -6.120904024455637860e-01 -6.402984589801176130e-01 -7.491973164400274054e-01 -7.419126953643665479e-01 -7.953108537903534891e-01 -8.221214864451750204e-01 -8.924815798952414614e-01 -9.232087082471507333e-01 -9.550070855369543477e-01 -1.012411803463039162e+00 -1.035467536289413459e+00 -1.055559740948458280e+00 -1.074094320624192855e+00 -1.132592667960625965e+00 -1.163944445667865368e+00
-1.217317593900321855e-02 -6.105762435096580981e-03 -1.434938771595192439e-02 -5.965262400405558357e-03 5.668409182771998178e-03 1.328750166225481366e-03 2.076506885880573944e-02 1.838587294587960483e-02 1.336568316163220388e-02 3.809646329409247661e-02 3.079053052864473908e-02 4.316789859805116036e-02 7.791229619510821325e-02 5.453846593737299298e-02 4.639771242727791511e-02 4.347189741270283958e-02 5.417821278124027029e-02 3.045598263700347724e-02 3.822074960936973353e-02 1.661086354969978224e-02 2.384465802981802773e-02 -1.800545175534900427e-02 -1.515234047278149129e-02 -3.599686492659541492e-02 -4.437588038173898020e-02 -5.820815412480062623e-02 -6.946442429969472421e-02 -8.862533267235946088e-02 -1.140469611005260619e-01 -1.564269304962150331e-01
-6.009254174658194142e-02 -1.453580168064615707e-01 -1.437443000404610982e-01 -1.618481679857017297e-01 -1.920981272294407516e-01 -2.047036812805806683e-01 -3.096566075483550007e-01 -3.088137346590840160e-01 -3.160807645236406449e-01 -3.814982245707286279e-01 -3.680490666292474122e-01 -3.650998096190117836e-01 -5.101062363397943500e-01 -4.192202995568313773e-01 -4.854903239462848297e-01 -4.779646792708919789e-01 -4.738384856749074947e-01 -4.365325831524340394e-01 -4.629165629855932496e-01 -4.376688008505061900e-01 -4.598541952458378157e-01 -4.382587444325219406e-01 -4.248854028129807614e-01 -4.372070026167547141e-01 -4.395029760749634140e-01 -4.427187510894065037e-01 -4.461608137003443275e-01 -4.604334983239914414e-01 -4.925372389152094521e-01 -5.277417801208855730e-01
9.325786771098017874e-03 4.060977341422734171e-02 3.999042949396885982e-02 4.099044014932030910e-02 5.929675691337375071e-02 5.468748806142943730e-02 1.207399856792245735e-01 9.605856366407941604e-02 1.004907717677183954e-01 1.211449811252083564e-01 1.157546551371023691e-01 1.144228859273316856e-01 2.240550522155574653e-01 1.500715588529444866e-01 1.748868069879795928e-01 1.736147103803137859e-01 1.854803799003867382e-01 1.535530761479012296e-01 1.838452702721792009e-01 1.581205762680554516e-01 1.888749953071069410e-01 1.598052467511186792e-01 1.693543665696975453e-01 1.672528671708024273e-01 1.762123741641246633e-01 1.839539965210423844e-01 1.891808959649413091e-01 1.837247688134088508e-01 2.006406134726863300e-01 2.283766289052755194e-01
9.362796011416138486e-03 2.824072128079228861e-02 2.034843833335156157e-02 1.962759634888660079e-02 2.470380884104742686e-02 1.455033865027529141e-02 5.307823145272867749e-02 3.790910935169207463e-02 2.954898611222906910e-02 5.412158108468090312e-02 2.528987667674660947e-02 3.461001593900987078e-02 7.947390900440592931e-02 3.650830055780532324e-02 3.149982025852945261e-02 2.750276592624527686e-02 3.225509539865498154e-02 -4.013069154087972601e-03 -2.270101546205879200e-03 -3.095172485663971046e-02 -2.910432522066363700e-02 -6.350381784410340236e-02 -5.518339038880296782e-02 -7.713686299021045578e-02 -9.491428095202411597e-02 -1.034098343723891533e-01 -1.058421327586851340e-01 -9.908320549217668194e-02 -1.133760109678753486e-01 -1.356301417961763844e-01
1.791492209554190404e-02 9.411517866554010292e-03 2.250470128721097224e-02 4.187114337987347251e-02 7.311415524772681140e-02 8.511204701569118070e-02 5.566561583927349954e-02 8.545563327344117555e-02 8.805154080569135844e-02 8.305924716096418914e-02 1.196154901516920527e-01 1.442549187085146456e-01 1.437822420098057441e-01 1.723511797356081510e-01 1.433443876923952698e-01 1.514898061392859208e-01 1.798278341092468535e-01 2.283531672962765824e-01 2.435616787124021410e-01 2.621258221749583339e-01 2.824202847339599143e-01 3.051092812578472535e-01 3.333480081884597768e-01 3.463571332144578241e-01 3.693386758335286957e-01 3.970242004173349937e-01 4.060214366794037133e-01 3.903811970855893820e-01 4.201998231739659806e-01 4.466135035483674853e-01
7.249225088972934689e-03 5.420746262309433794e-02 1.046935554100592719e-01 1.192247687906902998e-01 1.521672623864729623e-01 1.921975148700768299e-01 1.939268736090124512e-01 2.367791038999607911e-01 2.306227425163132061e-01 2.529287061739242670e-01 2.795937153920620699e-01 2.833715504882874381e-01 3.501103019399277039e-01 3.415412035355934739e-01 3.490388499258094690e-01 3.330838702021047260e-01 3.654563927854975192e-01 3.691880596378322998e-01 3.825659657849662110e-01 3.780973642138058533e-01 3.819811958224228476e-01 3.395492309173666623e-01 3.525478076107829706e-01 3.263282468258142388e-01 3.134947863785124689e-01 2.843294890549195597e-01 2.604023443347844857e-01 2.279452486396903454e-01 1.742401185213448556e-01 5.591338650467875260e-02
-4.933915534492042121e-02 -7.579314986215782146e-02 -7.187720495139372778e-02 -7.124972565981088635e-02 -7.894239049042986456e-02 -9.325199423664830289e-02 -1.329208780679240753e-01 -1.351698043419966300e-01 -1.483630531107267281e-01 -1.695840881262806188e-01 -1.751955665631041437e-01 -1.576723109831977276e-01 -2.366902065066208705e-01 -1.949277256748578047e-01 -2.421624125420836493e-01 -2.409806337747765759e-01 -2.352940350166721484e-01 -2.003922443293761901e-01 -2.185164848482760436e-01 -2.008054370324617588e-01 -2.008484305344657161e-01 -1.551830270254388466e-01 -1.352773837789681965e-01 -1.142573229045857619e-01 -9.389447991553342976e-02 -6.636642223324076828e-02 -5.055573193140290578e-02 -3.382773231259815494e-02 -2.971388376649786167e-03 5.053015058971022794e-02
6.416401039826644115e-02 1.232979077172042109e-01 1.269896458371132519e-01 1.478083254161625670e-01 1.887649329867614467e-01 2.127484208648053876e-01 2.696635701103788918e-01 2.772608414073604033e-01 2.783311468591737614e-01 3.416808808928103458e-01 3.559477037095657437e-01 3.590450929766684784e-01 4.551384508375853066e-01 4.140668339155001432e-01 4.414869334293268777e-01 4.260801964918481399e-01 4.461579212440329734e-01 4.315782636269510641e-01 4.519088540731287518e-01 4.255071660805924694e-01 4.346187066243624164e-01 3.794678588480582260e-01 3.870698314078930280e-01 3.754070688973802361e-01 3.554523044273708021e-01 3.340609805897860052e-01 3.240141291910161869e-01 3.230742723737895505e-01 3.087841441177819890e-01 2.733321779222553927e-01
-3.229449594688720004e-02 -5.651738858989419773e-02 -7.015265880511731278e-02 -6.942293768556109801e-02 -7.021341354784937927e-02 -7.586260616301807036e-02 -1.060850937373097325e-01 -1.022426412849530980e-01 -1.082916485802301598e-01 -1.058986181821675310e-01 -1.126417885655879303e-01 -1.015588356804872777e-01 -1.441290618415066449e-01 -1.177220149800283500e-01 -1.491358994314672393e-01 -1.526109935221307556e-01 -1.453964816486394973e-01 -1.498665267363357145e-01 -1.585297772131967209e-01 -1.781141296279785124e-01 -1.906072575955059523e-01 -2.100733464789174554e-01 -2.030665414666630864e-01 -2.243823938102960103e-01 -2.390703672150038539e-01 -2.461855627006539482e-01 -2.569698244239047580e-01 -2.606304453817446798e-01 -2.899469491887692874e-01 -3.387662875502277515e-01
-1.020287485093250915e-02 -5.057878802804591234e-02 -7.120115888653461012e-02 -7.959494511755769997e-02 -8.129350562618957443e-02 -9.227301731757711623e-02 -1.327244414315421062e-01 -1.349016370799953346e-01 -1.340877325216861815e-01 -1.521247561067254062e-01 -1.499214528850910666e-01 -1.300737113878979168e-01 -1.834666404301548148e-01 -1.525731317634837214e-01 -2.017980577000472731e-01 -1.899917989969114873e-01 -1.806779207634893192e-01 -1.553328345547804745e-01 -1.644708028449567982e-01 -1.491194566977874503e-01 -1.392683967805145029e-01 -1.106952484464442527e-01 -7.972825169912947652e-02 -5.463988239650632850e-02 -3.322375558185523825e-02 2.790921642266699920e-03 3.065603251510558638e-02 5.202779011832450035e-02 1.095934700330572220e-01 2.133252589049047798e-01
-1.761147898796149719e-03 3.751057885604917874e-04 -6.022713384822075966e-03 3.251966761326365030e-03 1.931287000016960326e-02 3.712678495586693717e-02 4.924996180078274749e-02 5.067176691401763938e-02 5.703254108229513508e-02 9.490185171890397342e-02 9.891578777232221120e-02 1.294640268746051759e-01 1.840506007007208233e-01 1.622588522866629246e-01 1.549757490221588818e-01 1.567704589804626292e-01 1.826571750662656368e-01 1.661336553765798696e-01 1.945983236484453149e-01 1.761712864402829870e-01 1.831582174928618467e-01 1.414366162115142378e-01 1.525754226842810091e-01 1.292660070058908039e-01 1.068367018433359350e-01 9.672994430915667075e-02 8.599998595946606317e-02 7.537394153127500995e-02 4.674815535198342809e-02 -1.024709901631682546e-02
4.646040821500550116e-02 7.047423379139575172e-02 6.807094687463935423e-02 7.385561418770592024e-02 1.108128626358979713e-01 1.407876444778334846e-01 1.433857427903221238e-01 1.797762548645216174e-01 1.931554417919285060e-01 2.314536109450174850e-01 2.803991691189378077e-01 2.714314043993552583e-01 3.504078168196241294e-01 3.661649289758092118e-01 4.066287008344428022e-01 4.123045268613490522e-01 4.532960091616504150e-01 5.359715815406180806e-01 5.535716707105222678e-01 5.776272429779535367e-01 6.141910148350572252e-01 6.529423033351020589e-01 7.007002991590837171e-01 7.212449452096595381e-01 7.591522506155181649e-01 7.775007846913644105e-01 7.948733377825646373e-01 8.130930567022707223e-01 8.525491047574809134e-01 8.704181209654184848e-01
2.398607983356780896e-02 3.523901577918411854e-02 2.736623132165744154e-02 3.029312077258330266e-02 4.591562727214693052e-02 5.240889096482734266e-02 5.449773715404659241e-02 6.690052507982591212e-02 6.293391920360021097e-02 8.112783461747530289e-02 7.574496551516066156e-02 6.406552052768973993e-02 8.720566466344396861e-02 8.230947847691140462e-02 9.384738674116656354e-02 8.408015439557114945e-02 8.358387616673843001e-02 6.766041131671851616e-02 7.141861416574454835e-02 3.656372811979619747e-02 3.903652318203046367e-02 -6.217599263996696768e-03 -1.436278200334968960e-02 -2.659351671835869999e-02 -5.215067783798259249e-02 -6.869933170058548089e-02 -8.608836344372830518e-02 -1.031504269018325981e-01 -1.276642997444496774e-01 -1.735554844566916666e-01
-1.806218411417580272e-02 -3.789219291973372483e-02 -7.148500496789977898e-02 -7.426731153866952817e-02 -8.246251480050580118e-02 -1.148560172862816420e-01 -1.001278752333463751e-01 -1.321474470583759442e-01 -1.357836243116890274e-01 -1.291870696288992537e-01 -1.597283922576686610e-01 -1.442832888409635028e-01 -1.511731083752846094e-01 -1.746890905028084251e-01 -1.964131576677658475e-01 -1.879280908971953101e-01 -1.898336843769600490e-01 -2.245166316732882528e-01 -2.185148356750131193e-01 -2.431870284677855043e-01 -2.375632016678884684e-01 -2.621648945629505567e-01 -2.672663842347322571e-01 -2.754409093575498901e-01 -2.809325902361255456e-01 -2.765450072658230951e-01 -2.783792431204297202e-01 -2.912136994006255253e-01 -2.904786909608961798e-01 -2.676772694793122520e-01
-5.181622112728759971e-02 -5.339902297914714269e-02 -4.089145429342806726e-02 -5.929696212545324668e-02 -6.928953586032068901e-02 -7.617161263013055850e-02 -5.637088698160609701e-02 -8.939028450855625307e-02 -9.588787198854151206e-02 -1.229901342208699760e-01 -1.464283301264552306e-01 -1.602738776500602924e-01 -1.457340872937269438e-01 -1.901040433534144092e-01 -1.997408399552634828e-01 -2.137473066917759679e-01 -2.290078180207144598e-01 -2.972136197651349399e-01 -2.903054972661908706e-01 -3.335549508128914376e-01 -3.389899165994182950e-01 -3.856932834372915342e-01 -3.992506635691019934e-01 -4.151505960327818712e-01 -4.392573619005820107e-01 -4.417583650345648372e-01 -4.508972327357342325e-01 -4.658544619625616945e-01 -4.830306610325651451e-01 -4.930706043315862819e-01
-9.750488930966104417e-03 -1.104598367946860865e-02 -1.357272195655636997e-02 -5.967390841320483266e-03 4.832622222279200214e-04 -1.259730568512302390e-02 -6.741037839733895337e-03 -1.615711370328171484e-02 -2.280561352321939031e-02 -2.333847722603552693e-02 -3.851674807008839685e-02 -2.402303253621240753e-02 -2.940294522064122729e-02 -4.278481223167954206e-02 -6.974045957237177962e-02 -7.063014502999170885e-02 -6.691558491368647388e-02 -9.748473537291507673e-02 -9.434090823131957571e-02 -1.181464581928390739e-01 -1.260528763540232078e-01 -1.634400995072252949e-01 -1.652379514479810907e-01 -1.919779360913098920e-01 -2.148476385348187523e-01 -2.270109710003642978e-01 -2.380038753671057661e-01 -2.567827458945038943e-01 -2.866243563066807609e-01 -3.255679402383212517e-01
6.689038357014127044e-03 -1.821550678265519002e-02 -3.415910673746597181e-02 -3.795034429267721277e-02 -4.027887529618970341e-02 -5.019763060506759328e-02 -4.795279823251755169e-02 -6.264624976486041219e-02 -6.082580378563347268e-02 -4.761030791698938475e-02 -2.888959831080983517e-02 -2.354181008616710105e-02 -4.985945880702148669e-03 -3.118069233678841257e-03 7.906732222374538571e-03 1.311850179444077474e-02 3.444055008532609374e-02 7.494909926082746199e-02 1.027251125154542977e-01 1.094873586640406071e-01 1.319970071100780573e-01 1.606152029913060497e-01 1.855706992755135065e-01 2.019752947785720676e-01 2.290803971759130253e-01 2.570858320773664052e-01 2.653623396916416910e-01 2.666748514436444450e-01 2.961953189542755327e-01 3.334124493074334672e-01
-4.902969673009710538e-02 -6.496973747325847370e-02 -6.010312228280186020e-02 -7.699423599428803500e-02 -1.009056312613490769e-01 -1.419795204751301276e-01 -1.301157975878191042e-01 -1.767702074120753863e-01 -1.929414662522423163e-01 -2.392247961592184891e-01 -2.708719945326309442e-01 -3.001894037517324754e-01 -3.376972245433071951e-01 -3.725784943994746579e-01 -3.995597088542183206e-01 -4.254444833600954379e-01 -4.448372068377695054e-01 -5.406007869854237979e-01 -5.540519313389835609e-01 -6.070193939566195240e-01 -6.373747117208701241e-01 -7.131714686955658022e-01 -7.471427920648382459e-01 -7.893544673932240130e-01 -8.404459941373902954e-01 -8.740911712162099390e-01 -9.062989695716074934e-01 -9.383933134236650542e-01 -1.011351055510828711e+00 -1.082728157635035160e+00
7.727203273381184900e-02 1.250062336138586250e-01 1.128932836732287753e-01 1.361453865318290601e-01 1.835196614568356810e-01 1.943746420196402480e-01 2.088151087995242516e-01 2.612756351689511924e-01 2.617100023186469948e-01 3.229530394109821345e-01 3.446322406735476407e-01 3.490893916549931975e-01 4.135646986229050137e-01 4.254580242045296612e-01 4.619911532384291530e-01 4.680697133350775752e-01 5.008009423248525049e-01 5.680221291180803656e-01 5.846802399506023651e-01 5.912571337495555746e-01 6.263698583526581265e-01 6.498514486912199128e-01 6.763647163870805112e-01 7.017743233548662252e-01 7.095117107027855141e-01 7.306134614844578268e-01 7.270933325068010822e-01 7.226012122676763738e-01 7.563700620163541499e-01 7.461976717605185438e-01
-6.599630896954175596e-02 -1.633788563142321848e-01 -1.844368802255366702e-01 -2.149198174726144606e-01 -2.528236597585769019e-01 -2.805713989373286865e-01 -3.521806354443591802e-01 -3.922188235742779527e-01 -3.929285066530293080e-01 -4.592371215687240937e-01 -4.675571220262045302e-01 -4.564466159843820203e-01 -5.775547921678619856e-01 -5.317285946873238078e-01 -5.952011270889239203e-01 -5.792315056492747249e-01 -5.887498793722061308e-01 -5.698532855732113545e-01 -5.794816654361915065e-01 -5.660692754042577768e-01 -5.628332585942763533e-01 -5.031493373390345525e-01 -4.921105315268909930e-01 -4.550535178563167582e-01 -4.362578470566097488e-01 -3.770813708503729100e-01 -3.497299467908834281e-01 -3.320508256125483948e-01 -2.662847049849637604e-01 -1.377846370312386937e-01
-7.573992015116479126e-03 1.493755542988621163e-02 3.015880684678269585e-02 2.777978298740233637e-02 3.897029532363192189e-02 5.698097816974068142e-02 9.403232313386235275e-02 7.680662200756280256e-02 7.606828867940088057e-02 8.941738093830615963e-02 7.253840971550798433e-02 7.536794614080241650e-02 1.476350330561150281e-01 8.928804541078375068e-02 9.557126803047502617e-02 8.171066373003409156e-02 8.202256598341114979e-02 9.167209377213970944e-03 3.684912593519783230e-02 -1.936786700748311524e-02 -2.410845164466297527e-02 -1.071851853046143915e-01 -1.214570582499382434e-01 -1.626788276447534987e-01 -2.159710168390935325e-01 -2.412131284574121626e-01 -2.678072526930565522e-01 -2.959235126526998383e-01 -3.526017414196433997e-01 -4.481811068762837635e-01
-2.224970189353713684e-02 -1.683700508542768093e-02 -3.945983911662495625e-03 -2.801307858529659967e-03 4.449812166583626272e-03 1.868434592931947358e-02 9.373387294191772023e-03 3.143099527292540080e-02 2.462845375161618749e-02 4.467024542695288702e-02 5.642635245541761935e-02 5.721174687634490719e-02 8.495434046848324150e-02 9.199434166074868524e-02 1.058654018341532166e-01 9.853547847303179008e-02 1.207551190262120128e-01 1.544996375797035026e-01 1.661398380857731505e-01 1.726447843236234014e-01 1.871251505208563481e-01 1.987930232904983607e-01 2.164341318255904867e-01 2.267432591776977202e-01 2.490651124212863721e-01 2.526919401306131907e-01 2.562807058297480456e-01 2.542026797304701713e-01 2.603285337034176861e-01 2.609244614726261569e-01
2.007640794038051055e-02 3.363839076857017690e-02 2.829394130609789310e-02 4.706130609364998080e-02 7.789463941721963547e-02 7.233170487512657898e-02 9.238244518526464444e-02 1.142643167486450673e-01 1.135831811740789649e-01 1.285062478041774370e-01 1.446945871466535916e-01 1.509061969605184905e-01 1.937487932692434911e-01 1.825884727624215165e-01 1.813393831190702743e-01 1.791045921463764179e-01 1.891313795040220624e-01 1.912661402770245156e-01 2.083308839378988364e-01 1.835145266608086134e-01 2.015308844672358268e-01 1.708921359306294074e-01 1.942459686320450740e-01 1.831799367893103547e-01 1.733723065168904509e-01 1.737290794559201712e-01 1.683554550417192264e-01 1.696348924031612637e-01 1.664764338684833755e-01 1.389269099936893959e-01
-7.358301414724155443e-02 -1.377941019029992609e-01 -1.229403471037452678e-01 -1.385970508221128494e-01 -1.651559773940509679e-01 -1.697106719911618822e-01 -2.578724345834401133e-01 -2.572938895734970810e-01 -2.662946777131511844e-01 -3.164176942011938665e-01 -2.893652392026794251e-01 -2.953598952882835471e-01 -4.124687495206467158e-01 -3.301922238539964916e-01 -3.731344303596459966e-01 -3.774642229613405231e-01 -3.582831497528032871e-01 -3.108136881709950838e-01 -3.270945386880491634e-01 -2.940478944721491295e-01 -3.098129530854211167e-01 -2.786235706663288125e-01 -2.591363761312557301e-01 -2.605359152940875944e-01 -2.513251156134828634e-01 -2.566043174078221911e-01 -2.631675748401617887e-01 -2.719150499792106768e-01 -3.064232339515908787e-01 -3.564826667094659896e-01
3.375478940235430297e-02 7.273694211340624161e-02 7.700970429156406283e-02 9.402911333128441407e-02 1.281586673658238196e-01 1.438581451527190247e-01 1.758791592642884039e-01 2.064378725991226071e-01 2.099022028854971855e-01 2.450522161491376916e-01 2.602287598074861652e-01 2.584487793325267457e-01 3.447300775279954488e-01 3.154227876451705659e-01 3.398480185194259207e-01 3.397170563923775921e-01 3.489433031466239732e-01 3.278796446339456439e-01 3.506705565570712446e-01 3.234178394285966429e-01 3.280585599385318907e-01 2.580789312295086457e-01 2.616281075747200480e-01 2.246049190603734702e-01 1.837603143850288778e-01 1.567376059803394228e-01 1.336905128553944055e-01 1.029995495070608058e-01 5.572762773169568501e-02 -4.487243830750716617e-02
2.738707051299067718e-02 5.647381771521941402e-02 7.851865170780400471e-02 9.263623230982150070e-02 1.290522374343875123e-01 1.562158116265261465e-01 1.597052493436105225e-01 1.961947839502624635e-01 2.005759307850537576e-01 2.149018062297148313e-01 2.477610456369710168e-01 2.528578436906583904e-01 3.162341314169604400e-01 3.145334999136012999e-01 3.208631983193740433e-01 3.223628894963194158e-01 3.452883952219108488e-01 3.639300264572331578e-01 3.827929396151662500e-01 3.788657223678730812e-01 3.915348258337584264e-01 3.635073340791972751e-01 3.870409930990333924e-01 3.634167009633560985e-01 3.562838418382635042e-01 3.489268638213194329e-01 3.370526763981319673e-01 3.081675923854236276e-01 2.836470309057480543e-01 2.053985082605045975e-01
8.263809416430872856e-02 1.549542895412917565e-01 1.591180768190133266e-01 2.030611211741677469e-01 2.812165215884611102e-01 3.465801959314983582e-01 3.922927609927914783e-01 4.679426601391983853e-01 4.820747152356311127e-01 6.014644234706795212e-01 6.330734842318843647e-01 6.890214196879480557e-01 8.959198713686334914e-01 8.500829986249485160e-01 8.953934533748074687e-01 9.086358359348665203e-01 9.767577569529315440e-01 1.042068329646875124e+00 1.101003023877691334e+00 1.114222973163530472e+00 1.183342192510002500e+00 1.193762638843575585e+00 1.248506720636604950e+00 1.276572149719285010e+00 1.332071018363895076e+00 1.361257129915651065e+00 1.389356963492572206e+00 1.399365769746868882e+00 1.469024884313971047e+00 1.520804573479870525e+00
-5.559764248846216228e-03 -2.782388559955320528e-02 -7.244720099473363206e-02 -7.701704131629021066e-02 -7.849138886087850264e-02 -1.046166080763109851e-01 -1.004908441774124139e-01 -1.235968923573373124e-01 -1.196803044607965827e-01 -1.114952769241695368e-01 -1.210100773672045937e-01 -1.267016560913829526e-01 -1.358771840728391078e-01 -1.361612842219933894e-01 -1.407520813027789974e-01 -1.301987037555662197e-01 -1.319448265943987952e-01 -1.350481604553645798e-01 -1.409686790958441516e-01 -1.510340179494877033e-01 -1.423294933557658626e-01 -1.480576806151338576e-01 -1.460722988997976979e-01 -1.418086839059388982e-01 -1.324446958006490760e-01 -1.256785781984282035e-01 -1.145704490634942285e-01 -1.111991445892450830e-01 -9.028470356922124740e-02 -3.399499993176156171e-02
-4.990561363947117191e-02 -9.918208149194177037e-02 -1.169642693994164678e-01 -1.282281129475895398e-01 -1.497187984319389431e-01 -1.751260802839666453e-01 -2.093003010373038209e-01 -2.343312719381898668e-01 -2.367692884229969930e-01 -2.625092213513811057e-01 -2.733734553632302111e-01 -2.649058241309369954e-01 -3.382233964807296878e-01 -3.171454831530207130e-01 -3.571149295868633611e-01 -3.537141410116925178e-01 -3.516789335151531692e-01 -3.615618170041612345e-01 -3.679351149403335963e-01 -3.709337728068186069e-01 -3.875168688312429777e-01 -3.879251136137354949e-01 -3.871536884205389883e-01 -3.926341185277156809e-01 -4.073663220646285277e-01 -4.039822535543126092e-01 -4.005330289461858095e-01 -3.944825822378160707e-01 -4.006423801108418559e-01 -3.757038422816452727e-01
-3.644899410536197454e-02 -7.344518981159117721e-02 -9.072458910749621463e-02 -1.036584659840661671e-01 -1.175643768847530052e-01 -1.488670860726866163e-01 -1.628883291466249883e-01 -1.909218158469636606e-01 -1.911842457774156068e-01 -2.371533477926539013e-01 -2.536190548855946636e-01 -2.684266645397278550e-01 -3.172702296444943615e-01 -3.205030614191805016e-01 -3.576784547783640189e-01 -3.600002596471289507e-01 -3.812372436877801141e-01 -4.450849852878235868e-01 -4.579268600901146291e-01 -4.968535465714513100e-01 -5.204402951980400260e-01 -5.807074310127003924e-01 -6.001362282531015335e-01 -6.399931641134164462e-01 -6.993907408495336764e-01 -7.176958365863843614e-01 -7.378264927320585809e-01 -7.587355293233695175e-01 -8.113387386339723228e-01 -8.670450215515368431e-01
-6.434519551819557759e-02 -1.357708653597807791e-01 -1.094734295320055201e-01 -1.462418214283721096e-01 -1.935645709599221609e-01 -2.178229419863028093e-01 -2.946726454207567181e-01 -3.041293030247695928e-01 -3.255945987604800806e-01 -4.169914689708049682e-01 -4.176934784853717497e-01 -4.441740764004149522e-01 -5.709687538992808120e-01 -5.129449276458512008e-01 -5.547871486159451360e-01 -5.548107962359662970e-01 -5.775789392336212469e-01 -5.553456848255526879e-01 -5.825452699761262121e-01 -5.697730555732326563e-01 -5.917743342800882989e-01 -5.566518531943126513e-01 -5.409150404669366141e-01 -5.472761422119557517e-01 -5.463249555195051066e-01 -5.296474081462791972e-01 -5.291217275348230054e-01 -5.315061986687338313e-01 -5.423560784427139403e-01 -5.583233800398652580e-01
-2.991727353252844612e-02 -4.184219140513379537e-02 -3.617468814599585081e-02 -3.589274669271981522e-02 -3.229351923123476020e-02 -2.813892327250337028e-02 -5.948062731496427114e-02 -4.423353211304364985e-02 -4.728887166134315700e-02 -5.001576562003041959e-02 -2.593786343118670637e-02 -2.443670919388880175e-02 -5.920927532072214894e-02 -1.216122666277796860e-02 -2.526497183297965465e-02 -1.963282683867752232e-02 -6.221164866534321242e-03 3.953612818412150648e-02 3.218622771549425887e-02 5.018735722730283122e-02 4.301072667395964416e-02 5.359679332856041173e-02 7.398037429777895579e-02 5.569722994667018756e-02 5.579739884821070112e-02 5.034183669534238875e-02 4.226791181549896526e-02 2.317981107765853047e-02 -5.014645913522203929e-03 -7.303207138932830966e-02
5.984061016951827683e-02 1.098047164274784937e-01 9.589006144529695075e-02 1.346857034246566331e-01 2.024363654844888172e-01 2.615544437061824157e-01 2.698817039866830414e-01 3.651431103464277683e-01 3.860878177593822791e-01 5.059428907702852030e-01 5.638960980427487613e-01 6.030844872871002904e-01 7.589290920042017774e-01 7.727865324377825029e-01 8.344802349542543851e-01 8.594383710558003431e-01 9.305054830849937009e-01 1.043570071049135795e+00 1.093379608311886519e+00 1.130457525065324376e+00 1.183321829214496246e+00 1.205853700474898371e+00 1.258064208520148775e+00 1.267608320513047282e+00 1.310090689292175092e+00 1.319180609283181038e+00 1.328675228675352260e+00 1.314290464325860164e+00 1.340141402526469516e+00 1.305160880190662009e+00
-6.641447373096991125e-02 -1.126714413928828484e-01 -8.936454330529333689e-02 -1.158815979732041729e-01 -1.412926437289153125e-01 -1.553629492684913960e-01 -2.100365284346734918e-01 -2.192451608483130254e-01 -2.287868747548654769e-01 -3.094333613204890421e-01 -3.065438618283407579e-01 -3.448567164911886529e-01 -4.167896449715983165e-01 -3.926975479723607831e-01 -4.200860384708373640e-01 -4.347729022847084956e-01 -4.505958639847240654e-01 -4.820935212646786927e-01 -4.971015518599839478e-01 -5.126344922808094839e-01 -5.281892000068878490e-01 -5.571354361392709675e-01 -5.741179235939019021e-01 -5.886943198048137926e-01 -6.174977038078521829e-01 -6.323835592135340633e-01 -6.504572767493324026e-01 -6.803238257506645237e-01 -7.248280022509956400e-01 -7.684029281657415167e-01
7.490156902037459208e-02 1.443388024998930319e-01 1.450753020600238918e-01 1.728258456136566590e-01 2.258517129223363007e-01 2.477895803831888788e-01 3.125251391493782949e-01 3.418127885573001290e-01 3.423448146663827796e-01 4.177584408944777783e-01 4.223483412322566188e-01 4.385938093107522584e-01 5.815492559693564711e-01 5.182091953899736758e-01 5.490733114827630601e-01 5.393971885691011270e-01 5.704052975556747063e-01 5.529911433232732598e-01 5.866595231113685971e-01 5.599753833178381379e-01 5.946305311441640873e-01 5.466437914613759830e-01 5.559453753908430995e-01 5.589299901795777847e-01 5.430276124534567650e-01 5.436356128385175790e-01 5.338043834238478391e-01 5.196596179806729499e-01 5.283116316911864452e-01 5.079222088221346798e-01
-8.904584562846262763e-02 -2.123028803362767003e-01 -2.591907909701195445e-01 -2.918319003360415609e-01 -3.561991754880808325e-01 -4.128973750787023889e-01 -5.126483499418204026e-01 -5.541904030020362582e-01 -5.612952656176322108e-01 -6.251332335978010413e-01 -6.424924177082931287e-01 -6.389213561193538560e-01 -8.355841896919142808e-01 -7.519969010908689189e-01 -8.215630474598740740e-01 -8.068887178800661086e-01 -8.208505641344878700e-01 -8.126278889754602330e-01 -8.343859827243672589e-01 -8.252818035264732899e-01 -8.557504398444906180e-01 -8.260348651181161905e-01 -8.350785467711018262e-01 -8.306294421746613921e-01 -8.505862104497252663e-01 -8.318373939395210526e-01 -8.370990145950184536e-01 -8.411428458510217254e-01 -8.520620658250348534e-01 -8.293877125383433135e-01
-2.567728415177313386e-02 -1.780217475312612097e-02 1.663704070445175959e-03 -1.846249181744044968e-02 -1.906641600648665766e-02 -2.637543862195884659e-02 -7.738148610456421772e-03 -3.780331964466272093e-02 -3.976860717183478000e-02 -8.023385742435336365e-02 -9.620873781355510079e-02 -1.251078036618142320e-01 -9.270230521447703209e-02 -1.357819400832238066e-01 -1.343023418081202291e-01 -1.468278616428020933e-01 -1.521955065650706374e-01 -1.940621949019323833e-01 -1.947186920334405547e-01 -2.229226938092297994e-01 -2.140587729214257218e-01 -2.267135810717711142e-01 -2.349748520394910611e-01 -2.344173970321687672e-01 -2.366754673739416559e-01 -2.267831580874754560e-01 -2.224321141723355211e-01 -2.294311479897722661e-01 -2.197333647996912442e-01 -1.862027505370067448e-01
4.476159988014635771e-05 1.148269962951539713e-02 2.888681755727282030e-02 3.041834062003483802e-02 4.859741519595103809e-02 5.937662329154810154e-02 7.612573357023319498e-02 7.383485144615448137e-02 7.286279530797995507e-02 7.116219912169668982e-02 7.230256165418880165e-02 8.104774699643732538e-02 1.407219601183491431e-01 1.100668741444725679e-01 1.117547217207205679e-01 1.138490014998481681e-01 1.282076901457548102e-01 1.433951698240704675e-01 1.614440292711791791e-01 1.622438549915515282e-01 1.980855288729886365e-01 2.228581006941191545e-01 2.495646080024252200e-01 2.780394444209789984e-01 3.180518327204433504e-01 3.521268933589599692e-01 3.816289364482270408e-01 4.011540462040137367e-01 4.642630750520785332e-01 5.640035408005105166e-01
-7.284877498378389271e-02 -1.410609751268638301e-01 -1.660302141873353787e-01 -1.747800195099290521e-01 -1.932270343627432441e-01 -2.077134790358998728e-01 -2.873528758338085853e-01 -2.776130769067082227e-01 -2.820945694570786699e-01 -3.023050478721562295e-01 -2.998895938161246777e-01 -2.778359113313154660e-01 -3.907367985736779348e-01 -3.115653987439888084e-01 -3.584334016788846555e-01 -3.390414921043105601e-01 -3.280787877193961921e-01 -2.551006790848838746e-01 -2.728855866940523289e-01 -2.347580126781695087e-01 -2.319368426757504875e-01 -1.526070529272154364e-01 -1.192665390407099679e-01 -8.566882446277804264e-02 -3.775317124404831831e-02 4.782632443998513505e-03 3.798412020456440330e-02 6.505975283186268832e-02 1.237496152242349573e-01 2.254089537555220013e-01
-3.882705072045422590e-02 -1.038031441263222998e-01 -1.058889297194453988e-01 -1.356359980381940389e-01 -1.681248633391412006e-01 -1.881022147064500827e-01 -2.203195192159774773e-01 -2.564001954432452712e-01 -2.614243667847413466e-01 -3.132610482812541730e-01 -3.150468034023724551e-01 -3.245364080101091342e-01 -3.728936700376479507e-01 -3.651322014576668940e-01 -3.878900104275045391e-01 -3.851861547509967676e-01 -3.921411837751350715e-01 -3.927290929256162522e-01 -3.846792423437012109e-01 -3.889406515155615640e-01 -3.868703726579448277e-01 -3.708947008925800870e-01 -3.604882848431119058e-01 -3.539336691340980723e-01 -3.392448243360489113e-01 -3.142107068734117381e-01 -3.032892075771259632e-01 -3.052680715064331474e-01 -2.855405813616745392e-01 -2.317564225326738392e-01
1.399394874045977247e-02 2.753082387759613059e-02 3.704416093440644070e-02 2.705740626572464974e-02 3.684041179861391457e-02 3.834807223467608106e-02 6.142023024029008571e-02 5.492274105829830777e-02 5.193919789420463340e-02 4.607756329612327367e-02 5.356740654223904330e-02 2.914040512654846732e-02 7.955627943159387927e-02 5.143833585587482410e-02 6.911890451745297814e-02 5.947174256143175630e-02 6.164317169106054567e-02 5.454513327738735873e-02 6.080501880877962201e-02 4.567472658256275381e-02 6.615028884099730111e-02 5.603960801932126451e-02 6.322431230504339805e-02 7.069434275978153659e-02 7.548823046733880993e-02 8.408614689138724230e-02 8.549540156426353732e-02 8.086607658697012035e-02 9.620728425039594411e-02 1.117785619388461243e-01
-9.216184030977530098e-03 -1.058875234430108059e-03 -1.741553586621549105e-02 -8.467125939621985078e-03 4.271935239064335310e-03 3.807278954686979522e-03 1.602959426261070172e-02 1.103223003011329084e-02 7.652745534449289372e-03 3.901104509043992752e-02 1.468969595359139249e-02 3.140287682292983856e-02 4.826347370079354937e-02 3.327328378734982495e-02 2.324088738765425072e-02 1.944635475320388024e-02 2.630565080117475141e-02 1.049583094148332646e-02 1.015003579114969606e-02 -1.698922222348781680e-02 -1.569091470457610604e-02 -2.881773944950396724e-02 -3.623941968521566387e-02 -3.995820722232663880e-02 -4.767003491101411139e-02 -4.366846790983075488e-02 -4.158041503186715726e-02 -3.924561958986665794e-02 -3.385386844232782244e-02 -1.731375100016886714e-02
-9.944344023879829464e-04 -1.966103086656499979e-03 1.207020683059801223e-02 1.536056231949932752e-02 2.918960172891749139e-02 3.993885483624279309e-02 3.646782671329513309e-02 5.167327145651365305e-02 4.921993366149599036e-02 5.429359344380859514e-02 6.906656108936280736e-02 7.000350969301002979e-02 1.085592055754677349e-01 9.799869201346476932e-02 1.096017277018974390e-01 1.071451758757917538e-01 1.219339994607993999e-01 1.237507800105979161e-01 1.535500738019340838e-01 1.389326679566236511e-01 1.559425768641287124e-01 1.332435919121392476e-01 1.401483150241208397e-01 1.387732473475587758e-01 1.324434927429490871e-01 1.362489899446857056e-01 1.224404888369665656e-01 9.618853823285589133e-02 8.607738437110952490e-02 4.883018130152115555e-02
8.173259180502795429e-02 1.584989873481868483e-01 1.504117177939337524e-01 1.959399940556305064e-01 2.770845532019656776e-01 3.252700271304730384e-01 3.986686400916980011e-01 4.271609834248025761e-01 4.525457541265313632e-01 5.547794137492420008e-01 6.125517735273957598e-01 6.377355285959734887e-01 8.166919857919618941e-01 7.796349036643954733e-01 8.360802909922562254e-01 8.451565877611847410e-01 9.025619311836392544e-01 9.625532637341160935e-01 1.014499769601400203e+00 1.022654222307037619e+00 1.083399550184348747e+00 1.087937617853298899e+00 1.123941775623743311e+00 1.143402477594248623e+00 1.177654261739688790e+00 1.191819126590591527e+00 1.201953208083426095e+00 1.201521113907049187e+00 1.242985284269742419e+00 1.250454137638064456e+00
1.117309838673836118e-02 1.103288785874078359e-01 1.337453398188542808e-01 1.486172790758998608e-01 1.942176072917412011e-01 1.949365481753387308e-01 3.375227159934917620e-01 2.697426649733454807e-01 2.702274421329418641e-01 2.870248565903188442e-01 2.470469268144637465e-01 2.396971021719547790e-01 3.989756907291190369e-01 2.411939755721122236e-01 2.446145809915188096e-01 1.993563552695256091e-01 1.933136750508829271e-01 4.162638903549172043e-02 6.505843029338448380e-02 -3.540409608634183941e-02 -1.614510402675985515e-02 -1.198464356425364974e-01 -1.415980526386760308e-01 -1.530170058397981037e-01 -1.949376986315642657e-01 -2.018695033310904385e-01 -2.072610437029863140e-01 -1.897038125133257980e-01 -1.855158358330687984e-01 -1.532913329092926158e-01
8.001186692876838258e-02 1.135749060022888113e-01 8.579442573362058844e-02 1.135989025989156409e-01 1.740944560738222902e-01 2.332794045811987793e-01 2.220422069185492009e-01 3.085759266480891938e-01 3.338274314141016497e-01 4.497619591438559161e-01 5.203692591318009875e-01 5.517489614888050342e-01 6.630305691317360806e-01 7.170899410905475779e-01 7.783262228231361268e-01 8.106656546659779528e-01 8.811660528496902955e-01 1.041782332256488308e+00 1.077222820581961171e+00 1.136392099032310643e+00 1.181932569293064006e+00 1.255217940954288958e+00 1.318768096866983930e+00 1.342953769381353135e+00 1.394757472726514624e+00 1.425961034954830620e+00 1.447264985843385920e+00 1.449914518853019807e+00 1.503266424295186532e+00 1.498630416814125788e+00
1.764685338252910268e-02 -9.888523778598008740e-03 -3.008515395419988914e-02 -2.191489170122884467e-02 -1.338474119738789284e-02 -2.185687566630688944e-02 -3.844220747230768509e-02 -3.822287563736744692e-02 -3.813717822417982822e-02 -3.862669973856461270e-02 -4.308895033245855460e-02 -2.931259690627126269e-02 -3.905955802844199298e-02 -4.332203167017388556e-02 -7.316560538098593192e-02 -7.363261844622329133e-02 -6.954699453058571512e-02 -1.089500317832058640e-01 -9.625065375096761300e-02 -1.280573263482521207e-01 -1.298033344011096935e-01 -1.830162864308642889e-01 -1.924795273756458036e-01 -2.067722233238281915e-01 -2.382823653709662814e-01 -2.446783702671200267e-01 -2.574737487999073648e-01 -2.774197720089237040e-01 -2.974593568211603145e-01 -3.109807182078288545e-01
2.270712319297187032e-03 1.757720155692705372e-02 2.569851312884761929e-02 1.639720089722820212e-02 2.510040147505868818e-02 2.476418090232177655e-02 2.040311208853779618e-02 2.319217210405098706e-02 1.890485612724292913e-02 6.206760507887806866e-03 5.947236224097540713e-03 -9.826938428835599315e-03 -1.863592036089180975e-02 -1.428833744441206782e-02 -2.257631487602335812e-02 -2.498883142821198972e-02 -2.817279849086594401e-02 -3.047387700750015666e-02 -4.587943408608093770e-02 -4.936511580841099894e-02 -5.754974855601022177e-02 -6.957962808797285570e-02 -6.502693305895107523e-02 -7.051781551075009258e-02 -8.015265563187440323e-02 -7.827884008401252147e-02 -7.762005616816286535e-02 -9.152974071517094856e-02 -8.852022481080376592e-02 -8.362011997875071212e-02
-6.483838015261850218e-02 -1.187835748199463637e-01 -1.208672577468020842e-01 -1.487205238596143730e-01 -1.843323601953675839e-01 -2.204238369600642899e-01 -2.616788705283443761e-01 -2.888494948853673749e-01 -3.028482483632199407e-01 -3.689351382392505041e-01 -3.943669462185059871e-01 -4.169851359042737182e-01 -5.071425545861460993e-01 -4.940011788980630536e-01 -5.366063146183891464e-01 -5.490707245810091397e-01 -5.699184998630034693e-01 -6.188765344623214926e-01 -6.395682868293202095e-01 -6.680716871858580763e-01 -6.934400808293113005e-01 -7.216696234613559913e-01 -7.357713937133563142e-01 -7.546473573904263210e-01 -7.922440072561802715e-01 -7.981558616335943102e-01 -8.131813091302908525e-01 -8.244450960383898908e-01 -8.610300916545834404e-01 -8.881897367194208082e-01
-2.214269823089652992e-02 -1.897060833076770481e-02 -2.561224772860889315e-02 -2.801883277397730632e-02 -2.552163094613251609e-02 -3.418381085800192842e-02 -2.659081078693162695e-02 -3.925127998585704187e-02 -4.289694451436478623e-02 -3.806411145342365743e-02 -5.550132168509382125e-02 -5.756958865163368244e-02 -4.709961639236661529e-02 -6.887083756599883533e-02 -7.777334748891856497e-02 -8.638030978805216753e-02 -8.147947953403356092e-02 -1.166345472747108980e-01 -1.175768416646860159e-01 -1.409052492631145681e-01 -1.393348887190320184e-01 -1.678101239469240724e-01 -1.796289441760464123e-01 -1.813195028968911382e-01 -1.943476701806880758e-01 -1.983629158365907974e-01 -2.043772277178360630e-01 -2.124201888914673542e-01 -2.197304958609891390e-01 -2.104033149083054943e-01
5.275048940496539218e-03 3.471553855332286387e-02 2.543399519937526720e-02 4.568850245088827006e-02 8.372569554356572297e-02 1.076139337744582147e-01 1.042256885346544981e-01 1.492587775148522811e-01 1.540089576208351629e-01 2.140462988328416527e-01 2.423457297509205022e-01 2.622347840522034623e-01 3.037478542660469460e-01 3.361025212545021290e-01 3.529325146295929083e-01 3.620517386644085400e-01 4.004901041279941287e-01 4.886700759768382585e-01 4.927805605587380344e-01 5.208176730136306887e-01 5.468216776413111768e-01 5.910003155992502588e-01 6.313041258478062634e-01 6.503539313158362978e-01 7.031675222805083836e-01 7.197713951768549556e-01 7.387263483195383174e-01 7.465367062865708725e-01 7.860916612565204131e-01 8.133193132551579385e-01
-3.751179376117009384e-02 -4.131423041199744350e-02 -4.828050947299204754e-02 -5.724006167796451272e-02 -5.731109830570594449e-02 -5.329025216748398130e-02 -5.455791417521697884e-02 -6.228381468853247394e-02 -6.363314136513618935e-02 -5.653549914116050290e-02 -5.854041175201769864e-02 -6.919527340298717299e-02 -5.691682644246225109e-02 -5.757435298803741108e-02 -4.724443498881591985e-02 -5.088405018699611315e-02 -4.363217486889992003e-02 -3.396565200219141267e-02 -3.276334817700463087e-02 -3.762508770023465648e-02 -2.293952663464616376e-02 -9.365787643312604993e-03 -5.954745691607032931e-04 1.631402969946208620e-02 2.697116662975809764e-02 3.931775015697175357e-02 4.660825247374975749e-02 5.985936100428231738e-02 7.912462899446628950e-02 1.067869346213511372e-01
1.003126712500941251e-02 1.844715707952183578e-02 5.382727464916081672e-03 1.678926658111890360e-02 3.999137395554339114e-02 5.783361884183711721e-02 6.740673354106008208e-02 8.373509765321598963e-02 8.799453128843745531e-02 1.396068223419343335e-01 1.497616720498780585e-01 1.706750250990387019e-01 2.357972091070668907e-01 2.238655566189640400e-01 2.336211467568806432e-01 2.337310440870606632e-01 2.692147728891716163e-01 2.899736554179220827e-01 3.110120471291302202e-01 3.107605845514155307e-01 3.345345271373697527e-01 3.309330222709672698e-01 3.517851674323198008e-01 3.580678637884701088e-01 3.721906848963986159e-01 3.775182454598419168e-01 3.838891015106447036e-01 3.883187713516459416e-01 4.014105740249577225e-01 4.106288920857203428e-01
2.146578161685076119e-02 6.579107039061468654e-02 9.561231029393776892e-02 9.781811706739126921e-02 1.110938040169051066e-01 1.029303742010032607e-01 1.479939819592685779e-01 1.437352370910730814e-01 1.264728759511548062e-01 1.294103609407941113e-01 1.117952941349844853e-01 1.010949785216045393e-01 1.587311683044138055e-01 1.004301491764192644e-01 9.929653400220314619e-02 7.271447999403214679e-02 7.750229973626117375e-02 2.426572020252119877e-02 2.588632002128126580e-02 -1.177596344229275838e-02 -1.332590101512014236e-02 -6.224759922348474528e-02 -6.574135378354939441e-02 -8.467800222202086224e-02 -1.038425510156906761e-01 -1.159701228589994082e-01 -1.301844188517889966e-01 -1.426758556542612189e-01 -1.660738980916366403e-01 -1.987424517779964872e-01
1.021999486061602874e-01 2.236637472519726888e-01 2.208882507855316479e-01 2.736708387739449910e-01 3.620826685445600601e-01 4.082662008887600891e-01 4.898117141595660362e-01 5.812503187996420628e-01 5.880996579432171689e-01 7.318251438030007883e-01 7.553469734559250526e-01 7.874135689575954000e-01 1.000627777951390573e+00 9.496852502276224017e-01 1.017029021594261007e+00 1.023582593397112106e+00 1.077598126512977039e+00 1.124107500693856565e+00 1.157970874337149958e+00 1.155784706400561745e+00 1.198663868584235459e+00 1.165014746019445768e+00 1.197254939498153536e+00 1.183385495374693619e+00 1.197501397947523527e+00 1.185008347108232662e+00 1.179547481978872492e+00 1.154994958439871322e+00 1.158935673191838767e+00 1.092351203131328274e+00
3.859380946907682575e-02 9.922959440165560197e-02 1.113660920110685626e-01 1.254259189197489965e-01 1.599343307164402539e-01 1.700561908207357531e-01 2.285748397095378470e-01 2.520700491540885935e-01 2.449133490696950854e-01 2.929832416074690804e-01 2.771595464816104526e-01 2.822489051980650032e-01 4.119808342445742677e-01 3.409667576933012589e-01 3.719043110354718351e-01 3.636085467061203058e-01 3.822444076155407933e-01 3.551181916886579915e-01 3.775364122162765956e-01 3.473179834882028083e-01 3.704503996312827896e-01 3.259030368580980719e-01 3.347155391144251424e-01 3.211634993154086626e-01 3.262744909694090256e-01 3.200703108339918446e-01 3.170534240827216355e-01 2.990854659420328354e-01 2.986810662032528541e-01 2.850217533858639962e-01
8.727384760175341261e-02 1.868695323855390500e-01 1.981295081859444362e-01 2.499851695682065444e-01 3.492769194397388755e-01 4.170057533338996647e-01 4.879479134246965111e-01 5.424036632979432060e-01 5.703163279725464996e-01 6.846242094251649979e-01 7.590491717303546881e-01 7.919782867767465317e-01 1.000226051040673525e+00 9.832977088630182605e-01 1.062913570360002780e+00 1.078746339276875243e+00 1.158373717682066983e+00 1.308765141341431404e+00 1.368103237281251161e+00 1.410705821612644018e+00 1.500371111275459635e+00 1.603194595773386411e+00 1.674537258997533140e+00 1.734673559277376320e+00 1.830511243049447012e+00 1.892190254431132423e+00 1.932847143621099661e+00 1.960057187948868407e+00 2.073298217786573971e+00 2.150573389488755982e+00
1.739500918877994254e-02 1.565153771755205953e-02 -6.040781572139740374e-03 -7.177364243728355520e-03 -1.287229460071471349e-02 -2.590690237782682093e-02 -1.131891480796988134e-02 -1.991945028251428801e-02 -2.773380647477657196e-02 5.626378593167009889e-03 -1.692456409402201545e-02 -6.019757211290412829e-03 1.037428363117343794e-02 -1.278439318549127665e-02 -1.777721603224527089e-02 -2.049728520287903005e-02 -1.336870873718557645e-02 -5.855070633004944708e-02 -4.705621499684733977e-02 -7.590132338330643491e-02 -8.800671653139274797e-02 -1.515217471233356872e-01 -1.635173540118792235e-01 -1.969809451440588388e-01 -2.454708270714465734e-01 -2.724350749554548812e-01 -2.990087735345040021e-01 -3.270731032660471049e-01 -3.818472227686041665e-01 -4.634471228485111949e-01
-3.560082413061836648e-02 -5.611279107087536328e-02 -3.866962818384823974e-02 -5.911959690967201475e-02 -7.297908613589085269e-02 -6.815713216552225784e-02 -8.145427663574311694e-02 -9.472080798489934672e-02 -1.087060618657789135e-01 -1.292400135673856809e-01 -1.526376742185609203e-01 -1.548458056180849474e-01 -1.533428602847646260e-01 -1.702139763268100403e-01 -1.814083085051955146e-01 -1.900630605327061629e-01 -1.918175034337274432e-01 -2.106474314983649010e-01 -2.057002707463999602e-01 -2.244876551226410721e-01 -2.172675577789847101e-01 -2.225402095803326319e-01 -2.172246370672435700e-01 -2.128351659717092337e-01 -2.050970152704722216e-01 -1.936820166282132716e-01 -1.878388163057700955e-01 -1.903365840147002164e-01 -1.799542926487534555e-01 -1.570728746429370659e-01
6.746626199346315855e-02 6.961258791629741649e-02 2.408486365519445921e-02 4.949508463802511360e-02 8.600424740730612527e-02 9.772327534611491284e-02 1.054343726380302382e-01 1.260932892694178742e-01 1.389044887385913474e-01 2.066572586068706752e-01 2.163747966043981230e-01 2.442834205123029789e-01 3.009271297898304387e-01 2.931417313936011126e-01 2.976450564696186962e-01 3.009304998064331604e-01 3.302145347317261836e-01 3.261207719956569218e-01 3.559824843073718936e-01 3.278342179442605420e-01 3.430763897982959110e-01 2.914468780626576772e-01 2.952142583719923330e-01 2.888767459072861810e-01 2.655106620910824278e-01 2.560526368318817858e-01 2.467309145679010551e-01 2.380248179656639651e-01 2.305737733179454296e-01 2.170925001011831112e-01
-3.227417131026540098e-02 -5.022697011753346485e-02 -2.581641110524847751e-02 -3.708770999874393820e-02 -4.724853994699865223e-02 -6.067558326316759704e-02 -6.963883243810020662e-02 -9.008753171275923899e-02 -1.020914579254509069e-01 -1.429007774065502168e-01 -1.427860947005395453e-01 -1.536112780744655071e-01 -1.716932584978124454e-01 -1.758045795206052697e-01 -1.888833909147633050e-01 -2.006704931605945985e-01 -1.975327307128669219e-01 -1.885033916100742335e-01 -1.823283301102336107e-01 -1.854445946113758570e-01 -1.715018297773416023e-01 -1.423063179474710338e-01 -1.272940727034567732e-01 -1.041941621157295855e-01 -8.155533590144685430e-02 -5.428122264690313920e-02 -4.192848597722748788e-02 -2.898968588820401843e-02 1.917370242352951781e-03 6.056364081025188834e-02
2.541821383152304686e-03 9.756593720030053846e-03 -6.836599157383996955e-03 6.405317203844285850e-03 2.016642780591612269e-02 2.179419309950518524e-02 1.688153987594136554e-02 4.077133482337001735e-02 3.367110193935996670e-02 7.857969643124756987e-02 7.724986669235288372e-02 8.939189593359495034e-02 9.206129334248197571e-02 1.085199331593697525e-01 1.114987615198969051e-01 1.075244931737660559e-01 1.223061871894617070e-01 1.387830557014018695e-01 1.423976018169578195e-01 1.295204956343037062e-01 1.301508878894360177e-01 1.077588291683758276e-01 1.154788708884269405e-01 1.080915415977950489e-01 9.836205674822980083e-02 8.393054094914011165e-02 7.205190544687087306e-02 6.611707831411683944e-02 4.556800249664103020e-02 9.368587845164956518e-04
3.944992819599391076e-02 6.631045386072151326e-02 7.224750261920871719e-02 8.808799732531612248e-02 1.157899747911936145e-01 1.257563437907248671e-01 1.217829510398875242e-01 1.892296123430710075e-01 1.761678917125063526e-01 2.262750826069251098e-01 2.401743923133403125e-01 2.465103102138730407e-01 3.042667431494904262e-01 3.123934250735227458e-01 3.343647528656371049e-01 3.327021905251077993e-01 3.617163807710878642e-01 4.071279128747528064e-01 4.158048214393215147e-01 4.193050344439975818e-01 4.396624545678119445e-01 4.349707263374993360e-01 4.627578487989569278e-01 4.599896922332770144e-01 4.672214542269196302e-01 4.665465939261170814e-01 4.564274901090715764e-01 4.439851951058166879e-01 4.388065320468731989e-01 3.829835214960515266e-01
1.698574625127786605e-02 9.229509068229939384e-05 -3.813396235357484343e-02 -2.247277467556237085e-02 -2.455637777366154184e-03 1.411771718351037541e-02 9.340371951309427156e-03 2.506884714736623554e-02 3.496058204462220570e-02 1.073102749304728210e-01 1.312389877424531837e-01 1.687107429870290387e-01 2.167677482505480091e-01 2.324023561145143191e-01 2.521144567359297484e-01 2.713145991477389218e-01 3.154655860988756499e-01 3.880173592345559364e-01 4.262348917877559762e-01 4.492148595775934394e-01 4.880771005224709413e-01 5.215379064125296171e-01 5.582593118498304641e-01 5.875494536467457118e-01 6.349878659925169977e-01 6.590425666170984798e-01 6.785930772794717125e-01 6.878727322853748216e-01 7.363432090306651912e-01 7.929696197422155812e-01
-2.483466384109522460e-02 -3.943023423085717516e-02 -5.503867597359800301e-02 -4.408827529513230370e-02 -3.490880684620681351e-02 -5.018875477400539659e-02 -6.515846899463284547e-02 -6.075862353035402924e-02 -6.447622148145723542e-02 -6.827937363965828899e-02 -7.412415339804026559e-02 -6.580274233120489424e-02 -1.064062532098652147e-01 -9.116945373963016019e-02 -1.242577526124846038e-01 -1.279659040155521343e-01 -1.318190265073311829e-01 -1.534204280242167373e-01 -1.604485326262996836e-01 -1.881690393228297731e-01 -2.058389776705389362e-01 -2.444559008895538788e-01 -2.513792389196460308e-01 -2.771347768492860575e-01 -3.136333694298428787e-01 -3.256920146896982171e-01 -3.395047697350815907e-01 -3.537804534735078388e-01 -3.858170983846903601e-01 -4.261091978315601492e-01
5.666902546903648807e-02 1.247290071685883961e-01 1.352885737674262290e-01 1.552839717141867859e-01 2.091865539950389929e-01 2.544359993836295963e-01 3.199350879353488608e-01 3.248952638668456405e-01 3.394530695805504372e-01 4.033153025061453345e-01 4.123322200063199716e-01 4.299642127692742122e-01 5.878274024539976716e-01 5.159766491315797010e-01 5.478095345879437916e-01 5.437432931173494799e-01 5.769639555045629198e-01 5.437240160000773592e-01 5.864983509189758415e-01 5.544754042458726051e-01 5.849590318372785980e-01 5.231059434099276650e-01 5.294907553325191030e-01 5.180326935444751202e-01 5.032952497368423650e-01 4.907958094205682742e-01 4.835532213913782407e-01 4.661132829428350499e-01 4.581376322480537056e-01 4.217026348984695971e-01
-2.751483518634284531e-02 -3.391822797955194868e-02 -2.156289260483586212e-02 -4.003635187405363283e-02 -5.596890972693362859e-02 -7.570652636030569815e-02 -4.800834721823776102e-02 -9.318119863215949816e-02 -1.068862982025147040e-01 -1.435803738720375644e-01 -1.993498429791058235e-01 -2.092764129497572956e-01 -1.873787876697061983e-01 -2.737929778397086844e-01 -3.074215351909185268e-01 -3.392482743306536319e-01 -3.584729737517857173e-01 -5.152621150242532311e-01 -5.050535300668441696e-01 -5.934778092033701213e-01 -6.134995051205807126e-01 -7.342995854785954180e-01 -7.709639178029492612e-01 -8.112537634603288472e-01 -8.911643033882787890e-01 -9.205753556664842963e-01 -9.512638604706065149e-01 -9.674380549089054426e-01 -1.031025512924659493e+00 -1.087493416279630365e+00
3.005940422046428015e-02 7.617666623576296869e-02 9.037467278682148608e-02 1.021619294393957544e-01 1.431123129464653143e-01 1.604931704709955387e-01 1.961859223459867518e-01 2.182337354760134074e-01 2.196568241955409173e-01 2.419547683209943012e-01 2.592986677146968955e-01 2.547666420034102042e-01 3.434580283315225580e-01 3.137266784058807545e-01 3.351546572361356890e-01 3.298624302096993532e-01 3.464901472006617356e-01 3.625393562092355526e-01 3.774171137976711776e-01 3.684020916453301098e-01 4.024486620074216314e-01 3.993321657938378455e-01 4.238306087854568083e-01 4.388867427734659543e-01 4.553627522689898122e-01 4.726552617439527260e-01 4.810199656238083321e-01 4.822095762407047070e-01 5.170758085882151134e-01 5.402644432553199705e-01
2.497251136411605954e-02 6.194952971822838966e-02 5.541533358134376197e-02 8.445678827544420009e-02 1.225420294823895417e-01 1.416865030495295386e-01 1.548669260256856361e-01 2.001529795130669309e-01 1.981922145614480324e-01 2.665180358837786478e-01 2.859679327104364122e-01 3.068335080084543809e-01 3.615005454624392600e-01 3.724621672870681577e-01 3.881868233404380253e-01 3.873898236361790204e-01 4.194577209016001063e-01 4.523765302838195224e-01 4.691070737812862990e-01 4.630336774366475838e-01 4.742069033555331714e-01 4.479820179555215054e-01 4.699388780648919850e-01 4.505890300718716768e-01 4.392170943122147841e-01 4.196887644307183418e-01 4.015082268003649646e-01 3.875986910606852853e-01 3.530594208813808699e-01 2.533365897258193500e-01
-5.174273469304574435e-02 -9.985559166658004859e-02 -1.138435709732311535e-01 -1.267505704789139154e-01 -1.479099345754576189e-01 -1.660130569092172770e-01 -1.936831769590280916e-01 -2.267878554977814376e-01 -2.280061643841179708e-01 -2.540853403137449673e-01 -2.659858482555143566e-01 -2.599630342758709745e-01 -3.202103601234386754e-01 -3.055643382993470381e-01 -3.391721449393988452e-01 -3.393461010893253915e-01 -3.392390360690235585e-01 -3.536523951662358667e-01 -3.543337068597047779e-01 -3.675061838695404259e-01 -3.822661042037673873e-01 -3.849347952705410858e-01 -3.881048675039184270e-01 -3.992474466191325844e-01 -4.160847437018036499e-01 -4.126772742974265107e-01 -4.143254107331459934e-01 -4.148591225060175858e-01 -4.305360971723908303e-01 -4.300087390271808419e-01
