1.589967308402351343e-02 3.403415236962684109e-02 5.483298012073239969e-02 7.691792146450396328e-02 9.910504371241329880e-02 1.221812943843824523e-01 1.437274715602919750e-01 1.651023315867737873e-01 1.848042415301427155e-01 2.034388529229275155e-01 2.202397329332608511e-01 2.356687786244035521e-01 2.490594993857062622e-01 2.588610159386105503e-01 2.679145173520039447e-01 2.746845973548148745e-01 2.782520174374941146e-01 2.799860247801430058e-01 2.805892705049419789e-01 2.801877042015928909e-01 2.787405340972080037e-01 2.774676984199323515e-01 2.775271334339365348e-01 2.777779031313278302e-01 2.794590529638503185e-01 2.827822996928358590e-01 2.872723023805558995e-01 2.925678847409980965e-01 3.002515733925977814e-01 3.271157985556450987e-01
1.905249818062988709e-02 4.338444267037862290e-02 7.268058399646887269e-02 1.032220770944943522e-01 1.341157965418039444e-01 1.681164976110328391e-01 2.016236573145488431e-01 2.384471161149981366e-01 2.766024191095061702e-01 3.162092777398767263e-01 3.588819766916686027e-01 4.036081253034409788e-01 4.516406731953376830e-01 5.009579880628751702e-01 5.526425791059516035e-01 6.069722979046785483e-01 6.633457089057187561e-01 7.206424061228131617e-01 7.793667815588799508e-01 8.381343296899081974e-01 8.971814445988894882e-01 9.550735358831197175e-01 1.013309211669753740e+00 1.069838389909335774e+00 1.124180702824440825e+00 1.176141389614073773e+00 1.226612525327555270e+00 1.274565022438701511e+00 1.320746736152385026e+00 1.408210835040541564e+00
-4.136994176770832088e-03 -6.140345038761381435e-03 -1.130429961164166469e-02 -1.691640114738702377e-02 -2.340630340251485808e-02 -3.064273903355679493e-02 -3.785376463457362090e-02 -4.570945441065131509e-02 -5.381912622300887711e-02 -6.225041022505979627e-02 -7.120109493455950567e-02 -8.066952988266340441e-02 -9.070931640981824695e-02 -1.017649471597758815e-01 -1.132024444679323449e-01 -1.260128032524407971e-01 -1.397320797739487475e-01 -1.548230572139113748e-01 -1.710234623037474311e-01 -1.886972826913711487e-01 -2.081799534568864185e-01 -2.291839975732945789e-01 -2.519842346006575529e-01 -2.770621883606985691e-01 -3.034245409956696227e-01 -3.307126861030366682e-01 -3.600288284435849140e-01 -3.906664563704503323e-01 -4.208307966161591862e-01 -4.956463304079963272e-01
-1.727620230115378165e-03 1.775400823159870717e-02 3.790856071638351588e-02 5.916633908402949005e-02 7.966066077372649379e-02 1.001582036455293534e-01 1.184637367091996296e-01 1.353823721374659006e-01 1.502152362670814978e-01 1.631479932225818330e-01 1.732168422892859105e-01 1.812406812478713491e-01 1.868312291809492987e-01 1.884421185221326900e-01 1.885725642983843431e-01 1.861654050881109135e-01 1.805335015973003054e-01 1.731462127305631593e-01 1.643372954580865075e-01 1.547368596981164579e-01 1.438231796587494671e-01 1.331389246049453079e-01 1.234409073028518433e-01 1.134852305264527628e-01 1.046829973423557963e-01 9.710951307527276866e-02 8.982078238778858081e-02 8.269661149019706670e-02 7.699185296926060185e-02 6.336421336762193546e-02
4.923099603289923451e-04 2.646264682752558911e-02 5.153112785407185786e-02 7.733221213768545765e-02 1.015605959171847067e-01 1.255487825841533900e-01 1.468534005578281121e-01 1.667631834652060774e-01 1.851702593617656212e-01 2.020527821186100803e-01 2.170829428316551624e-01 2.312056523409695419e-01 2.449498811895834682e-01 2.569337131110099870e-01 2.694474724181221692e-01 2.825415678748130488e-01 2.958343690948497251e-01 3.105137999463988829e-01 3.271437411122768424e-01 3.457033315968824905e-01 3.663356504929655699e-01 3.892697181065559731e-01 4.157288430394654455e-01 4.441765151931053035e-01 4.745665206482452270e-01 5.066002583751390009e-01 5.405765909281197157e-01 5.749419092517978891e-01 6.100090019442153677e-01 6.898109267482104290e-01
3.737057486400741958e-03 -2.216839640786466559e-02 -3.429019737108900123e-02 -4.331323031453095801e-02 -4.830869586906243879e-02 -4.913586633172830481e-02 -4.587695107092949753e-02 -3.696849257921366178e-02 -2.402434286880511527e-02 -6.633830165106782695e-03 1.658202774485703634e-02 4.391190094036055008e-02 7.622025224515488473e-02 1.126437936721052524e-01 1.530609445485214548e-01 1.968534058799499831e-01 2.447239233757698140e-01 2.943118875725221906e-01 3.467272158156965434e-01 3.999870526124226777e-01 4.559478366409769334e-01 5.120231016276047820e-01 5.701453522082613468e-01 6.291794915556663259e-01 6.877535653889510492e-01 7.458031147939576666e-01 8.049392244000483920e-01 8.633235092886637485e-01 9.211039275473351662e-01 1.047971157359278038e+00
-3.465665173342527550e-03 -2.878715620539002568e-02 -4.161744265017378042e-02 -5.138570934771041765e-02 -5.751684616784493581e-02 -6.027978346690124334e-02 -5.968408652139016446e-02 -5.496659472568124483e-02 -4.764707875198490039e-02 -3.734116343300663415e-02 -2.356147059484239165e-02 -7.624952035194143551e-03 1.058809739170678450e-02 3.003347314996429596e-02 5.104756395673757524e-02 7.222910643119762053e-02 9.401746781157088728e-02 1.148944552006499059e-01 1.355911683263701928e-01 1.551072579761736125e-01 1.743886094316137447e-01 1.924883037346481196e-01 2.107001068406205713e-01 2.280774290187660425e-01 2.447380714308519667e-01 2.608016052860093748e-01 2.765029368912226282e-01 2.912838301074041625e-01 3.060147244512893550e-01 3.322109592412804124e-01
-1.554106002306927109e-02 -4.401003564911030314e-02 -7.145250546607501141e-02 -9.889324028650818554e-02 -1.256215502682584417e-01 -1.520141303774607822e-01 -1.752662020699595757e-01 -1.965225384100587336e-01 -2.148270055740782447e-01 -2.304061011760289435e-01 -2.423570426926743293e-01 -2.516937789951811388e-01 -2.574656722155178601e-01 -2.594488656831253071e-01 -2.589586903488290126e-01 -2.562443540547774123e-01 -2.495890048260084870e-01 -2.417493372316185940e-01 -2.322854531611313889e-01 -2.227518636645142713e-01 -2.124541731200634831e-01 -2.033684828209074147e-01 -1.956959355713479287e-01 -1.897114412734866029e-01 -1.861717950941206290e-01 -1.849438666638803241e-01 -1.859350724081286210e-01 -1.893693496647750885e-01 -1.943538622977281638e-01 -2.219777952273987442e-01
2.095013891826713603e-02 4.289586343133591079e-02 7.190882831030796785e-02 1.030434612887539680e-01 1.354650846636083206e-01 1.712199459271553648e-01 2.062772451863885692e-01 2.439677305600372881e-01 2.813968326251605201e-01 3.190164487475572463e-01 3.572847834236533293e-01 3.953917935190623956e-01 4.330707290839420631e-01 4.679308863199365121e-01 5.022184837765748533e-01 5.344908596738036088e-01 5.633570378181825822e-01 5.890722661970639873e-01 6.119893744425577431e-01 6.317972223073571314e-01 6.479721430166779372e-01 6.612751886508239085e-01 6.729849750114502704e-01 6.812935588521301655e-01 6.878041673606254403e-01 6.927441237177226485e-01 6.954897326642706101e-01 6.965239739680333386e-01 6.977698214272339827e-01 6.903513090846683520e-01
-9.810512586008224983e-03 -2.612706600496893586e-02 -4.191586076419838436e-02 -5.718435505896441590e-02 -7.238165271270881329e-02 -8.815859739582282417e-02 -1.026217936311663304e-01 -1.167892343508868114e-01 -1.291921071136551691e-01 -1.398266153031255399e-01 -1.484191854427580615e-01 -1.546264834318187009e-01 -1.572188880070374828e-01 -1.557339085420890168e-01 -1.499544221214663964e-01 -1.393519575540501654e-01 -1.222573770327683718e-01 -9.962660959609828670e-02 -7.012363348431249754e-02 -3.524611678246070828e-02 7.299319371090334102e-03 5.500382369713971431e-02 1.092277424013612386e-01 1.695643916805594786e-01 2.334063232915201958e-01 3.003721518788340372e-01 3.725445055810772121e-01 4.465473876014311450e-01 5.215327672634748613e-01 7.059755211371459005e-01
1.671796269394550810e-02 8.221368564194925233e-02 1.379706630712271842e-01 1.926212533822416195e-01 2.428406045526650681e-01 2.913468287932865497e-01 3.332231100084505071e-01 3.706724979708119205e-01 4.028052354492178688e-01 4.296964598461629481e-01 4.501358093019825479e-01 4.658998371442722441e-01 4.763692936549493440e-01 4.792327777364204788e-01 4.785814541062172744e-01 4.736467062901801306e-01 4.623822539137150134e-01 4.480229474139003631e-01 4.304640071708152882e-01 4.110137103354872812e-01 3.876686036854756767e-01 3.635480514877709735e-01 3.388602537646711044e-01 3.118823943208213767e-01 2.852147210123437415e-01 2.590678318889211851e-01 2.315582566681935184e-01 2.035778332999053086e-01 1.773806725201245438e-01 1.158312289088841152e-01
-4.740553098858448985e-03 -1.210674572263315332e-02 -2.336125092636559888e-02 -3.500813806922258020e-02 -4.774057841455286999e-02 -6.288990456323804989e-02 -7.859942902782388052e-02 -9.713096075984604949e-02 -1.172830787855377588e-01 -1.387170586508611192e-01 -1.629822365715218602e-01 -1.888163399250826491e-01 -2.168737316423535733e-01 -2.469152724366955320e-01 -2.771779388808220390e-01 -3.090092226613882498e-01 -3.417138016179130933e-01 -3.742632549845346657e-01 -4.057565895290210500e-01 -4.361340660370389144e-01 -4.647764015000713789e-01 -4.909623120058716483e-01 -5.144550496603667034e-01 -5.351387175739621416e-01 -5.525745044696479535e-01 -5.664369581800379194e-01 -5.772698023689969427e-01 -5.857894344182963398e-01 -5.907463488973051513e-01 -5.800051358094902021e-01
6.207462865092901357e-03 -1.608672838516556763e-03 8.413018810480826087e-04 5.187104588251108955e-03 1.201190005582705375e-02 2.322134346658946691e-02 3.752788790888876569e-02 5.790087375567654071e-02 8.264293348456923372e-02 1.117753346666128800e-01 1.477734856921563422e-01 1.884178839764711344e-01 2.353829398231896963e-01 2.873017747624718732e-01 3.434076506537250828e-01 4.039564717121599813e-01 4.694063287874108426e-01 5.364753628279117503e-01 6.056837458884718473e-01 6.746670614269105748e-01 7.443301929859227339e-01 8.115910475862160300e-01 8.777583376998036035e-01 9.411435050932116519e-01 1.000420750414119153e+00 1.055469073595952434e+00 1.107578007175569201e+00 1.155785338810807250e+00 1.200630616316596955e+00 1.274324099278246525e+00
-1.331365322577755111e-02 2.063710593197664450e-04 3.248114940119990399e-03 4.863642398791430052e-03 2.797713902794308344e-03 -4.102593723516506988e-03 -1.468822254982183467e-02 -3.182148118824253136e-02 -5.332927031380656907e-02 -7.906880871762772545e-02 -1.116444612910656997e-01 -1.483332492330138030e-01 -1.900656184036612073e-01 -2.366639593270565001e-01 -2.851213864709853940e-01 -3.365792384366697032e-01 -3.907009882853519911e-01 -4.446294806142846445e-01 -4.976701325506767137e-01 -5.486918428908122980e-01 -5.978250264501725475e-01 -6.429083377298003832e-01 -6.840636865981093440e-01 -7.212329725871955421e-01 -7.534129494341503808e-01 -7.803775600983295924e-01 -8.033235975596874079e-01 -8.229797826114033654e-01 -8.381558555593140447e-01 -8.460627943351305413e-01
-5.997666603233869562e-03 -1.131538403538380130e-02 -1.241130133182172246e-02 -1.192175468661116344e-02 -1.070196883870679766e-02 -8.938569437259590023e-03 -6.805446611659040843e-03 -4.328816124503949772e-03 -1.618591092622778324e-03 1.549389592851406830e-03 4.795588011455867439e-03 8.384569573472297130e-03 1.246558899144651310e-02 1.633371053242068521e-02 2.139169463367134733e-02 2.688992113965439981e-02 3.319097743924578209e-02 4.043865910348340420e-02 4.945989212919470190e-02 5.982279792272771762e-02 7.239689613632474541e-02 8.684162082412660855e-02 1.043498430872746574e-01 1.240400873141334209e-01 1.456850387141612191e-01 1.692061764089545228e-01 1.949831213783324857e-01 2.215737772133187233e-01 2.493857529661867856e-01 3.174679792194066152e-01
-1.841167096657562660e-02 -6.416725576464925307e-02 -1.028646865001669741e-01 -1.405075782898234649e-01 -1.754192641123900054e-01 -2.081742973706889044e-01 -2.354131094773070643e-01 -2.579103681008654836e-01 -2.752277760333048384e-01 -2.875549383705064965e-01 -2.931788054455395365e-01 -2.941429104438413322e-01 -2.890994917505121387e-01 -2.777898820267993285e-01 -2.625519709781013455e-01 -2.435719537129239776e-01 -2.187149542947687264e-01 -1.921956269590730793e-01 -1.634547240967643700e-01 -1.347601025460709590e-01 -1.048507063701081266e-01 -7.688788795273138188e-02 -5.077647408866415440e-02 -2.681959421826016557e-02 -6.449171738577149163e-03 1.043997927177340093e-02 2.452925990236904524e-02 3.533506083066553782e-02 4.345076665357557044e-02 3.879821010675027493e-02
1.523965992992632607e-02 3.301844151731517935e-02 5.409290660090777803e-02 7.639367504627554706e-02 9.889685412795021224e-02 1.229627497221410515e-01 1.460402037958861698e-01 1.701304472886463193e-01 1.936984599855489098e-01 2.171389397012220279e-01 2.405280442151514486e-01 2.637589256771077917e-01 2.868379428190929170e-01 3.081310765606294355e-01 3.297252268765913374e-01 3.506786201685611615e-01 3.702969294331998062e-01 3.889664838851394357e-01 4.072943399910737838e-01 4.248595402134891508e-01 4.417055891607715168e-01 4.581036650598692139e-01 4.752237674886604646e-01 4.916670340234197134e-01 5.081102035836024822e-01 5.246363177407821210e-01 5.411528876650083530e-01 5.571807179061436521e-01 5.740630300021141164e-01 6.115208299196284170e-01
2.745941983662385927e-02 2.367503369273852090e-02 3.448948710834563725e-02 4.887871191862262071e-02 6.762215153701779669e-02 9.170295273490730592e-02 1.180051467906980539e-01 1.495819071913598308e-01 1.823131033147021296e-01 2.171001424743711494e-01 2.544440976775408925e-01 2.924381842834480327e-01 3.299906632882028124e-01 3.648227840994318072e-01 3.988440087734723138e-01 4.291588703407926975e-01 4.544574227761253304e-01 4.742837365742383904e-01 4.892451774153270261e-01 4.987945020044307620e-01 5.028269190548998457e-01 5.022463145263219575e-01 4.984669323589220324e-01 4.902035953521040046e-01 4.796817018557059109e-01 4.675429432688751330e-01 4.528799356329343828e-01 4.368812142388988073e-01 4.222128417025007852e-01 3.859612907014393635e-01
-1.291422249744760345e-02 -2.020681650230773951e-02 -3.252089676987952177e-02 -4.630660502298455938e-02 -6.192131638425913548e-02 -7.857268433223515980e-02 -9.413309618995012451e-02 -1.091164682266443919e-01 -1.214647071562168223e-01 -1.317367623720764880e-01 -1.384366298064444722e-01 -1.419358203117221384e-01 -1.400591460458479043e-01 -1.324474189071614405e-01 -1.203982520532316525e-01 -1.024843026408008700e-01 -7.673946868869249704e-02 -4.591179962809430887e-02 -9.450083863098986126e-03 3.056756533552840854e-02 7.517150062248961762e-02 1.211244373923967277e-01 1.684753065625725077e-01 2.164987968266519625e-01 2.628177870345189127e-01 3.071032470960051719e-01 3.506509069842977389e-01 3.917199528299510347e-01 4.301516900649577924e-01 4.993892631904083279e-01
-5.572992245937685718e-03 1.398372767188713756e-03 5.368462063750589069e-03 9.204673880829515251e-03 1.183181452430372843e-02 1.346772353200847983e-02 1.397712844069498063e-02 1.289328247451712942e-02 1.044583732272773811e-02 6.671701378383319836e-03 8.028009377108978606e-04 -6.586247951054719288e-03 -1.577340572963200141e-02 -2.752823019322372597e-02 -4.042478045026336175e-02 -5.548832526165443230e-02 -7.265648790494941278e-02 -9.142846407715522761e-02 -1.115485053889156974e-01 -1.327924294638157532e-01 -1.556560012775299318e-01 -1.791137522571778495e-01 -2.032042051730290344e-01 -2.285631395924039855e-01 -2.539450612231875515e-01 -2.790805986173133801e-01 -3.051642583098129746e-01 -3.317555532905994697e-01 -3.572264596754697319e-01 -4.175134731961516188e-01
-2.671073455361508420e-02 -7.114767292836281232e-02 -1.134308775164175470e-01 -1.552228145141790472e-01 -1.956110891585537415e-01 -2.364513335056701582e-01 -2.734057122449074506e-01 -3.092428565403577689e-01 -3.423394135911344005e-01 -3.728127516583353840e-01 -4.006451287276333595e-01 -4.263285720375499244e-01 -4.493493671342681517e-01 -4.689077566821637788e-01 -4.862442490418524832e-01 -5.019976768450709059e-01 -5.139752516061004695e-01 -5.244675164019672042e-01 -5.327724817129582124e-01 -5.400561409257688128e-01 -5.450887900556318222e-01 -5.495233882535681680e-01 -5.534700484416300581e-01 -5.566488030700644796e-01 -5.599440324806079783e-01 -5.631941812880087994e-01 -5.662607413687811286e-01 -5.698718075988905563e-01 -5.735109161251299437e-01 -5.851583964951573291e-01
-3.038236132428458539e-02 -1.275042089257389516e-02 -1.400585374920396836e-02 -1.890922530126511181e-02 -3.028455481141223427e-02 -4.826541871029703390e-02 -7.030521837840786326e-02 -9.973679480580001366e-02 -1.319962420774707934e-01 -1.679222205624649189e-01 -2.087057356890862914e-01 -2.516856034217765936e-01 -2.958242078090948524e-01 -3.402108777221023450e-01 -3.838293750677694294e-01 -4.255088796355586123e-01 -4.636722186803354240e-01 -4.971786527640200126e-01 -5.257432201544092187e-01 -5.493185600747017006e-01 -5.678986212709782322e-01 -5.817132542834435593e-01 -5.915596274243030139e-01 -5.976547436447089412e-01 -6.009627671876091037e-01 -6.018048899686230246e-01 -6.004521492543715144e-01 -5.984092205156471556e-01 -5.956079166084993215e-01 -5.865350118294272441e-01
-3.670287756689484537e-02 -9.156033920778822166e-02 -1.507209668547498105e-01 -2.111119928661373268e-01 -2.712136866566784432e-01 -3.342573578329820494e-01 -3.934799577137925164e-01 -4.540810150140152657e-01 -5.133056584241452169e-01 -5.711348739577406519e-01 -6.287764685108799823e-01 -6.860481698524558691e-01 -7.433565314296073367e-01 -7.990228924068244476e-01 -8.544353910111587291e-01 -9.111134991690236218e-01 -9.663699764060250663e-01 -1.022127283019454325e+00 -1.077852865805520199e+00 -1.133999113725862928e+00 -1.189953447603093517e+00 -1.246004436808365812e+00 -1.303598101044803226e+00 -1.361327475242399609e+00 -1.418977483896224356e+00 -1.475930214823580222e+00 -1.533419214886230009e+00 -1.590801623854690927e+00 -1.646648809759709176e+00 -1.767807800620541991e+00
-1.147737274999920641e-03 -1.259132889518713334e-02 -1.139487867313032296e-02 -6.874368194222422492e-03 8.120483875005126903e-04 1.217412362363138635e-02 2.570756433125818974e-02 4.322963623723244386e-02 6.290866247460309701e-02 8.503993584227023672e-02 1.102944854053490853e-01 1.375533427948066878e-01 1.672241604420734440e-01 1.978005290954229500e-01 2.301049651643258254e-01 2.632258929339645337e-01 2.971614230707402271e-01 3.308588439499319245e-01 3.650390161161158886e-01 3.988028026666188830e-01 4.330103988068479959e-01 4.667384317219080980e-01 5.016770278491202717e-01 5.364062976419878837e-01 5.708230988224458624e-01 6.048785123093374239e-01 6.391526428811842298e-01 6.725682721820420706e-01 7.056143031260193599e-01 7.720008583546356107e-01
-9.599933866275958683e-03 -5.079379429121315924e-03 -7.002386028413075912e-03 -1.066909566610746603e-02 -1.682651227815450123e-02 -2.405793333328857392e-02 -3.128623860379609045e-02 -3.848014320540708855e-02 -4.395579555202476507e-02 -4.831405013812724303e-02 -5.018926100010161900e-02 -4.985605334831064162e-02 -4.540391729176686264e-02 -3.694398602266334153e-02 -2.530396870557988925e-02 -9.272751216854450279e-03 1.248422521848274735e-02 3.777820792967141739e-02 6.682276072783432941e-02 9.790942346570516430e-02 1.313429353935999799e-01 1.646579368628123263e-01 1.977117227487976969e-01 2.295003200029324120e-01 2.585939045607116293e-01 2.847593466876014445e-01 3.085708535025644683e-01 3.291764164427815054e-01 3.470110278002228599e-01 3.637894215253018593e-01
9.207790792504647395e-04 3.163091223210564434e-02 5.452535845197421793e-02 7.619090984773860264e-02 9.459284148664479086e-02 1.117102293370810240e-01 1.259009626229777024e-01 1.381409366353772428e-01 1.489802827021649567e-01 1.580205534639795850e-01 1.655104978194188448e-01 1.720523720963162417e-01 1.783649865379657307e-01 1.833478365986345171e-01 1.883665742275661137e-01 1.936818269840934470e-01 1.991097140481740413e-01 2.049304447651798533e-01 2.111985591841494259e-01 2.175908293872736710e-01 2.233002860037180959e-01 2.284743003922986848e-01 2.330927655829344580e-01 2.357874872184249349e-01 2.370654119035591201e-01 2.368684939083919028e-01 2.345849843175361049e-01 2.302204722788011582e-01 2.250575707850407114e-01 1.983992709425888568e-01
-2.257909531910038542e-02 -4.913073198362062632e-02 -8.096659617968451905e-02 -1.137557522359365220e-01 -1.476595604025161546e-01 -1.845501316166633932e-01 -2.202474084236190621e-01 -2.582737043177852354e-01 -2.959732721592727156e-01 -3.334770632147582292e-01 -3.716508145171377175e-01 -4.096328055238157573e-01 -4.472008617432468025e-01 -4.832446401731468333e-01 -5.177505530638552012e-01 -5.512284262119068190e-01 -5.817331311940187044e-01 -6.098196397204874719e-01 -6.346675160026290508e-01 -6.569594760618376883e-01 -6.755498428632193963e-01 -6.913227233785702586e-01 -7.044665475129089360e-01 -7.145606214648961840e-01 -7.223960625625862608e-01 -7.278330998875071067e-01 -7.308646678825161391e-01 -7.326345762162258524e-01 -7.326047073568113799e-01 -7.208084290522372983e-01
1.610976827124805874e-02 2.964648460341333391e-02 4.834698768473194574e-02 6.869319179985419743e-02 8.979322702863171135e-02 1.128756216877145335e-01 1.354925531893070301e-01 1.597475907228449454e-01 1.840691471184295880e-01 2.089250821584251183e-01 2.345393624382929310e-01 2.607270889193514796e-01 2.876537471532617518e-01 3.137944232333910732e-01 3.411671116983371332e-01 3.689749295130035911e-01 3.966616068361413783e-01 4.244585849742963379e-01 4.531801811031734850e-01 4.821206891607386913e-01 5.118399046126425045e-01 5.420491201774594314e-01 5.743131390839317785e-01 6.072077830893723993e-01 6.408043990406431245e-01 6.750844069108195011e-01 7.105652201743660745e-01 7.460682807490004453e-01 7.825044715699560616e-01 8.678389597108053799e-01
3.089187614054682285e-03 -3.687595918968717204e-03 -7.748377018333786614e-03 -1.015623263695795107e-02 -1.197955664601807295e-02 -1.496071435487192694e-02 -1.860521813634534102e-02 -2.445875455747649127e-02 -3.227181855133315347e-02 -4.123684833478838407e-02 -5.339598140197568399e-02 -6.713266045103238877e-02 -8.345295832854149332e-02 -1.024558708017202779e-01 -1.209607027108614841e-01 -1.406914839059269229e-01 -1.614128985916928327e-01 -1.807920554399289892e-01 -1.972506873379262504e-01 -2.105556117880933997e-01 -2.189557950122046903e-01 -2.216425404398918442e-01 -2.168468145642487854e-01 -2.047172934486741203e-01 -1.854398379223494986e-01 -1.589405039331334424e-01 -1.246089211084959181e-01 -8.498294083729290849e-02 -3.973309581182639383e-02 1.057499774001644244e-01
-1.993849447840465722e-02 -4.356889909863886912e-02 -7.606524150864198142e-02 -1.102949102523427816e-01 -1.464824445360073391e-01 -1.870856904454821223e-01 -2.274801332769963991e-01 -2.721205572066474621e-01 -3.181536693696234153e-01 -3.654896782000945921e-01 -4.160025957072076563e-01 -4.681427243626232748e-01 -5.225515653964342144e-01 -5.779089337475898924e-01 -6.334916008180155877e-01 -6.905548041291574846e-01 -7.473723837108263712e-01 -8.035128029492648594e-01 -8.581786510542150914e-01 -9.113348902468810797e-01 -9.623432986163660274e-01 -1.010690220689008267e+00 -1.057120067207985681e+00 -1.100689332275522014e+00 -1.141169830791403550e+00 -1.178075621788392091e+00 -1.212361230093638387e+00 -1.244357058128540583e+00 -1.272773389263869737e+00 -1.314595382337263141e+00
2.535141339469106775e-04 2.349662896849248270e-03 5.306447120235229485e-03 8.923234573159870633e-03 1.257577537314398183e-02 1.664837290633298245e-02 2.062263545986524685e-02 2.476277807957302096e-02 2.852473871104852648e-02 3.206512132213315547e-02 3.510823093771977405e-02 3.758111331381186471e-02 3.924841095140882419e-02 3.913692694720082021e-02 3.848526735853310954e-02 3.607024861806701344e-02 3.187471064220911976e-02 2.585190118308582780e-02 1.837469355389233228e-02 9.278436446834117599e-03 -1.696304271971656175e-03 -1.394946031407142892e-02 -2.719790171117746416e-02 -4.222905884682044003e-02 -5.792717965691786264e-02 -7.399883820147287739e-02 -9.134797133022511118e-02 -1.095811899893283509e-01 -1.270532994428996698e-01 -1.710228602582504753e-01
-1.068280131220351870e-02 -6.393435678316521098e-02 -1.178673690074833191e-01 -1.731333080945595126e-01 -2.270167443442326349e-01 -2.808632196300815398e-01 -3.288808130889112613e-01 -3.736607873700214522e-01 -4.137206605689251471e-01 -4.491202302049321915e-01 -4.784562818752581825e-01 -5.036141818237922507e-01 -5.237514285787601143e-01 -5.374929714626810462e-01 -5.476404934664729218e-01 -5.549173191811231920e-01 -5.566366437881213880e-01 -5.572761608915146603e-01 -5.562178734271585601e-01 -5.560229333378734484e-01 -5.554543647655374450e-01 -5.576090474349646442e-01 -5.634574608192119971e-01 -5.722196524842584342e-01 -5.850667030372660449e-01 -6.013601040110346796e-01 -6.210493448716088993e-01 -6.436268247740367654e-01 -6.674533398398235784e-01 -7.328963662082350616e-01
3.423255572028470646e-03 2.540509125621564709e-02 4.489413415578846073e-02 6.457740109005606632e-02 8.251793569767182368e-02 9.961963218341654547e-02 1.142373356931604550e-01 1.269713029612885014e-01 1.379045883055383948e-01 1.471520993285859447e-01 1.540840126536008881e-01 1.597352399209437945e-01 1.642642534664459641e-01 1.666073451301693376e-01 1.690726946595835223e-01 1.712881941506736450e-01 1.729843929315968143e-01 1.754136549389820054e-01 1.791789737006929950e-01 1.843032568992437892e-01 1.908939615138213197e-01 1.994438214846865898e-01 2.108696442497095813e-01 2.240046818770282389e-01 2.391154370832447862e-01 2.561020788783924251e-01 2.749083952289076427e-01 2.944166120428142741e-01 3.153906107312664520e-01 3.682788094061754114e-01
1.634721103551756149e-03 3.100009884902166571e-02 5.316418978247949151e-02 7.453725565633821659e-02 9.281129981510141680e-02 1.088226305077053535e-01 1.211069073251319766e-01 1.295846885481545252e-01 1.348154665328521740e-01 1.368416011050134218e-01 1.344591123092662432e-01 1.292557107250720538e-01 1.209224877891968142e-01 1.085125386995466623e-01 9.479001059279065777e-02 7.906778988216262016e-02 6.087546949782774580e-02 4.223147115817132979e-02 2.351730960223368666e-02 5.286638564327098694e-03 -1.302107502370961414e-02 -2.989421378609636096e-02 -4.503410759866839641e-02 -5.938459890992325851e-02 -7.184045500463837053e-02 -8.230998634076944209e-02 -9.173838109302445698e-02 -1.004120790227347459e-01 -1.069449064803312532e-01 -1.148309528202028917e-01
8.822241903345061712e-03 -3.979337162590893331e-03 -6.469775375553639928e-03 -6.474960321092204998e-03 -3.546688978818548013e-03 2.678064188751895155e-03 1.131972582842467011e-02 2.384419845133449456e-02 3.833665809723387635e-02 5.528598743843592817e-02 7.527894007560911871e-02 9.705237577939868077e-02 1.206495861961871807e-01 1.447850350972368083e-01 1.702121169811720847e-01 1.955267368691376295e-01 2.207486593119609986e-01 2.446247511155753840e-01 2.678929572633251821e-01 2.895250707502523557e-01 3.101781011395806087e-01 3.291808754807175053e-01 3.477705830232720174e-01 3.648839511288249349e-01 3.808935699001940733e-01 3.960110948508996920e-01 4.103757216471596858e-01 4.236702965140009547e-01 4.371603117534418326e-01 4.625763793587521766e-01
1.010876383161292934e-02 4.827110475520785676e-02 8.380406238664403484e-02 1.193687109291299009e-01 1.532153004533068907e-01 1.881273396388669916e-01 2.202192395563712657e-01 2.522409506960923697e-01 2.825744792339954237e-01 3.110922870283113761e-01 3.381436737092863853e-01 3.635237561236691617e-01 3.871931147939512430e-01 4.068795011255297300e-01 4.245246122511297515e-01 4.393071702742918916e-01 4.498649986209258822e-01 4.567191646217485523e-01 4.595458206385812927e-01 4.585596119623546185e-01 4.519601353316169412e-01 4.412556458666012649e-01 4.264780571962005218e-01 4.058302968057293514e-01 3.815950094491783462e-01 3.540376608067188346e-01 3.214289733298055229e-01 2.854409714351923699e-01 2.484254797883153065e-01 1.401312162907363823e-01
-9.812532069559034426e-03 -1.032882134331710063e-02 -2.734240949283299818e-02 -4.872211435028934307e-02 -7.492674047691502692e-02 -1.054252280634752764e-01 -1.363165609380765642e-01 -1.699013408609142406e-01 -2.023080078321999320e-01 -2.342833243925364628e-01 -2.647911791808208459e-01 -2.933181360929482118e-01 -3.178574359997673460e-01 -3.370361550155998587e-01 -3.521581039078754971e-01 -3.616161436772015181e-01 -3.630651415846444241e-01 -3.587245335403331792e-01 -3.481089742187610248e-01 -3.333126035106313556e-01 -3.135272059286167146e-01 -2.917892102384406217e-01 -2.690759453195257778e-01 -2.453653806304992857e-01 -2.230122881087675257e-01 -2.021159908964150764e-01 -1.818455355147356178e-01 -1.635007594973292011e-01 -1.466122089979922938e-01 -1.164673191779674044e-01
3.413793779363698960e-02 6.472447204742626248e-02 1.027107110846789684e-01 1.434972669906627307e-01 1.858558305818811540e-01 2.310762947376155674e-01 2.740683189830093736e-01 3.178867539269231712e-01 3.586848124403219096e-01 3.975439765400882175e-01 4.332516578469283175e-01 4.659766792015171410e-01 4.938404305693752661e-01 5.141166713352877116e-01 5.311625062157016020e-01 5.420258051985504810e-01 5.443421381085772337e-01 5.407107328176795624e-01 5.318082308410929659e-01 5.186177661878548228e-01 5.003280784160175632e-01 4.801737514217180314e-01 4.596777811629244037e-01 4.373954278586759115e-01 4.164595807287162499e-01 3.974099832344895611e-01 3.788030588640693974e-01 3.614311061489134391e-01 3.479761308907128869e-01 3.327376673353866221e-01
-1.693393993372541845e-02 -4.306524021775709477e-02 -6.679450264081730759e-02 -8.979980265398457284e-02 -1.117379905242097682e-01 -1.334368173126456170e-01 -1.526996098683810477e-01 -1.708745137250856083e-01 -1.874406528207905598e-01 -2.024285082548655801e-01 -2.158255790753253744e-01 -2.281747072357665218e-01 -2.392910767425567853e-01 -2.492384714109545651e-01 -2.583462293210597727e-01 -2.676261743288320671e-01 -2.758215565384350976e-01 -2.844923644615638403e-01 -2.931744671129514757e-01 -3.025872644278380097e-01 -3.123213007126629526e-01 -3.229840913224831800e-01 -3.346442051196837353e-01 -3.475174382028853870e-01 -3.614136998611291451e-01 -3.760955662837260349e-01 -3.920744562866003147e-01 -4.092897143086072775e-01 -4.266020455640920916e-01 -4.741225246923773673e-01
-1.113175914176832079e-02 -4.366416478110838467e-02 -7.093789731104996332e-02 -9.668264655755165471e-02 -1.205567181175879188e-01 -1.443893771738443688e-01 -1.655597126625829307e-01 -1.859598985548061578e-01 -2.048520343494097951e-01 -2.218338970271496735e-01 -2.374673309468274818e-01 -2.516312588525377314e-01 -2.642835058905410595e-01 -2.750055006935036572e-01 -2.832132083160258107e-01 -2.899516428813533886e-01 -2.937785759879339986e-01 -2.953214510692405703e-01 -2.932749759671039458e-01 -2.885883728232224721e-01 -2.792742538367839478e-01 -2.665789674940987064e-01 -2.493437675785919461e-01 -2.275617892253593566e-01 -2.023891342489819722e-01 -1.737893612597860848e-01 -1.407994179052570738e-01 -1.055453800843446505e-01 -6.793032937470772081e-02 3.621523519447125000e-02
8.097684024846431294e-03 2.644993747372806348e-02 4.523452846789695336e-02 6.462584806416160621e-02 8.371351927850764763e-02 1.041504842923738766e-01 1.234721087415007745e-01 1.434335664314618786e-01 1.624268678290364809e-01 1.805443230384334019e-01 1.978530242966622110e-01 2.138922727069667573e-01 2.282191056075128233e-01 2.390211623927784024e-01 2.478953004664775916e-01 2.533734584743088103e-01 2.545232835977275787e-01 2.515336294115528837e-01 2.443122729685413275e-01 2.329941844865440204e-01 2.162783352914232626e-01 1.956088966819551911e-01 1.710241377374974725e-01 1.412618373989007747e-01 1.085969648187256609e-01 7.348723839286645798e-02 3.418853118244599698e-02 -7.619296077940446860e-03 -4.949261355599543499e-02 -1.606074148915176691e-01
1.532644751868028274e-02 2.012469979278461163e-02 3.881678442922176231e-02 6.125278762242458014e-02 8.713101123417191229e-02 1.182464372011453047e-01 1.507819656503592842e-01 1.884924488725581437e-01 2.279836431375814043e-01 2.695904941302076363e-01 3.144900965034006513e-01 3.609742423300965619e-01 4.091617415570991123e-01 4.565715544753173871e-01 5.046113138656782571e-01 5.519410032088586382e-01 5.975027164755137843e-01 6.404391219142379077e-01 6.812279050799407987e-01 7.190479612714147928e-01 7.539054450401854179e-01 7.856246501200220278e-01 8.159488985925485993e-01 8.428751821691942148e-01 8.674604728857175928e-01 8.897944926305817459e-01 9.098657178896307762e-01 9.276973893120885606e-01 9.446868720804908470e-01 9.667747394208101586e-01
1.117554060554576401e-02 3.117222471426870159e-02 4.645439318705271714e-02 6.111513688819217999e-02 7.395842904012560337e-02 8.602736965028014160e-02 9.611880204440120812e-02 1.047398102249882529e-01 1.116195226257772621e-01 1.168934299628295176e-01 1.201311202886078677e-01 1.218110918429219230e-01 1.216337447954108919e-01 1.185591524568124222e-01 1.145066938041423010e-01 1.084308331381058921e-01 9.989700062937056924e-02 8.964155344940390180e-02 7.796823608137597172e-02 6.482210263234372549e-02 4.956995459849213026e-02 3.321076659960309901e-02 1.583498734340522268e-02 -3.439874043910880891e-03 -2.324605508074089472e-02 -4.326180412023498956e-02 -6.458611030569169631e-02 -8.664790295794311259e-02 -1.074248832415522492e-01 -1.552176237391672264e-01
-9.106676122892093383e-03 -2.702891648566306190e-02 -4.407335391175683237e-02 -6.066377469330701266e-02 -7.683746592719689628e-02 -9.345354223540700001e-02 -1.087072205230170951e-01 -1.239599708649348764e-01 -1.385622592724402025e-01 -1.523913400028926446e-01 -1.657980495816183675e-01 -1.787516036367865768e-01 -1.911905288356360866e-01 -2.031139897575880704e-01 -2.140102886329651732e-01 -2.248643147094808725e-01 -2.346506382126362089e-01 -2.440044927723505896e-01 -2.521790964252810241e-01 -2.598353263534073365e-01 -2.662004743310887878e-01 -2.717747536581223144e-01 -2.761861636317798907e-01 -2.796741539384360875e-01 -2.822839738906317564e-01 -2.838326728069858751e-01 -2.844526214477643977e-01 -2.847661275756083188e-01 -2.838047770865782526e-01 -2.769269935236999824e-01
-1.357784029174241743e-02 -7.434587571363310277e-03 -1.163731179067468285e-02 -1.763711750795596278e-02 -2.705052332809204652e-02 -4.034930124617351621e-02 -5.578626346502087857e-02 -7.568751676983943855e-02 -9.767916537851721592e-02 -1.219654677315893110e-01 -1.497668831420752578e-01 -1.794138756110464916e-01 -2.108296947331590454e-01 -2.436873296874653150e-01 -2.766267540111699841e-01 -3.099349589105685476e-01 -3.427059467212008048e-01 -3.739835070632443470e-01 -4.032818280732745064e-01 -4.305272597056642447e-01 -4.556244675558684398e-01 -4.781494337102416559e-01 -4.984354758262559137e-01 -5.165996752148056537e-01 -5.325617658862087378e-01 -5.462219960571146338e-01 -5.582178729772044878e-01 -5.692307749623464197e-01 -5.782945380568496052e-01 -5.897514062994605455e-01
-1.607085940891771897e-03 2.960243994031268311e-03 3.983652885559022666e-03 4.645430946112511991e-03 4.041709932667884864e-03 2.292866244813309556e-03 -3.482802203006547456e-04 -4.520723895791860757e-03 -9.809176963436760238e-03 -1.614341169325585884e-02 -2.415994637088373503e-02 -3.332068161784772220e-02 -4.387842719418205001e-02 -5.634621513299760409e-02 -6.933671771545221740e-02 -8.387276777679303352e-02 -9.976590940191841506e-02 -1.166151204442063549e-01 -1.340103691770855310e-01 -1.520514512913942184e-01 -1.709408174513932788e-01 -1.900319822240058576e-01 -2.093020169570126987e-01 -2.292768021852982230e-01 -2.490278650918231473e-01 -2.682654886387338955e-01 -2.879026050912551482e-01 -3.077435588596083571e-01 -3.261626291766842600e-01 -3.661266503093639213e-01
-4.715158920041149712e-03 -1.923211250602866601e-02 -2.886110342205053247e-02 -3.728780665994911592e-02 -4.442926783203102886e-02 -4.999304405875307222e-02 -5.347663012073444050e-02 -5.449039501080682468e-02 -5.328501741798800928e-02 -4.985974262295175818e-02 -4.339870955522963369e-02 -3.479290929037646973e-02 -2.330107384986039240e-02 -9.504580905864359539e-03 6.529133749821719804e-03 2.435600353586363925e-02 4.477636542964117533e-02 6.609744169343191589e-02 8.892186788149281096e-02 1.119449963520547653e-01 1.359561329957950371e-01 1.594203717450559665e-01 1.831077088934708330e-01 2.061196185335426312e-01 2.279303902372662727e-01 2.485638131394608541e-01 2.684284490252205613e-01 2.867883250119784289e-01 3.043511242875997502e-01 3.336582237526093397e-01
-2.570793323438232483e-02 -3.242095329089336037e-02 -4.780763844093657844e-02 -6.467307022328722121e-02 -8.407461984911795971e-02 -1.072205135354397376e-01 -1.314657920353996257e-01 -1.599179334361705007e-01 -1.903386230679643409e-01 -2.228989729083886151e-01 -2.592262983521038122e-01 -2.978884400699995938e-01 -3.392773815727099240e-01 -3.830166155758809587e-01 -4.282106873991962104e-01 -4.758043691335632763e-01 -5.247031462699389692e-01 -5.743000684791417232e-01 -6.243646114849104034e-01 -6.743236682147493166e-01 -7.246077785100304425e-01 -7.739982907467226614e-01 -8.234029606782904409e-01 -8.725988274302434178e-01 -9.205646120873558491e-01 -9.669487878860670849e-01 -1.013367459866061804e+00 -1.059360809643239199e+00 -1.103533818981370151e+00 -1.200031543063850403e+00
2.554934529786151431e-02 5.711898331361798392e-02 8.960079621337156686e-02 1.226731566745762891e-01 1.550331146215949418e-01 1.889554813503584174e-01 2.208753376538035718e-01 2.537142503510380620e-01 2.856755870907581318e-01 3.171321043770387038e-01 3.485224245388708342e-01 3.797149384930235128e-01 4.109211828450756165e-01 4.402539882232358592e-01 4.700047005154953106e-01 4.995382497570304836e-01 5.278050107823115678e-01 5.552866867415493513e-01 5.825071620808466299e-01 6.088757212963535892e-01 6.342214027294961198e-01 6.586973874578400112e-01 6.834871439762393308e-01 7.069286364373026377e-01 7.296789598071232730e-01 7.518167377368971671e-01 7.733142494088578456e-01 7.938018749954260933e-01 8.147829811954465651e-01 8.592143545295288787e-01
-2.945783344811760823e-02 -1.067271981509768375e-01 -1.766233928999039748e-01 -2.450810706273146011e-01 -3.097421135113469504e-01 -3.741589499706771127e-01 -4.314877482993366709e-01 -4.858032545139858716e-01 -5.351024950102407640e-01 -5.792313143979983536e-01 -6.180195695279522283e-01 -6.524134248672354142e-01 -6.818118816853275810e-01 -7.043663269853459585e-01 -7.222368411922485132e-01 -7.361761797139811936e-01 -7.429455499185124712e-01 -7.458631508266240218e-01 -7.434907257903313749e-01 -7.378763299241576368e-01 -7.259984077697789751e-01 -7.111448796787827042e-01 -6.927518384191727607e-01 -6.698269156501033272e-01 -6.448636179949992497e-01 -6.177160365303339118e-01 -5.868488970883811717e-01 -5.545089093953652348e-01 -5.210459724788658598e-01 -4.314469532401012941e-01
-1.205210004059025647e-03 3.040078116068763159e-02 5.571954068481763805e-02 8.072571056515917554e-02 1.030127595759211118e-01 1.234363155594007111e-01 1.398945178050682858e-01 1.525302751445106186e-01 1.613068062042026796e-01 1.662806762041114106e-01 1.659189220072229964e-01 1.617791271105808448e-01 1.530646878755700380e-01 1.384284689442917826e-01 1.209194046293643882e-01 9.933862384050992644e-02 7.279766281713902221e-02 4.369321244519427244e-02 1.218204581096944336e-02 -2.057304172711298118e-02 -5.579024755272592173e-02 -9.087204963845155192e-02 -1.257420248882028524e-01 -1.613908734176557058e-01 -1.956742347729950871e-01 -2.283494980218131187e-01 -2.611438067052191392e-01 -2.934892392778212789e-01 -3.235504217206254807e-01 -3.881240902767283396e-01
-1.360918480308912458e-03 -1.493528070643943689e-02 -2.149030790200779500e-02 -2.635814581609997528e-02 -2.927373142212662260e-02 -2.982107786008836650e-02 -2.811898773685258743e-02 -2.331316339830886639e-02 -1.641880415334457874e-02 -7.284234664549152360e-03 4.843154667814219411e-03 1.879840483804815984e-02 3.494756059607455334e-02 5.232822347536868896e-02 7.113842831729108585e-02 9.039296539120797447e-02 1.105115747584147767e-01 1.298837289417517638e-01 1.490187962986044279e-01 1.668227661402988393e-01 1.837106043701897951e-01 1.987414590855094143e-01 2.126477439030420302e-01 2.244434200625803066e-01 2.343235212234382192e-01 2.424428463530000077e-01 2.487605391570696656e-01 2.531645870869043136e-01 2.568417068618439325e-01 2.522313972822836647e-01
3.045362116118038170e-04 1.471884263405717937e-02 2.772352841722021399e-02 4.085549923038828829e-02 5.287910924530240392e-02 6.505096932935255927e-02 7.610360759820808396e-02 8.694090074317277483e-02 9.733602418340728257e-02 1.072034786347336732e-01 1.166973710693856303e-01 1.258794086781978572e-01 1.351086888793517349e-01 1.432215917341946865e-01 1.514338924009817622e-01 1.593046780348001401e-01 1.667144944676955676e-01 1.735819711642183627e-01 1.801293222444041442e-01 1.859820512748998622e-01 1.907572238767104578e-01 1.945552233375343887e-01 1.977239290670393113e-01 1.990502980923964105e-01 1.991825560669566175e-01 1.981778829791117913e-01 1.954762682534658957e-01 1.911156548929030530e-01 1.864081667391265518e-01 1.637629568124435164e-01
-2.342679488480606947e-02 -6.631486530178035133e-02 -1.130721462611890687e-01 -1.619273031423364428e-01 -2.108517171037059268e-01 -2.598348235366542136e-01 -3.036109106016786630e-01 -3.439892016453037216e-01 -3.788377022691225560e-01 -4.089315782482951800e-01 -4.318109217189785021e-01 -4.497035563681607284e-01 -4.605696715044527156e-01 -4.633583383096809283e-01 -4.620169526368528290e-01 -4.559099215910918934e-01 -4.421179100490745251e-01 -4.262543637402902430e-01 -4.083368248401028078e-01 -3.912027774557851334e-01 -3.744168890088253043e-01 -3.618631073772181628e-01 -3.550857845219423381e-01 -3.539700394176078513e-01 -3.600323955613540239e-01 -3.729775658151547324e-01 -3.928271304589344148e-01 -4.186973862731220852e-01 -4.493373913996335789e-01 -5.591284179119835329e-01
1.687007639595040909e-02 5.490447931033742152e-02 8.904041369007914541e-02 1.230190431329176715e-01 1.551654232910786302e-01 1.876773051220837485e-01 2.169618485245402573e-01 2.451720688870420162e-01 2.706637462019347851e-01 2.935543702350557060e-01 3.134893342514761816e-01 3.307013390103339390e-01 3.445496357317082703e-01 3.529256517480361399e-01 3.583719132377850003e-01 3.595146368252580271e-01 3.548574885720794936e-01 3.456800713871681641e-01 3.318518886171768489e-01 3.139757669836967802e-01 2.902856593235158544e-01 2.630883706062814853e-01 2.323576474580771878e-01 1.966806838515745559e-01 1.588059549307720142e-01 1.191925526953281633e-01 7.580435292732330688e-02 3.043386751222588310e-02 -1.419337621474414668e-02 -1.263292474272180166e-01
6.759657984250915658e-03 4.809395048173211590e-02 8.198929768508808613e-02 1.143439438589012036e-01 1.434792260652900109e-01 1.726949865999808653e-01 1.989662798170325764e-01 2.248531374454529608e-01 2.497086947764731168e-01 2.731017014700046763e-01 2.960472522071114221e-01 3.182419300989280941e-01 3.404969657755128054e-01 3.609331502455637164e-01 3.804569740721159832e-01 3.992450742821026521e-01 4.165191799544563644e-01 4.317010137780122880e-01 4.442884450768583293e-01 4.539063695061237302e-01 4.586497839309500724e-01 4.589537436888763700e-01 4.542742430445621538e-01 4.428359088624113649e-01 4.261311145694662850e-01 4.043376205090425390e-01 3.759575290218580834e-01 3.426770594270714954e-01 3.066691924855683427e-01 1.897666218681126615e-01
4.270736093237466335e-02 9.237247232671111363e-02 1.558700871643313723e-01 2.236612338188410654e-01 2.941039442566404927e-01 3.707996548992202879e-01 4.450539685792057609e-01 5.236037917785605345e-01 6.007944746978725048e-01 6.774851864759354747e-01 7.542773286702783020e-01 8.302250962685672198e-01 9.046256840516386788e-01 9.734691691780053002e-01 1.040979683455091287e+00 1.105412756422498921e+00 1.163452898686277326e+00 1.217047944724040542e+00 1.266755266444205885e+00 1.312723869188153314e+00 1.354424449688704346e+00 1.393571344918612454e+00 1.433035978253024867e+00 1.469992357045309506e+00 1.506602561252763595e+00 1.543054602504471129e+00 1.579226070789099934e+00 1.615011624209567120e+00 1.652213604016065762e+00 1.736073133210009445e+00
-9.914089143212968455e-03 -4.994913784972437876e-02 -8.152599724162647166e-02 -1.109903657426802026e-01 -1.374564355600961796e-01 -1.628202060826398623e-01 -1.844272068982200086e-01 -2.038936157196235555e-01 -2.210727907703903816e-01 -2.354882911681709934e-01 -2.474503717429737404e-01 -2.574264832893393140e-01 -2.654692851574634860e-01 -2.713408532229845127e-01 -2.748090638290737187e-01 -2.772556389442492608e-01 -2.772790059800973594e-01 -2.760699813530022584e-01 -2.723955768824517509e-01 -2.673371034798435741e-01 -2.589924795574484184e-01 -2.486585178230101834e-01 -2.351911338647256489e-01 -2.186104110100009490e-01 -1.997523757326818694e-01 -1.784737230806913155e-01 -1.540149046352462525e-01 -1.280004268249723687e-01 -1.000521221200471600e-01 -2.285531113811730894e-02
-1.134479964886621339e-02 -5.302829577451179111e-02 -8.977803938968889619e-02 -1.253133986256328436e-01 -1.586287316609552023e-01 -1.920948875287483149e-01 -2.220826219902163334e-01 -2.512110311679112140e-01 -2.787569862638487050e-01 -3.041729059357829446e-01 -3.282851517132713282e-01 -3.511625271112479019e-01 -3.732166451896030690e-01 -3.938031078542677532e-01 -4.126556520512238979e-01 -4.314349430962159948e-01 -4.485477648590038835e-01 -4.649539016640035216e-01 -4.794537849884341063e-01 -4.929143757299923601e-01 -5.036339527222664092e-01 -5.124411471283960573e-01 -5.187450670535567188e-01 -5.221031244246625569e-01 -5.230250753461107571e-01 -5.211965684662898113e-01 -5.163383503126409702e-01 -5.096313880362446369e-01 -5.002757761526722691e-01 -4.607716272386129241e-01
-1.781978160199219896e-02 -5.142626795707702647e-02 -8.455013301190084096e-02 -1.174089430385611421e-01 -1.493554254372034540e-01 -1.824190181057671611e-01 -2.131010432587763237e-01 -2.442815869148637908e-01 -2.749586313513456837e-01 -3.048847249339257104e-01 -3.351511036105205843e-01 -3.656461733731838915e-01 -3.969594143317514146e-01 -4.286774790268930158e-01 -4.606945509939350814e-01 -4.947444455284903952e-01 -5.294510698381521552e-01 -5.655909534899723479e-01 -6.025632412309643859e-01 -6.405551335099777255e-01 -6.791181085592117306e-01 -7.179305994466693708e-01 -7.573566327267293730e-01 -7.969520289309347527e-01 -8.359424167723805699e-01 -8.738377671388741774e-01 -9.117144424236717226e-01 -9.491935374442572737e-01 -9.847393451923481811e-01 -1.059025999890476522e+00
-4.049533615978043177e-02 -5.075848345467756650e-02 -8.166890978659857581e-02 -1.176972895186805534e-01 -1.597692325141724656e-01 -2.080688786343729835e-01 -2.567618490534437359e-01 -3.099480614778732934e-01 -3.618995623509129178e-01 -4.139728981007037012e-01 -4.654064990113394029e-01 -5.151961175469376153e-01 -5.608301357250065067e-01 -6.003234932363129550e-01 -6.360491640564269744e-01 -6.656848968302480074e-01 -6.859046496785266012e-01 -6.994000400676492202e-01 -7.060821785211592871e-01 -7.077021839557551264e-01 -7.038330593788260092e-01 -6.975983198728449297e-01 -6.908572167003048659e-01 -6.833479840061487121e-01 -6.776298709536552334e-01 -6.740022006751200667e-01 -6.720917069660620191e-01 -6.730066336417135364e-01 -6.768679340234621256e-01 -7.069239577406023489e-01
1.121774589513005113e-03 -1.570173441229779157e-02 -2.842612707010075401e-02 -4.052646493695732932e-02 -5.112824188720602181e-02 -5.953228697104113315e-02 -6.505724769611423430e-02 -6.699771183730227064e-02 -6.616578449298483877e-02 -6.256496511841673491e-02 -5.489960015838467322e-02 -4.489088989121928219e-02 -3.196551711638329768e-02 -1.686320947004979823e-02 -3.837906354341273640e-04 1.659264114656260058e-02 3.478486845872058586e-02 5.151887779080451674e-02 6.702224453175706365e-02 7.983301876795259600e-02 8.997386098495339934e-02 9.616289206910537402e-02 9.835469587942542724e-02 9.580283862959450281e-02 8.889733495341184399e-02 7.799503750749647857e-02 6.258301267945715063e-02 4.356699989742291584e-02 2.274987147851098568e-02 -4.708129178789427494e-02
3.392044500004678248e-02 7.401931385564647359e-02 1.232704291341972375e-01 1.746015770567689307e-01 2.274721979830147678e-01 2.866740805610532572e-01 3.454875790444508210e-01 4.106883801502215769e-01 4.777352433925866060e-01 5.466888972458774365e-01 6.203869160044607201e-01 6.962419245847297766e-01 7.751097833875294496e-01 8.534973255360165378e-01 9.325454006492344128e-01 1.011780789728904839e+00 1.089095691662469223e+00 1.162791717273699899e+00 1.232660974460275671e+00 1.297275384161812539e+00 1.355302835375575832e+00 1.406155408683534613e+00 1.451044722261732201e+00 1.487105252231173402e+00 1.515768983293976913e+00 1.537253678934207279e+00 1.551142775702468057e+00 1.558881089178651536e+00 1.562850576588980189e+00 1.529855572277038611e+00
-2.072482234897725373e-02 -5.170420904275955382e-02 -8.304493867054033029e-02 -1.144550738175608290e-01 -1.454101401845331876e-01 -1.770616991990048295e-01 -2.060381246609384043e-01 -2.345169347417863093e-01 -2.611372431335564070e-01 -2.860535471849230404e-01 -3.092202948338312329e-01 -3.310379412793441056e-01 -3.511060839073391615e-01 -3.689632746678811470e-01 -3.854154927323623081e-01 -4.011908730600308726e-01 -4.145382902463679020e-01 -4.273554500354765917e-01 -4.391499815298899878e-01 -4.509003599438956011e-01 -4.619770744307902244e-01 -4.734921703573714558e-01 -4.857856049886312144e-01 -4.987920219699151225e-01 -5.127764722834191602e-01 -5.275026311142936297e-01 -5.433304638974592038e-01 -5.603490185042134808e-01 -5.775509583620808129e-01 -6.237441980660440866e-01
2.354011208688540358e-02 7.415192715033633308e-02 1.232216911382790353e-01 1.729381845750208591e-01 2.208218734706790531e-01 2.692794376607118290e-01 3.131915914471291584e-01 3.555201719921829984e-01 3.941860937707946655e-01 4.296173448116161198e-01 4.610163525477858348e-01 4.893200639716391853e-01 5.138698301707144145e-01 5.321689081723550707e-01 5.480806899669821153e-01 5.604316918725151808e-01 5.671956709086016790e-01 5.709025165060339635e-01 5.718235737437129540e-01 5.707576411312633713e-01 5.665233026765501556e-01 5.614999617593576797e-01 5.567362958559525232e-01 5.504068818004622665e-01 5.446927601572485456e-01 5.397758425704620722e-01 5.345089953885999723e-01 5.292240928490112850e-01 5.258999830040114176e-01 5.203348489098249541e-01
-4.016153721472161264e-02 -1.196559969698451908e-01 -1.983638886116254052e-01 -2.775735289017984275e-01 -3.546620242581812743e-01 -4.329525219191268648e-01 -5.040262080248979482e-01 -5.728484229624630775e-01 -6.361534923558374022e-01 -6.942419917256199557e-01 -7.464515169913142900e-01 -7.939039504429530325e-01 -8.354039390458556369e-01 -8.685437618370186463e-01 -8.969095761018845980e-01 -9.205803735395562404e-01 -9.355454791396342618e-01 -9.463908883760082658e-01 -9.521363178464654631e-01 -9.551224431392133507e-01 -9.529514499256627191e-01 -9.494193644195636494e-01 -9.452419255453934355e-01 -9.390686449945715442e-01 -9.335466630453663761e-01 -9.284441997769504740e-01 -9.227604819060158947e-01 -9.178027031977571415e-01 -9.136088860476621054e-01 -9.060859858204208805e-01
-1.165736787396787558e-02 -2.523189471259806513e-02 -3.950569171269354557e-02 -5.335438220606794624e-02 -6.751653099003444847e-02 -8.331579323832444262e-02 -9.887427939291310031e-02 -1.162031362626104042e-01 -1.340276809688460136e-01 -1.521074103050777393e-01 -1.716009353967938300e-01 -1.914878446274724810e-01 -2.118877100766057286e-01 -2.325819941906803190e-01 -2.522500234549027165e-01 -2.717519473852343381e-01 -2.900529359452290734e-01 -3.066644609569121882e-01 -3.205912861694474314e-01 -3.320869809046526067e-01 -3.400090907891546443e-01 -3.445129553137667444e-01 -3.449189590589520904e-01 -3.413482269524615309e-01 -3.342386106458996031e-01 -3.235677876410683051e-01 -3.091081717811902108e-01 -2.924792638682027213e-01 -2.732595447633195396e-01 -2.124104141301502713e-01
7.472289612820228605e-03 2.915545164493065639e-02 4.733227494301419508e-02 6.511471029013712886e-02 8.088325262807707916e-02 9.583706121012341983e-02 1.087385100174312058e-01 1.204372330412542547e-01 1.313811592311057985e-01 1.416649282681934352e-01 1.513461838151698990e-01 1.612251649501559025e-01 1.721898015086940070e-01 1.834826205233355823e-01 1.968989076663403004e-01 2.127838454244084521e-01 2.312922318015639966e-01 2.529180166146945963e-01 2.784950573258316853e-01 3.072097418550913672e-01 3.398621274967379979e-01 3.755373948633013437e-01 4.154118518461116238e-01 4.582868624212237396e-01 5.031595812825246927e-01 5.497373852560285545e-01 5.990170716009044494e-01 6.489090650300426422e-01 6.996378806462549838e-01 8.209356044565641053e-01
-2.139824927776662333e-02 -8.416210250694960981e-02 -1.359459615622846951e-01 -1.855286840667138282e-01 -2.308898081822942649e-01 -2.740672165004138794e-01 -3.105806661257982104e-01 -3.422590233201924792e-01 -3.684419061380161398e-01 -3.889957301555905800e-01 -4.028558724088400211e-01 -4.116665607414924377e-01 -4.143948656416120979e-01 -4.101841432474002680e-01 -4.010270518277744278e-01 -3.874060364565296566e-01 -3.667416065261706049e-01 -3.427395914704664537e-01 -3.141626523636547597e-01 -2.832767209439903677e-01 -2.474784251445523164e-01 -2.102872281042040270e-01 -1.707357953033129538e-01 -1.286790226664132897e-01 -8.649197423752541525e-02 -4.415459749455195870e-02 -5.717036480071269189e-06 4.390055954696589491e-02 8.725798393146003140e-02 1.848575058111060210e-01
-1.319447446090753553e-02 -4.980283240842790088e-02 -8.590458228268055274e-02 -1.221136711274176112e-01 -1.574318304594635731e-01 -1.931849029541580776e-01 -2.255029713235136013e-01 -2.565541324509683085e-01 -2.849310542012324921e-01 -3.106929510932727734e-01 -3.334225536048315286e-01 -3.537640466809453543e-01 -3.710581828210556266e-01 -3.845241263975841539e-01 -3.952098027459799989e-01 -4.036518224460179938e-01 -4.078317970985478880e-01 -4.100625767841821201e-01 -4.095117210219252901e-01 -4.077628837658187066e-01 -4.034325930514279790e-01 -3.985662965214114006e-01 -3.931205095461218213e-01 -3.869055237474960940e-01 -3.810033799959506862e-01 -3.752053044829917194e-01 -3.690942657089128498e-01 -3.634971172012811946e-01 -3.576730754260798451e-01 -3.440781243015113011e-01
9.817593778831297524e-06 4.632492342650002329e-03 9.973599278668506332e-03 1.599096229382540937e-02 2.173591600479808303e-02 2.764829594206573080e-02 3.312015635380313738e-02 3.847475431779876637e-02 4.350591981054655749e-02 4.835096676774991442e-02 5.278974225336460768e-02 5.702163433430958162e-02 6.114960290940661680e-02 6.430612272960373188e-02 6.788213716730481795e-02 7.112018327363653358e-02 7.413011362976877627e-02 7.702805823305017285e-02 8.038221274623078005e-02 8.383456856597260032e-02 8.759606909321582258e-02 9.173327408101906999e-02 9.690688093577623508e-02 1.022185117845374330e-01 1.080166328360886718e-01 1.143734816090873907e-01 1.210825421081678094e-01 1.275715284017454598e-01 1.349107750968385755e-01 1.512432826668610453e-01
4.897292428126779826e-03 4.305588988055684962e-03 8.801454600700801822e-03 1.516941043959164903e-02 2.268510464635575125e-02 3.088478921354959744e-02 3.888049516958955176e-02 4.672848791631156740e-02 5.340707233571768964e-02 5.958028008937840680e-02 6.407127439007069547e-02 6.738709079501573052e-02 6.863858878036330213e-02 6.680821528015749855e-02 6.445233190582611016e-02 5.968022529353074479e-02 5.212991865465506358e-02 4.308294901520622056e-02 3.344930329908116923e-02 2.339144725619743057e-02 1.345783045758961079e-02 4.711948086773901090e-03 -1.580497204588929283e-03 -6.123179617863325902e-03 -7.911340583095890361e-03 -6.696759407302944889e-03 -2.847986765901373840e-03 2.931540279987918107e-03 1.193445948719209712e-02 4.923693638984612264e-02
1.403506671317210699e-03 1.626436105086876902e-03 4.154595123650978855e-03 7.525292486653344624e-03 1.134568428454383118e-02 1.642475294162005356e-02 2.212184050923404061e-02 2.928604530181355692e-02 3.719942831244825443e-02 4.590845116496510003e-02 5.584442925921310336e-02 6.639621901927958425e-02 7.778451377628894936e-02 8.895307677872843488e-02 1.005839789097221493e-01 1.118148577104397801e-01 1.227723432031672113e-01 1.325677760391745230e-01 1.415543059178023810e-01 1.490612440634945246e-01 1.549601242083185615e-01 1.590537860728942210e-01 1.616972802796165787e-01 1.618996180510794414e-01 1.602889011158373234e-01 1.570408031821335926e-01 1.516696044065785620e-01 1.443786564107334691e-01 1.366571187413865296e-01 1.069300677248539860e-01
3.636249017190765903e-02 8.397599317820894638e-02 1.408427951853924720e-01 2.006944955076475912e-01 2.619737279661937812e-01 3.283944613070437502e-01 3.924327410296638008e-01 4.600721920663275455e-01 5.266082764108840353e-01 5.925406187862445329e-01 6.587901164846682311e-01 7.242802720761141178e-01 7.886371289543927521e-01 8.482399107851682496e-01 9.064234184355489665e-01 9.617570048802128735e-01 1.011448976498399377e+00 1.056636406443573373e+00 1.097537594780469306e+00 1.134101362171519245e+00 1.165273671038356884e+00 1.192504000657914398e+00 1.217742317648760064e+00 1.238342232933865361e+00 1.256576030966919832e+00 1.272693446976310927e+00 1.286011058489000547e+00 1.297263515821421631e+00 1.308643269897963979e+00 1.321867915855851727e+00
3.320920299726633045e-03 7.113095139400689437e-02 1.298714971402940566e-01 1.886597999210049281e-01 2.424896512142286353e-01 2.914938632482393377e-01 3.311411155253755068e-01 3.610197498861926757e-01 3.813286177944311683e-01 3.928447447660114444e-01 3.910464406403614257e-01 3.806977967654519013e-01 3.596399692175448748e-01 3.260608788990085327e-01 2.873866768627687529e-01 2.418151701108825491e-01 1.871426447181471775e-01 1.306955890037296286e-01 7.334612873503980335e-02 1.839572140744331896e-02 -3.526929610203643345e-02 -8.204807771030786512e-02 -1.206575751723128753e-01 -1.522179559515635106e-01 -1.741218042145478706e-01 -1.864005476633179281e-01 -1.906499823429337326e-01 -1.883914401877383182e-01 -1.785426088541221534e-01 -1.102838309769774150e-01
4.801762789475547133e-02 5.700939224125935179e-02 8.548432872420769213e-02 1.178009962135432576e-01 1.556604637689654735e-01 2.027410193885453016e-01 2.534005103580906360e-01 3.144712815745440704e-01 3.797692676878471341e-01 4.501167323165622403e-01 5.287368611364829940e-01 6.115608112688449838e-01 6.986647234179014232e-01 7.868022276580501906e-01 8.767250327143569777e-01 9.664030074175690155e-01 1.053867317925542668e+00 1.136263900963895956e+00 1.213957929938771052e+00 1.284654415757247481e+00 1.348126789222703348e+00 1.403087824986253729e+00 1.451340079818197015e+00 1.490569579434504410e+00 1.522148392682928231e+00 1.546714371174145786e+00 1.564270260491931630e+00 1.576385212326088414e+00 1.586057845697435464e+00 1.578463645461457343e+00
3.717740460409939100e-03 -1.959619469463944400e-02 -3.807812925022969336e-02 -5.537454569433353235e-02 -7.067091890795582088e-02 -8.493697898965744952e-02 -9.680453313332051946e-02 -1.071041500453789597e-01 -1.165486697707937003e-01 -1.245989168528200408e-01 -1.316725842004035640e-01 -1.383934535730859672e-01 -1.454989098322358454e-01 -1.533581114292180136e-01 -1.611995373004354581e-01 -1.711658497858463135e-01 -1.827550622400915814e-01 -1.966917021191569304e-01 -2.122351011661710307e-01 -2.299761281139706681e-01 -2.494231125270146010e-01 -2.703520132129075271e-01 -2.924409268124930072e-01 -3.157749438914278506e-01 -3.393304084421500666e-01 -3.625413934470208543e-01 -3.861778853225513730e-01 -4.097975016620566957e-01 -4.314134108397906231e-01 -4.736312762966793377e-01
7.661456048652592887e-03 1.607750210199467705e-02 2.379784134376433311e-02 3.198274681242024159e-02 3.959968224835694328e-02 4.676948306272073891e-02 5.277884937036787794e-02 5.760288996033247760e-02 6.089604318208822337e-02 6.301848521584985097e-02 6.308632858987314740e-02 6.174111756314741573e-02 5.843927163300279698e-02 5.233033306226080039e-02 4.559384710699813936e-02 3.686295644395249510e-02 2.591733476107330181e-02 1.379113167438289489e-02 1.155637626321023848e-03 -1.193947116653900839e-02 -2.540859276837971470e-02 -3.829925961201544743e-02 -4.997288932097774389e-02 -6.111124750924881721e-02 -7.069743015828743038e-02 -7.847476577640986883e-02 -8.508183867823818081e-02 -9.078193033422016223e-02 -9.401643978391836798e-02 -9.068525113212692890e-02
-2.471251126412127991e-02 -6.272932858656053712e-02 -1.023994232123778825e-01 -1.423815686116317869e-01 -1.819853823459678388e-01 -2.233150050145724097e-01 -2.619343864588024595e-01 -3.012488176954711827e-01 -3.394499421731363431e-01 -3.765269777569520970e-01 -4.132551971590239792e-01 -4.495409301235412380e-01 -4.855427447076154923e-01 -5.203924630989700262e-01 -5.546590546394675192e-01 -5.895690200688441518e-01 -6.231953319598912966e-01 -6.569026937829962609e-01 -6.901095136945414321e-01 -7.233514982118196546e-01 -7.559753534112325646e-01 -7.883952576275170543e-01 -8.212390384574985713e-01 -8.539023257018263369e-01 -8.862989438361394967e-01 -9.180233186951565205e-01 -9.498454666292682758e-01 -9.816872497926396601e-01 -1.012339123862351586e+00 -1.079086944607243304e+00
-2.980844942425203703e-03 -7.214811174294819690e-03 -1.100666936888006209e-02 -1.436223698058190085e-02 -1.772375120074122512e-02 -2.105137553071330381e-02 -2.400559577976041359e-02 -2.686030061535567282e-02 -2.964967890681696749e-02 -3.224274988889783838e-02 -3.489673581210930853e-02 -3.763442040483083034e-02 -4.047989939707739848e-02 -4.407495068771172947e-02 -4.755134968374245819e-02 -5.189945877042758532e-02 -5.675710098899118539e-02 -6.249298553892784769e-02 -6.864732144321655793e-02 -7.562203719691296122e-02 -8.333760104215121034e-02 -9.170334163994303678e-02 -1.004508057657216014e-01 -1.102186150820005928e-01 -1.203544140919961120e-01 -1.306341028785928948e-01 -1.416651939253587289e-01 -1.533987172255115716e-01 -1.644454888475621879e-01 -1.926163182284476028e-01
1.637200862000531137e-02 2.071231019669380821e-02 3.323180225504775848e-02 4.779116730079339959e-02 6.418871419588803584e-02 8.377355172405573369e-02 1.043432504350063905e-01 1.283755285939508217e-01 1.538702095627398347e-01 1.812576104930464227e-01 2.114299619489894699e-01 2.433731330672023185e-01 2.774754022771692141e-01 3.121753079510014017e-01 3.487236214500312181e-01 3.862812494022952459e-01 4.244664734571520492e-01 4.624624567237578532e-01 5.010177211572878209e-01 5.389446160314774747e-01 5.769060547134181594e-01 6.139460167800641077e-01 6.516235902800712187e-01 6.884667517494931221e-01 7.244322132474796394e-01 7.595670855323319870e-01 7.944714923482251168e-01 8.282933828282457167e-01 8.620738696157921321e-01 9.336824350243503323e-01
-2.219749669702886924e-03 -9.413723101971534224e-03 -1.476827816814343768e-02 -1.937353669713688664e-02 -2.355734493526794732e-02 -2.735858110322594849e-02 -3.036047634137643489e-02 -3.274032207587934673e-02 -3.458660433641728982e-02 -3.573082056140386431e-02 -3.625956690423413897e-02 -3.631285142080729889e-02 -3.577940972295784450e-02 -3.523399994359066589e-02 -3.386025540314238635e-02 -3.257423704111277185e-02 -3.087290583335428745e-02 -2.931767157677567931e-02 -2.728619490644115103e-02 -2.541733062288261194e-02 -2.328502579397540018e-02 -2.122126962538436329e-02 -1.870110595363739386e-02 -1.639195154329302004e-02 -1.407815770680254444e-02 -1.162424652190666846e-02 -9.203757417999050214e-03 -7.252629689402441404e-03 -4.649803181699406485e-03 -1.993599047681107739e-04
1.063667261584909894e-02 5.207965002994585646e-04 4.841006384677780210e-03 1.291295330537482224e-02 2.499236605411697676e-02 4.144340246448628695e-02 6.010874437004654069e-02 8.310984379255972887e-02 1.074594843198566352e-01 1.338796708807665214e-01 1.625653995082473602e-01 1.922230573994846425e-01 2.222594320406368062e-01 2.508136614601509384e-01 2.795007282276457672e-01 3.061734632992620941e-01 3.301817293006096277e-01 3.510708336029897958e-01 3.695819441359994295e-01 3.852247487907293211e-01 3.984232917670327279e-01 4.095003317686781719e-01 4.200591127643564793e-01 4.288453934534765533e-01 4.370562855453392626e-01 4.449946877982745574e-01 4.523988772143138215e-01 4.592515082375518976e-01 4.670969177229037372e-01 4.827256535094564538e-01
2.357047003396913962e-03 4.860482681404890148e-02 8.187306874195671158e-02 1.129698285881858555e-01 1.390351166165036401e-01 1.620606420358637889e-01 1.799533514414326241e-01 1.932187948614046968e-01 2.028103752653200864e-01 2.083970913729316921e-01 2.092528818865164730e-01 2.070337408299585957e-01 2.019501189553083442e-01 1.928366297190091116e-01 1.821207191257211977e-01 1.698652663628267279e-01 1.554748197346869643e-01 1.406613660922016451e-01 1.253751815019711335e-01 1.101331168923243009e-01 9.353047967348980529e-02 7.706087197397898381e-02 6.038384679486197282e-02 4.223013369214323465e-02 2.387915783605506007e-02 5.348670995477385233e-03 -1.467326088092194870e-02 -3.583692210443208126e-02 -5.653351649905778015e-02 -1.112723920328205773e-01
3.576456388718338153e-02 1.109455776979660219e-01 1.897202623550677814e-01 2.705060543031386211e-01 3.505117215141839160e-01 4.347026636450941339e-01 5.137459130767610960e-01 5.944600987245596269e-01 6.721599384698990765e-01 7.470801173789973770e-01 8.198912672208933383e-01 8.901702089571448262e-01 9.575679123536088300e-01 1.017756559041747444e+00 1.074748034269594310e+00 1.127538768926897195e+00 1.172564975939548670e+00 1.211898763229528164e+00 1.245209805627620181e+00 1.273234838639296207e+00 1.293602055191646283e+00 1.309001642189580039e+00 1.320858405916166767e+00 1.326034595231063706e+00 1.327751007910399794e+00 1.326176629230217063e+00 1.319784051074716302e+00 1.310131599925641988e+00 1.299739780764389563e+00 1.251884691746802947e+00
1.638538666716445047e-02 6.237852705498504735e-02 1.051667340111048787e-01 1.483684779978906021e-01 1.892594621629489771e-01 2.296517284399412218e-01 2.654178344387643218e-01 2.985396159403909677e-01 3.279160197412995803e-01 3.538785303678312899e-01 3.753536315877622487e-01 3.937755335909920440e-01 4.086637976845584053e-01 4.180288319672448294e-01 4.257265630216526819e-01 4.308941703817978919e-01 4.319946390860757157e-01 4.317758665252566241e-01 4.307182627564613564e-01 4.295611527861170065e-01 4.276196915260687126e-01 4.269058306823356741e-01 4.285577040024493578e-01 4.309400618450963671e-01 4.355362121056658986e-01 4.423329641131722445e-01 4.506567612279002710e-01 4.599666810349391510e-01 4.716654862369774603e-01 5.065446082652350634e-01
3.826726122154736065e-02 9.975337969510443548e-02 1.704882608600461480e-01 2.441838671995924526e-01 3.190018828973186782e-01 4.002193335039656574e-01 4.787885627092496321e-01 5.627658307356030454e-01 6.471098765001307429e-01 7.320342669151046477e-01 8.198774253783207566e-01 9.091060856312769278e-01 1.000643423212559391e+00 1.090529427727390921e+00 1.181384328388820126e+00 1.273387658571891068e+00 1.363720185057388790e+00 1.452467867609814389e+00 1.539871627094661521e+00 1.624997831049354025e+00 1.707165068521663720e+00 1.786085040467787488e+00 1.864255014602650640e+00 1.938347328459099961e+00 2.009004730402514038e+00 2.076084422312608257e+00 2.140364796606015307e+00 2.201304414800556941e+00 2.260013479060234864e+00 2.369493441241157683e+00
1.634956933018195599e-02 1.365784664952891803e-02 1.229285748725373120e-02 1.138726502921296423e-02 1.126714857915409734e-02 1.178787151666487246e-02 1.276005204386760489e-02 1.416863101984065787e-02 1.464651859905208645e-02 1.485573685007435252e-02 1.403876300809572125e-02 1.189941659199820340e-02 7.182373516586786077e-03 -1.040769346629093900e-03 -1.103602475760687499e-02 -2.533059951921650538e-02 -4.431924447113280013e-02 -6.773355152866580853e-02 -9.507855649480365101e-02 -1.263662940654312061e-01 -1.620373907410267711e-01 -2.005517517202289324e-01 -2.418771679528010088e-01 -2.862815811622688722e-01 -3.315251272273076477e-01 -3.768110865916411978e-01 -4.238166004899117656e-01 -4.710469385273287068e-01 -5.156472225022623590e-01 -6.093584864553542868e-01
-1.200971250785188779e-02 -1.706784808942665710e-02 -2.481603847136297156e-02 -3.277144015609254057e-02 -4.179051004230189409e-02 -5.201808132497864889e-02 -6.221248983822980777e-02 -7.342889373822956978e-02 -8.443499573045745721e-02 -9.540415320785579356e-02 -1.065095394324228339e-01 -1.173225794077305678e-01 -1.272841031288787228e-01 -1.364967822205897519e-01 -1.444292150850888801e-01 -1.512717922581719998e-01 -1.560422430673704675e-01 -1.592038427158789515e-01 -1.601980199136699146e-01 -1.596650746168375157e-01 -1.570995168488784344e-01 -1.531978708787107846e-01 -1.477007870946992207e-01 -1.411761281559146264e-01 -1.340217173303036580e-01 -1.262753544095752134e-01 -1.179059967316226920e-01 -1.098389608854858646e-01 -1.014615029753561798e-01 -8.463434869120201043e-02
1.649850160904192675e-02 -1.736585963810885480e-02 -2.689747397337466372e-02 -3.041696491786076775e-02 -2.629012069732274484e-02 -1.530399447385570946e-02 5.718981974046593968e-04 2.342775255297310788e-02 4.861421537319947361e-02 7.737532140437530792e-02 1.096197409151160179e-01 1.430941857005740836e-01 1.760869818760211203e-01 2.064695934270905364e-01 2.361073253606426336e-01 2.611010499799521489e-01 2.804769391909320841e-01 2.936932126554402944e-01 3.017523522628590138e-01 3.043258799950029347e-01 3.021463421197554400e-01 2.962980349077636300e-01 2.888183415673943877e-01 2.788004611837675562e-01 2.684849856989635075e-01 2.585359158718162909e-01 2.483037685141655238e-01 2.384047803320946124e-01 2.311204106340987718e-01 2.218619324653176017e-01
-5.594799510698549548e-03 -4.958852602825098571e-03 -9.798012648200155050e-03 -1.561748773386720766e-02 -2.343707197591389860e-02 -3.322736676543219803e-02 -4.359039653525301899e-02 -5.558555705403454145e-02 -6.741561355721310822e-02 -7.921480531474889286e-02 -9.098435003197677395e-02 -1.019402226354421404e-01 -1.111011775495725495e-01 -1.182019526546908839e-01 -1.225570285492919020e-01 -1.237459901939307466e-01 -1.205667418682477010e-01 -1.133539395081880063e-01 -1.012158992373595745e-01 -8.524814789429294160e-02 -6.427075207816237978e-02 -3.981702435460461598e-02 -1.130526788621404564e-02 2.076441028991177218e-02 5.487461885306632592e-02 9.081482915191133043e-02 1.295789829703858365e-01 1.690642743887415811e-01 2.093558023179792060e-01 3.082482648800809466e-01
9.296746298855561655e-04 -4.652650635457516830e-03 -6.746790228753090160e-03 -7.768490797259542530e-03 -7.802716827440407329e-03 -6.555424809706779724e-03 -4.320069015498284246e-03 -6.734522548806631814e-04 3.460659472777920589e-03 8.323786070756487160e-03 1.394002365712799889e-02 1.971612208969849428e-02 2.541116756515522310e-02 3.003496848818470316e-02 3.448468516750700236e-02 3.729277834940054881e-02 3.854803497179172533e-02 3.761620044817751835e-02 3.489428504738800035e-02 2.993919349165051827e-02 2.262496765094688944e-02 1.322461437071955834e-02 2.076613284580646965e-03 -1.158952593239806136e-02 -2.667000877552209992e-02 -4.282694694859692786e-02 -6.090221363481547467e-02 -8.033101194389866140e-02 -9.936140892328493290e-02 -1.498385853142779611e-01
3.594126320949816641e-03 3.851270935082964225e-02 6.767321272738918703e-02 9.584649102854131408e-02 1.211180629665019604e-01 1.463627984478865496e-01 1.690323860176289328e-01 1.913812490769714048e-01 2.133446817080683899e-01 2.344156530208451328e-01 2.557020584075516134e-01 2.771215719856909288e-01 3.000148054802492803e-01 3.228066945765670770e-01 3.463059396953035995e-01 3.712662900805089872e-01 3.974202410432615129e-01 4.241242753699095425e-01 4.512551036788939873e-01 4.780817176496819920e-01 5.036389657833527655e-01 5.273993056533505808e-01 5.494454011692690987e-01 5.679521723874831896e-01 5.831677610938414968e-01 5.949164539298396059e-01 6.028419993403125732e-01 6.070427567612162179e-01 6.086699874735159721e-01 5.838318848873249589e-01
1.673041653565637138e-02 -1.884590601989344361e-02 -3.053470084676231100e-02 -3.683056097511284294e-02 -3.581140218330450264e-02 -2.785520102567032308e-02 -1.433881086595880511e-02 7.174140177673224081e-03 3.257607619803369603e-02 6.303051171909981876e-02 9.937068410513560934e-02 1.390604713217883093e-01 1.814626595631558537e-01 2.248519438247481572e-01 2.701730422244979501e-01 3.146814192220686035e-01 3.580225961680433833e-01 3.984474668715711765e-01 4.371613789141952644e-01 4.727599473664299556e-01 5.068359583081423203e-01 5.384385782280951549e-01 5.699577630756079705e-01 6.003329524103082626e-01 6.300488706487000767e-01 6.595447982479071269e-01 6.894557613004090868e-01 7.192273568834455233e-01 7.502423679097632858e-01 8.240644856054567535e-01
4.079502096915412802e-03 -3.024877997008097730e-02 -5.261144582473604309e-02 -7.207614031046172265e-02 -8.729679953136119941e-02 -9.976273957651511648e-02 -1.084997488729697590e-01 -1.139846650344915197e-01 -1.181157019320729640e-01 -1.199972273601730838e-01 -1.203083037075033113e-01 -1.201202238735667033e-01 -1.206975860349042418e-01 -1.228219696207759060e-01 -1.254880695704700955e-01 -1.316671829396593996e-01 -1.411221996070442242e-01 -1.545914780115987264e-01 -1.712051330107509650e-01 -1.912693680069440516e-01 -2.141747435525328813e-01 -2.391755840338173900e-01 -2.655211893263610401e-01 -2.933167798690804462e-01 -3.209921543361144991e-01 -3.479069278008991573e-01 -3.749649948988416637e-01 -4.015640184651450006e-01 -4.256172255429178097e-01 -4.710256474347870315e-01
2.628761127154498334e-02 8.427878309062346307e-02 1.413203619797665234e-01 1.992398438214496026e-01 2.554920857842980508e-01 3.132301351112751209e-01 3.661557230358971626e-01 4.182084130346530593e-01 4.665122627701370761e-01 5.114130858240917288e-01 5.524250629426544767e-01 5.900585797023925050e-01 6.235232181559946518e-01 6.497676612016640707e-01 6.726702750376021278e-01 6.908670489352112254e-01 7.018090285148614882e-01 7.079615000887700127e-01 7.092705523173034043e-01 7.067282841129114423e-01 6.984802495149559087e-01 6.874238224569488853e-01 6.744190906382352413e-01 6.573535758229474002e-01 6.391860893076627415e-01 6.202188863093706095e-01 5.987139185890456572e-01 5.759302639518885103e-01 5.543430675344392933e-01 4.977376664444535526e-01
-1.503177150903495934e-02 -7.647194703064193189e-03 -1.227077963349028702e-02 -1.895064596099014023e-02 -2.938842454321060477e-02 -4.508295720478899121e-02 -6.395552859982495120e-02 -8.950814025507912441e-02 -1.194242131021264475e-01 -1.535347167107387611e-01 -1.946088800112529826e-01 -2.400514187271423627e-01 -2.910602062504581422e-01 -3.472336683919830524e-01 -4.060366265260281216e-01 -4.689273345493569778e-01 -5.354104014667753209e-01 -6.030247761759189862e-01 -6.712762327861466760e-01 -7.389027638947078813e-01 -8.064459370658481063e-01 -8.713877728616203910e-01 -9.345116889476259292e-01 -9.953557292733813400e-01 -1.052365805897467865e+00 -1.105018519218262218e+00 -1.155218832435255027e+00 -1.202717420548342853e+00 -1.245741228692206271e+00 -1.319263309570693377e+00
4.270568919651336615e-03 5.046384594630275167e-02 8.928909147611571728e-02 1.271302118164977790e-01 1.611860956622731544e-01 1.942114482088954375e-01 2.229434001927077524e-01 2.494062894886788784e-01 2.737569709677460938e-01 2.956230348267744334e-01 3.152097784768844724e-01 3.334359023725558813e-01 3.512250648758521998e-01 3.668669436016031016e-01 3.824074673560490245e-01 3.984584808701790992e-01 4.143110239274074291e-01 4.308621325552098313e-01 4.480869938865927882e-01 4.659119196863228951e-01 4.833241449789581479e-01 5.006970097815783838e-01 5.184205100256107368e-01 5.345816613648145532e-01 5.496908295658351484e-01 5.634770843911011129e-01 5.755116061171741126e-01 5.854293114745712234e-01 5.941962140288702399e-01 5.960682849214302692e-01
2.041930417977694603e-02 5.418325683619408528e-02 9.004535398885092634e-02 1.269139531069256033e-01 1.634631055517976606e-01 2.024357474670378243e-01 2.394777592223467089e-01 2.780817610222767744e-01 3.157808074734272386e-01 3.527290440504157742e-01 3.895412237076149586e-01 4.256091771859598638e-01 4.609388676901459703e-01 4.930712348999084504e-01 5.240364441047310473e-01 5.529039842479693823e-01 5.782005739506966835e-01 6.001795462728218844e-01 6.188685162485659808e-01 6.341138882502567187e-01 6.447411302164565150e-01 6.517489635750286503e-01 6.558594311843964908e-01 6.551599860659238495e-01 6.515111838916292086e-01 6.451535459497634850e-01 6.350354908583550895e-01 6.222012394965015236e-01 6.087781219720952430e-01 5.604284505207155487e-01
-7.533411131570195984e-03 -4.183065476741385652e-02 -7.149772931872730442e-02 -1.000675832749827743e-01 -1.265500245103030608e-01 -1.524731427841001241e-01 -1.751732452374903937e-01 -1.963341119204010110e-01 -2.158707938447018415e-01 -2.333958663019053137e-01 -2.492728993786063607e-01 -2.640862721676714431e-01 -2.781998957823714758e-01 -2.914908275821761485e-01 -3.039184452746857001e-01 -3.172088506634383465e-01 -3.301713693193276677e-01 -3.441143388042563478e-01 -3.582322279438102663e-01 -3.733334296353668647e-01 -3.884942298832824159e-01 -4.042102217211813731e-01 -4.202131987921400857e-01 -4.364012447942270390e-01 -4.524585179656523959e-01 -4.679552657510913094e-01 -4.832984365504300883e-01 -4.985267054677869902e-01 -5.122529691006134644e-01 -5.381127699093490868e-01
