2.234994274899695585e-02 3.911396907389551314e-02 5.788590082804351278e-02 7.445795501883976930e-02 9.318563123801734682e-02 1.126234134384467428e-01 1.330806554967692845e-01 1.483690617974976478e-01 1.683198936290173087e-01 1.839018211715280904e-01 1.975638901637911116e-01 2.109231063438329612e-01 2.199305339646557833e-01 2.314016303133704933e-01 2.367361500915371453e-01 2.434097933500558031e-01 2.465740884598097982e-01 2.487040238167559092e-01 2.503627546564520245e-01 2.506508791763628619e-01 2.499231305267124725e-01 2.488821179441277620e-01 2.489765498715362513e-01 2.501706482969126011e-01 2.506656667219138157e-01 2.548832196988362608e-01 2.570159926475966694e-01 2.610642408322183528e-01 2.669172938605904322e-01 2.886088288340949437e-01
2.996926998879179127e-02 4.908819027929318957e-02 7.616461096403576159e-02 1.031444953812142989e-01 1.274004548628957512e-01 1.540144330105542858e-01 1.882293481832972293e-01 2.193959500159827214e-01 2.541769834632624514e-01 2.888607672255298908e-01 3.255077270372104259e-01 3.644912371837498166e-01 4.036425676384839956e-01 4.488857464894814853e-01 4.952850184703684322e-01 5.406018200020570319e-01 5.894754234135394233e-01 6.376778521508731368e-01 6.874574732306957259e-01 7.352932849990074793e-01 7.866455738630606653e-01 8.358636867726532138e-01 8.819592796587691907e-01 9.266079260566256748e-01 9.708600485642772115e-01 1.019405872095072496e+00 1.054484582956487060e+00 1.094073852310907480e+00 1.129921227955317242e+00 1.201921644081398011e+00
-1.150183676966129095e-02 -1.390012267376509666e-02 -1.862341967618389577e-02 -2.311176768242875768e-02 -2.833081671849650707e-02 -3.423867839094325849e-02 -4.067373592401966886e-02 -4.661851101137277908e-02 -5.305461135326119959e-02 -5.918645501649839880e-02 -6.587136652130123893e-02 -7.443543576376790427e-02 -8.149941064973921512e-02 -8.987567253759221053e-02 -9.930512780506733916e-02 -1.089536594754747789e-01 -1.201124365751372880e-01 -1.323697357037061650e-01 -1.457696379666723330e-01 -1.598158615064085852e-01 -1.774967410543928092e-01 -1.955519477424291774e-01 -2.147655066324888340e-01 -2.343891591117369388e-01 -2.579852027946468729e-01 -2.824822831322366667e-01 -3.056277504718820648e-01 -3.323118431846555643e-01 -3.571943538271800667e-01 -4.235062715534073652e-01
2.530264572087962890e-03 1.907408284622511691e-02 3.635801135882298085e-02 5.078774076312281976e-02 6.781022751811449645e-02 8.494908081116139820e-02 1.014612170101676369e-01 1.124355650351010621e-01 1.273864671202516174e-01 1.383506740853442940e-01 1.461679805672519428e-01 1.540714478605235971e-01 1.559604246561260843e-01 1.596595731224748349e-01 1.578259676488972807e-01 1.573423652409502160e-01 1.530420413987061690e-01 1.473550124830097507e-01 1.409756736445020031e-01 1.338596640485072986e-01 1.241646633336159072e-01 1.147238990883726190e-01 1.058712958923722636e-01 9.813286772571495897e-02 8.873155225617335162e-02 8.204905660502839759e-02 7.428759648423607920e-02 6.679746827701210643e-02 6.043022094505301478e-02 4.438213123667757859e-02
8.017217778477532530e-03 2.770947809494077319e-02 4.828147091004457436e-02 6.568573950322825761e-02 8.488701734736894822e-02 1.042240479454742130e-01 1.233719292694503838e-01 1.373476935382632047e-01 1.548134972406887133e-01 1.704183967315850423e-01 1.832457689505971044e-01 1.968447111736839894e-01 2.060960660001833755e-01 2.192064694748965814e-01 2.302204995972260138e-01 2.426234182889379642e-01 2.558683608454823122e-01 2.689050468006948247e-01 2.846124949838291229e-01 3.005534112523050583e-01 3.191371380714225214e-01 3.390864542949534322e-01 3.604808319464707367e-01 3.835229528494312201e-01 4.083251660387555715e-01 4.382155955490866228e-01 4.621374484604454658e-01 4.907601869876380696e-01 5.186157215570070811e-01 5.857315112947374391e-01
9.548135706670072415e-04 -1.960073115808146776e-02 -2.610752572637583049e-02 -2.816245752693295051e-02 -3.181525881545339829e-02 -3.387697356270680249e-02 -2.714417119065436895e-02 -1.584209922857152120e-02 -3.649971948309344363e-03 1.096044747461318372e-02 3.265278957580555752e-02 5.339954179988264105e-02 8.329596218393370277e-02 1.159205012303131388e-01 1.529305004767224918e-01 1.871516762575754500e-01 2.284506429442883790e-01 2.688571396749799280e-01 3.120391677102498651e-01 3.544128860045859253e-01 4.019998347901667657e-01 4.493834863095172438e-01 4.955115071952688743e-01 5.409436101330598046e-01 5.885969884788181394e-01 6.405983390261055233e-01 6.822997084270705503e-01 7.301791256028935528e-01 7.751104823355512430e-01 8.787389423717342218e-01
-9.057869104436309937e-03 -2.771885436009900380e-02 -3.518239064159092711e-02 -3.901798671570287647e-02 -4.278470136306738308e-02 -4.561527945727251315e-02 -4.224660712993208445e-02 -3.565678546368644675e-02 -2.828310117457048453e-02 -2.026942471269368995e-02 -7.744081827361481291e-03 2.885016556479869793e-03 1.939785016474881649e-02 3.611952505342595765e-02 5.373892864106235429e-02 6.877331561786130532e-02 8.644397242617798960e-02 1.020904260150871379e-01 1.180952044367693521e-01 1.327715589834239929e-01 1.479638009249061026e-01 1.626514547547092404e-01 1.763033357662430467e-01 1.895305706814011948e-01 2.022354812007529645e-01 2.173996360492097268e-01 2.278676180777542970e-01 2.399268323361967714e-01 2.517901709760132500e-01 2.754391452948754537e-01
-3.430633083996417754e-02 -5.939101008095081652e-02 -8.192075305280660524e-02 -1.006821812573708563e-01 -1.223795758506986686e-01 -1.444167469102310697e-01 -1.640968782125629966e-01 -1.770271725003033647e-01 -1.942717069355580084e-01 -2.054028607042184540e-01 -2.132610871449589496e-01 -2.230435234736780625e-01 -2.240739675381578366e-01 -2.263415781370038959e-01 -2.226590990641328649e-01 -2.212522523115140749e-01 -2.150304697215043026e-01 -2.092977029660286481e-01 -2.025156313603669045e-01 -1.953775709733019117e-01 -1.883367964354633606e-01 -1.810478018525242816e-01 -1.760583197930246646e-01 -1.723935205551809791e-01 -1.710041049688101333e-01 -1.704024361611045091e-01 -1.724682234467533881e-01 -1.761323590624181978e-01 -1.805544643139167238e-01 -2.052373991472204451e-01
3.584953380003164103e-02 5.549374101242329077e-02 8.202249859059874970e-02 1.082245609235217287e-01 1.341528439125331262e-01 1.623753359938717444e-01 1.971590068317629063e-01 2.265508393180788449e-01 2.620290125336922626e-01 2.928901356136592304e-01 3.244659673225902541e-01 3.570411433472974183e-01 3.863583684369548132e-01 4.193338451926728050e-01 4.471205190286329234e-01 4.744760173554710692e-01 4.985780846143365586e-01 5.206196228459168962e-01 5.404336220417362835e-01 5.570089035497793883e-01 5.713625501356551784e-01 5.826867188950561882e-01 5.915151522589150446e-01 5.991207102649835914e-01 6.034045498859328394e-01 6.103491291642063610e-01 6.106908252904978962e-01 6.112617261438758609e-01 6.118469162987721921e-01 6.060080588108167632e-01
-2.437934232424106284e-02 -4.184610144117555108e-02 -5.524491023094697806e-02 -6.783752466116166335e-02 -7.964234350295201770e-02 -9.224796665383534766e-02 -1.053235530529502556e-01 -1.139496156898588963e-01 -1.242806299432456796e-01 -1.303422210110055934e-01 -1.341925412348678182e-01 -1.397595801390746906e-01 -1.381887717376759084e-01 -1.344231309977084454e-01 -1.256669419775120200e-01 -1.166376911497280094e-01 -9.921435310631884774e-02 -8.023026639908320545e-02 -5.476495789334747538e-02 -2.684396459653046879e-02 9.313801441169514139e-03 4.938472492785192514e-02 9.276815439764310445e-02 1.384129975156953851e-01 1.900202074285223808e-01 2.477783600837421552e-01 2.990579721985182626e-01 3.591485799573490567e-01 4.175228778957702502e-01 5.674291451999273761e-01
3.256615315504265973e-02 8.429489795456507339e-02 1.287205042420641043e-01 1.659495093112053621e-01 2.054750905842417374e-01 2.453573493465748823e-01 2.821612049078268125e-01 3.064639973679834650e-01 3.373846596526774433e-01 3.608137240565457704e-01 3.760413289824123262e-01 3.927872793323813339e-01 3.958684278827150349e-01 4.023893383683716518e-01 3.983666143930016945e-01 3.978607940084339933e-01 3.886248615982597077e-01 3.783456439827632134e-01 3.659223776469143763e-01 3.514963616967940463e-01 3.323649666925638790e-01 3.119282702071343172e-01 2.919326409951022994e-01 2.729543186812168898e-01 2.500475881867828543e-01 2.296337167958590053e-01 2.087148054729380253e-01 1.860470140317443954e-01 1.661804914887396456e-01 1.184058493555671110e-01
-2.084550624883813041e-02 -2.763133294112656013e-02 -3.859355295376808159e-02 -5.122621469371778369e-02 -6.107325195291916919e-02 -7.281792394034891647e-02 -8.975962604743643880e-02 -1.063164956748136047e-01 -1.233415164505869133e-01 -1.409239047940153144e-01 -1.609072253893303883e-01 -1.838590892753315664e-01 -2.062945438584076474e-01 -2.301251676784886735e-01 -2.570431709866324299e-01 -2.819219808441736919e-01 -3.085667186842150356e-01 -3.347794776753442170e-01 -3.600940493180034840e-01 -3.840213897536912668e-01 -4.089454389168369342e-01 -4.313064533302622960e-01 -4.500621674467262245e-01 -4.664205348782493044e-01 -4.827870793970562291e-01 -4.970996413964534621e-01 -5.066830132330482073e-01 -5.154323648732488383e-01 -5.209560966438054885e-01 -5.186335513935250718e-01
7.411948892854252138e-03 8.449759310560859410e-04 6.629755905916160860e-03 1.668254026780481569e-02 2.129447689028406837e-02 2.836549313006327122e-02 4.655748378952054983e-02 6.828628282451967846e-02 8.985064371095821678e-02 1.155777972049302910e-01 1.479682796669346823e-01 1.809795959254770770e-01 2.226118088981468845e-01 2.679844829046160726e-01 3.201614930359941713e-01 3.685672041173332358e-01 4.248363991368576675e-01 4.801087605251010970e-01 5.371823967530224841e-01 5.925451657117591919e-01 6.522299645048550421e-01 7.095866686222357389e-01 7.619711049482075227e-01 8.115712093582830855e-01 8.603667058969467485e-01 9.115920742188068360e-01 9.483681431716575183e-01 9.885630226644023244e-01 1.023740946320248257e+00 1.084755459565859059e+00
-2.457387340187364849e-02 -1.511001023202901070e-02 -1.539034747100678779e-02 -2.097252424828786529e-02 -2.151626933536367886e-02 -2.485624475276191486e-02 -3.868299983863098673e-02 -5.620080475249723817e-02 -7.361083722366920656e-02 -9.346400597430125357e-02 -1.207245031428018506e-01 -1.505700947577816029e-01 -1.864114564426320175e-01 -2.235680548895815356e-01 -2.671603483973871151e-01 -3.066157248004179325e-01 -3.507868541038530186e-01 -3.942456552215793941e-01 -4.365118583878705438e-01 -4.766402475696678298e-01 -5.189709265955163575e-01 -5.573126308772050619e-01 -5.900492292347888634e-01 -6.188547746022081686e-01 -6.470971346315712580e-01 -6.726397469003275731e-01 -6.903848421249305645e-01 -7.077811321568395764e-01 -7.202516863301222649e-01 -7.300359880540160384e-01
-8.449559380742339282e-03 -1.299254418864691230e-02 -1.283322438537978089e-02 -1.277529294352652833e-02 -1.085025645705949351e-02 -9.055698314190493980e-03 -6.522378577447390802e-03 -3.879248760562847148e-03 -1.462177503523467981e-04 3.516053891199766648e-03 7.435197724208865780e-03 1.015719463593654781e-02 1.410100613448032197e-02 1.945556835352280078e-02 2.417605872660966854e-02 2.895265292140136032e-02 3.569096451032224837e-02 4.186334873292597847e-02 5.036152401151618857e-02 5.902813529316330854e-02 6.999099522854711208e-02 8.246121187163071853e-02 9.666765644168774652e-02 1.123125753630959955e-01 1.296870312123683255e-01 1.512217027827633953e-01 1.693397554838233232e-01 1.915511640377877689e-01 2.136453503674258514e-01 2.704079807930113155e-01
-3.812275994959547776e-02 -7.633668037641642978e-02 -1.060460738734174541e-01 -1.294022825931646636e-01 -1.570897947182997856e-01 -1.846202413439662626e-01 -2.061127906204840710e-01 -2.174312430829113130e-01 -2.338864883458781352e-01 -2.424749630368800146e-01 -2.440165438052005475e-01 -2.478537752513289283e-01 -2.377485920455011392e-01 -2.287885727932155999e-01 -2.106922250906222149e-01 -1.966403400397147561e-01 -1.744667834629365921e-01 -1.529313802889961105e-01 -1.298303125205637898e-01 -1.066761475059591346e-01 -8.189482796319311197e-02 -5.739830789679053330e-02 -3.661080333863665770e-02 -1.810642559442257604e-02 -1.541841511489414583e-03 1.434218148237306235e-02 2.418919720661289949e-02 3.353754971912730615e-02 4.029420249361485851e-02 3.649579967895573429e-02
2.436160261882233669e-02 3.961539038981343186e-02 5.896255486073328361e-02 7.723087279765053492e-02 9.546142292579970490e-02 1.147186034568123403e-01 1.374894341499315886e-01 1.565637378169283667e-01 1.792825405236841696e-01 1.994407523731239751e-01 2.194588209300897541e-01 2.398158008299323685e-01 2.582605264778214393e-01 2.799206415511995005e-01 2.984955239886018519e-01 3.172253496054713295e-01 3.350796872050675890e-01 3.518989687807800304e-01 3.686891395704831043e-01 3.839109592003365212e-01 3.993666799464127837e-01 4.137615079787824723e-01 4.275115068034367471e-01 4.412484539682319240e-01 4.540976692106233337e-01 4.702006627359352486e-01 4.808024793422006615e-01 4.937373718497971575e-01 5.066016644656322621e-01 5.368168877175649722e-01
3.820344636457143755e-02 4.013519630106892472e-02 5.344811107328713978e-02 6.882829244168375826e-02 8.445505507364162168e-02 1.025300168268471895e-01 1.298862702634966948e-01 1.548530207840562167e-01 1.859992475997988004e-01 2.116518429538771229e-01 2.414657110924107453e-01 2.705951112817195359e-01 3.004058289443697349e-01 3.318989171822397388e-01 3.571253471658737411e-01 3.807387786373284122e-01 3.996414256809674437e-01 4.155197500255473630e-01 4.268924460867664084e-01 4.342580029568877675e-01 4.371689704012984290e-01 4.361762713848100770e-01 4.320726079689796717e-01 4.262937789339000805e-01 4.159745492490859453e-01 4.067944701782775230e-01 3.941007367691031216e-01 3.801804580645130049e-01 3.674253105540750686e-01 3.347294270405872796e-01
-3.000229460507050638e-02 -3.924025224378650811e-02 -4.890467542190634481e-02 -5.753478586516420218e-02 -7.046605591392859913e-02 -8.381425183695312420e-02 -9.647341788161563347e-02 -1.037616671019102876e-01 -1.162301860718407548e-01 -1.204125662124929247e-01 -1.230720110397280215e-01 -1.263362893589286273e-01 -1.214126710257835279e-01 -1.145744880137183758e-01 -9.866636685210210256e-02 -8.376095817407538946e-02 -5.982454312987214862e-02 -3.420671424531321336e-02 -3.960209762812003792e-03 2.831746519076597940e-02 6.600598601661102072e-02 1.054300470318336319e-01 1.432374531302841036e-01 1.804936376407383913e-01 2.187365633243801843e-01 2.588460199657953709e-01 2.903886266124662274e-01 3.250870741278325537e-01 3.561851613159235375e-01 4.155352255886656243e-01
-8.811241096200461698e-03 -4.068950990655805650e-03 -2.165899747680779044e-03 -1.361853197435073173e-03 7.675690317201187829e-05 8.582655453473961304e-04 2.234627328919630562e-05 -2.520594076147962201e-03 -4.229930486690005806e-03 -7.063768332892628177e-03 -1.202385393528701725e-02 -1.819433044585395259e-02 -2.607882775600699546e-02 -3.448674075439794873e-02 -4.568256513545285169e-02 -5.627958426632079236e-02 -6.956673801530550982e-02 -8.392566815748120357e-02 -9.931528825030039309e-02 -1.150760639680140640e-01 -1.344431006086180269e-01 -1.536196104638945514e-01 -1.729746200852783078e-01 -1.920065611809783357e-01 -2.142391502876129505e-01 -2.362218219204046399e-01 -2.567813008049097956e-01 -2.799230643695372889e-01 -3.011069395994743214e-01 -3.557257540029679088e-01
-5.347393264877919883e-02 -9.053735820253383526e-02 -1.248260519090475390e-01 -1.552203449182963657e-01 -1.864182300367148160e-01 -2.190557044003137721e-01 -2.519205797987575934e-01 -2.761314223828552628e-01 -3.055502151635972607e-01 -3.293034552127559467e-01 -3.496323527118530006e-01 -3.736137645545650754e-01 -3.876059720300316647e-01 -4.047730786197610842e-01 -4.166756552382274159e-01 -4.306112308146847201e-01 -4.396777159633203924e-01 -4.493599006130950535e-01 -4.572155437017815793e-01 -4.637117519540495669e-01 -4.700924513600269194e-01 -4.744955104321306183e-01 -4.787202315409034847e-01 -4.827550084543658082e-01 -4.876429098227312298e-01 -4.925746338473413477e-01 -4.966532069253097870e-01 -5.014223229004041160e-01 -5.057356775287562556e-01 -5.210108826819026540e-01
-5.137720355680878981e-02 -4.368178628912598727e-02 -4.938820951116761754e-02 -5.990132811880907737e-02 -6.964069207957225560e-02 -8.229712860283945608e-02 -1.068229970302046333e-01 -1.308785029002070832e-01 -1.607251819970873241e-01 -1.849798119514885764e-01 -2.171893023960438929e-01 -2.507453004134940766e-01 -2.865859849607104159e-01 -3.225480928285912041e-01 -3.562479568439965161e-01 -3.868837190945322857e-01 -4.151493337598902711e-01 -4.412472078920299801e-01 -4.626640721871704276e-01 -4.803247976889237769e-01 -4.964267234890756275e-01 -5.079123380209196181e-01 -5.157405823559776392e-01 -5.209253875621099317e-01 -5.251447900281178693e-01 -5.274699097027991668e-01 -5.276862982677023028e-01 -5.270559346994896366e-01 -5.255227094826672163e-01 -5.219235359987247636e-01
-7.040098063637446890e-02 -1.156531501121301347e-01 -1.659177419486718708e-01 -2.128904715658473112e-01 -2.595878136974735240e-01 -3.095067005314340314e-01 -3.646304704333461766e-01 -4.099570254870528174e-01 -4.619871437322505825e-01 -5.091492784353797152e-01 -5.543553322829588570e-01 -6.053212194981184568e-01 -6.462142695879372623e-01 -6.943523737890444636e-01 -7.396721541824136104e-01 -7.857069885962606470e-01 -8.313223052351662590e-01 -8.773898641011816935e-01 -9.243921502337912877e-01 -9.692077896637734113e-01 -1.019257762736503148e+00 -1.066516604107441868e+00 -1.113232559985132264e+00 -1.159321151874129763e+00 -1.208906694972980311e+00 -1.262396618806119974e+00 -1.305399273215781974e+00 -1.354722135438969355e+00 -1.399929687000291967e+00 -1.506819141134055240e+00
-7.463467813459464389e-04 -7.988869598697071958e-03 -3.405669203512553221e-03 3.672862405153532947e-03 1.078367082151934254e-02 1.962074800616209203e-02 3.524145639757978593e-02 5.153586154535241132e-02 7.004223073127396892e-02 8.883579452439577251e-02 1.110173646661482827e-01 1.332316765200832476e-01 1.581244355320695349e-01 1.857801904939378190e-01 2.141804278632528646e-01 2.405107922737311776e-01 2.699836103787340291e-01 2.975600312746775611e-01 3.264974560063054199e-01 3.540046945815228385e-01 3.835101079412417402e-01 4.123220280911903957e-01 4.401187277761764993e-01 4.675120986384999067e-01 4.952685873913962311e-01 5.270814954929885499e-01 5.507119674436660173e-01 5.780890766160968752e-01 6.037608765947382050e-01 6.582841841143619588e-01
-1.952612424384110590e-02 -1.880752722342887012e-02 -1.954272452519066616e-02 -2.019498525108013448e-02 -2.518685222777361857e-02 -3.027750685348786983e-02 -3.515286615508122353e-02 -3.676165032275608563e-02 -4.265414665335915539e-02 -4.180658682819241023e-02 -4.103200489336707169e-02 -4.037426860689144470e-02 -3.459214110212368437e-02 -2.674568479012845446e-02 -1.227510270335475939e-02 1.427083579711021372e-03 2.136680029050439661e-02 4.239404296245675996e-02 6.647195555556659197e-02 9.152282758392277229e-02 1.194410107331370929e-01 1.479456425382641160e-01 1.739533638719466535e-01 1.988436517490548838e-01 2.226045734836256118e-01 2.473367832221416152e-01 2.643168512558244365e-01 2.821130276695981154e-01 2.971002873380523268e-01 3.138855394359559847e-01
2.711516519773131406e-03 2.612968533544512278e-02 4.493285419595027808e-02 6.052844089705081837e-02 7.449593526542011568e-02 8.860962548098148817e-02 1.015490445021275945e-01 1.108075800178227599e-01 1.203724785216222226e-01 1.305798679414968688e-01 1.369999050499935977e-01 1.440604541367743463e-01 1.478522509214932334e-01 1.541661021372416895e-01 1.594637406686858494e-01 1.658699436634267221e-01 1.714711732673057654e-01 1.771406376320621423e-01 1.831739314541228902e-01 1.887795882650456503e-01 1.931606403413950734e-01 1.971218450622970186e-01 1.994303860109168103e-01 2.014108186548506096e-01 2.002844424071496265e-01 2.004330657655172265e-01 1.962782107778093810e-01 1.910295096943812332e-01 1.854252981818187429e-01 1.597088632215231119e-01
-4.885581993614451779e-02 -7.365692006428260774e-02 -1.021746819538013329e-01 -1.301497822990270448e-01 -1.568124599472663361e-01 -1.859085661341710327e-01 -2.205594662917671478e-01 -2.496916827594405364e-01 -2.831696979979745343e-01 -3.125869805279953839e-01 -3.424522752042972740e-01 -3.761591741740890060e-01 -4.039420982597963228e-01 -4.344029091966868927e-01 -4.625854007165569604e-01 -4.899682602635261341e-01 -5.146549074348447661e-01 -5.384654699857881477e-01 -5.595962215115880545e-01 -5.781468599357852955e-01 -5.959371709168550524e-01 -6.099617000400717748e-01 -6.209530099087704480e-01 -6.299195466939453425e-01 -6.378545207030890118e-01 -6.446997922162395200e-01 -6.474527812266087645e-01 -6.494396027080981959e-01 -6.494032386540875557e-01 -6.404598158688298293e-01
2.150968130316068677e-02 3.365030512529866569e-02 5.108881094139838819e-02 6.777307122933459715e-02 8.501656563014545198e-02 1.036115909153053766e-01 1.261598700702122045e-01 1.450703095856485381e-01 1.684121913046175700e-01 1.895286144056465005e-01 2.110486568310891431e-01 2.334462733816025093e-01 2.543789806198932246e-01 2.796513683186429011e-01 3.024369643134728891e-01 3.258637486846009401e-01 3.497004579533635193e-01 3.731588593400268494e-01 3.978743330936258538e-01 4.214052260239569692e-01 4.472445053043361263e-01 4.725226941466451613e-01 4.981285930632244896e-01 5.240742091381899170e-01 5.506702949060924279e-01 5.821679331402236368e-01 6.064899260360500088e-01 6.356821311392076845e-01 6.639163557049287956e-01 7.346301940947186360e-01
-6.098785778868649060e-03 -1.231207865978921345e-02 -1.685756313610509843e-02 -2.362014520596630168e-02 -2.384663729639253937e-02 -2.541183413300599978e-02 -3.117334113239918561e-02 -3.876533101892001842e-02 -4.282579416069105804e-02 -5.063884154121811587e-02 -6.010033847518936323e-02 -7.232000542698538426e-02 -8.563866185032439904e-02 -9.799001658440267826e-02 -1.159838643346542963e-01 -1.309634965376288984e-01 -1.466672586083716256e-01 -1.617877552892929560e-01 -1.733415542772110407e-01 -1.834791915359433867e-01 -1.899044022731981585e-01 -1.921833220458413760e-01 -1.872364270667192798e-01 -1.777534023897981430e-01 -1.627547917516723730e-01 -1.407770123615760816e-01 -1.165089231843830508e-01 -8.435239779943920491e-02 -4.911832341879508040e-02 6.873306426691873361e-02
-4.704912127672070121e-02 -6.809105740112288141e-02 -9.728298053067656326e-02 -1.274020082448648616e-01 -1.544816529973983277e-01 -1.847719720977924474e-01 -2.235785704038444899e-01 -2.587836597825609042e-01 -2.973941256424692536e-01 -3.344654433077827171e-01 -3.741707245078839117e-01 -4.184039876105797306e-01 -4.596197845749738775e-01 -5.051017040820892090e-01 -5.522792307324808636e-01 -5.972432498505130249e-01 -6.438753818367450865e-01 -6.897355838593514088e-01 -7.346952189282642820e-01 -7.771613414928473240e-01 -8.220593514111971256e-01 -8.630797148804948415e-01 -8.999005127064041432e-01 -9.340007151171011435e-01 -9.684883618661388471e-01 -1.003064746907677884e+00 -1.027881508949223477e+00 -1.054456006695882353e+00 -1.076023550903004278e+00 -1.110741030696807963e+00
-2.926332250341314757e-03 9.566199680559606122e-04 4.780899494874908326e-03 8.203438523691991210e-03 1.148475600551817320e-02 1.485369592544726232e-02 1.907654974503902867e-02 2.195641023484815393e-02 2.590058752615246110e-02 2.889496330639095695e-02 3.111810808257668357e-02 3.232968448064879596e-02 3.298892116990538581e-02 3.378252124554202707e-02 3.216084300975761978e-02 3.065125081508511540e-02 2.691566968028816578e-02 2.200477344916257003e-02 1.572104124520289428e-02 8.682346310220880742e-03 -1.471535702427135064e-03 -1.216524479936130151e-02 -2.382093758361912561e-02 -3.566700877639809170e-02 -5.070251065137486995e-02 -6.525477330406585785e-02 -8.019889451167611094e-02 -9.707332426406976855e-02 -1.124987482252075982e-01 -1.539481989063951894e-01
-4.249974979822465637e-02 -8.661499810097708640e-02 -1.297608610205008006e-01 -1.672806698873828823e-01 -2.100692771610802034e-01 -2.540836825107298802e-01 -2.955696805526674131e-01 -3.244527589801761147e-01 -3.612221868038006378e-01 -3.890994959180552049e-01 -4.104612585769613631e-01 -4.361765112770225605e-01 -4.450807977353494205e-01 -4.578094909706104110e-01 -4.621528862236333191e-01 -4.693455298535272879e-01 -4.709953794323802345e-01 -4.719854869264539232e-01 -4.733848887947449402e-01 -4.738571851893412790e-01 -4.757697487789748769e-01 -4.774917117621391149e-01 -4.830598932431803272e-01 -4.909011673493682837e-01 -5.028755685732397840e-01 -5.185424249694612353e-01 -5.337082389613101441e-01 -5.532043560018534700e-01 -5.723410776040889214e-01 -6.291658090339924403e-01
4.095234802659294612e-03 2.227545495230032549e-02 3.903554488869495631e-02 5.249333332401917573e-02 6.755430639463215481e-02 8.257538371138536948e-02 9.595654934328350094e-02 1.046932298911882608e-01 1.163498527895892865e-01 1.259297986370941369e-01 1.323352905916661548e-01 1.389061094177185263e-01 1.413200383630419110e-01 1.467428937801356359e-01 1.488415350102551826e-01 1.529522681784215299e-01 1.560954179819671328e-01 1.593624740093871617e-01 1.642283605222873422e-01 1.692708390398278695e-01 1.752805834830315213e-01 1.824002851897329192e-01 1.911527958254754245e-01 2.013797788375902564e-01 2.120615254271123185e-01 2.268762631511014871e-01 2.383460544204301645e-01 2.529880680807876092e-01 2.679106109437859873e-01 3.074240220338088636e-01
4.204092177673243724e-03 2.583076093280533420e-02 4.224462685151343655e-02 5.440002251684907669e-02 6.884568524071307816e-02 8.243039694023304720e-02 9.206940932440280112e-02 9.586572173041064959e-02 1.022580937243675325e-01 1.056125892646191805e-01 1.036807519920651954e-01 1.013825641962199653e-01 9.272343313607392390e-02 8.549264333575604113e-02 7.287432771440346957e-02 6.284843676228213383e-02 4.890828540258725793e-02 3.483637337336743800e-02 2.083741307583315133e-02 6.993139731483541052e-03 -8.816519590113541457e-03 -2.353204870443931923e-02 -3.639147147924316761e-02 -4.751358663454453846e-02 -5.981000040635818527e-02 -6.954236160446425341e-02 -7.832537259265268115e-02 -8.690241852623514784e-02 -9.311189702114774924e-02 -1.021209336690323405e-01
6.834789379294920961e-03 -1.806018568852907000e-03 -1.150466578787615220e-03 2.220012937925378363e-03 4.940626070248749571e-03 8.944241384931597358e-03 1.964205368604885274e-02 3.155672538888107392e-02 4.539793692064543473e-02 5.898896319111650299e-02 7.634938259148889295e-02 9.284723990358592638e-02 1.133871510355825563e-01 1.352794266260956280e-01 1.570737888096595536e-01 1.768953840837564906e-01 1.980969271178019131e-01 2.175822284717979782e-01 2.366720549634262483e-01 2.539874091516741150e-01 2.714364930642423346e-01 2.873799491058981470e-01 3.017027018666815774e-01 3.151327258249170260e-01 3.271340740616952014e-01 3.413292941538385583e-01 3.501149932394127529e-01 3.603995669585189909e-01 3.701067897706883936e-01 3.884999687526402012e-01
2.240422985672664916e-02 5.467481318283754638e-02 8.566506310099311627e-02 1.141470772417362417e-01 1.408445631122046127e-01 1.688847872811661821e-01 2.000460956659056988e-01 2.240875690310843993e-01 2.522075142442115059e-01 2.766339639831429942e-01 2.982011407906739464e-01 3.214180421300454338e-01 3.378695425441651246e-01 3.567829020935455175e-01 3.707931547973707387e-01 3.849209700689571467e-01 3.936678958529858940e-01 4.002821112001634374e-01 4.032303152667142121e-01 4.034733581805503011e-01 3.976865108989043329e-01 3.886422038154264125e-01 3.754052892785065820e-01 3.603628874783960101e-01 3.384602356155690384e-01 3.162068390093805137e-01 2.899858955351558576e-01 2.590414313610666097e-01 2.283964514564716386e-01 1.353117171532811636e-01
-3.459037754344424648e-02 -3.901118636766187642e-02 -5.382766279100983237e-02 -6.981557475691593795e-02 -9.076347299758319442e-02 -1.136550341902757832e-01 -1.414526485391777166e-01 -1.635386668604896787e-01 -1.934773367870515348e-01 -2.138447375592492095e-01 -2.358001664702798206e-01 -2.591978712442901678e-01 -2.749111656006133497e-01 -2.900126835157598171e-01 -2.968337833840532514e-01 -3.026281218406894347e-01 -3.014623846500172344e-01 -2.969826669090186444e-01 -2.882128444875283746e-01 -2.764986119477274018e-01 -2.609956745733567063e-01 -2.430286338542938518e-01 -2.257578896949750391e-01 -2.086415573324779671e-01 -1.918623312825419591e-01 -1.750874243073203551e-01 -1.616646044024380169e-01 -1.474360928350925137e-01 -1.347307940451739072e-01 -1.118577305511089109e-01
5.356492995249737682e-02 8.104880043160112013e-02 1.138751486959119485e-01 1.439139346360374383e-01 1.781495941344754530e-01 2.140854405063081778e-01 2.541256589918223785e-01 2.843595726355098163e-01 3.248143687755582487e-01 3.542791107750030144e-01 3.823178438322136219e-01 4.103514552845861085e-01 4.296237488148590966e-01 4.515531195126103459e-01 4.604896283280603964e-01 4.709959804680527995e-01 4.718355767175869686e-01 4.697833213769678773e-01 4.633738517853367989e-01 4.533713693659249810e-01 4.380423023253030568e-01 4.202578299331939382e-01 4.028570526785455463e-01 3.863455889133222687e-01 3.667303176954139765e-01 3.507056070616815235e-01 3.344441086085503390e-01 3.181723724928559593e-01 3.055986813197839602e-01 2.877243091959036936e-01
-3.100045250209128300e-02 -5.198909232510963430e-02 -7.086306247534061853e-02 -8.709776448271780436e-02 -1.042848855055573953e-01 -1.220236405308492561e-01 -1.388485466591987405e-01 -1.508301898974381272e-01 -1.655512356947835551e-01 -1.771936077977493140e-01 -1.867662232668759470e-01 -1.990397682789060707e-01 -2.052484858926246769e-01 -2.135620915444340906e-01 -2.197265920661784777e-01 -2.274542541817911045e-01 -2.334828755639412612e-01 -2.406864710557959641e-01 -2.478902255023021639e-01 -2.550722085601859757e-01 -2.641817856246095331e-01 -2.728060798941654985e-01 -2.824707142784246283e-01 -2.925714946355866264e-01 -3.051259021779502145e-01 -3.181999642074946344e-01 -3.308930806299089644e-01 -3.458514599770128317e-01 -3.597178891511408905e-01 -4.006463789398191921e-01
-2.698924862966658317e-02 -5.289011732243745906e-02 -7.428179812074893473e-02 -9.396861990644955753e-02 -1.113269150345582992e-01 -1.297105191736646623e-01 -1.482925030399258604e-01 -1.624180289587229264e-01 -1.775249536033215447e-01 -1.906971465198677163e-01 -2.014150501229309831e-01 -2.152059551439080842e-01 -2.224097567486027216e-01 -2.300093343621731623e-01 -2.362253098686304120e-01 -2.422926417949597955e-01 -2.443767498471479116e-01 -2.460491795333920595e-01 -2.442446093246312677e-01 -2.408919907623351120e-01 -2.336159911917254917e-01 -2.231880664920055379e-01 -2.091648370724957795e-01 -1.928567673081180711e-01 -1.730009699972181458e-01 -1.487464390715986240e-01 -1.251735990405039856e-01 -9.602279979027604495e-02 -6.620784616442776382e-02 2.068260439009253146e-02
1.573211117051840496e-02 3.052047481094574688e-02 4.654194295417356242e-02 6.201580648238397275e-02 7.655550501099951666e-02 9.213105686363964875e-02 1.109718018071602780e-01 1.261741626222474266e-01 1.444329662912209877e-01 1.593660470099138582e-01 1.735482381552597986e-01 1.875978950896730890e-01 1.986420954250991966e-01 2.102388797439691814e-01 2.168611572033770640e-01 2.229586192715257709e-01 2.238538294353654701e-01 2.222817887002527526e-01 2.168907321992727955e-01 2.086046200362397240e-01 1.941491573609165355e-01 1.767720403806434248e-01 1.561188435901066374e-01 1.339412774250563487e-01 1.054158084371476650e-01 7.606480509461018003e-02 4.561415602371064748e-02 1.028571401911432953e-02 -2.332983081405151649e-02 -1.166578864934409154e-01
2.510626777330457124e-02 3.277511382417045566e-02 5.266373541317963952e-02 7.476643449485376181e-02 9.564051249794741638e-02 1.194345856408092904e-01 1.534304526002469582e-01 1.848022700090903303e-01 2.210297670057896624e-01 2.548217763784986767e-01 2.921411683322224784e-01 3.305976177704800234e-01 3.690480483469255613e-01 4.111220274183241541e-01 4.513347898671943303e-01 4.891067810221782497e-01 5.269714280110829874e-01 5.619165506373182684e-01 5.954976327382316414e-01 6.257214315541281824e-01 6.553505713586992298e-01 6.816157590694965629e-01 7.045445657243687432e-01 7.257022740116598758e-01 7.443517869267433085e-01 7.659814297718445797e-01 7.781047341545124230e-01 7.916494761555835646e-01 8.036465705301105711e-01 8.196052309194421515e-01
9.206033062767984138e-03 2.593002826869664906e-02 3.841713920532766058e-02 4.853993022772780386e-02 5.859094670765110230e-02 6.863513065289617021e-02 7.761140122261939167e-02 8.274190680578821788e-02 8.978908301334248554e-02 9.490850038595122218e-02 9.709196429215058433e-02 9.857660368904319625e-02 9.694157541754308549e-02 9.623177240317856707e-02 9.140509589073540775e-02 8.802597978318967009e-02 8.087560002909738310e-02 7.326518933588349602e-02 6.420755508070608020e-02 5.437562509261305993e-02 4.125871438939368585e-02 2.756800398442024735e-02 1.335035242861715848e-02 -7.525318515735103519e-04 -1.823205844980039028e-02 -3.506394367743806417e-02 -5.175815413013937216e-02 -7.050988813079263340e-02 -8.724184761058861870e-02 -1.283666417655958125e-01
-2.270057337728680069e-02 -3.832368234330380680e-02 -5.259068672548976309e-02 -6.566233301896218233e-02 -7.807078802649354554e-02 -9.112573990385311462e-02 -1.049620627114199040e-01 -1.157350249649221480e-01 -1.277170405857823154e-01 -1.380275172628664393e-01 -1.474514246990509814e-01 -1.593872456929397996e-01 -1.671560544440192086e-01 -1.757376275177681413e-01 -1.840313430023939045e-01 -1.924120153511633124e-01 -1.996239131749563134e-01 -2.071168254229228123e-01 -2.135843863899395956e-01 -2.196213790741296246e-01 -2.258301621681846061e-01 -2.306843719265145864e-01 -2.345021045488046019e-01 -2.375776276566675671e-01 -2.410995581724218462e-01 -2.431423833113419419e-01 -2.447161070740350997e-01 -2.457053743988268923e-01 -2.454947820459590924e-01 -2.416595804084127885e-01
-2.838271030759088875e-02 -2.721279905003697736e-02 -3.369050240083350939e-02 -4.299622617377825418e-02 -5.075158289037880882e-02 -6.032159522887541730e-02 -7.710575344160643108e-02 -9.368893355000706968e-02 -1.128521945313385039e-01 -1.300465544168200316e-01 -1.519225953031463627e-01 -1.759544752405822476e-01 -2.010141036632588918e-01 -2.268315186156524832e-01 -2.540026049798455032e-01 -2.789340596893719604e-01 -3.046902683194605554e-01 -3.296187334714120176e-01 -3.527593922489706268e-01 -3.742023291905564042e-01 -3.965394138755971021e-01 -4.160462306668976096e-01 -4.328337699714499553e-01 -4.476109944848228883e-01 -4.627807071096530223e-01 -4.765267104529078424e-01 -4.867940363016152738e-01 -4.973821760063507069e-01 -5.053978798530565086e-01 -5.183486189139406841e-01
-7.548116945408405755e-03 -4.408688504887786977e-03 -4.334747883504436183e-03 -5.242318652674471044e-03 -5.649223093728290845e-03 -6.861358056423082913e-03 -9.689106779465115130e-03 -1.368475456718142025e-02 -1.731312983586585919e-02 -2.144543852468985823e-02 -2.754490131027447636e-02 -3.508767099188363214e-02 -4.332234389322603407e-02 -5.193195721019268352e-02 -6.290553807129836694e-02 -7.316752938018528107e-02 -8.549392956618698247e-02 -9.842507709466240262e-02 -1.119288416820472670e-01 -1.256498529679982157e-01 -1.419353519809637976e-01 -1.579925042809330327e-01 -1.736373731370109419e-01 -1.888305380500315822e-01 -2.066228747652958664e-01 -2.238647819336468947e-01 -2.396484137310913032e-01 -2.570021494997823397e-01 -2.724000455730091197e-01 -3.089690688925334494e-01
-1.108182432954807339e-02 -2.313176421407531214e-02 -2.919426677741263076e-02 -3.305086130804822664e-02 -3.833368316091953498e-02 -4.295072627847360686e-02 -4.353710642434800715e-02 -4.107921545799614327e-02 -3.941628491883966690e-02 -3.486232539143643838e-02 -2.752382014223999501e-02 -2.101113197319729939e-02 -9.255796416713235261e-03 3.788175817772698045e-03 1.960862066474155369e-02 3.393479464706625898e-02 5.177004408855814810e-02 6.897552189781255838e-02 8.732937550783412273e-02 1.053167351937280422e-01 1.246319558657861815e-01 1.437714033607111752e-01 1.614223422883676040e-01 1.783463335504286151e-01 1.945528188772305545e-01 2.124909199013637340e-01 2.250015410902511670e-01 2.391898471317898123e-01 2.519860798249911049e-01 2.742481193883539170e-01
-4.111935227077951477e-02 -4.831838062879822981e-02 -6.361071711820773245e-02 -8.043153837297839504e-02 -9.522764598725295959e-02 -1.122906804824701371e-01 -1.363600486182990068e-01 -1.596670210255261013e-01 -1.852720556052096790e-01 -2.100590666544940865e-01 -2.388276757738281852e-01 -2.703849845602027124e-01 -3.028633276577174516e-01 -3.385463558037805076e-01 -3.766296353378955075e-01 -4.131354504672457573e-01 -4.528392000652119442e-01 -4.929142050003272879e-01 -5.334760298029608272e-01 -5.728761949565478462e-01 -6.170244179189466882e-01 -6.590537369560991454e-01 -6.992274768637181115e-01 -7.379640425759695921e-01 -7.797291581927192627e-01 -8.225480668517828331e-01 -8.578417368648013630e-01 -8.973425770850893546e-01 -9.330523463892455016e-01 -1.016455970608468595e+00
3.813754129183416497e-02 6.620978256385559590e-02 9.582389163750779093e-02 1.229717577525217959e-01 1.490979644246427371e-01 1.766759175834186346e-01 2.082974171453949030e-01 2.340225309505690743e-01 2.642188375440553405e-01 2.914746783348830528e-01 3.175739878826226992e-01 3.446322244833363579e-01 3.685308838324953817e-01 3.968769037161821722e-01 4.215352310969471827e-01 4.470263662927959625e-01 4.710003080206142667e-01 4.946188267998031796e-01 5.179056171599809577e-01 5.394571243422277007e-01 5.614132809794628587e-01 5.817321309924514683e-01 6.007305785002301501e-01 6.194152829126672311e-01 6.366369925171799782e-01 6.574501754273598397e-01 6.710466851735474858e-01 6.869933254772175868e-01 7.027217932610276829e-01 7.394092245584533707e-01
-6.499582780264452631e-02 -1.288076235756996368e-01 -1.858693856572244396e-01 -2.363691624262058144e-01 -2.868821291501928439e-01 -3.393969082974097606e-01 -3.914388981496263464e-01 -4.291162241912333530e-01 -4.737768115401229663e-01 -5.099622126868277316e-01 -5.387685570744860097e-01 -5.730716160786772928e-01 -5.895716727944744218e-01 -6.099070655935106000e-01 -6.213794025701580015e-01 -6.352347685687578238e-01 -6.394704969186925103e-01 -6.428351306389932240e-01 -6.416999838988077798e-01 -6.378304547478452768e-01 -6.289230134190237909e-01 -6.160256359006832660e-01 -6.008157274075962562e-01 -5.844077523222420689e-01 -5.645139524068116810e-01 -5.430599777289204511e-01 -5.208914474755733659e-01 -4.947562478529874408e-01 -4.688343819751231156e-01 -3.980744151967373634e-01
3.713827590428407828e-03 2.984300409505315568e-02 5.023228992456896941e-02 6.587677139997039077e-02 8.454210781372506478e-02 1.026750653852051831e-01 1.166336566603809466e-01 1.232245040977166944e-01 1.333942763692749223e-01 1.385453485361693993e-01 1.375052886900107185e-01 1.358642874710177806e-01 1.253406400552332378e-01 1.153317851381420456e-01 9.723312087522076319e-02 8.176011211416420177e-02 5.943610392158103772e-02 3.590005460130033660e-02 1.078386270722946766e-02 -1.499694092444835494e-02 -4.550058793544375924e-02 -7.555351532728821207e-02 -1.040649383127073002e-01 -1.308785137187292169e-01 -1.605420515983401186e-01 -1.884882872406989929e-01 -2.134186680429914218e-01 -2.404346047509792195e-01 -2.640765775767737744e-01 -3.174640397320693253e-01
-3.978363397382888265e-03 -1.456858189382208985e-02 -1.794239955444516116e-02 -1.872705228187679025e-02 -2.116180808609181146e-02 -2.278078147153587280e-02 -1.916906031086114751e-02 -1.306031308896484465e-02 -6.702930821351545977e-03 9.875012915780013306e-04 1.215092531898202127e-02 2.240791091361816686e-02 3.765105760981084237e-02 5.370432652375825566e-02 7.123799004986275385e-02 8.681142497123948976e-02 1.044007951673625034e-01 1.205985418796737818e-01 1.365630213894429013e-01 1.511553375749490058e-01 1.652283900765014468e-01 1.781922436252049158e-01 1.884973122905710397e-01 1.975484144229918138e-01 2.042891848594649562e-01 2.119462698959794777e-01 2.145866859079171574e-01 2.169709872342820700e-01 2.186339002039088819e-01 2.115504951678654766e-01
1.661625841949614102e-03 1.439561834532680946e-02 2.702706283592600650e-02 3.821408612942658184e-02 4.860836818320097424e-02 5.954265219578764451e-02 7.151468317669246177e-02 8.113297569687921706e-02 9.152713713326908473e-02 1.020163640814181205e-01 1.107197112912753911e-01 1.193205272775388071e-01 1.262688732181176388e-01 1.349639797597803059e-01 1.422936638987546132e-01 1.497149989236414291e-01 1.563421957731550016e-01 1.621046319722284634e-01 1.677761039424893186e-01 1.726019567702836710e-01 1.759399565737311266e-01 1.787579377034341221e-01 1.802186648270780456e-01 1.813659188621083163e-01 1.799508246861156180e-01 1.799873376672699865e-01 1.763710728269164141e-01 1.720677575456334152e-01 1.679493701128649819e-01 1.484122685668204933e-01
-5.286582590128996451e-02 -9.019899885067685086e-02 -1.278344433229697541e-01 -1.591335169238042579e-01 -1.990030857760187732e-01 -2.393375958579438134e-01 -2.761437956935834936e-01 -3.000159150820840281e-01 -3.339185489354680736e-01 -3.554082762055875144e-01 -3.711247479551843531e-01 -3.894858453242117102e-01 -3.914672707182346167e-01 -3.963997245280864723e-01 -3.887354909952858151e-01 -3.853050572029461107e-01 -3.736158158573411603e-01 -3.617373383063111625e-01 -3.494562816610003453e-01 -3.367585328140541567e-01 -3.254406155862801242e-01 -3.151663920268844010e-01 -3.115909619567763800e-01 -3.121850155352887124e-01 -3.188446215067154421e-01 -3.306811940306531583e-01 -3.464578788509042884e-01 -3.686673877792158160e-01 -3.931077389404618039e-01 -4.858963778703129233e-01
2.859624104952922588e-02 6.126086338840779771e-02 9.013464213332857133e-02 1.157151180608389784e-01 1.410948159492093068e-01 1.676287145120172184e-01 1.954262271876535673e-01 2.150668965947099831e-01 2.396319197227283482e-01 2.589758986861994128e-01 2.742515994543638924e-01 2.905379166938546476e-01 2.984630925445170835e-01 3.082516654371011966e-01 3.101951009584284491e-01 3.135827999718682202e-01 3.088795536806369091e-01 3.023008304563543636e-01 2.913565755869975682e-01 2.778531775133296633e-01 2.572423209859084903e-01 2.338655545032926053e-01 2.079533129957225057e-01 1.811270030981383949e-01 1.477901054049595153e-01 1.141703531989788356e-01 8.034743493873089393e-02 4.162734230590761642e-02 5.390253091546525800e-03 -8.958786079905549371e-02
1.516581516166869842e-02 4.928974176251341155e-02 7.888194922792099439e-02 1.059822769491142735e-01 1.284229863125618265e-01 1.520876363828592703e-01 1.783037224550267918e-01 1.993627250945106399e-01 2.213549083221770519e-01 2.433214226236326827e-01 2.621454936269469460e-01 2.826360763217426464e-01 2.989399238513008594e-01 3.177031231056552940e-01 3.353509364517710534e-01 3.526853745425054809e-01 3.673212628555587722e-01 3.807686310550943976e-01 3.915124088159910309e-01 4.000391058052370497e-01 4.037590048188532399e-01 4.040805601158532490e-01 3.987503919364132621e-01 3.906866578197812911e-01 3.751791541222841975e-01 3.580542296156832838e-01 3.350002924697862428e-01 3.062599884588192434e-01 2.767690255732698223e-01 1.772418702153076842e-01
8.145688161879749423e-02 1.262223782120996951e-01 1.840954825164183573e-01 2.395427381045739934e-01 2.967885878058753590e-01 3.581503739121821850e-01 4.309560332499847157e-01 4.910021460020160822e-01 5.641941942906608665e-01 6.263342999702857794e-01 6.891345003183901863e-01 7.554097909635819619e-01 8.118536838334513561e-01 8.761926209002599553e-01 9.299690426597133630e-01 9.839767232882460357e-01 1.032350603297367719e+00 1.077652595131546320e+00 1.120267834562872489e+00 1.157896620212498284e+00 1.194918680118647769e+00 1.227489112661923620e+00 1.258041124367304420e+00 1.287982555440196020e+00 1.316631980323694773e+00 1.351904021468460115e+00 1.375337903708701015e+00 1.403720910655567256e+00 1.431271868171884787e+00 1.498100615378606060e+00
-2.840802524367698131e-02 -6.183829364207308471e-02 -8.717099057005694984e-02 -1.088651976588892456e-01 -1.288556515798459090e-01 -1.494648815958942722e-01 -1.682284738343461650e-01 -1.809143031357293152e-01 -1.946456926527684594e-01 -2.062948082048363385e-01 -2.135700017230278136e-01 -2.242624743626372430e-01 -2.264229818024565966e-01 -2.296900707366677508e-01 -2.310346409150336733e-01 -2.336531134064102622e-01 -2.321336006261016938e-01 -2.311681678325329392e-01 -2.276914347789870674e-01 -2.236002220398448648e-01 -2.169032513251497596e-01 -2.080074507818479856e-01 -1.969564396346970003e-01 -1.846443994988264392e-01 -1.700060010828654267e-01 -1.521384626910072535e-01 -1.351598833676823097e-01 -1.144315516344278916e-01 -9.266569623773704412e-02 -3.064150072991832230e-02
-3.170330271940925704e-02 -6.571571755725622022e-02 -9.602747192793843756e-02 -1.238018643930079016e-01 -1.492985715886284703e-01 -1.761634606541384040e-01 -2.034992950248430410e-01 -2.250167816705885560e-01 -2.479478283497220104e-01 -2.690569736636383991e-01 -2.869399758197648809e-01 -3.086648408897571527e-01 -3.226052295361000466e-01 -3.386272602514913688e-01 -3.537571001574466578e-01 -3.691373768170521652e-01 -3.823931388595839809e-01 -3.957308430070608507e-01 -4.076231558108966424e-01 -4.181090139803046446e-01 -4.279627233086789606e-01 -4.351248387588165789e-01 -4.397834062677297151e-01 -4.428114873222645520e-01 -4.446377958261751306e-01 -4.444851380174410505e-01 -4.416275116221955455e-01 -4.365407355637585529e-01 -4.296859657955340306e-01 -4.000777604452184777e-01
-3.843262136722387645e-02 -6.588824961026845672e-02 -9.407185650608632099e-02 -1.201790502355580548e-01 -1.449494036938266950e-01 -1.714424314184442300e-01 -2.002621803211881713e-01 -2.241238937531691566e-01 -2.503210958096148131e-01 -2.752375167677650336e-01 -2.989637538590023125e-01 -3.266422351913383926e-01 -3.489315437018723487e-01 -3.753117104675288696e-01 -4.022903760658073091e-01 -4.296630081531858103e-01 -4.582364699005554431e-01 -4.878115560272212603e-01 -5.185255540590276713e-01 -5.486088584793954448e-01 -5.827914862343406277e-01 -6.155860412598341824e-01 -6.475979704870941100e-01 -6.789733276812871532e-01 -7.131674884220308153e-01 -7.485891011474908874e-01 -7.777684857076055946e-01 -8.104998875303035533e-01 -8.398902826965310986e-01 -9.071299166950776982e-01
-7.315192951020674239e-02 -8.818469854795329965e-02 -1.166620050190620428e-01 -1.457772469313663444e-01 -1.800574811613850634e-01 -2.172770523577012280e-01 -2.629874598138074449e-01 -3.000498342670330776e-01 -3.494054883027122305e-01 -3.850983189392680472e-01 -4.241762300835260069e-01 -4.653472205822557495e-01 -4.982251356231143236e-01 -5.328513002932644405e-01 -5.557023070476680981e-01 -5.782389419055168345e-01 -5.919584520719000098e-01 -6.026302640083913698e-01 -6.079107993998169590e-01 -6.088080010334508962e-01 -6.068101437058135428e-01 -6.008016576039171275e-01 -5.953572771710757827e-01 -5.898643955915090498e-01 -5.851238214741063537e-01 -5.821598304772874766e-01 -5.800703177266194333e-01 -5.797049126885456261e-01 -5.810296710618123583e-01 -6.029126809220518579e-01
-4.811001638138589359e-03 -1.652270808277984601e-02 -2.406249083853138904e-02 -2.792645904677351631e-02 -3.625727374758182936e-02 -4.377249805787346293e-02 -4.534924596469998986e-02 -4.271741640366884252e-02 -4.214513621596353843e-02 -3.832732589817554325e-02 -3.057082888339129542e-02 -2.439369108881789608e-02 -1.096442550722013728e-02 1.733048944033584865e-03 1.768677119561487890e-02 3.070749202717196896e-02 4.571321760339436269e-02 5.913518305813123682e-02 7.086462583216091016e-02 8.100816482111204697e-02 8.862756361763979296e-02 9.391237366417128085e-02 9.469734329932874561e-02 9.284830500712193402e-02 8.595184153582682840e-02 7.736447531571927216e-02 6.468271577674034045e-02 4.836396660658728169e-02 3.152829658747494102e-02 -2.802559141269920021e-02
5.911993680730237566e-02 9.390013948376278730e-02 1.395522019067598762e-01 1.864552135942175448e-01 2.272995720652890572e-01 2.727437929554833440e-01 3.327707568791304915e-01 3.867410332304521692e-01 4.468340427532443426e-01 5.044656479130491533e-01 5.654302859905042666e-01 6.301025702006093354e-01 6.931852141461873895e-01 7.627497206519899819e-01 8.311474633805249201e-01 8.964426279956536625e-01 9.612516509895117078e-01 1.023273331869337666e+00 1.081992626935155410e+00 1.135019650224456722e+00 1.186221136500327233e+00 1.230315711364534881e+00 1.265807529941197274e+00 1.296440731681376191e+00 1.320453999578496962e+00 1.345529763698425807e+00 1.354626280069498367e+00 1.362054344451930632e+00 1.366050949131371262e+00 1.342844474682348910e+00
-4.233492979681256763e-02 -6.752717425785464966e-02 -9.304627130751173814e-02 -1.159686074062236394e-01 -1.404086090134410436e-01 -1.659855529848545674e-01 -1.921177110051079662e-01 -2.119726784545092058e-01 -2.365113833722339576e-01 -2.559497549065210542e-01 -2.737484066180592701e-01 -2.943506585730948366e-01 -3.077198577639429500e-01 -3.236149213264885027e-01 -3.356239719777161512e-01 -3.489443007786737772e-01 -3.595389850102918561e-01 -3.706027740074919197e-01 -3.810549163142897267e-01 -3.905998129616711223e-01 -4.017503710400914807e-01 -4.117741233252296684e-01 -4.226233155905796401e-01 -4.338641048798288491e-01 -4.474853924672221317e-01 -4.621562167163419943e-01 -4.755705532792499635e-01 -4.914031861572430993e-01 -5.062851940499540904e-01 -5.493594017793108630e-01
4.412103481721690867e-02 8.641697475795775962e-02 1.278299580962408699e-01 1.640660988605245618e-01 2.024933968775000093e-01 2.421438425833566110e-01 2.827529650376494619e-01 3.122557639983463695e-01 3.497531080356240385e-01 3.793956270274416176e-01 4.043509371182582024e-01 4.307952909187016677e-01 4.467297756985959545e-01 4.671006580826119192e-01 4.776992412886804096e-01 4.909756858471071017e-01 4.972463194382809593e-01 5.023848276936896395e-01 5.057012932974754849e-01 5.065284368687094085e-01 5.046777330971379261e-01 5.011890296725582949e-01 4.978340566760129926e-01 4.952519959780029013e-01 4.901907049680364614e-01 4.889384633301800398e-01 4.843044994079840349e-01 4.806195045040456137e-01 4.784796139510640312e-01 4.766432107039279553e-01
-7.975832207394994988e-02 -1.466097732950269183e-01 -2.117141394778915553e-01 -2.698451332471436537e-01 -3.304954971902372418e-01 -3.935204238722823655e-01 -4.572872988001195349e-01 -5.046286006959399550e-01 -5.622184359640716167e-01 -6.079487353831543039e-01 -6.468560141671363395e-01 -6.911844949958259043e-01 -7.162856666614758616e-01 -7.465350440757643202e-01 -7.650599280961033477e-01 -7.863775174826463932e-01 -7.978299861507085478e-01 -8.081991279725760924e-01 -8.149706189719153615e-01 -8.185313177549884411e-01 -8.196012675128361291e-01 -8.169615726518630883e-01 -8.143333664661569493e-01 -8.118208220643317041e-01 -8.086866511502442956e-01 -8.072067633288979582e-01 -8.035509673408512965e-01 -8.002372118212870422e-01 -7.972101568662702809e-01 -7.937982850388147771e-01
-2.701107706250531482e-02 -3.805054559837957318e-02 -4.981116332275054015e-02 -6.240669534011945158e-02 -7.286805638770919857e-02 -8.472344860658498344e-02 -1.005694690393573038e-01 -1.141664193024223561e-01 -1.295295018597561187e-01 -1.434373422771292872e-01 -1.585433230610854005e-01 -1.765201323570712577e-01 -1.920138730629767920e-01 -2.080061770057239356e-01 -2.245035766735832272e-01 -2.397763329611003746e-01 -2.535283937450967806e-01 -2.667644202526371355e-01 -2.772722886088658245e-01 -2.860336568803923396e-01 -2.929874127441208231e-01 -2.967942452345194715e-01 -2.969391164391460558e-01 -2.946609067577891095e-01 -2.903407913717565569e-01 -2.825966822494238029e-01 -2.735671747819644062e-01 -2.611901192774448432e-01 -2.472022166737576909e-01 -2.011089573822774645e-01
6.584594253790543306e-03 2.330883121525001433e-02 3.932128116617179120e-02 5.251702458573434540e-02 6.557694369471184226e-02 7.870994474203085733e-02 9.080884542478137589e-02 1.005233652898692154e-01 1.107853043849162528e-01 1.223339566678787044e-01 1.314021184976033596e-01 1.408827488763847446e-01 1.491688242816694432e-01 1.617386913536985327e-01 1.747653870013694821e-01 1.893069052842879518e-01 2.071918743984778599e-01 2.262929325013749438e-01 2.494042503063342853e-01 2.735160461284509292e-01 3.027584514333466204e-01 3.336595451419354097e-01 3.665609170230909597e-01 4.009489344842065428e-01 4.381756673744788277e-01 4.808771972168879860e-01 5.164836526652878401e-01 5.585094820841494112e-01 5.992143892897022761e-01 7.014897834585618330e-01
-4.434755369822693249e-02 -9.706033001072097988e-02 -1.382628607989809799e-01 -1.724128021112856790e-01 -2.082620711407290326e-01 -2.443816025600205055e-01 -2.754695806436544547e-01 -2.943104204239599953e-01 -3.181715686212311378e-01 -3.342728484620211549e-01 -3.419156247718779795e-01 -3.534356415607179946e-01 -3.483806005057760724e-01 -3.447400614898009641e-01 -3.320452971769363160e-01 -3.227507978508014075e-01 -3.032614214034309863e-01 -2.837020559050069668e-01 -2.599885808328135095e-01 -2.351215486129801246e-01 -2.046730720804793846e-01 -1.720797549684792982e-01 -1.395191708298501032e-01 -1.071763330613270532e-01 -7.191543256072790991e-02 -3.449194577489771152e-02 -1.991331079359649758e-03 3.500963237296952912e-02 7.009596765596282086e-02 1.519856934484121180e-01
-3.693351926386203438e-02 -6.901159696181000114e-02 -9.961776026154189889e-02 -1.266678635610246073e-01 -1.551173762851754956e-01 -1.847377901846053994e-01 -2.137261899893745376e-01 -2.350575204325776046e-01 -2.606763044829590314e-01 -2.806340138848668619e-01 -2.970950082802925607e-01 -3.165570259375336537e-01 -3.259526010756219061e-01 -3.371798614446344100e-01 -3.431543018623706143e-01 -3.505087135526191444e-01 -3.529242589054959467e-01 -3.550474773613584434e-01 -3.552448092347751940e-01 -3.542022790205119898e-01 -3.519516468796832775e-01 -3.481669694410954308e-01 -3.442932992786811863e-01 -3.404935729430862423e-01 -3.371850012302659572e-01 -3.335001980117764386e-01 -3.301963397876189199e-01 -3.263343497308234253e-01 -3.224539753743195236e-01 -3.141537834349845126e-01
-1.680389773803013867e-03 7.457127952017490041e-04 5.340675239720661313e-03 9.465903590502217774e-03 1.434975188315461975e-02 1.928395470217698915e-02 2.494990001496165052e-02 2.949561231546279222e-02 3.552448132845814621e-02 4.074728297821744727e-02 4.553244276843113753e-02 4.945176640966322812e-02 5.333544344803681225e-02 5.851217094621873754e-02 6.178403731165207219e-02 6.533474063930772013e-02 6.866596981993919324e-02 7.123837607258359794e-02 7.451982439973997563e-02 7.711689643662406057e-02 7.963869405097609433e-02 8.232984381560132237e-02 8.546732232070414215e-02 8.912799704707641268e-02 9.205416022627729844e-02 9.747872882416394602e-02 1.005780751854457589e-01 1.050605516160002528e-01 1.102101441962970857e-01 1.232425895571847979e-01
5.191930595343355326e-03 4.191472648623809083e-03 7.390098489029231499e-03 9.791391579862899000e-03 1.626231782009374821e-02 2.269234706129999793e-02 2.919957856197347851e-02 3.329997573480107664e-02 4.171545249977286207e-02 4.572762206291398901e-02 4.943275932427532160e-02 5.131252579471156511e-02 5.177371562693511980e-02 5.307396931635816745e-02 4.823209355314710123e-02 4.458166604016751411e-02 3.794897551609957564e-02 3.029520660669922372e-02 2.269350090373433229e-02 1.417870079259670943e-02 5.059736529082009548e-03 -3.229096913392679943e-03 -8.674770796961252251e-03 -1.224760409493668573e-02 -1.526530757064052321e-02 -1.427255720966258759e-02 -1.253693740229182632e-02 -8.054550660819219388e-03 -8.714039852081509330e-04 3.173299154714333270e-02
-3.886168036994720396e-04 -1.896612551511214079e-04 3.191378496294542712e-03 7.493629682115067470e-03 1.041134430486299889e-02 1.395615831525308902e-02 2.090851371847111256e-02 2.810162252745923919e-02 3.551117369957950548e-02 4.373559074172096023e-02 5.285265333728968867e-02 6.113604719680656302e-02 7.131801709058464833e-02 8.222891162062113957e-02 9.306813921111659060e-02 1.026756124053348762e-01 1.125468814235214554e-01 1.210014186666843461e-01 1.288990262372628481e-01 1.353998877060466344e-01 1.402778956250659292e-01 1.440520914930631391e-01 1.456649151224801986e-01 1.463784898480018082e-01 1.442037267035197468e-01 1.426645277607362372e-01 1.376576086468170868e-01 1.313564989549601825e-01 1.252961760079718823e-01 1.008587878390257292e-01
6.871700467076449770e-02 1.107343646840151102e-01 1.616303191701131126e-01 2.107337975475109260e-01 2.592232654925323843e-01 3.116594189516251334e-01 3.740766311414804868e-01 4.260312984744954456e-01 4.875601576865079556e-01 5.414245144332805459e-01 5.951098587189841416e-01 6.516918646020227746e-01 7.001533839756419741e-01 7.550755093707883780e-01 8.017678680135884584e-01 8.482068636761529445e-01 8.894026206024627790e-01 9.277429673704944424e-01 9.629675595236856234e-01 9.932494794887263279e-01 1.021344149797674294e+00 1.044527401480186413e+00 1.064265225352470035e+00 1.082317085417243030e+00 1.096807707329796155e+00 1.115301191622040777e+00 1.123403407686121236e+00 1.132963175965706393e+00 1.141849387344777700e+00 1.154581973219588775e+00
1.790054053106260312e-02 7.123847836420491020e-02 1.151302069756507257e-01 1.474599821500790497e-01 1.911704566183671794e-01 2.334351676061325320e-01 2.631689759046331734e-01 2.761004671339401528e-01 2.988251664251831419e-01 3.088997413454613317e-01 3.052047050721600208e-01 3.017970584111450139e-01 2.767175719265275724e-01 2.550156553744399313e-01 2.152874832231992663e-01 1.835419890556118649e-01 1.397276882437891721e-01 9.587784591713012505e-02 5.320090076475053609e-02 1.108201780401610326e-02 -3.289052627289842934e-02 -7.273941366220068594e-02 -1.029566133389769600e-01 -1.264198918785131021e-01 -1.462929338551849368e-01 -1.578275508246556047e-01 -1.625573558567723342e-01 -1.621858997582593664e-01 -1.553119700130444480e-01 -1.017526481130764104e-01
7.060439234522716823e-02 8.270074624795654972e-02 1.133225745161661191e-01 1.491275688153529677e-01 1.786143719277640818e-01 2.134606486989017449e-01 2.678325446701244061e-01 3.204770829731565795e-01 3.797985138061911181e-01 4.360004948331971386e-01 5.012908808322706911e-01 5.683067449616390210e-01 6.404497162349127581e-01 7.177184688759832287e-01 7.937828467039175218e-01 8.651190987880688077e-01 9.363015514406489714e-01 1.004066218537340571e+00 1.066877728155021687e+00 1.123119982453062882e+00 1.177601588713075964e+00 1.223923288601690640e+00 1.261280758918705169e+00 1.293166604089056815e+00 1.318738613023089812e+00 1.344852812439047973e+00 1.355967028014130271e+00 1.366219317836303571e+00 1.373560480442021836e+00 1.367369927301173460e+00
-5.810587117692112002e-03 -2.462396398898595781e-02 -3.963359245745047554e-02 -5.213951709026033027e-02 -6.409605859522098104e-02 -7.631886171269468278e-02 -8.668606714915680356e-02 -9.391317979052515863e-02 -1.007477964844112339e-01 -1.081522937310170074e-01 -1.128179806228009618e-01 -1.204990104251278671e-01 -1.233224944219606933e-01 -1.280071651289684254e-01 -1.346107546254492748e-01 -1.422823977364391923e-01 -1.514957529831627570e-01 -1.622832734643511743e-01 -1.749089610820404317e-01 -1.885266328710215322e-01 -2.055204397793155835e-01 -2.229511970905044549e-01 -2.407932867739757121e-01 -2.588253058908856485e-01 -2.798843029104547409e-01 -3.011328929226175233e-01 -3.201387130949223114e-01 -3.412693379347783162e-01 -3.599454769784939945e-01 -4.019817414505251763e-01
4.240682159029972309e-03 1.119522329526361458e-02 1.756574024051856669e-02 2.226701716138208137e-02 2.892905935819265958e-02 3.524454447128062828e-02 4.079488997661266658e-02 4.330693467028794152e-02 4.870302644315535612e-02 5.105100533519445899e-02 5.172694133415500772e-02 5.113242341519425721e-02 4.845133588249320861e-02 4.644706000483708047e-02 3.971233649459170179e-02 3.444264367933758814e-02 2.606466844118138573e-02 1.714468501512808954e-02 7.663079088154419252e-03 -2.149350523792496748e-03 -1.370229532484300641e-02 -2.477862194656794970e-02 -3.442278976842083615e-02 -4.284055542833539731e-02 -5.249665094082983652e-02 -5.970264446628006927e-02 -6.623877025000476926e-02 -7.215815589751833903e-02 -7.578382777208284016e-02 -7.635045830708125925e-02
-5.048884606948267351e-02 -8.296455009312056483e-02 -1.172884511175515121e-01 -1.491731757875189857e-01 -1.806517594796125392e-01 -2.140967610603831117e-01 -2.507998468772294487e-01 -2.804359299189148058e-01 -3.146844944608102601e-01 -3.449069531282842327e-01 -3.737984439123361868e-01 -4.070409473681599333e-01 -4.327022686977849419e-01 -4.626613333559793650e-01 -4.905887746936928306e-01 -5.191732265155697412e-01 -5.467072162313363348e-01 -5.747009928457165184e-01 -6.024859768850018282e-01 -6.290448301095346029e-01 -6.584697797480671966e-01 -6.857520971605347571e-01 -7.124087225807227419e-01 -7.385144657290826364e-01 -7.667709586391705523e-01 -7.966080522776535222e-01 -8.207334645551414010e-01 -8.482903479327069673e-01 -8.729954837018574221e-01 -9.320317694469288927e-01
-9.747697348888761243e-03 -1.224657736177197850e-02 -1.435185612625903932e-02 -1.629408122078680049e-02 -1.845749815778510716e-02 -2.084856512183192248e-02 -2.296470975011551119e-02 -2.480400698258132530e-02 -2.647018308978429935e-02 -2.791260284608169592e-02 -2.947009142501910706e-02 -3.246086515808453699e-02 -3.406066519888263644e-02 -3.570629914019982087e-02 -3.829556696801900140e-02 -4.092820477103792376e-02 -4.414642614902259538e-02 -4.813571661477124286e-02 -5.244109649903009457e-02 -5.706209765762081110e-02 -6.354729712418556720e-02 -6.992524742198603926e-02 -7.683936951144491878e-02 -8.376662824993647005e-02 -9.307053119384584017e-02 -1.016605422454804619e-01 -1.109115948804251933e-01 -1.212820183134025176e-01 -1.305524085626315611e-01 -1.565628941378865713e-01
2.186459555272964733e-02 2.655116745235436976e-02 3.935440176601714274e-02 5.335942318687541402e-02 6.600760753107265399e-02 8.041446465589731363e-02 1.015489718883753056e-01 1.217022038026611130e-01 1.451868199589002595e-01 1.677622966839322494e-01 1.934115039000849912e-01 2.193181234794416845e-01 2.478433075889603932e-01 2.800134356835445870e-01 3.118705914377051247e-01 3.427607590841790230e-01 3.757245826445094194e-01 4.079696595311302354e-01 4.409945555707235898e-01 4.721018687061562802e-01 5.055828600316245591e-01 5.375234098964769558e-01 5.678735685958987700e-01 5.973996770447324023e-01 6.265352498267129366e-01 6.594438031591541849e-01 6.835080199200603834e-01 7.112903047697745063e-01 7.374320093286432787e-01 7.960525993452471916e-01
-9.036569451256326949e-03 -1.555635795798272769e-02 -1.966323037545939303e-02 -2.285590865640292971e-02 -2.604140281163173920e-02 -2.918449015074159672e-02 -3.115115720714699624e-02 -3.171415655795711830e-02 -3.237666475457559589e-02 -3.219832927208017559e-02 -3.122951793240617835e-02 -3.203881728839970411e-02 -2.999797840728787163e-02 -2.777435956726732533e-02 -2.588500826820724562e-02 -2.450670823843749749e-02 -2.231435567259315578e-02 -2.089207549644594986e-02 -1.889554192578116187e-02 -1.737904576380557009e-02 -1.594509700522720938e-02 -1.433185303067919733e-02 -1.253837331342085200e-02 -1.051279999979865334e-02 -9.489502370574897511e-03 -6.759681116444119994e-03 -5.720658134396088002e-03 -4.022184531490469520e-03 -1.592603134902923628e-03 3.863874200798405462e-03
1.495059218869467833e-02 1.099353602516602545e-02 1.879310441390111622e-02 2.870150724556111421e-02 3.956459962309668427e-02 5.231324601311917316e-02 7.215446880107939664e-02 9.104377684910285040e-02 1.144514826165694971e-01 1.344511424842124436e-01 1.580118767779629674e-01 1.808926121820530752e-01 2.050772647044740715e-01 2.310817795277972098e-01 2.534195073711826840e-01 2.743087382060620527e-01 2.938626113439317122e-01 3.110053393856764825e-01 3.267106229462948819e-01 3.397853738835976412e-01 3.516695586253174577e-01 3.617529474227161312e-01 3.705655636139912334e-01 3.788323912564044438e-01 3.855172283356226304e-01 3.951681344443332966e-01 4.000200510643441842e-01 4.063250755938370151e-01 4.130270987850177544e-01 4.275776966527470857e-01
5.123601914574537827e-03 4.139644496485520714e-02 6.738416053455463517e-02 8.769445628661165504e-02 1.074874284426602100e-01 1.269196481459828607e-01 1.414802662068556094e-01 1.490512901295615866e-01 1.576234736930010871e-01 1.651694505522922629e-01 1.652407358873137500e-01 1.664342764274172604e-01 1.591782467034340287e-01 1.544164854125290864e-01 1.456690313045507223e-01 1.397687549441467003e-01 1.297622334555485479e-01 1.200324792236936167e-01 1.099130045834002811e-01 9.987524646902234959e-02 8.666190115479685541e-02 7.344826272483709340e-02 5.990064353661626179e-02 4.678268983659171487e-02 2.991987542027592373e-02 1.403679614214244434e-02 -2.861855028922558747e-03 -2.195673569395562019e-02 -3.997235629125247408e-02 -9.098993547514352964e-02
7.299376919940112063e-02 1.375921003593817971e-01 2.065488631316754198e-01 2.709539409325436576e-01 3.343941428153069384e-01 4.018525102225443679e-01 4.778279706631219925e-01 5.388840772155459868e-01 6.105519700451595977e-01 6.728807593818024735e-01 7.313613107390821710e-01 7.944319036110805143e-01 8.431926858724974050e-01 8.991779906565440239e-01 9.445863846011782750e-01 9.903947098992490483e-01 1.027836072473778284e+00 1.061848318663014545e+00 1.091318669394472529e+00 1.115064128347064587e+00 1.133761209403565395e+00 1.146369475064221266e+00 1.154231999055795432e+00 1.159929728525602499e+00 1.159270210240430643e+00 1.161682633392926878e+00 1.153645962339703290e+00 1.144116030435600617e+00 1.134054729343433987e+00 1.091748145907121881e+00
2.934211312705222938e-02 6.647669637676420495e-02 1.019269837239377280e-01 1.320859925074361896e-01 1.651689125767683564e-01 1.990030457973754607e-01 2.315230968528399491e-01 2.544909297484000410e-01 2.833021512425091815e-01 3.064117601746072506e-01 3.237924901842319514e-01 3.420693349115059845e-01 3.503398337476623103e-01 3.626417216276531241e-01 3.667233062207969629e-01 3.735302437556952682e-01 3.752916938127161539e-01 3.762876946022277735e-01 3.773540046136511505e-01 3.771564165616472231e-01 3.760692769165818738e-01 3.750061209920357852e-01 3.758511022464579021e-01 3.785123782338474796e-01 3.808620979964371100e-01 3.880560420375732678e-01 3.924338289418528580e-01 3.993321431171916180e-01 4.080103885796901864e-01 4.362530252097348571e-01
7.681647546285511052e-02 1.293867529731648480e-01 1.933858621418629575e-01 2.555314104765814553e-01 3.146416204552479057e-01 3.788401539462278311e-01 4.570356363963071211e-01 5.241010029020705119e-01 6.015509873374209615e-01 6.731000502125198404e-01 7.463490231005301956e-01 8.246012083645435364e-01 8.964258951253338825e-01 9.782912393923831607e-01 1.056248951921345602e+00 1.133156537625451765e+00 1.210383701090400610e+00 1.285591699855958225e+00 1.360618282509964860e+00 1.430706748966005692e+00 1.504108607269871278e+00 1.572126456830548413e+00 1.635287343230564128e+00 1.696054966832351241e+00 1.755513058232506474e+00 1.821437625778405289e+00 1.867667936520910787e+00 1.919782036777601508e+00 1.967345093677978607e+00 2.064190396161163399e+00
1.219249490941375601e-02 1.276779314852015575e-02 1.287218319442662295e-02 1.285695448322884960e-02 1.384771665996986471e-02 1.471511211353758453e-02 1.640950917076700044e-02 1.647366896108907672e-02 1.923370852287415236e-02 1.815396651912244003e-02 1.693807301034206195e-02 1.364623881124782390e-02 9.633785443261922571e-03 4.239867117351379944e-03 -7.328106972682050385e-03 -1.848120063389015535e-02 -3.590295093015205552e-02 -5.504227102367709179e-02 -7.833859533326635594e-02 -1.032280430426381485e-01 -1.346750613605253444e-01 -1.675077599589343547e-01 -2.011903166457858494e-01 -2.350442573324979800e-01 -2.740585893001790674e-01 -3.139126244912791019e-01 -3.495791720165811745e-01 -3.895875564333431962e-01 -4.257552138324031121e-01 -5.081003683332470100e-01
-2.286723402688253803e-02 -2.775651395219895512e-02 -3.383843348326984191e-02 -4.006806359053505934e-02 -4.691649102017535211e-02 -5.459786298772259516e-02 -6.422014038984383277e-02 -7.178995724116239707e-02 -8.185656797728629863e-02 -8.864932429888119914e-02 -9.653205257886447732e-02 -1.058621820556259752e-01 -1.125793016621176312e-01 -1.190338382724249466e-01 -1.235112472670510803e-01 -1.279126688872162243e-01 -1.296582451017261606e-01 -1.312235329744210199e-01 -1.304623787672019586e-01 -1.290039461777216234e-01 -1.264074509988984407e-01 -1.224237787029418267e-01 -1.178139669959361036e-01 -1.126480946628397040e-01 -1.078023879154796638e-01 -1.013311911590355358e-01 -9.669369854368642381e-02 -9.112898154508694559e-02 -8.541376533793675063e-02 -7.513204442679707884e-02
2.221301892599933728e-02 -1.260965680513641274e-03 -5.333257130647854616e-03 -3.881293363933851440e-03 4.111930723689318293e-04 7.091128286527326532e-03 2.493891604333657239e-02 4.388692383646685541e-02 6.957695464378377270e-02 8.879811389453479142e-02 1.157798760759696510e-01 1.402497301009382746e-01 1.688965691945795988e-01 1.970609642759561242e-01 2.187700211330788347e-01 2.371879968019426355e-01 2.520311605836084157e-01 2.621641125361596769e-01 2.682764753949158365e-01 2.701122467005855343e-01 2.679536500159556134e-01 2.628051927675903454e-01 2.562633655878924777e-01 2.489525780216606254e-01 2.391487635328176931e-01 2.315224019002040945e-01 2.223469434114624665e-01 2.131455819101741311e-01 2.064166174328869174e-01 1.954765039461533460e-01
-1.628089490350035501e-02 -2.052410617140287830e-02 -2.580829803658213351e-02 -3.235099721230851738e-02 -3.859930084322100996e-02 -4.601420042398442212e-02 -5.592828546209560603e-02 -6.401163534709515546e-02 -7.396092510619374505e-02 -8.050200089286185801e-02 -8.789268936430744139e-02 -9.637539787313227635e-02 -1.016476038470924964e-01 -1.050781059846273013e-01 -1.056594926183963834e-01 -1.051372629929241548e-01 -9.986921688387864759e-02 -9.308095668629162711e-02 -8.196528749192869001e-02 -6.879016554618584689e-02 -5.092381300323977483e-02 -3.003916835599478377e-02 -7.017931601804822811e-03 1.780410098638849151e-02 4.551586508740525228e-02 7.720628527668624286e-02 1.050795107229791081e-01 1.381077747650351073e-01 1.702324120830062126e-01 2.527960358745212632e-01
-3.396594209919429237e-03 -6.119034843682024175e-03 -6.500773154740483936e-03 -5.783208259835127124e-03 -5.362214237950132384e-03 -4.420975694411882762e-03 -7.026798503753511893e-04 2.745346321639616921e-03 7.628068569622212247e-03 1.179985358388665508e-02 1.684734825902832467e-02 2.073638557257601045e-02 2.575405250907673860e-02 3.078948201358906733e-02 3.386094874168196073e-02 3.624788589527622173e-02 3.682297868566250520e-02 3.582230950075800807e-02 3.318773371544152945e-02 2.915203507641997774e-02 2.183751705711636792e-02 1.340343394237385535e-02 3.488774078391460032e-03 -7.147800165897791325e-03 -2.140039105393541988e-02 -3.527500522717822579e-02 -5.012124407684359628e-02 -6.709164679318072033e-02 -8.286171157028379697e-02 -1.265209595679974985e-01
8.810982902859282317e-03 3.614801388385893016e-02 6.163577005297229267e-02 8.486177439022654645e-02 1.045741337098963081e-01 1.250482950648834080e-01 1.478933763449751249e-01 1.665816046312633414e-01 1.860806901051012541e-01 2.067796057699865797e-01 2.250926387935595629e-01 2.453195451702086249e-01 2.628486556948618214e-01 2.840078137371568889e-01 3.064277005050090597e-01 3.286161680303296695e-01 3.519158775894305480e-01 3.747725902519538632e-01 3.979494007162820424e-01 4.202015320618309735e-01 4.419455748908700521e-01 4.621137811475967694e-01 4.784602096117916981e-01 4.933003929015405964e-01 5.044610939411249273e-01 5.166194758913797980e-01 5.202880228584950695e-01 5.228367360557721888e-01 5.232322954710955099e-01 5.012205542519707624e-01
2.233402622947513669e-02 -3.035656902322702091e-03 -8.279282491166975802e-03 -7.302076407315328394e-03 -5.900189108387873457e-03 -2.076329952646450462e-03 1.496743441159311891e-02 3.488961950652035710e-02 5.993334544327641455e-02 8.200419011071323483e-02 1.135047892888309401e-01 1.434375751412662603e-01 1.813502011097962441e-01 2.207040257307203712e-01 2.587953393643650513e-01 2.931561074234335096e-01 3.293038162638508015e-01 3.623350715725556781e-01 3.941004709088901103e-01 4.225343686370385266e-01 4.518203120497109593e-01 4.786230164672894971e-01 5.036394159940801307e-01 5.274384092964551352e-01 5.509907691443132194e-01 5.781635617990328324e-01 5.982626010335149180e-01 6.222526284650022887e-01 6.456505482674634866e-01 7.041439977823125140e-01
-5.386168661483381297e-03 -2.948709955251275355e-02 -4.606530743561017271e-02 -5.896826940396898004e-02 -7.007827044653899828e-02 -8.092503083613281079e-02 -8.740532710948675787e-02 -9.131183207916422628e-02 -9.308959965568087969e-02 -9.739048662054342054e-02 -9.758079265364405508e-02 -1.011284126595286548e-01 -1.000096064353939718e-01 -1.012986302695024626e-01 -1.064166019951192088e-01 -1.130408499252178595e-01 -1.225853682997239819e-01 -1.347503123054820395e-01 -1.495528646073389090e-01 -1.663390050340310677e-01 -1.873750965461847273e-01 -2.092779982973736463e-01 -2.312777940492516948e-01 -2.533646482586712212e-01 -2.783022715859517771e-01 -3.029648753720317611e-01 -3.244550689381078823e-01 -3.479205651012645673e-01 -3.680373623453269682e-01 -4.095054159407504613e-01
5.232445802754250030e-02 1.008176714798693918e-01 1.493902280516734571e-01 1.931314846759205617e-01 2.380802104528322305e-01 2.849583901444974199e-01 3.347559752669864719e-01 3.723815335248192859e-01 4.186256554414651276e-01 4.559775549460677313e-01 4.887241518518102290e-01 5.234014046552672994e-01 5.460925039378959900e-01 5.730009628123173826e-01 5.889333219076671178e-01 6.066165434323226302e-01 6.153439829010884932e-01 6.216438680780896897e-01 6.239885683294343899e-01 6.226290609732282322e-01 6.157723577856258901e-01 6.054898351036234194e-01 5.934126822111310817e-01 5.809460283082061860e-01 5.634727708186719752e-01 5.483341020494677531e-01 5.296882915106313483e-01 5.091660985762199720e-01 4.905669074700911292e-01 4.413893598790842865e-01
-3.255373187310980215e-02 -2.929952554885878815e-02 -3.734123668483053937e-02 -4.952625518865039211e-02 -5.721011854126630686e-02 -6.786486821739096120e-02 -8.940658944835358501e-02 -1.133328466835244325e-01 -1.377484253620848698e-01 -1.648907562962759477e-01 -1.987655375356493226e-01 -2.360528626525658646e-01 -2.783219927040755937e-01 -3.239693754710231688e-01 -3.765047781691110984e-01 -4.252874528244617869e-01 -4.803062136330400467e-01 -5.352490262666314003e-01 -5.905627476263484166e-01 -6.442195420513842086e-01 -7.027166624294083341e-01 -7.578639884010782701e-01 -8.081531336120741926e-01 -8.551058084600442477e-01 -9.035224056380183333e-01 -9.514519599612719647e-01 -9.884220271751098519e-01 -1.028294812611389553e+00 -1.062036509527312100e+00 -1.125310679946575076e+00
1.177714563063681462e-02 4.832807646658486556e-02 8.087219309298304681e-02 1.088710240054820699e-01 1.357267126143628655e-01 1.631501968501258837e-01 1.896372337259782936e-01 2.095448581717024583e-01 2.312325098427269743e-01 2.524391699156252611e-01 2.683347544757351266e-01 2.862709666469401282e-01 2.973158475202214435e-01 3.126349135401521595e-01 3.261849694823842905e-01 3.411113347433943899e-01 3.554016037717170340e-01 3.695119070892173285e-01 3.847750088694568693e-01 3.994799802400252897e-01 4.142696672070387276e-01 4.286216386747027651e-01 4.416904503207291777e-01 4.547686648727209957e-01 4.660059507853451799e-01 4.800121140964049848e-01 4.871275122567439442e-01 4.948844259416776969e-01 5.016746504452656019e-01 5.042997340178853038e-01
3.671056791039231659e-02 6.586429632197890460e-02 9.782867204062907496e-02 1.283115729287205298e-01 1.571579188016902218e-01 1.881420202927488183e-01 2.247379811315285414e-01 2.548241274191894723e-01 2.901130870805930240e-01 3.214993639375219869e-01 3.518729554116208358e-01 3.839218195238925935e-01 4.110628809198580980e-01 4.419225561091670862e-01 4.679158917373468229e-01 4.936991205414752448e-01 5.153793664920013340e-01 5.351341672839091679e-01 5.518951392067481532e-01 5.654445641043225335e-01 5.752950715125922931e-01 5.814305237353049050e-01 5.838556932129340682e-01 5.844305749839224795e-01 5.797091011583461739e-01 5.762472104547425866e-01 5.663267309478949851e-01 5.544929824600377533e-01 5.424113404223498414e-01 4.992978563030726624e-01
-2.520095045390634628e-02 -5.211330191022500724e-02 -7.567345133783200117e-02 -9.597306239931263638e-02 -1.161153843276910291e-01 -1.369164040033833407e-01 -1.564799324337429465e-01 -1.706697370644198464e-01 -1.870040602021706133e-01 -2.012025642746822773e-01 -2.125738450508929123e-01 -2.276158128754842136e-01 -2.354966555307485832e-01 -2.459844345393336074e-01 -2.559442484329064738e-01 -2.672894735230794683e-01 -2.778718212457602643e-01 -2.895367651398539355e-01 -3.014718879575789545e-01 -3.138182786988110706e-01 -3.279706532653138829e-01 -3.416533407940416378e-01 -3.550502971522385698e-01 -3.684410794716483917e-01 -3.836564757066081577e-01 -3.988318431504099815e-01 -4.116622992862566388e-01 -4.258382622765924386e-01 -4.377906145592485032e-01 -4.634648926052150619e-01
