5.552426576614379883e-01 7.832991331815719604e-02 6.450998187065124512e-01 -6.408368945121765137e-01 -2.600688636302947998e-01 -4.909225702285766602e-01 2.804917693138122559e-01 1.912959069013595581e-01 -6.387618780136108398e-01 4.991032183170318604e-01
-7.169336080551147461e-01 -9.137060642242431641e-01 -1.757556676864624023e+00 -1.142482280731201172e+00 4.474847614765167236e-01 9.142837524414062500e-01 -5.599552392959594727e-01 1.364488482475280762e+00 2.309727855026721954e-02 -2.971649169921875000e-01
9.412196278572082520e-02 9.627447463572025299e-03 -2.428244799375534058e-01 3.579785227775573730e-01 1.379674207419157028e-02 7.557852864265441895e-01 -3.249070644378662109e-01 -1.386960595846176147e-01 -4.930258691310882568e-01 -2.868103981018066406e-01
7.551398277282714844e-01 1.324859112501144409e-01 5.781006813049316406e-01 -1.008382797241210938e+00 -1.568873524665832520e-01 -5.411800742149353027e-01 3.509585559368133545e-01 3.140967190265655518e-01 -6.751403808593750000e-01 5.724467039108276367e-01
4.796392917633056641e-01 -1.123699545860290527e-01 2.103480994701385498e-01 3.379621207714080811e-01 -6.795288324356079102e-01 1.185501575469970703e+00 -2.725844085216522217e-01 9.609964489936828613e-01 -3.470821082592010498e-01 -9.984114766120910645e-01
2.966537773609161377e-01 6.799294948577880859e-01 -1.910329163074493408e-01 1.590731978416442871e+00 -9.083940386772155762e-01 1.413152068853378296e-01 3.441382646560668945e-01 -4.662789106369018555e-01 7.047377526760101318e-02 -6.711202859878540039e-01
1.785375028848648071e-01 -9.007889032363891602e-01 -1.562275648117065430e+00 5.927313468419015408e-04 -8.550406247377395630e-02 4.132821038365364075e-02 5.400876048952341080e-03 1.104873657226562500e+00 -4.527681350708007812e+00 -4.598537385463714600e-01
4.424783289432525635e-01 6.912418007850646973e-01 4.547001123428344727e-01 6.564870476722717285e-01 -1.844674646854400635e-01 -4.389087557792663574e-01 2.499462813138961792e-01 -1.293812990188598633e+00 6.661381721496582031e-01 4.578953683376312256e-01
5.609175562858581543e-01 5.054082274436950684e-01 4.014467597007751465e-01 -1.244411990046501160e-01 -3.901501893997192383e-01 -2.993794977664947510e-01 2.960303425788879395e-01 3.590462207794189453e-01 -8.355469703674316406e-01 2.070743292570114136e-01
-2.335907891392707825e-02 -4.341211020946502686e-01 8.413014933466911316e-03 -6.465902924537658691e-01 9.901180267333984375e-01 1.705965876579284668e+00 -9.769966825842857361e-03 1.531212311238050461e-02 1.238209247589111328e+00 2.115133451297879219e-03
