-1.917217254638671875e+00
-3.568121492862701416e-01
5.509692803025245667e-02
1.125396490097045898e+00
-1.352884888648986816e+00
3.242411315441131592e-01
-8.350437879562377930e-01
-1.540686130523681641e+00
-3.202748894691467285e-01
8.737012147903442383e-01
6.458300352096557617e-01
1.408049583435058594e+00
-2.685680985450744629e-01
4.303012043237686157e-02
9.257023930549621582e-01
-1.189842939376831055e+00
-1.671524882316589355e+00
2.154359668493270874e-01
8.222405910491943359e-01
7.593488693237304688e-01
1.543266057968139648e+00
2.279660224914550781e+00
5.024045705795288086e-01
1.021622776985168457e+00
2.325913667678833008e+00
-3.530595004558563232e-01
1.055668354034423828e+00
3.227367252111434937e-02
-6.077601313591003418e-01
1.000157475471496582e+00
7.465720176696777344e-03
2.685358524322509766e-01
6.397559046745300293e-01
1.597446203231811523e+00
-1.485921263694763184e+00
1.305947184562683105e+00
-4.804507493972778320e-01
1.073269322514533997e-01
-8.416640162467956543e-01
9.246153384447097778e-02
1.306221604347229004e+00
2.204841852188110352e+00
1.912836670875549316e+00
-1.351793050765991211e+00
1.391474962234497070e+00
