-1.232710719108581543e+00
-1.260396957397460938e+00
1.611088812351226807e-01
-1.292463183403015137e+00
1.030285716056823730e+00
-1.597536206245422363e-01
-1.320134997367858887e+00
-2.771310508251190186e-01
-3.085512816905975342e-01
-1.024672389030456543e-01
8.536791056394577026e-02
6.219918727874755859e-01
-1.109310984611511230e+00
-1.249501228332519531e+00
-3.381387889385223389e-01
3.399071097373962402e-01
-1.443306207656860352e+00
8.460302650928497314e-02
1.348297894001007080e-01
5.178502202033996582e-01
2.086764425039291382e-01
-6.090807914733886719e-01
1.014829754829406738e+00
-1.301577806472778320e+00
2.897521257400512695e-01
-8.903098702430725098e-01
-5.087987184524536133e-01
6.890087723731994629e-01
7.079277038574218750e-01
-1.223410248756408691e+00
-1.373146176338195801e+00
6.960120797157287598e-01
-7.754537463188171387e-01
1.692618966102600098e+00
-7.095728516578674316e-01
-2.618494987487792969e+00
1.458447098731994629e+00
2.183350801467895508e+00
-1.763458251953125000e+00
-3.389501869678497314e-01
1.258565783500671387e+00
5.391792058944702148e-01
-1.610005088150501251e-02
-3.667267262935638428e-01
1.558149695396423340e+00
2.594304800033569336e+00
4.014215767383575439e-01
-1.588352680206298828e+00
1.897272765636444092e-01
-1.091398358345031738e+00
-1.200427412986755371e+00
-1.783734858036041260e-01
-8.260226845741271973e-01
8.401666283607482910e-01
-2.704833745956420898e-01
