-1.231422543525695801e+00
-5.964394211769104004e-01
-2.063151597976684570e+00
1.898793101310729980e+00
4.746487736701965332e-02
1.712202429771423340e-01
3.610587492585182190e-02
-1.575786024332046509e-01
3.528105318546295166e-01
-1.588334143161773682e-01
-8.142303824424743652e-01
1.208124876022338867e+00
-5.380364060401916504e-01
3.582989871501922607e-01
-1.179364562034606934e+00
-8.229387402534484863e-01
6.162962913513183594e-01
1.351667046546936035e+00
-1.051561355590820312e+00
5.127298235893249512e-01
1.386562082916498184e-02
-1.246488451957702637e+00
1.470437496900558472e-01
-2.585988044738769531e-01
1.024947643280029297e+00
7.770639378577470779e-03
-1.462649554014205933e-01
-2.488694190979003906e-01
1.437506198883056641e+00
-4.297734797000885010e-01
-9.335694313049316406e-01
-2.132852226495742798e-01
-1.237366557121276855e+00
1.952617764472961426e+00
2.041293084621429443e-01
-6.032787635922431946e-02
-4.456458389759063721e-01
2.477210015058517456e-01
-9.269964694976806641e-01
1.760844707489013672e+00
5.126923322677612305e-01
-1.166868209838867188e+00
-4.534251689910888672e-01
3.251438438892364502e-01
-1.029873847961425781e+00
8.684470057487487793e-01
1.981339976191520691e-02
-1.552464246749877930e+00
2.284593880176544189e-02
-1.097152829170227051e+00
1.071386113762855530e-01
4.569990336894989014e-01
7.255219668149948120e-02
1.622697561979293823e-01
-4.169720411300659180e-01
