7.936868816614151001e-02 -2.230496555566787720e-01 1.031761169433593750e+00 -1.089565396308898926e+00 7.414056062698364258e-01 4.455972909927368164e-01 2.916120290756225586e-01 -6.180818006396293640e-02 -6.327810287475585938e-01 2.982924580574035645e-01
2.802126109600067139e-02 -4.998021423816680908e-01 -1.264502108097076416e-01 1.451242864131927490e-01 3.346557915210723877e-01 4.420673549175262451e-01 3.360209465026855469e-01 -2.033611238002777100e-01 1.143076047301292419e-01 -3.228055238723754883e-01
5.740938186645507812e-01 3.886122703552246094e-01 2.864037156105041504e-01 -4.686944484710693359e-01 -3.149026930332183838e-01 -1.801498085260391235e-01 -4.732738435268402100e-01 -4.865749180316925049e-01 9.673056751489639282e-02 -3.418880105018615723e-01
-8.061488717794418335e-02 3.583043813705444336e-01 5.744343996047973633e-01 -4.694498479366302490e-01 -4.083726555109024048e-02 -4.258292019367218018e-01 -6.520458459854125977e-01 1.040130555629730225e-01 5.637259483337402344e-01 -7.292770147323608398e-01
2.704327702522277832e-01 3.989361822605133057e-01 3.777208626270294189e-01 -5.747942328453063965e-01 -2.675797343254089355e-01 -3.110137581825256348e-01 -3.020974993705749512e-01 -2.614534199237823486e-01 -2.321895509958267212e-01 1.621668338775634766e-01
4.272607266902923584e-01 5.555580258369445801e-01 1.752979755401611328e-01 -5.388526320457458496e-01 -4.641500115394592285e-01 -4.999476671218872070e-01 -1.891400218009948730e-01 -5.913719534873962402e-01 3.517946600914001465e-01 -1.895241588354110718e-01
-7.396210432052612305e-01 -3.390754163265228271e-01 9.296310693025588989e-02 -3.351043760776519775e-01 7.368748784065246582e-01 2.121521830558776855e-01 -4.311807155609130859e-01 3.340822756290435791e-01 5.143974423408508301e-01 -3.989965021610260010e-01
-4.677361249923706055e-01 1.178707242012023926e+00 -2.786177396774291992e-01 4.737381264567375183e-02 -1.276883244514465332e+00 5.059497952461242676e-01 1.933260820806026459e-02 4.954983592033386230e-01 4.767732024192810059e-01 -9.057173877954483032e-02
1.971169114112854004e-01 -7.773298025131225586e-01 4.604489505290985107e-01 -4.487144351005554199e-01 6.313560009002685547e-01 -1.290255635976791382e-01 -9.150344729423522949e-01 -3.968333005905151367e-01 5.054879784584045410e-01 -1.567454934120178223e-01
1.968454867601394653e-01 -3.453009128570556641e-01 -5.361016392707824707e-01 7.466074824333190918e-01 1.435259729623794556e-01 4.642052352428436279e-01 2.926595807075500488e-01 -2.195487767457962036e-01 1.741637103259563446e-02 -8.056879043579101562e-02
