-6.372964382171630859e-02 -1.859808564186096191e-01 -1.610160589218139648e+00 3.096454441547393799e-01 -1.371970772743225098e-01 -2.223514795303344727e+00 1.639845848083496094e+00 5.119695067405700684e-01 -6.042270660400390625e-01 1.738431811332702637e+00
2.834535837173461914e-01 3.039906024932861328e-01 -7.858428359031677246e-01 -2.401828616857528687e-01 -1.745223104953765869e-01 -2.903775870800018311e-01 -2.794350124895572662e-02 -9.387223049998283386e-03 -4.464805722236633301e-01 4.863348007202148438e-01
2.320755720138549805e-01 -9.409432113170623779e-02 7.055684924125671387e-01 7.169263362884521484e-01 6.315712928771972656e-01 -1.081134796142578125e+00 1.448908895254135132e-01 3.216070234775543213e-01 5.613945126533508301e-01 -1.851488500833511353e-01
-1.576442569494247437e-01 -5.484624505043029785e-01 3.701187372207641602e-01 4.708780050277709961e-01 5.108048319816589355e-01 -1.183039695024490356e-01 -1.075689345598220825e-01 2.227932214736938477e-01 7.825115323066711426e-02 -6.938174366950988770e-01
-5.457348227500915527e-01 -5.148886442184448242e-01 8.519495129585266113e-01 2.818401157855987549e-01 1.505167633295059204e-01 -6.937591433525085449e-01 1.112486243247985840e+00 3.622784912586212158e-01 6.129320263862609863e-01 2.653036117553710938e-01
-6.291034817695617676e-02 -1.202177703380584717e-01 5.072780847549438477e-01 1.694108843803405762e-01 -6.220701616257429123e-03 -1.223092913627624512e+00 5.661216974258422852e-01 3.974342048168182373e-01 6.358308792114257812e-01 -4.425546228885650635e-01
-2.799886167049407959e-01 1.629030518233776093e-02 -4.771955013275146484e+00 4.477376043796539307e-01 -1.045526415109634399e-01 -2.465754270553588867e+00 2.050975084304809570e+00 -4.590909183025360107e-02 -3.485457599163055420e-01 2.180082798004150391e+00
2.582935988903045654e-01 8.700699210166931152e-01 -7.322721004486083984e+00 -1.472466945648193359e+00 -1.719348788261413574e+00 -1.778978943824768066e+00 2.027729749679565430e+00 -2.006720751523971558e-01 -7.999644875526428223e-01 3.390665531158447266e+00
-9.747358411550521851e-02 -1.094685792922973633e-01 1.407798290252685547e+00 5.367910861968994141e-01 3.405238986015319824e-01 -1.324701905250549316e-01 -8.539070487022399902e-01 2.510525286197662354e-01 4.498177766799926758e-01 -6.935505270957946777e-01
2.597755789756774902e-01 5.351646542549133301e-01 8.679442852735519409e-02 -6.768987774848937988e-01 -6.638569235801696777e-01 -9.509198665618896484e-01 -1.499753892421722412e-01 -4.226424545049667358e-02 -1.334753334522247314e-01 1.488572545349597931e-02
