1.307007968425750732e-01
-1.759299993515014648e+00
5.564228892326354980e-01
1.440465927124023438e+00
-9.087160229682922363e-01
-1.720197439193725586e+00
-1.821120381355285645e+00
-3.550133407115936279e-01
-1.015774488449096680e+00
-7.864012569189071655e-02
-1.873348355293273926e+00
-1.393596172332763672e+00
-6.354101300239562988e-01
1.376559019088745117e+00
-1.194298863410949707e+00
-1.337551116943359375e+00
7.762160897254943848e-01
-1.267093658447265625e+00
7.673953175544738770e-01
-9.916806817054748535e-01
-4.058618247509002686e-01
-5.846869945526123047e-01
5.950879678130149841e-02
-3.265180885791778564e-01
-8.684826493263244629e-01
1.294374465942382812e+00
7.370871305465698242e-01
-1.631673097610473633e+00
-1.048636913299560547e+00
3.836776614189147949e-01
7.550372481346130371e-01
5.358598828315734863e-01
1.546199083328247070e+00
1.091966390609741211e+00
8.795973062515258789e-01
-3.516044840216636658e-02
1.068642616271972656e+00
-8.181876540184020996e-01
1.824662685394287109e-01
1.091562137007713318e-01
-1.565201163291931152e+00
-2.094678431749343872e-01
-1.939310878515243530e-02
1.175598621368408203e+00
1.270062565803527832e+00
7.031925916671752930e-01
-6.150780916213989258e-01
9.867736101150512695e-01
3.308963775634765625e-02
1.617511063814163208e-01
-4.889801740646362305e-01
1.610516190528869629e+00
-1.221067532896995544e-01
-8.460390567779541016e-01
1.051047205924987793e+00
