-6.475751399993896484e-01 -3.054555952548980713e-01 -1.780023097991943359e+00 -1.063211083412170410e+00 -1.889082491397857666e-01 -1.016564846038818359e+00 7.460859417915344238e-01 -1.144927859306335449e+00 5.645101070404052734e-01 2.248326539993286133e+00
-6.042915582656860352e-01 8.267650604248046875e-01 -5.118901729583740234e-01 -6.535851359367370605e-01 4.593744575977325439e-01 8.945290446281433105e-01 1.400067210197448730e-01 9.500697851181030273e-01 7.039070129394531250e-02 -4.371350258588790894e-02
-9.294130653142929077e-02 5.755146145820617676e-01 -5.425416231155395508e-01 -3.974007070064544678e-01 1.225714460015296936e-01 8.509828448295593262e-01 5.174414515495300293e-01 1.854622364044189453e-01 2.680619359016418457e-01 -1.719092875719070435e-01
1.911591887474060059e-01 -2.869923412799835205e-01 -5.642392635345458984e-01 -1.468249112367630005e-01 -2.159940153360366821e-01 -2.659852504730224609e-01 1.076627671718597412e-01 -9.304444193840026855e-01 8.720260858535766602e-02 8.345181345939636230e-01
-4.547715485095977783e-01 3.796080052852630615e-01 -5.565930008888244629e-01 -2.519663572311401367e-01 5.242153629660606384e-02 2.016559690237045288e-01 5.015215277671813965e-01 6.602826118469238281e-01 4.125288724899291992e-01 5.838911533355712891e-01
6.123887896537780762e-01 -5.130527615547180176e-01 1.758664995431900024e-01 1.037398576736450195e+00 -7.574016451835632324e-01 -4.995282590389251709e-01 1.048780903220176697e-01 -3.493576645851135254e-01 -3.860487639904022217e-01 4.496705532073974609e-01
4.209752678871154785e-01 -3.947498202323913574e-01 -4.805997371673583984e+00 9.213082194328308105e-01 -1.193307757377624512e+00 -2.863348960876464844e+00 6.429831981658935547e-01 -2.276734113693237305e+00 1.439662456512451172e+00 2.506846427917480469e+00
-4.001947939395904541e-01 3.620038926601409912e-01 -7.343490123748779297e+00 -2.264509677886962891e+00 6.092013046145439148e-02 2.298617362976074219e-01 1.121032357215881348e+00 -4.856939017772674561e-01 2.260039299726486206e-01 1.557081103324890137e+00
-5.844181776046752930e-01 7.385901212692260742e-01 -1.437624096870422363e+00 -1.497390747070312500e+00 8.037934899330139160e-01 1.248970508575439453e+00 6.823738813400268555e-01 6.720280647277832031e-01 6.107299327850341797e-01 -5.366047378629446030e-03
-1.245140284299850464e-02 1.065435558557510376e-01 6.379790306091308594e-01 1.669244319200515747e-01 -1.443486064672470093e-01 -7.304336428642272949e-01 -2.381335049867630005e-01 -2.414716333150863647e-01 5.123309046030044556e-02 -1.857826709747314453e-01
