1.763838529586791992e+00
-1.896905779838562012e+00
-1.659457445144653320e+00
-5.647444725036621094e-01
3.700725138187408447e-01
-1.355231761932373047e+00
-1.144153952598571777e+00
-1.040472555905580521e-02
2.261734247207641602e+00
1.865996718406677246e+00
-1.335504770278930664e+00
3.420385420322418213e-01
1.537556767463684082e+00
7.367135882377624512e-01
-2.813642472028732300e-02
-1.766294836997985840e+00
1.042923688888549805e+00
-3.252246379852294922e-01
-1.181480050086975098e+00
6.084934473037719727e-01
1.078191161155700684e+00
-3.762189447879791260e-01
3.432026505470275879e-01
-6.138830184936523438e-01
-1.981440544128417969e+00
2.891939580440521240e-01
-7.417252659797668457e-01
-3.904516100883483887e-01
1.248329997062683105e+00
1.381968379020690918e+00
1.839359700679779053e-01
-1.565843582153320312e+00
5.990486145019531250e-01
-2.259049862623214722e-01
-4.312916398048400879e-01
-1.090694665908813477e+00
-5.822415947914123535e-01
-3.476172387599945068e-01
6.587784290313720703e-01
-6.856707334518432617e-01
-7.776008248329162598e-01
4.385744333267211914e-01
-9.383971691131591797e-01
-1.203861355781555176e+00
1.401989936828613281e+00
-4.018039703369140625e-01
1.420377101749181747e-02
1.000254034996032715e+00
-6.690458059310913086e-01
-1.370033383369445801e+00
-9.957564622163772583e-02
-9.764749407768249512e-01
1.441691994667053223e+00
-2.193189859390258789e+00
5.533012151718139648e-01
-8.731976747512817383e-01
4.438013434410095215e-01
-9.042222499847412109e-01
-2.656227350234985352e+00
-2.327576465904712677e-02
1.868799805641174316e+00
-6.434065699577331543e-01
-4.132387042045593262e-01
1.068688273429870605e+00
-2.522440254688262939e-01
1.203124284744262695e+00
