-2.239214256405830383e-02
6.605104207992553711e-01
-4.202614128589630127e-01
-7.675783634185791016e-01
7.366660237312316895e-01
5.494475960731506348e-01
-1.531643867492675781e+00
4.573609232902526855e-01
1.085496306419372559e+00
1.405079603195190430e+00
-5.791799426078796387e-01
-6.229866743087768555e-01
1.289152354001998901e-01
1.384398102760314941e+00
1.080007076263427734e+00
1.563838005065917969e+00
4.535199999809265137e-01
1.039674043655395508e+00
1.356248617172241211e+00
-5.628484487533569336e-01
1.403065204620361328e+00
-5.302115678787231445e-01
-3.344499468803405762e-01
-1.215619087219238281e+00
1.720323443412780762e+00
-9.238515496253967285e-01
1.232956171035766602e+00
-1.479310631752014160e+00
2.297269821166992188e+00
5.993677973747253418e-01
6.203291416168212891e-01
1.699338674545288086e+00
-3.490113839507102966e-02
-1.352322578430175781e+00
-1.019011497497558594e+00
2.079670727252960205e-01
3.288715481758117676e-01
9.684808254241943359e-01
1.535482048988342285e+00
1.826628684997558594e+00
-1.370698451995849609e+00
1.741640456020832062e-02
-1.439384818077087402e+00
-6.257336735725402832e-01
2.219121009111404419e-01
1.506866574287414551e+00
-1.402799487113952637e+00
-1.074672698974609375e+00
1.771649956703186035e+00
-3.809084594249725342e-01
-1.122181177139282227e+00
4.745289683341979980e-01
-3.533919751644134521e-01
9.631322622299194336e-01
4.934860169887542725e-01
