-8.390178680419921875e-01 -2.436558485031127930e+00 3.601686716079711914e+00 2.119724035263061523e+00 -1.120486035943031311e-01 -1.454501032829284668e+00 -9.437263607978820801e-01 -1.191093087196350098e+00 -2.100796937942504883e+00 1.006322979927062988e+00
-1.221664071083068848e+00 5.265045166015625000e-01 -2.555330395698547363e-01 3.828749954700469971e-01 3.591094613075256348e-01 5.219226479530334473e-01 2.227831780910491943e-01 -4.242001101374626160e-02 -2.988832592964172363e-01 4.113639295101165771e-01
4.689299762248992920e-01 -1.194744944572448730e+00 -1.036919236183166504e+00 2.084629058837890625e+00 3.444646298885345459e-01 -1.336117148399353027e+00 -1.139589905738830566e+00 -7.515188455581665039e-01 -5.102362036705017090e-01 -3.715021610260009766e-01
-1.313765048980712891e+00 4.717527925968170166e-01 -5.398926138877868652e-01 2.157799527049064636e-02 3.608636185526847839e-02 6.492866277694702148e-01 3.957611322402954102e-01 2.950327098369598389e-01 -3.530075252056121826e-01 -2.594683170318603516e-01
-9.117853641510009766e-01 9.224848151206970215e-01 -2.525997720658779144e-02 -1.639138013124465942e-01 7.154071331024169922e-01 6.196319460868835449e-01 2.451292574405670166e-01 7.892582416534423828e-01 -7.496888637542724609e-01 -7.919651269912719727e-01
-4.545737504959106445e-01 1.319330334663391113e-01 -5.995020866394042969e-01 6.429691314697265625e-01 5.989544391632080078e-01 1.393808573484420776e-01 3.603239655494689941e-01 -1.979011595249176025e-01 -4.872341156005859375e-01 4.693795740604400635e-01
9.641991853713989258e-01 -4.160129427909851074e-01 1.339638680219650269e-01 -1.035405158996582031e+00 -6.341022849082946777e-01 -3.678703904151916504e-01 -1.232446134090423584e-01 5.983991622924804688e-01 9.699463844299316406e-01 -1.869639754295349121e-01
1.642533689737319946e-01 1.860262006521224976e-01 1.325863450765609741e-01 8.453506231307983398e-01 4.512355029582977295e-01 -1.253987569361925125e-02 1.404700875282287598e-01 -4.135167896747589111e-01 -9.806901216506958008e-02 9.336648583412170410e-01
-1.086491227149963379e+00 1.475737243890762329e-01 -4.133407771587371826e-01 3.406283855438232422e-01 2.742415666580200195e-01 3.135177791118621826e-01 4.176099002361297607e-01 -9.299687296152114868e-02 -5.201314091682434082e-01 -1.729121059179306030e-01
7.076516747474670410e-01 -2.100226432085037231e-01 4.927328228950500488e-02 -5.449557304382324219e-01 -5.208558589220046997e-02 -1.097850780934095383e-02 -2.815505564212799072e-01 2.186424881219863892e-01 3.263540863990783691e-01 -2.182219028472900391e-01
