1.096792340278625488e+00 6.489031314849853516e-01 1.438499808311462402e+00 2.133556842803955078e+00 -2.346677780151367188e+00 -4.208882331848144531e+00 -1.693540096282958984e+00 8.953878879547119141e-01 -3.729123115539550781e+00 9.576184749603271484e-01
3.382997214794158936e-01 -3.366036117076873779e-01 3.317977488040924072e-01 3.687324225902557373e-01 -9.623852372169494629e-01 -4.961765706539154053e-01 -1.676403172314167023e-02 -3.724163770675659180e-02 -1.534010916948318481e-01 8.567853569984436035e-01
1.004682779312133789e+00 -3.132697343826293945e-01 8.667554855346679688e-01 6.430527567863464355e-01 -1.419974565505981445e-01 -9.510200023651123047e-01 -6.619747281074523926e-01 4.242578148841857910e-01 4.796686768531799316e-01 -5.075706243515014648e-01
-5.431519746780395508e-01 1.196745410561561584e-01 -9.478094577789306641e-01 -2.973562002182006836e+00 1.076208829879760742e+00 2.714898288249969482e-01 2.661743462085723877e-01 -7.059448957443237305e-01 3.706283867359161377e-01 9.370151758193969727e-01
-4.100591659545898438e+00 2.366365432739257812e+00 -3.984127759933471680e+00 -5.596725642681121826e-02 2.179915189743041992e+00 3.711657285690307617e+00 1.537022233009338379e+00 -2.637470245361328125e+00 2.251986742019653320e+00 5.860843881964683533e-02
5.623071789741516113e-01 -7.060794830322265625e-01 7.516068816184997559e-01 3.794503211975097656e-01 -4.789211452007293701e-01 -8.056885600090026855e-01 -3.463628590106964111e-01 7.655264139175415039e-01 -6.581429839134216309e-01 1.687395423650741577e-01
1.512805521488189697e-01 -2.873573899269104004e-01 5.937858223915100098e-01 7.376437187194824219e-01 -1.407577246427536011e-01 -2.114262729883193970e-01 -2.853982150554656982e-01 3.368614912033081055e-01 9.540570527315139771e-02 -2.389711886644363403e-01
3.093953132629394531e-01 -2.395796775817871094e-01 -1.949309557676315308e-01 -8.764944225549697876e-02 4.035242199897766113e-01 2.939755283296108246e-02 6.106137633323669434e-01 -4.237903058528900146e-01 -1.018395647406578064e-01 1.042040824890136719e+00
4.737059473991394043e-01 -4.378995001316070557e-01 5.313437581062316895e-01 6.532310247421264648e-01 -6.615697145462036133e-01 -7.246432304382324219e-01 -4.210368692874908447e-01 6.810563206672668457e-01 -3.160017132759094238e-01 1.823298819363117218e-02
3.273444175720214844e-01 -3.341406881809234619e-01 3.087669610977172852e-01 6.121184825897216797e-01 -3.836398422718048096e-01 -9.139546751976013184e-01 -2.113291621208190918e-01 4.619246125221252441e-01 -8.200386911630630493e-02 1.176078543066978455e-01
