-3.448397219181060791e-01
-2.692097663879394531e+00
-2.624450325965881348e-01
-7.546907663345336914e-01
-9.349803328514099121e-01
8.920831233263015747e-02
-2.217565327882766724e-01
7.530461549758911133e-01
4.130592048168182373e-01
1.256341218948364258e+00
-3.691533207893371582e-01
-6.313896179199218750e-02
6.275838613510131836e-01
4.282092452049255371e-01
-7.558812946081161499e-02
-1.935124248266220093e-01
-5.486165881156921387e-01
-7.552986741065979004e-01
1.244996786117553711e-01
9.942209720611572266e-01
1.713762402534484863e+00
7.982255220413208008e-01
-4.330268204212188721e-01
5.682821869850158691e-01
-4.662016332149505615e-01
1.048487305641174316e+00
-5.272551774978637695e-01
1.496379375457763672e+00
1.282919168472290039e+00
-2.008484601974487305e+00
-6.494838595390319824e-01
-1.189218640327453613e+00
6.178032159805297852e-01
2.961701452732086182e-01
-1.679894685745239258e+00
-7.130852937698364258e-01
8.268467783927917480e-01
7.179054021835327148e-01
-5.834740996360778809e-01
5.545390844345092773e-01
-8.391192555427551270e-01
-8.915657997131347656e-01
-1.389417409896850586e+00
-9.179195761680603027e-01
8.626295328140258789e-01
5.062139034271240234e-01
2.645032167434692383e+00
-1.563496708869934082e+00
-7.542477250099182129e-01
-1.325663775205612183e-01
-2.047136306762695312e+00
-3.580224514007568359e-01
6.485445499420166016e-01
3.297199010848999023e-01
2.858734130859375000e-01
