1.653714329004287720e-01 -3.116125166416168213e-01 5.085645914077758789e-01 1.046864017844200134e-01 5.453411340713500977e-01 7.038630247116088867e-01 3.883025050163269043e-02 -1.070589721202850342e-01 4.598805904388427734e-01 1.929254084825515747e-01
-5.667852163314819336e-01 4.820593893527984619e-01 -3.822080194950103760e-01 1.101302132010459900e-01 -1.408842056989669800e-01 -5.888100862503051758e-01 -4.822304248809814453e-01 -7.273710519075393677e-02 -3.961642682552337646e-01 -2.663524150848388672e-01
1.249047592282295227e-01 -5.056970715522766113e-01 2.433624118566513062e-01 3.171195834875106812e-02 5.024136900901794434e-01 2.553520202636718750e-01 4.694014191627502441e-01 -9.612189233303070068e-02 3.406605720520019531e-01 2.906648814678192139e-01
-4.841804206371307373e-01 4.049176275730133057e-01 5.973415821790695190e-02 -4.123734831809997559e-01 -2.185745090246200562e-01 -9.358876198530197144e-02 5.593794584274291992e-02 -1.104021966457366943e-01 -1.986090689897537231e-01 7.740980386734008789e-02
2.647316753864288330e-01 -6.248703598976135254e-01 5.931650996208190918e-01 4.697830677032470703e-01 2.856604456901550293e-01 4.575466513633728027e-01 2.836389839649200439e-01 -2.821904718875885010e-01 2.218023985624313354e-01 2.898384034633636475e-01
5.262860655784606934e-01 -4.182806015014648438e-01 2.169779539108276367e-01 2.654459774494171143e-01 1.039821505546569824e-01 5.097204446792602539e-01 4.825189113616943359e-01 7.898683845996856689e-02 2.365915477275848389e-01 2.763056457042694092e-01
-3.853986859321594238e-01 6.045721769332885742e-01 -6.262275576591491699e-01 2.387428879737854004e-01 -2.406273633241653442e-01 -9.486463665962219238e-01 -4.649381339550018311e-01 3.335797190666198730e-01 -6.554619669914245605e-01 -8.026141524314880371e-01
4.577597677707672119e-01 -4.322305321693420410e-01 7.765776664018630981e-02 2.538870275020599365e-01 7.612166553735733032e-02 1.056108772754669189e-01 1.849459856748580933e-01 -3.878782317042350769e-02 4.190861284732818604e-01 -7.391077280044555664e-02
-7.706420123577117920e-02 6.624672412872314453e-01 -2.055459767580032349e-01 -7.374226450920104980e-01 -3.714822232723236084e-01 5.430856943130493164e-01 -4.427835345268249512e-01 -1.891229599714279175e-01 -1.543082892894744873e-01 4.413256943225860596e-01
-2.704775333404541016e-01 2.679947316646575928e-01 -2.312438338994979858e-01 -2.657583057880401611e-01 -5.834990739822387695e-01 3.688345849514007568e-02 -1.443051099777221680e-01 -6.096494942903518677e-02 -3.494309782981872559e-01 1.345775276422500610e-01
