9.223617613315582275e-02 -4.095286503434181213e-02 1.058707684278488159e-01 -1.986617296934127808e-01 -3.369548618793487549e-01 7.628046274185180664e-01 -5.418116599321365356e-02 -6.541048884391784668e-01 -4.043964743614196777e-01 -2.386310994625091553e-01
-5.908091068267822266e-01 5.577348470687866211e-01 3.952335119247436523e-01 2.683588266372680664e-01 2.475396096706390381e-01 -7.303235530853271484e-01 4.261084496974945068e-01 5.828147530555725098e-01 3.668854832649230957e-01 1.571834534406661987e-01
-3.007007837295532227e-01 -2.279973477125167847e-01 1.119332686066627502e-01 -6.325721740722656250e-02 -3.242089152336120605e-01 1.588700264692306519e-01 -2.315308600664138794e-01 -8.230116963386535645e-01 -2.825337648391723633e-01 -4.919568002223968506e-01
-1.810334175825119019e-01 9.399612247943878174e-02 4.696407318115234375e-01 3.393917083740234375e-01 -3.762898147106170654e-01 -1.968606710433959961e-01 1.840431988239288330e-01 3.592902123928070068e-01 -3.090440332889556885e-01 3.002352118492126465e-01
2.303630858659744263e-01 -1.824418157339096069e-01 1.364271789789199829e-01 -4.607276916503906250e-01 -4.194353520870208740e-01 4.197502732276916504e-01 -3.494862914085388184e-01 -4.975152015686035156e-01 -7.516689598560333252e-02 -2.950357496738433838e-01
-9.811128489673137665e-03 -2.192650288343429565e-01 1.107165962457656860e-01 -2.221496552228927612e-01 -5.918239355087280273e-01 5.482961535453796387e-01 -2.015656232833862305e-01 -5.927010178565979004e-01 -2.853042483329772949e-01 -4.794757664203643799e-01
-6.540020108222961426e-01 4.896248281002044678e-01 8.045877814292907715e-01 4.432078301906585693e-01 5.017452836036682129e-01 -5.878708362579345703e-01 1.231307610869407654e-01 6.923698186874389648e-01 5.649695396423339844e-01 4.115555286407470703e-01
1.288864016532897949e-01 -3.917238861322402954e-02 -4.384185373783111572e-01 -4.112731218338012695e-01 3.283953368663787842e-01 3.852432966232299805e-01 -4.976205527782440186e-01 -2.062999308109283447e-01 -1.682424992322921753e-01 6.839181482791900635e-02
-3.380121290683746338e-01 8.008587956428527832e-01 8.383987545967102051e-01 7.194519042968750000e-01 -1.219947457313537598e+00 -1.051447838544845581e-01 8.985543251037597656e-01 2.221866250038146973e-01 -7.450652122497558594e-01 7.514939457178115845e-02
-5.491438508033752441e-01 3.847977817058563232e-01 2.480893582105636597e-01 2.011973261833190918e-01 -2.565161883831024170e-01 -5.233299732208251953e-01 5.950800776481628418e-01 2.842778563499450684e-01 -2.123992443084716797e-01 2.327111363410949707e-01
