-5.479662418365478516e-01 -7.503177523612976074e-01 -4.339144229888916016e-01 3.505734503269195557e-01 -8.464345335960388184e-02 5.381891727447509766e-01 4.897089302539825439e-01 -6.156929135322570801e-01 -4.238239228725433350e-01 -2.212704271078109741e-01 9.643852114677429199e-01 1.339842319488525391e+00
-3.765457570552825928e-01 3.102397024631500244e-01 3.647748529911041260e-01 5.212971568107604980e-02 -4.033448398113250732e-01 -1.700813695788383484e-02 -1.522563099861145020e-01 3.155839443206787109e-01 1.370245665311813354e-01 4.847774282097816467e-02 4.085164144635200500e-02 -4.406172633171081543e-01
9.331195056438446045e-02 -6.769430041313171387e-01 -5.483309626579284668e-01 3.799649775028228760e-01 4.189733043313026428e-02 -4.692946374416351318e-01 1.240850463509559631e-01 3.481506407260894775e-01 -2.368851602077484131e-01 3.366544097661972046e-02 1.636169292032718658e-02 -7.057899236679077148e-01
5.615279674530029297e-01 -2.624774873256683350e-01 -5.644854903221130371e-01 7.014815807342529297e-01 1.346549689769744873e-01 -2.329948544502258301e-01 6.244024038314819336e-01 -2.754247784614562988e-01 -3.403814136981964111e-01 -3.392678499221801758e-01 -7.201069500297307968e-03 -2.810521125793457031e-01
-1.239399164915084839e-01 -7.054292559623718262e-01 -7.020045518875122070e-01 5.523220896720886230e-01 -7.946531474590301514e-02 2.913176715373992920e-01 4.329961538314819336e-01 -9.105582833290100098e-01 -4.250862598419189453e-01 -3.354253470897674561e-01 5.341452360153198242e-01 2.551912367343902588e-01
2.544515132904052734e-01 -4.259231090545654297e-01 -5.346202254295349121e-01 2.073989361524581909e-01 2.958732247352600098e-01 -4.738283529877662659e-02 5.993556976318359375e-01 -2.552651762962341309e-01 9.989231079816818237e-02 -4.986741244792938232e-01 -1.787817627191543579e-01 -6.500774025917053223e-01
-9.673296660184860229e-02 1.082768365740776062e-01 -3.880484104156494141e-01 3.834470510482788086e-01 3.328953087329864502e-01 -2.225552797317504883e-01 5.490985512733459473e-01 -4.166460633277893066e-01 -2.210285216569900513e-01 -3.600469827651977539e-01 1.116074770689010620e-01 -1.103636741638183594e+00
-2.317219525575637817e-01 2.365343421697616577e-01 1.134824752807617188e-02 -5.649813637137413025e-02 -3.155810236930847168e-01 -1.986528933048248291e-01 4.690922051668167114e-02 3.372424840927124023e-02 -1.732616573572158813e-01 8.235439658164978027e-02 -3.127568364143371582e-01 -8.105476945638656616e-02
8.140757083892822266e-01 -4.708973467350006104e-01 7.579042315483093262e-01 6.592671573162078857e-02 -6.226194649934768677e-02 1.962822675704956055e-01 -4.391600489616394043e-01 -1.082553625106811523e+00 1.661522388458251953e-01 5.602396726608276367e-01 9.358692169189453125e-01 -1.461666703224182129e+00
2.306560724973678589e-01 -7.688168883323669434e-01 -1.520548462867736816e-01 8.180578351020812988e-01 -8.583175539970397949e-01 3.841549456119537354e-01 -6.718739271163940430e-01 9.517512321472167969e-01 2.533850371837615967e-01 -1.856168657541275024e-01 -4.011459648609161377e-01 2.173992633819580078e+00
-3.503954112529754639e-01 8.445541262626647949e-01 3.607066869735717773e-01 -5.395867824554443359e-01 -2.783796489238739014e-01 5.455204844474792480e-02 -6.503283977508544922e-02 -4.911021515727043152e-02 1.461635679006576538e-01 4.091172814369201660e-01 2.795761823654174805e-01 -1.191810727119445801e+00
-2.345649898052215576e-01 2.859178185462951660e-01 1.024609804153442383e+00 -1.280390143394470215e+00 -5.419144630432128906e-01 7.358503341674804688e-01 -2.728644609451293945e-01 -5.996461510658264160e-01 6.906217336654663086e-02 5.022159814834594727e-01 4.684738814830780029e-02 1.412778854370117188e+00
