1.313534975051879883e+00
3.195920884609222412e-01
1.218524217605590820e+00
3.302446007728576660e-02
1.073610663414001465e+00
2.227386951446533203e+00
-3.326096832752227783e-01
-2.020735025405883789e+00
-1.115593910217285156e+00
2.757227718830108643e-01
1.412316322326660156e+00
-1.404838711023330688e-01
2.813850156962871552e-02
8.851100802421569824e-01
-7.863860130310058594e-01
2.622357383370399475e-02
-1.169093370437622070e+00
-1.634358055889606476e-02
3.016553819179534912e-01
-1.413716793060302734e+00
-1.469952225685119629e+00
1.057967066764831543e+00
1.749759674072265625e+00
2.118493795394897461e+00
-5.485088825225830078e-01
1.764702796936035156e-01
1.484189510345458984e+00
-2.815096378326416016e+00
-3.246425092220306396e-01
1.003043889999389648e+00
-2.191657274961471558e-01
1.655743360519409180e+00
4.854701459407806396e-01
6.024903655052185059e-01
4.354609549045562744e-02
-8.244162797927856445e-01
-1.055602788925170898e+00
-9.952640533447265625e-01
-1.519175171852111816e+00
1.700991988182067871e-01
-1.186794564127922058e-01
-6.540995836257934570e-01
4.965993762016296387e-01
2.950998544692993164e-01
-6.999504566192626953e-01
1.605563044548034668e+00
-1.172069907188415527e+00
-1.017074566334486008e-02
6.761827468872070312e-01
1.429305434226989746e+00
-6.113658547401428223e-01
7.572504878044128418e-01
-2.215230613946914673e-01
3.161985427141189575e-02
-1.959162235260009766e+00
-1.308845400810241699e+00
7.761055827140808105e-01
1.618498563766479492e-01
-1.373276948928833008e+00
-2.400799989700317383e+00
4.616391956806182861e-01
-1.008785516023635864e-01
8.299743533134460449e-01
8.829494118690490723e-01
-1.160989761352539062e+00
4.934862256050109863e-01
4.103119671344757080e-02
1.239531278610229492e+00
-2.164322137832641602e-01
-9.081912636756896973e-01
-1.798810213804244995e-01
1.852565169334411621e+00
-3.121954202651977539e-01
-1.078033208847045898e+00
-4.148379564285278320e-01
