3.758778050541877747e-02
2.007514387369155884e-01
2.743252553045749664e-02
-1.790447131497785449e-04
-1.541275978088378906e-01
5.558527633547782898e-02
-4.029012098908424377e-02
3.848288580775260925e-02
1.539474427700042725e-01
3.557581827044487000e-02
1.186241209506988525e-01
4.227219521999359131e-02
-1.381201446056365967e-01
-1.106857135891914368e-02
8.317244052886962891e-02
-1.356231719255447388e-01
-1.551031917333602905e-01
1.193859353661537170e-01
2.767117880284786224e-02
1.394764780998229980e-01
-1.153000537306070328e-02
3.803948685526847839e-02
1.580034196376800537e-01
-1.063492298126220703e-01
-7.305318862199783325e-02
2.062556147575378418e-02
