-1.247931346297264099e-01
1.531490087509155273e-01
-8.800876140594482422e-01
5.959622263908386230e-01
-6.253293156623840332e-01
8.516128659248352051e-01
1.359119057655334473e+00
3.730221465229988098e-02
9.396499395370483398e-01
9.645801037549972534e-02
-5.077041983604431152e-01
-1.867973685264587402e+00
-1.964768290519714355e+00
-3.971942961215972900e-01
-6.142883300781250000e-01
-1.055244565010070801e+00
8.035961389541625977e-01
-6.655612587928771973e-01
-1.914047122001647949e+00
-1.152476191520690918e+00
1.154169559478759766e+00
-2.308770269155502319e-01
-6.403421517461538315e-03
1.325370192527770996e+00
7.467566132545471191e-01
-7.564555108547210693e-02
5.602064728736877441e-01
7.626320123672485352e-01
5.358474254608154297e-01
-1.742186665534973145e+00
-1.401944637298583984e+00
-8.401432037353515625e-01
6.192766427993774414e-01
-1.258054494857788086e+00
5.776838064193725586e-01
2.301171869039535522e-01
-4.324936866760253906e-02
1.526421070098876953e+00
4.269870370626449585e-02
5.484804511070251465e-01
2.123290777206420898e+00
8.782037496566772461e-01
-1.180238842964172363e+00
3.951906859874725342e-01
-1.809886932373046875e+00
1.614061892032623291e-01
-1.372305750846862793e-01
7.846374511718750000e-01
-5.409569144248962402e-01
-5.140094757080078125e-01
-1.567195542156696320e-02
-1.216528892517089844e+00
-2.549630641937255859e+00
1.727012753486633301e+00
6.667631864547729492e-01
6.326376795768737793e-01
-1.054750606417655945e-01
-1.332920193672180176e+00
7.634013891220092773e-01
-1.338371038436889648e+00
1.361512303352355957e+00
1.665650010108947754e+00
-1.195614695549011230e+00
-5.279147624969482422e-01
1.153949618339538574e+00
2.393242418766021729e-01
1.740537285804748535e+00
1.183880686759948730e+00
-1.616429805755615234e+00
-2.711452245712280273e-01
-1.552510261535644531e+00
9.116907119750976562e-01
5.537402629852294922e-01
-1.039155483245849609e+00
-1.110822200775146484e+00
3.082264065742492676e-01
-8.307310342788696289e-01
8.407758176326751709e-02
1.493388175964355469e+00
9.453352093696594238e-01
1.276041388511657715e+00
2.328391373157501221e-02
3.329408168792724609e-01
1.181754708290100098e+00
-4.537287354469299316e-01
5.035193264484405518e-02
1.118909358978271484e+00
-3.534324169158935547e-01
1.021465539932250977e+00
-8.796945214271545410e-01
-5.364717245101928711e-01
1.802891492843627930e-01
1.602655529975891113e+00
-1.457126379013061523e+00
-1.241283491253852844e-01
5.721162557601928711e-01
-1.663425922393798828e+00
1.508853197097778320e+00
4.219949245452880859e-01
-5.654165148735046387e-02
2.414029687643051147e-01
1.655969023704528809e-02
1.875580191612243652e+00
9.494445919990539551e-01
1.288823485374450684e-01
-2.055766582489013672e+00
-3.126455843448638916e-01
-1.076437592506408691e+00
1.330653667449951172e+00
6.345604062080383301e-01
-1.342371344566345215e+00
-5.608416199684143066e-01
-6.546688675880432129e-01
3.925272449851036072e-02
1.013640284538269043e+00
-3.355342149734497070e-01
-5.388026237487792969e-01
-9.544768929481506348e-02
-1.015260815620422363e+00
9.772287607192993164e-01
-1.025317072868347168e+00
-1.070725798606872559e+00
6.380429267883300781e-01
-7.650695443153381348e-01
2.327102422714233398e+00
7.652365565299987793e-01
-1.096870526671409607e-01
-1.665679365396499634e-01
-1.279840916395187378e-01
6.489048004150390625e-01
-9.902952909469604492e-01
1.319910764694213867e+00
-5.486690998077392578e-01
-1.049667820334434509e-01
-3.483495712280273438e-01
-3.911250233650207520e-01
-1.591804623603820801e-01
1.079295426607131958e-01
-7.690527439117431641e-01
-1.268648982048034668e+00
1.382678389549255371e+00
7.699778676033020020e-01
-7.458506822586059570e-01
-2.231697559356689453e+00
1.192578911781311035e+00
1.845162510871887207e+00
-1.389440298080444336e-01
2.714420557022094727e+00
-4.551209807395935059e-01
2.279565036296844482e-01
-1.595037102699279785e+00
-2.096703052520751953e+00
-4.313929080963134766e-01
-8.270335197448730469e-02
3.518601357936859131e-01
2.420424222946166992e+00
-1.111520051956176758e+00
4.307252168655395508e-02
1.158703267574310303e-01
-3.537177443504333496e-01
1.625972986221313477e-01
-2.139942407608032227e+00
2.145502328872680664e+00
1.654282063245773315e-01
9.825122356414794922e-01
2.515078186988830566e-01
2.391623497009277344e+00
-1.233607754111289978e-01
-2.138964176177978516e+00
1.787711679935455322e-01
6.772199869155883789e-01
8.653453588485717773e-01
-1.122587323188781738e+00
-1.788024187088012695e+00
7.431573867797851562e-01
2.079912722110748291e-01
-2.722678184509277344e-01
4.797286391258239746e-01
-1.173511028289794922e+00
-1.610893368721008301e+00
-3.146756812930107117e-02
1.598553299903869629e+00
-1.089698076248168945e-02
-1.363820433616638184e+00
-4.487901031970977783e-01
-1.412531286478042603e-01
7.477397918701171875e-01
7.887997627258300781e-01
-1.672368407249450684e+00
-1.365412622690200806e-01
-1.574778079986572266e+00
-7.442793250083923340e-01
-2.560436725616455078e+00
1.974572986364364624e-01
3.730008900165557861e-01
3.581276237964630127e-01
-9.620247483253479004e-01
-2.538805902004241943e-01
-1.931917667388916016e-02
5.319569706916809082e-01
2.787222623825073242e+00
4.374764114618301392e-02
5.747057124972343445e-02
-8.526138067245483398e-01
-2.208552062511444092e-01
2.238219380378723145e-01
-1.849346756935119629e-01
7.182554006576538086e-01
-1.780682325363159180e+00
-3.763220608234405518e-01
-5.545839071273803711e-01
1.125768303871154785e+00
1.653420209884643555e+00
1.540901780128479004e+00
-1.306886434555053711e+00
7.902629375457763672e-01
2.356102019548416138e-01
7.537076473236083984e-01
-2.964484095573425293e-01
-7.012513279914855957e-01
-1.631473183631896973e+00
-1.559650003910064697e-01
-1.927510648965835571e-02
1.651902347803115845e-01
-9.258874058723449707e-01
7.026249766349792480e-01
1.470567703247070312e+00
1.295188903808593750e+00
-7.024367451667785645e-01
-3.440935611724853516e-01
1.774154067039489746e+00
-1.862434029579162598e+00
-2.726759612560272217e-01
7.384431958198547363e-01
8.493611216545104980e-01
8.548283576965332031e-01
-7.673823833465576172e-01
-3.404278159141540527e-01
-8.944624066352844238e-01
7.106217145919799805e-01
-1.275602459907531738e+00
-1.186106085777282715e+00
-2.108096122741699219e+00
1.741569757461547852e+00
-9.741482138633728027e-01
1.065684556961059570e+00
2.951515913009643555e-01
-2.030939102172851562e+00
-2.670150518417358398e+00
3.659667074680328369e-01
1.696207188069820404e-02
1.192232891917228699e-01
-1.139480590820312500e+00
1.208978056907653809e+00
3.830994367599487305e-01
1.999592900276184082e+00
-1.372120976448059082e-01
-2.805392444133758545e-01
-5.316208004951477051e-01
4.753577709197998047e-01
1.199205994606018066e+00
-3.727444708347320557e-01
1.899856925010681152e+00
-2.369386851787567139e-01
9.232790470123291016e-01
-8.237627744674682617e-01
-5.913638472557067871e-01
-1.131960034370422363e+00
-3.222079277038574219e-01
3.232017755508422852e-01
-1.189430117607116699e+00
1.268032312393188477e+00
1.506730198860168457e+00
5.653718113899230957e-01
5.440255403518676758e-01
-5.173330307006835938e-01
-1.308544278144836426e+00
2.917287945747375488e-01
-3.216337263584136963e-01
2.991610467433929443e-01
-1.036583185195922852e+00
4.360330998897552490e-01
-1.029642105102539062e+00
1.970555260777473450e-02
1.473511755466461182e-01
2.689032852649688721e-01
-1.490394353866577148e+00
-5.774593353271484375e-01
-1.225727319717407227e+00
8.023874163627624512e-01
-5.526201799511909485e-02
5.922911167144775391e-01
4.809843897819519043e-01
-7.943969964981079102e-01
1.991558670997619629e-01
5.467895269393920898e-01
1.409811735153198242e+00
-1.098220348358154297e-01
1.314930081367492676e+00
7.530859112739562988e-01
-6.008841395378112793e-01
1.813839673995971680e-01
-1.518607854843139648e+00
8.162426352500915527e-01
5.367905497550964355e-01
3.594925999641418457e-01
5.252476334571838379e-01
1.598973155021667480e+00
-2.204656302928924561e-01
-1.656288623809814453e+00
-1.169937849044799805e+00
-8.187580108642578125e-01
-4.258542135357856750e-02
1.382977008819580078e+00
7.841390371322631836e-01
-5.178978443145751953e-01
1.893403887748718262e+00
-5.708447694778442383e-01
1.376091718673706055e+00
1.794947236776351929e-01
5.235442519187927246e-01
-5.348009988665580750e-02
-2.227722667157649994e-02
-6.681431531906127930e-01
-5.880265235900878906e-01
