3.680484369397163391e-03
-8.235895074903964996e-03
4.781119152903556824e-02
4.632290918380022049e-03
-6.171222776174545288e-02
-2.296849340200424194e-01
-1.429975591599941254e-02
1.218258365988731384e-01
-1.524757146835327148e-01
-7.851563394069671631e-03
1.762399971485137939e-01
6.838848441839218140e-02
1.419959068298339844e-01
2.136809080839157104e-01
1.430900394916534424e-01
-1.072564795613288879e-01
-1.111930087208747864e-01
-1.484847813844680786e-01
1.639832407236099243e-01
1.110584512352943420e-01
1.301421672105789185e-01
5.686635151505470276e-02
-8.612921088933944702e-02
1.534542739391326904e-01
2.425849810242652893e-02
1.307084560394287109e-01
1.662640646100044250e-02
5.608710274100303650e-02
-1.697958111763000488e-01
-1.244258210062980652e-01
