1.744121909141540527e-01
1.184536099433898926e+00
-6.050148606300354004e-01
1.676020145416259766e+00
2.398517131805419922e-01
-7.915641367435455322e-02
1.905864834785461426e+00
4.205153882503509521e-01
1.346407175064086914e+00
-3.260316252708435059e-01
3.025609254837036133e-01
-4.366527497768402100e-01
1.562701314687728882e-01
5.109542012214660645e-01
-4.446145892143249512e-01
4.855490624904632568e-01
-1.337680369615554810e-01
-8.600661754608154297e-01
-4.600063264369964600e-01
-6.152669787406921387e-01
-1.993865966796875000e-01
-2.542196810245513916e-01
2.126940250396728516e+00
9.693932533264160156e-01
-5.821884870529174805e-01
2.678306698799133301e-01
5.609366297721862793e-01
-1.529937386512756348e+00
-1.028400540351867676e+00
1.802183032035827637e+00
-7.254680395126342773e-01
-5.962640643119812012e-01
-4.190906584262847900e-01
1.992341876029968262e-01
1.453280895948410034e-01
-1.767043210566043854e-02
1.495716571807861328e+00
1.694519400596618652e+00
-1.141265630722045898e+00
5.935271382331848145e-01
1.908994436264038086e+00
-1.193458914756774902e+00
-2.259216070175170898e+00
-1.165097951889038086e+00
1.175600647926330566e+00
-6.202074885368347168e-01
8.262671232223510742e-01
1.485309481620788574e+00
-3.767955005168914795e-01
9.388355016708374023e-01
5.822066068649291992e-01
-1.856843709945678711e+00
5.110301375389099121e-01
1.001494765281677246e+00
-1.065046787261962891e+00
-8.758497834205627441e-01
-1.040886640548706055e+00
1.091030716896057129e+00
-6.608585119247436523e-01
2.556465387344360352e+00
-1.932468265295028687e-01
8.824153542518615723e-01
-1.282259941101074219e+00
-3.757425844669342041e-01
-1.683354496955871582e+00
7.689536213874816895e-01
4.438439384102821350e-02
7.812855392694473267e-02
1.844606757164001465e+00
-5.854318141937255859e-01
-4.529949426651000977e-01
-8.619495481252670288e-02
-2.392479628324508667e-01
-1.347366333007812500e+00
1.199355959892272949e+00
-9.942696243524551392e-02
-2.134595632553100586e+00
1.173519134521484375e+00
-1.181896686553955078e+00
-2.538492679595947266e-01
7.518222928047180176e-02
-2.782140493392944336e+00
5.595363974571228027e-01
-7.360482215881347656e-02
1.054849386215209961e+00
8.997148275375366211e-01
1.554862141609191895e+00
8.900097608566284180e-01
5.142523050308227539e-01
7.005248069763183594e-01
4.905409514904022217e-01
-4.348447620868682861e-01
9.741513729095458984e-01
6.312696337699890137e-01
-1.170863509178161621e+00
-4.875100553035736084e-01
1.108979344367980957e+00
-4.536894615739583969e-03
-1.439359307289123535e+00
1.278895139694213867e+00
-6.723674479871988297e-03
-1.001695513725280762e+00
1.808121323585510254e+00
1.333947896957397461e+00
1.163450956344604492e+00
3.846909999847412109e-01
2.433181762695312500e+00
-3.225299417972564697e-01
-4.991456270217895508e-01
-7.387657165527343750e-01
1.327633976936340332e+00
-7.917600125074386597e-02
8.293988108634948730e-01
-1.293112188577651978e-01
1.386624574661254883e+00
1.533039331436157227e+00
-1.198697835206985474e-02
5.476330518722534180e-01
-2.732459008693695068e-01
-2.560870647430419922e-01
-1.386435627937316895e+00
5.350397825241088867e-01
8.072772026062011719e-01
-1.986474514007568359e+00
-5.601676553487777710e-02
-2.655571699142456055e-01
-5.208805799484252930e-01
-3.305222988128662109e-01
-2.170143127441406250e+00
-1.089347720146179199e+00
8.544799685478210449e-01
-2.408718504011631012e-02
-1.115960478782653809e+00
1.369017660617828369e-01
5.110403895378112793e-01
-2.042448997497558594e+00
-6.404315233230590820e-01
8.559507131576538086e-02
9.745047688484191895e-01
1.515394687652587891e+00
1.729290485382080078e+00
-7.172231674194335938e-01
-1.658719927072525024e-01
-1.225433573126792908e-01
-6.106307506561279297e-01
2.259716540575027466e-01
-5.911629796028137207e-01
3.122523725032806396e-01
-7.910584807395935059e-01
3.550679683685302734e-01
-5.326635241508483887e-01
-5.157679915428161621e-01
2.214132070541381836e+00
1.043250799179077148e+00
-4.281874895095825195e-01
1.752693653106689453e+00
-1.277262449264526367e+00
1.745586514472961426e+00
-1.014222860336303711e+00
6.205212473869323730e-01
-6.176304817199707031e-01
-1.561613202095031738e+00
3.401592373847961426e-01
1.710872888565063477e+00
-2.950495481491088867e-01
-6.460093855857849121e-01
4.061452448368072510e-01
-1.225812077522277832e+00
7.559986114501953125e-01
1.409169673919677734e+00
-1.020046137273311615e-02
-2.382154576480388641e-02
5.192830562591552734e-01
-6.867215633392333984e-01
-1.187609076499938965e+00
4.852735400199890137e-01
4.287482202053070068e-01
-6.225568652153015137e-01
-5.104505419731140137e-01
-5.993829965591430664e-01
1.160466551780700684e+00
1.302205085754394531e+00
8.877417445182800293e-01
7.951127737760543823e-02
-1.121683478355407715e+00
1.846525073051452637e+00
-3.426708877086639404e-01
-1.242622137069702148e+00
-2.460890561342239380e-01
1.876545071601867676e+00
7.276164293289184570e-01
-7.594941854476928711e-01
-1.921517610549926758e+00
3.501619994640350342e-01
2.357919812202453613e-01
4.065088629722595215e-01
1.021187424659729004e+00
-1.645092368125915527e+00
-1.147330403327941895e+00
1.531865000724792480e-01
-5.729657411575317383e-01
-5.763615667819976807e-02
-9.071580171585083008e-01
-2.014807015657424927e-01
1.233150839805603027e+00
-1.015620112419128418e+00
1.328323364257812500e+00
1.165620326995849609e+00
-1.860234498977661133e+00
-4.515785872936248779e-01
-1.046987056732177734e+00
9.103319048881530762e-01
-5.102416966110467911e-03
-1.469848155975341797e+00
6.081501245498657227e-01
3.045062720775604248e-01
4.241438210010528564e-01
-7.898870855569839478e-02
1.115893721580505371e+00
-5.683757737278938293e-02
-6.093971133232116699e-01
9.437771439552307129e-01
-5.102844834327697754e-01
9.212211966514587402e-01
3.902277350425720215e-01
9.728175401687622070e-02
-6.680252552032470703e-01
-7.432121634483337402e-01
1.886222720146179199e+00
2.085907012224197388e-01
1.709354758262634277e+00
-1.121988058090209961e+00
1.976713687181472778e-01
-9.111354947090148926e-01
-1.912762224674224854e-01
-4.233780130743980408e-02
1.901949286460876465e+00
-1.043920874595642090e+00
6.160076856613159180e-01
7.127748429775238037e-02
-3.157506287097930908e-01
4.207994341850280762e-01
1.303156763315200806e-01
-5.819832682609558105e-01
1.267003297805786133e+00
-2.470788918435573578e-02
-1.433070451021194458e-01
2.188749909400939941e-01
-1.769803285598754883e+00
-1.085081219673156738e+00
-6.281334906816482544e-02
-4.386981129646301270e-01
-6.145007014274597168e-01
1.051867723464965820e+00
5.751983448863029480e-02
6.349657177925109863e-01
9.027170538902282715e-01
3.159321844577789307e-01
4.438447952270507812e-01
6.483900547027587891e-01
3.774400651454925537e-01
-4.182713106274604797e-02
-1.449224948883056641e+00
-2.084367871284484863e-01
-4.535538256168365479e-01
2.046319961547851562e+00
-7.732467651367187500e-01
3.272187113761901855e-01
8.083676099777221680e-01
-1.922072283923625946e-02
1.403411388397216797e+00
9.534662961959838867e-01
-7.877122163772583008e-01
-1.440061211585998535e+00
-1.161782264709472656e+00
-3.752124905586242676e-01
4.100362360477447510e-01
1.036893501877784729e-01
-1.869939565658569336e+00
-6.016960740089416504e-01
-1.106791496276855469e+00
2.038314007222652435e-02
-3.587806224822998047e-01
-7.622326016426086426e-01
-1.085777759552001953e+00
-9.627651572227478027e-01
8.236979246139526367e-01
-9.114407896995544434e-01
8.425324559211730957e-01
-1.006627559661865234e+00
-1.227764725685119629e+00
-1.235824346542358398e+00
-4.925164878368377686e-01
1.786271780729293823e-01
-7.646327465772628784e-02
1.344985723495483398e+00
6.286485791206359863e-01
-2.804648280143737793e-01
2.302931696176528931e-01
-1.567551374435424805e+00
-1.606190681457519531e+00
8.009138107299804688e-01
-2.180119514465332031e+00
4.332647621631622314e-01
-1.987646222114562988e-01
9.595669507980346680e-01
-1.469581246376037598e+00
-5.564953684806823730e-01
7.504444718360900879e-01
6.603733897209167480e-01
-5.093494057655334473e-01
1.951860636472702026e-01
-8.571015596389770508e-01
6.333438754081726074e-01
-5.846427083015441895e-01
6.546104550361633301e-01
8.294311165809631348e-01
8.147609829902648926e-01
9.308292865753173828e-01
-1.075664520263671875e+00
-1.245400547981262207e+00
-3.461062312126159668e-01
-1.440739512443542480e+00
-4.057404994964599609e-01
-7.306652665138244629e-01
