-7.244029641151428223e-02 1.229494065046310425e-02 4.707369953393936157e-02 9.574401378631591797e-02 -2.307317918166518211e-03 2.806727960705757141e-02 -2.424122393131256104e-02 1.461513340473175049e-01 8.384418487548828125e-02 1.322246342897415161e-02 -1.017042547464370728e-01 -1.682904511690139771e-01 -9.642662107944488525e-02 -5.563741549849510193e-02 -8.514618128538131714e-02 -1.320459544658660889e-01 -1.550379302352666855e-02 1.398523058742284775e-02 -4.582091420888900757e-02 6.604868918657302856e-02 -1.795743554830551147e-01 -1.884259581565856934e-01 -1.814536564052104950e-02 1.678107865154743195e-02 -1.773808896541595459e-02 1.012063398957252502e-01 9.446812421083450317e-02 -7.267182320356369019e-02 1.273849457502365112e-01 7.478952873498201370e-03 6.554294377565383911e-02 -1.306450366973876953e-01 -2.385449782013893127e-02 -3.680834174156188965e-02 -6.816002726554870605e-02 -6.456749141216278076e-02 3.323001088574528694e-03 9.429346024990081787e-02 5.156537145376205444e-02 -2.729962021112442017e-02 1.005390882492065430e-01 8.516578376293182373e-02 1.304988283663988113e-02 5.997816845774650574e-02 7.376806437969207764e-02 -5.871116369962692261e-02 1.735979467630386353e-01 -6.942596286535263062e-02 -5.681244283914566040e-02 -6.654770672321319580e-02
-1.520422250032424927e-01 3.213760256767272949e-02 7.840851694345474243e-02 -1.119355857372283936e-02 8.598386496305465698e-02 -5.344090983271598816e-02 7.016721367835998535e-02 5.067513510584831238e-02 5.103817209601402283e-02 -1.317378692328929901e-02 4.810835793614387512e-02 -1.149932146072387695e-01 4.773123189806938171e-02 1.012304946780204773e-01 4.157812893390655518e-02 -2.645740844309329987e-02 -1.365533918142318726e-01 -1.418297886848449707e-01 -2.521301433444023132e-02 -2.378783188760280609e-02 7.177226990461349487e-02 -8.393065631389617920e-02 1.311881933361291885e-02 -5.495481565594673157e-02 -6.575384736061096191e-02 9.423708170652389526e-02 -1.096203401684761047e-01 6.709580123424530029e-02 -7.843860983848571777e-02 9.864923357963562012e-02 -7.976806163787841797e-02 -1.725799888372421265e-01 1.204167753458023071e-01 2.864699438214302063e-02 1.290836334228515625e-01 8.131831884384155273e-03 -5.409995466470718384e-02 7.423150539398193359e-02 -3.857310488820075989e-02 3.684070706367492676e-02 -1.072953119874000549e-01 1.791955977678298950e-01 1.426610350608825684e-01 9.391222149133682251e-02 -1.301969885826110840e-01 1.739899814128875732e-01 1.410226244479417801e-02 1.241926401853561401e-01 1.472126692533493042e-01 1.430783187970519066e-03
-6.264206767082214355e-02 1.366797685623168945e-01 -1.654524654150009155e-01 -9.764040261507034302e-02 -1.178452745079994202e-01 3.966673091053962708e-02 6.430935859680175781e-02 -3.983243554830551147e-02 -3.628714382648468018e-02 4.894680529832839966e-02 1.052423268556594849e-01 1.346984952688217163e-01 5.767575465142726898e-03 -5.048589780926704407e-02 1.049447730183601379e-01 4.702443256974220276e-02 1.726071233861148357e-03 1.192481964826583862e-01 -4.319520294666290283e-02 1.601281613111495972e-01 -8.565158350393176079e-04 -4.255884140729904175e-02 7.430878281593322754e-02 -3.028732724487781525e-02 5.929058417677879333e-02 -7.933563739061355591e-02 -5.684020370244979858e-02 -1.817919313907623291e-01 5.960003659129142761e-02 1.689097583293914795e-01 -1.565063893795013428e-01 -2.074968442320823669e-02 6.917667388916015625e-02 9.702885895967483521e-02 -1.069767177104949951e-01 1.645736396312713623e-01 -4.412334039807319641e-02 1.691537722945213318e-02 -9.208594262599945068e-02 1.647455990314483643e-01 1.020838469266891479e-01 3.234862163662910461e-02 -1.815416961908340454e-01 1.435424536466598511e-01 1.238237991929054260e-01 -1.665258407592773438e-01 8.285088837146759033e-02 -1.921048853546380997e-03 -2.054725028574466705e-02 -1.361982673406600952e-01
-3.987359628081321716e-02 -2.509798482060432434e-02 8.794438093900680542e-02 8.296637237071990967e-02 -2.664526738226413727e-02 1.192866861820220947e-01 5.255668982863426208e-02 1.172073483467102051e-01 -1.452084332704544067e-01 -4.026728868484497070e-02 -6.026078760623931885e-02 -5.842101946473121643e-02 -1.435336768627166748e-01 1.332422792911529541e-01 -1.873016916215419769e-02 -8.906478434801101685e-02 -1.811418533325195312e-01 -1.681000143289566040e-01 9.775140136480331421e-02 -1.232354342937469482e-02 5.316063389182090759e-02 1.748946867883205414e-02 7.530418783426284790e-02 1.041519269347190857e-02 1.648488827049732208e-02 1.918561011552810669e-01 -1.570296287536621094e-01 1.387788802385330200e-01 1.563585698604583740e-01 -1.090207546949386597e-01 1.943574994802474976e-01 -2.067965269088745117e-01 -1.949597522616386414e-02 2.479438262525945902e-04 1.690803170204162598e-01 -5.922231823205947876e-03 1.198226362466812134e-01 -9.662409126758575439e-02 -1.869850009679794312e-01 -1.262438297271728516e-01 -5.613948032259941101e-02 2.208113484084606171e-02 1.156199574470520020e-01 -2.046649530529975891e-02 -1.115810275077819824e-01 1.245572194457054138e-01 1.108613908290863037e-01 1.405867189168930054e-01 6.651170086115598679e-03 4.281573742628097534e-02
-1.484694182872772217e-01 -7.584653794765472412e-02 1.054410189390182495e-01 -1.705403327941894531e-01 6.452758610248565674e-02 2.507447451353073120e-02 -1.209466457366943359e-01 1.600006669759750366e-01 2.109274035319685936e-03 6.777586787939071655e-02 1.193394213914871216e-01 -7.092617452144622803e-02 -3.508377075195312500e-02 -1.454402040690183640e-02 -1.129861474037170410e-01 9.992417693138122559e-02 -1.159134954214096069e-01 7.969017326831817627e-02 -1.642527729272842407e-01 -1.504055112600326538e-01 -1.068743094801902771e-01 -2.025212906301021576e-02 5.961314216256141663e-02 8.692298084497451782e-02 9.426802396774291992e-02 8.604858815670013428e-02 -5.398479104042053223e-02 -2.365458989515900612e-03 1.555061191320419312e-01 -1.167871728539466858e-01 -7.318799197673797607e-02 -8.277776837348937988e-02 -1.575583815574645996e-01 -5.019156634807586670e-02 3.971571102738380432e-02 -1.002856269478797913e-01 6.607738882303237915e-02 6.104663014411926270e-02 3.933226317167282104e-02 -1.522082984447479248e-01 -6.225093454122543335e-02 -9.877613931894302368e-02 1.408393979072570801e-01 -1.351106166839599609e-01 -9.531091153621673584e-02 -3.527982532978057861e-02 -1.089333593845367432e-01 -1.067907586693763733e-01 1.615649787709116936e-03 4.946216940879821777e-02
3.230644389986991882e-02 -8.865471184253692627e-02 1.124761849641799927e-01 9.658452123403549194e-02 -1.000703126192092896e-01 -1.812810264527797699e-02 -7.512265443801879883e-02 2.571410685777664185e-02 -1.640082895755767822e-01 -1.235707327723503113e-01 -7.044760882854461670e-02 -4.275993630290031433e-02 8.012938313186168671e-03 4.774406552314758301e-02 -1.622347235679626465e-01 -1.043262556195259094e-01 4.063610360026359558e-02 -1.066933721303939819e-01 -5.937865376472473145e-02 -1.580148190259933472e-02 -3.467307612299919128e-02 -1.197918877005577087e-01 1.453533582389354706e-02 -2.408673427999019623e-02 8.402283489704132080e-02 7.931803911924362183e-02 -7.383175194263458252e-02 1.070312187075614929e-01 -1.076047992683015764e-04 -1.127777323126792908e-01 -4.672104492783546448e-02 -4.740004613995552063e-02 1.246688663959503174e-01 -5.949048697948455811e-02 5.012320354580879211e-02 -4.261753335595130920e-02 1.429954469203948975e-01 -5.211737751960754395e-02 7.730954885482788086e-02 -1.704372465610504150e-01 -2.698584645986557007e-02 -1.136783231049776077e-02 7.841397076845169067e-02 -6.297285202890634537e-03 4.783797543495893478e-03 1.816228777170181274e-01 1.713304370641708374e-01 1.094034537672996521e-01 6.879661977291107178e-02 5.399018153548240662e-02
-5.206567235291004181e-03 -1.561210006475448608e-01 3.297647833824157715e-02 6.736864149570465088e-02 7.330302894115447998e-02 4.576793685555458069e-02 5.314610898494720459e-02 1.687388867139816284e-01 -2.955123782157897949e-02 2.440621610730886459e-03 6.789445132017135620e-02 -9.462505578994750977e-02 3.511328995227813721e-02 4.536104574799537659e-02 9.478649497032165527e-02 6.787770241498947144e-02 -6.901596486568450928e-02 -5.317636765539646149e-03 -3.319946303963661194e-02 -1.128527373075485229e-01 -2.273293957114219666e-02 -1.690458506345748901e-01 1.964036189019680023e-02 -2.689604833722114563e-02 -9.043608605861663818e-02 4.362435266375541687e-02 -1.152647435665130615e-01 3.210268914699554443e-02 7.226770371198654175e-02 -1.373489201068878174e-01 -2.026069909334182739e-02 6.288818269968032837e-02 1.934158205986022949e-01 9.411624073982238770e-02 -7.978915423154830933e-02 -1.675086766481399536e-01 -6.728568673133850098e-02 2.536604925990104675e-02 -1.627911478281021118e-01 -1.215957924723625183e-01 -5.126205086708068848e-02 4.451352357864379883e-02 9.011124819517135620e-02 -9.840828366577625275e-03 3.492873907089233398e-02 2.623170614242553711e-02 1.001063268631696701e-02 9.702579677104949951e-02 -5.756938830018043518e-02 1.552059650421142578e-01
8.261642605066299438e-02 -5.768543109297752380e-02 -1.103993058204650879e-01 1.130096800625324249e-02 -4.004140570759773254e-02 8.895988762378692627e-02 -8.991077542304992676e-03 -1.813085526227951050e-01 8.459588512778282166e-03 3.091873601078987122e-02 1.037952154874801636e-01 2.100058132782578468e-03 1.834112778306007385e-02 -1.002099663019180298e-01 4.655404761433601379e-02 -1.789889857172966003e-02 -8.198121935129165649e-02 1.716190129518508911e-01 -6.901770085096359253e-02 -1.343331020325422287e-02 -9.681487828493118286e-02 9.213691204786300659e-02 -8.809988200664520264e-02 2.772574312984943390e-02 4.326593503355979919e-02 4.459051042795181274e-02 5.515681952238082886e-02 1.108962693251669407e-03 -8.653414249420166016e-02 1.404803991317749023e-01 -1.122123152017593384e-01 1.310276836156845093e-01 3.597410023212432861e-02 -1.241228505969047546e-01 -1.608154177665710449e-01 -2.751208283007144928e-02 -5.839351937174797058e-02 5.080531816929578781e-03 -7.790560275316238403e-02 5.976757779717445374e-02 -1.056090090423822403e-02 3.704203758388757706e-03 6.761089712381362915e-02 -2.051969431340694427e-02 4.666202142834663391e-02 4.616897925734519958e-02 -1.296142488718032837e-01 -1.152093484997749329e-01 5.997090041637420654e-02 -1.618521511554718018e-01
1.667523384094238281e-02 1.921645998954772949e-01 -3.654312714934349060e-02 -8.559309691190719604e-02 -6.935419887304306030e-02 -9.184039384126663208e-02 1.132476255297660828e-01 -8.395102806389331818e-03 1.981862038373947144e-01 8.718009293079376221e-02 1.800617724657058716e-01 1.223268657922744751e-01 -4.600125551223754883e-02 -8.457084745168685913e-02 -8.058650791645050049e-02 1.297827214002609253e-01 1.594337821006774902e-01 4.531431198120117188e-02 -5.337416753172874451e-02 -1.849947310984134674e-02 3.430261090397834778e-02 1.525224447250366211e-01 1.154661998152732849e-01 -1.741307042539119720e-02 -1.636604070663452148e-01 -3.486358001828193665e-02 7.803093641996383667e-02 9.295707941055297852e-02 -5.120462551712989807e-02 -2.472566068172454834e-02 -2.764681912958621979e-02 1.845528632402420044e-01 -5.493826791644096375e-02 3.244231641292572021e-02 -1.329687833786010742e-01 9.591799229383468628e-02 -2.621873095631599426e-02 -1.342642027884721756e-02 1.563933342695236206e-01 1.120331883430480957e-01 -1.095566060394048691e-02 -1.290116459131240845e-01 5.649001896381378174e-02 4.914125055074691772e-02 1.055189818143844604e-01 -1.870035231113433838e-01 -2.213318087160587311e-02 -8.232177048921585083e-02 -1.483899354934692383e-01 2.665451541543006897e-02
-1.853374997153878212e-03 -1.077206358313560486e-01 4.557531699538230896e-02 -1.198021043092012405e-02 -5.901203304529190063e-02 -8.074843138456344604e-02 6.765113770961761475e-02 -7.556434720754623413e-02 -3.413676097989082336e-02 1.338035799562931061e-02 7.343906164169311523e-02 4.889607429504394531e-02 -7.982651144266128540e-02 9.991406649351119995e-02 3.082779794931411743e-02 -8.528016507625579834e-02 1.750179566442966461e-02 -1.570234447717666626e-01 5.032519623637199402e-02 2.199408411979675293e-02 6.426352262496948242e-02 -4.834682866930961609e-02 -8.255057036876678467e-02 -8.157651871442794800e-02 -9.184896945953369141e-02 -4.605723172426223755e-02 8.479601889848709106e-02 9.137349575757980347e-02 -7.262048125267028809e-02 1.139880623668432236e-02 9.773933142423629761e-02 -1.492741554975509644e-01 1.970402449369430542e-01 1.218189150094985962e-01 -9.412382543087005615e-02 -8.246255666017532349e-02 1.462993919849395752e-01 -1.400348097085952759e-01 -1.130474284291267395e-01 1.499679405242204666e-02 -1.355789322406053543e-02 1.532853096723556519e-01 1.526849418878555298e-01 3.047107160091400146e-02 3.744949027895927429e-02 7.651226129382848740e-03 2.817640453577041626e-02 1.186092421412467957e-01 2.930288203060626984e-02 -8.738763630390167236e-03
-7.179022580385208130e-02 -1.720173507928848267e-01 -4.111189767718315125e-02 7.027027755975723267e-02 5.493381246924400330e-02 -1.425970532000064850e-02 -1.243153810501098633e-01 -7.036646129563450813e-04 -1.592501550912857056e-01 -1.514021307229995728e-01 6.446313112974166870e-02 -1.915914565324783325e-01 -1.047028973698616028e-02 -6.302591413259506226e-02 4.034409672021865845e-02 -1.831451207399368286e-01 1.373876035213470459e-01 -1.718117743730545044e-01 -1.215017121285200119e-02 -1.654767990112304688e-01 -1.369614899158477783e-01 -1.662963181734085083e-01 3.735849261283874512e-02 2.185519784688949585e-02 7.274486124515533447e-02 2.587280049920082092e-02 -1.065427884459495544e-01 1.928474903106689453e-01 -1.536618322134017944e-01 -3.178839385509490967e-02 2.251161634922027588e-02 4.919288307428359985e-02 1.146998554468154907e-01 8.393534272909164429e-02 1.314436644315719604e-01 1.031561791896820068e-01 -9.156822413206100464e-02 -1.209207773208618164e-01 8.521524816751480103e-02 9.921208024024963379e-02 9.445681422948837280e-02 9.795995056629180908e-02 1.653871238231658936e-01 -1.593661308288574219e-01 -1.615759134292602539e-01 1.284096240997314453e-01 8.529128879308700562e-02 1.091588735580444336e-01 6.102611124515533447e-02 1.120775267481803894e-01
1.347828507423400879e-01 -2.465882524847984314e-02 -1.253336668014526367e-01 7.326395809650421143e-02 -5.557281151413917542e-02 -1.821380257606506348e-01 -7.342932373285293579e-02 4.922461509704589844e-02 1.842368692159652710e-01 1.116783022880554199e-01 1.099212095141410828e-01 1.331991702318191528e-01 5.773743987083435059e-02 -2.069323062896728516e-01 -3.454608842730522156e-02 -4.174968227744102478e-02 6.353271752595901489e-02 1.233638301491737366e-01 -9.529080986976623535e-02 1.343201547861099243e-01 9.450088441371917725e-02 -7.997220009565353394e-02 1.641471982002258301e-01 1.286442577838897705e-01 -3.415672853589057922e-02 -1.915779113769531250e-01 -9.167782263830304146e-04 -1.648482829332351685e-01 -3.449063375592231750e-02 5.675868690013885498e-02 1.051005721092224121e-01 -4.838388040661811829e-02 -7.610492408275604248e-03 -1.323513537645339966e-01 -5.652375519275665283e-02 1.747467368841171265e-01 -1.845702342689037323e-02 1.199104338884353638e-01 1.487063318490982056e-01 1.520887315273284912e-01 1.161141321063041687e-01 -1.083440631628036499e-01 5.222899466753005981e-02 8.556983619928359985e-02 1.151712685823440552e-01 3.690420184284448624e-03 -5.370197072625160217e-02 -1.818152517080307007e-02 4.509564116597175598e-02 1.406597159802913666e-02
9.034714102745056152e-02 9.493409097194671631e-02 -3.695582970976829529e-02 -1.282873447053134441e-03 6.632781028747558594e-02 -8.997223526239395142e-02 2.613717690110206604e-02 -3.537832945585250854e-02 1.274753212928771973e-01 1.149993017315864563e-01 -8.019510656595230103e-02 -6.852856278419494629e-02 -6.332355737686157227e-02 8.350503444671630859e-02 -3.144200891256332397e-02 1.895652413368225098e-01 -4.638486355543136597e-02 1.084899995476007462e-02 -7.767342031002044678e-02 5.842584744095802307e-02 5.858367308974266052e-02 1.725121289491653442e-01 -6.647073477506637573e-02 -3.168678143993020058e-03 -1.825816184282302856e-01 -4.526427388191223145e-02 -4.368038475513458252e-02 1.501815486699342728e-02 -1.715691834688186646e-01 1.422199457883834839e-01 2.450275607407093048e-02 3.205888345837593079e-02 -1.269327849149703979e-01 3.489801660180091858e-02 -5.740729719400405884e-02 5.876307934522628784e-02 -4.420522972941398621e-02 1.426888853311538696e-01 1.735242307186126709e-01 1.905727386474609375e-01 1.454086303710937500e-01 -1.754192113876342773e-01 7.757457345724105835e-02 6.425611674785614014e-02 4.760534036904573441e-03 -6.122962385416030884e-02 -1.803811192512512207e-01 -9.033026546239852905e-02 -6.540653994306921959e-04 4.887608811259269714e-02
-4.604769870638847351e-02 1.120280027389526367e-01 -2.240002900362014771e-02 -5.346358940005302429e-02 4.533483088016510010e-02 -5.164149403572082520e-02 -4.179138317704200745e-02 5.045714601874351501e-02 1.066743284463882446e-01 1.688060611486434937e-01 1.164124235510826111e-01 -9.499889612197875977e-02 -8.718213438987731934e-02 -1.809367835521697998e-01 -3.329430893063545227e-02 3.823895752429962158e-02 1.588454842567443848e-01 1.329891085624694824e-01 3.565012663602828979e-02 1.551779061555862427e-01 9.456147253513336182e-02 -1.128057483583688736e-02 -5.778788402676582336e-02 1.717774271965026855e-01 -1.464567333459854126e-01 -1.289931684732437134e-01 -3.341324627399444580e-02 6.851413846015930176e-02 2.062820829451084137e-02 -5.068566277623176575e-02 -1.621541082859039307e-01 1.863947883248329163e-02 -1.263986527919769287e-01 -1.459217220544815063e-01 -6.937162578105926514e-02 5.802562460303306580e-03 4.826574772596359253e-02 -4.750329628586769104e-02 9.489061683416366577e-02 7.945837825536727905e-02 4.736863076686859131e-02 3.737778402864933014e-03 -1.453676819801330566e-01 8.151939138770103455e-03 1.420301478356122971e-02 -1.450497508049011230e-01 -1.107429862022399902e-01 -5.677054077386856079e-02 1.851727813482284546e-02 -1.685510575771331787e-01
-1.936573162674903870e-02 -7.325088977813720703e-02 3.674288466572761536e-02 1.642050594091415405e-01 1.031606718897819519e-01 1.238047555088996887e-01 -1.531142294406890869e-01 1.247797608375549316e-01 -1.944693028926849365e-01 6.962797045707702637e-02 -1.853489130735397339e-01 -3.098977170884609222e-02 -7.493998855352401733e-02 1.559836864471435547e-01 -3.370865806937217712e-02 -1.649398058652877808e-01 -1.735142469406127930e-01 4.892144724726676941e-02 -6.322098523378372192e-02 5.233933217823505402e-03 -2.042592130601406097e-02 -1.659525334835052490e-01 5.946309491991996765e-02 -1.676814258098602295e-01 -1.774417795240879059e-02 -7.464013248682022095e-02 -8.573381602764129639e-02 4.471943154931068420e-02 -4.979735985398292542e-02 -1.027407646179199219e-01 -2.308377251029014587e-02 6.571375578641891479e-02 -9.625379741191864014e-02 3.580011054873466492e-02 -6.143091991543769836e-02 5.844641849398612976e-02 1.258120834827423096e-01 -1.931966245174407959e-01 -8.870318531990051270e-02 -1.254795789718627930e-01 -1.739793419837951660e-01 2.470988221466541290e-02 9.594033658504486084e-02 -1.693873703479766846e-01 -1.999067515134811401e-01 1.103739812970161438e-01 9.499144554138183594e-02 1.154195051640272141e-02 9.013634175062179565e-02 1.027901321649551392e-01
1.022139098495244980e-02 8.925949037075042725e-02 1.461029797792434692e-01 -2.614301815629005432e-02 5.331916734576225281e-03 1.670679897069931030e-01 -1.841466128826141357e-01 1.629503816366195679e-01 -1.664810180664062500e-01 3.772818297147750854e-02 -1.384779214859008789e-01 9.065982699394226074e-02 6.069388613104820251e-02 -3.938101872336119413e-04 -7.574041932821273804e-02 -7.316275686025619507e-02 4.581535235047340393e-02 -8.631855249404907227e-03 1.951947808265686035e-01 9.118593484163284302e-02 6.640239804983139038e-02 -1.010969132184982300e-01 -1.393244266510009766e-01 -1.742658764123916626e-02 -6.149608269333839417e-02 9.639934450387954712e-02 8.333624899387359619e-02 -1.836783625185489655e-02 1.133227050304412842e-01 -1.639845594763755798e-02 1.600468903779983521e-01 4.289608076214790344e-02 1.279002428054809570e-02 -6.778377294540405273e-02 9.392839670181274414e-02 5.586144048720598221e-03 7.982331514358520508e-02 6.887070089578628540e-02 -1.235428377985954285e-01 6.217882782220840454e-02 5.098316445946693420e-02 1.333078593015670776e-01 -6.351912766695022583e-02 1.893634721636772156e-02 7.174544036388397217e-02 -5.246012657880783081e-02 2.147117443382740021e-02 6.926892697811126709e-02 7.594902068376541138e-02 1.744111627340316772e-01
8.410757780075073242e-02 5.782571807503700256e-02 9.099256247282028198e-02 1.178918778896331787e-01 -9.990800917148590088e-02 -4.858081042766571045e-02 1.860401779413223267e-02 5.318215489387512207e-02 6.969461683183908463e-03 -5.627655610442161560e-02 -1.218578815460205078e-01 -3.912372887134552002e-02 -7.254599034786224365e-02 1.928550153970718384e-01 7.246273010969161987e-02 2.742415480315685272e-02 -2.144046872854232788e-01 -1.898462474346160889e-01 8.661313354969024658e-02 5.344591289758682251e-02 -4.423346742987632751e-02 7.826651446521282196e-03 -1.640065610408782959e-01 3.229384496808052063e-02 -2.261726558208465576e-02 -6.054745987057685852e-02 -1.889485567808151245e-01 1.033936068415641785e-01 2.180565744638442993e-01 5.911799892783164978e-02 6.357947736978530884e-02 -1.844021230936050415e-01 4.744841530919075012e-02 1.229167357087135315e-01 6.282478570938110352e-02 -3.099171258509159088e-02 2.020892500877380371e-01 -3.539661318063735962e-02 -1.185318529605865479e-01 3.418614715337753296e-02 5.807883106172084808e-03 -8.469451218843460083e-02 4.320673272013664246e-02 -1.097446680068969727e-01 6.438652519136667252e-03 8.877874165773391724e-02 9.030932933092117310e-02 4.737880825996398926e-02 6.577487289905548096e-02 1.330334972590208054e-02
-1.773874014616012573e-01 -1.527824699878692627e-01 1.545080095529556274e-01 4.901477694511413574e-02 4.915089905261993408e-02 -8.235721290111541748e-02 3.607662627473473549e-03 1.502867490053176880e-01 -7.738541811704635620e-02 -8.448518812656402588e-02 -1.190035715699195862e-01 -1.891610622406005859e-01 3.654158860445022583e-02 1.014646664261817932e-01 2.423123084008693695e-02 -7.020840048789978027e-02 -1.564829498529434204e-01 -1.527826022356748581e-02 2.361868508160114288e-02 8.872181922197341919e-02 -1.556962430477142334e-01 -1.246340498328208923e-01 -1.127189248800277710e-01 -1.669361293315887451e-01 1.752554923295974731e-01 8.311336860060691833e-03 -8.329614996910095215e-02 1.031882762908935547e-01 -2.334255911409854889e-02 -1.593388319015502930e-01 8.860602974891662598e-02 -1.351307779550552368e-01 1.899378895759582520e-01 -7.467505335807800293e-02 -3.535879030823707581e-02 6.267698109149932861e-02 1.064433250576257706e-02 -6.822860985994338989e-02 1.607357710599899292e-02 1.041149348020553589e-02 3.126696869730949402e-02 8.895558863878250122e-02 4.312072414904832840e-03 -9.903462231159210205e-02 -1.505697816610336304e-01 2.255916967988014221e-02 -1.079313457012176514e-02 -2.212692424654960632e-02 1.065218895673751831e-01 7.849485427141189575e-02
-5.136250704526901245e-02 6.997422128915786743e-02 6.498680263757705688e-02 -2.397579140961170197e-02 -2.132878452539443970e-02 -6.669045984745025635e-02 -9.692507237195968628e-02 5.059124901890754700e-03 5.144212022423744202e-02 -1.434568911790847778e-01 -6.238038465380668640e-02 -6.514044106006622314e-02 -1.976919174194335938e-01 -4.335199669003486633e-02 7.909390330314636230e-02 1.908994652330875397e-02 -6.081856414675712585e-02 -1.001394987106323242e-01 9.084204584360122681e-02 9.277094900608062744e-02 -9.477261453866958618e-02 7.571292226202785969e-04 4.782850295305252075e-02 -3.025518730282783508e-02 9.584817290306091309e-02 1.781787872314453125e-01 5.177173018455505371e-02 1.988775134086608887e-01 -3.155421838164329529e-02 9.498269110918045044e-02 2.038152143359184265e-02 -1.589879742823541164e-03 7.975303567945957184e-03 1.646749526262283325e-01 -6.276971101760864258e-02 -6.139922514557838440e-02 -3.815523814409971237e-03 -1.348265167325735092e-02 5.099315568804740906e-02 8.777695894241333008e-02 1.303649842739105225e-01 5.049226433038711548e-02 9.893247485160827637e-02 -2.324956469237804413e-02 3.352265805006027222e-02 -2.471556421369314194e-03 -4.139387048780918121e-03 1.559581011533737183e-01 1.089493185281753540e-01 1.024936214089393616e-01
1.400555670261383057e-02 6.349890958517789841e-03 -2.046869248151779175e-01 -8.652858436107635498e-02 1.094764657318592072e-02 6.765857338905334473e-02 9.509377181529998779e-02 -9.821441955864429474e-03 -2.774036489427089691e-02 -1.315611135214567184e-02 5.092424526810646057e-02 1.258473396301269531e-01 8.126351237297058105e-02 9.725960344076156616e-02 1.186889111995697021e-01 5.914092808961868286e-02 5.424871668219566345e-02 -2.209355868399143219e-02 -9.455166757106781006e-02 1.064990554004907608e-02 -5.983710661530494690e-02 1.569675952196121216e-01 -3.909412771463394165e-02 -3.279056772589683533e-02 -1.209344044327735901e-01 -1.257137656211853027e-01 1.658724248409271240e-02 2.592871151864528656e-02 -1.021367846988141537e-03 -6.518796086311340332e-02 -1.678558625280857086e-02 7.911080867052078247e-02 -9.693962335586547852e-02 -2.033770978450775146e-01 2.185474522411823273e-02 -9.225806593894958496e-02 -7.432224601507186890e-02 -1.487922109663486481e-02 5.589686706662178040e-02 -2.681394852697849274e-02 6.852549314498901367e-02 -7.437952607870101929e-02 -9.268796443939208984e-02 -8.846130222082138062e-02 -6.397110968828201294e-02 2.167341485619544983e-02 7.223226130008697510e-02 5.597116798162460327e-02 -1.709486730396747589e-02 -6.539116799831390381e-02
6.814400106668472290e-02 -7.248688489198684692e-02 1.570270396769046783e-02 1.571397334337234497e-01 -2.919923141598701477e-02 -9.902698919177055359e-03 -1.676836013793945312e-01 2.851944603025913239e-02 4.858485236763954163e-02 -7.631558179855346680e-02 -8.009146898984909058e-03 -3.095841780304908752e-02 -1.523397266864776611e-01 1.562058627605438232e-01 -1.729751229286193848e-01 3.168368339538574219e-02 -1.430429331958293915e-02 9.075468778610229492e-02 1.151618659496307373e-01 -9.534972719848155975e-03 1.750482060015201569e-02 -1.151790022850036621e-01 7.016398012638092041e-02 3.116147406399250031e-02 1.780979186296463013e-01 2.721636556088924408e-02 6.250391155481338501e-02 -4.997732490301132202e-02 -7.278925925493240356e-02 -4.230197891592979431e-02 -2.452570199966430664e-02 6.507005542516708374e-02 -4.227072000503540039e-02 -9.593309462070465088e-02 8.905249089002609253e-02 -6.867966800928115845e-02 -7.351318001747131348e-02 -6.719556637108325958e-03 -2.786051668226718903e-02 2.543296106159687042e-02 -1.200922355055809021e-01 -3.069096803665161133e-02 -9.084258973598480225e-02 -3.773976117372512817e-02 5.063296109437942505e-02 1.398938894271850586e-01 1.334815025329589844e-01 -1.387225370854139328e-02 3.107091598212718964e-02 1.388969570398330688e-01
4.732515290379524231e-02 8.570319972932338715e-03 1.421023160219192505e-01 -6.528620142489671707e-03 -5.923059955239295959e-02 7.185612618923187256e-02 -1.144935861229896545e-01 4.416124150156974792e-02 7.081329822540283203e-02 1.443813927471637726e-02 -1.582929939031600952e-01 -1.418300569057464600e-01 -4.605109244585037231e-02 -8.784474432468414307e-02 -7.031001150608062744e-02 -7.146593183279037476e-02 -1.221515536308288574e-01 1.118011027574539185e-02 7.703731954097747803e-02 5.039482191205024719e-02 -1.829402893781661987e-01 -1.268662661314010620e-01 -1.074366271495819092e-02 6.259611994028091431e-02 -8.281718939542770386e-02 1.282671540975570679e-01 9.862756729125976562e-02 2.032158821821212769e-01 1.412534266710281372e-01 -3.060551546514034271e-02 1.425377726554870605e-01 -5.072594434022903442e-02 5.154963955283164978e-02 1.774273812770843506e-01 -1.759998500347137451e-02 -1.681939959526062012e-01 3.759763017296791077e-02 -3.023153112735599279e-04 2.114389836788177490e-02 -2.795485965907573700e-02 1.176727563142776489e-01 1.836205571889877319e-01 -6.763733178377151489e-02 4.861778020858764648e-02 -1.503245085477828979e-01 8.359310030937194824e-02 -4.819729924201965332e-02 6.514658685773611069e-03 9.970505535602569580e-02 1.309561580419540405e-01
-6.828182190656661987e-02 4.649747535586357117e-02 -1.719966344535350800e-02 2.003510147333145142e-01 8.936802297830581665e-02 -8.372279256582260132e-02 -4.494870826601982117e-02 1.343174874782562256e-01 -4.982317611575126648e-02 6.184556707739830017e-02 1.994189806282520294e-02 -5.061743780970573425e-02 -4.590510576963424683e-02 -5.806671828031539917e-02 -6.897165440022945404e-03 -1.713654249906539917e-01 5.800161510705947876e-02 8.827957510948181152e-02 1.094463765621185303e-01 1.419025100767612457e-02 -1.544881612062454224e-01 -4.762160405516624451e-02 -1.417819708585739136e-01 -3.618662059307098389e-02 1.205803826451301575e-01 -5.224904790520668030e-02 -8.922699093818664551e-02 1.406164467334747314e-01 7.000984996557235718e-02 -4.772403091192245483e-02 -6.213292852044105530e-02 5.669665336608886719e-02 7.075680792331695557e-02 3.780704736709594727e-02 -9.663647413253784180e-02 9.779111295938491821e-02 2.891195192933082581e-02 5.343193933367729187e-02 6.084660813212394714e-02 -4.423932405188679695e-04 5.247002840042114258e-02 -3.472254425287246704e-02 1.450939327478408813e-01 2.369024557992815971e-03 4.397782962769269943e-03 9.825801104307174683e-02 -2.935205027461051941e-02 1.320604681968688965e-01 -6.652792217209935188e-04 3.174105891957879066e-03
-3.694919124245643616e-02 1.361796557903289795e-01 -1.459594722837209702e-02 -6.300517707131803036e-04 -3.885726630687713623e-02 6.157717481255531311e-02 -2.950491569936275482e-02 -1.692682318389415741e-02 8.997669070959091187e-02 1.220304518938064575e-01 7.488416880369186401e-02 -1.115274988114833832e-02 9.770329110324382782e-03 -7.960817217826843262e-02 -7.021585851907730103e-02 1.794396489858627319e-01 1.746811121702194214e-01 6.457617878913879395e-02 -1.178922653198242188e-01 9.301412105560302734e-02 1.507932543754577637e-01 7.638306170701980591e-02 6.146903708577156067e-02 3.414857760071754456e-02 -1.655521541833877563e-01 5.830032750964164734e-02 -6.520456820726394653e-02 -1.781630516052246094e-01 -9.194310754537582397e-03 -1.890478283166885376e-02 -6.672398746013641357e-02 9.451876580715179443e-02 -6.691910326480865479e-02 -1.268014162778854370e-01 2.110257931053638458e-02 9.666550904512405396e-02 5.442810803651809692e-02 -6.780365854501724243e-02 1.863950118422508240e-02 6.601914018392562866e-02 -3.562168031930923462e-02 -1.222687959671020508e-01 -1.570071727037429810e-01 1.388154923915863037e-01 8.293693512678146362e-02 -1.854394823312759399e-01 3.217254206538200378e-02 6.416241079568862915e-02 -1.282608360052108765e-01 -1.169970259070396423e-01
-5.331049114465713501e-02 -4.911644384264945984e-03 -1.017805561423301697e-01 -1.266094893217086792e-01 -1.744867712259292603e-01 -1.251046210527420044e-01 1.685627549886703491e-01 -1.201061233878135681e-01 1.268161833286285400e-01 1.772830635309219360e-01 -8.173801004886627197e-03 1.619419604539871216e-01 3.556616138666868210e-03 -1.009192224591970444e-02 7.320760190486907959e-02 6.159227341413497925e-03 2.917677164077758789e-02 7.803320139646530151e-02 -1.964161247014999390e-01 1.813932955265045166e-01 4.692327696830034256e-03 1.902635246515274048e-01 1.704757213592529297e-01 1.036348044872283936e-01 -1.019821409136056900e-02 -1.659079194068908691e-01 -4.278731066733598709e-03 -1.315314918756484985e-01 -2.835694514214992523e-02 3.095681220293045044e-02 -1.379199139773845673e-02 5.414170026779174805e-02 -8.750013262033462524e-02 -9.863269329071044922e-02 -1.235283911228179932e-03 -8.520440012216567993e-02 1.881207921542227268e-03 1.471328586339950562e-01 -6.748372316360473633e-02 -3.873267769813537598e-02 -9.592946618795394897e-02 -7.145515829324722290e-02 -3.612430393695831299e-02 -5.367762641981244087e-04 4.405323415994644165e-02 7.055847346782684326e-02 -1.538985669612884521e-01 -2.833417057991027832e-02 -8.208645135164260864e-02 -9.291442111134529114e-03
-1.878138780593872070e-01 -4.148552194237709045e-02 4.007952660322189331e-02 9.586566686630249023e-02 5.440207943320274353e-02 -5.362614989280700684e-02 6.809191405773162842e-02 8.236496150493621826e-02 -8.139205724000930786e-02 -1.123207956552505493e-01 9.773450344800949097e-02 -7.484992593526840210e-02 -5.677055567502975464e-02 -5.427489057183265686e-02 8.674578368663787842e-02 -2.861716039478778839e-02 -9.229706972837448120e-02 3.983930498361587524e-02 -2.418270334601402283e-02 5.338420346379280090e-02 -7.314396649599075317e-02 -2.015627622604370117e-01 1.492539141327142715e-02 -1.779824122786521912e-02 4.081868752837181091e-02 -4.377409070730209351e-02 -2.049797028303146362e-02 -2.682551369071006775e-02 -6.088043376803398132e-02 -4.940830543637275696e-02 -7.737024128437042236e-02 -9.054458141326904297e-02 1.400949954986572266e-01 1.505239903926849365e-01 3.890765085816383362e-02 2.068646810948848724e-02 -4.992606118321418762e-02 -5.326099228113889694e-03 -6.944382190704345703e-02 -1.507722288370132446e-01 -4.766120016574859619e-02 8.297111839056015015e-02 5.625447956845164299e-04 -1.775263249874114990e-01 -5.436046048998832703e-02 -4.069060832262039185e-02 1.379691213369369507e-01 1.046475023031234741e-01 -5.363203212618827820e-02 1.232274845242500305e-01
-5.792350694537162781e-02 -6.451196968555450439e-02 -3.708916902542114258e-02 -3.307875245809555054e-02 -8.290966600179672241e-02 9.310798346996307373e-02 -4.384629800915718079e-02 -8.685648441314697266e-03 -6.026841700077056885e-02 6.105303391814231873e-02 -1.036370843648910522e-01 -1.980267912149429321e-01 7.762783020734786987e-02 -4.457050189375877380e-02 4.749000817537307739e-02 -1.252818014472723007e-02 -1.854266226291656494e-01 -8.396574109792709351e-02 2.101895771920681000e-02 -1.678375154733657837e-01 2.631233260035514832e-02 -1.808711886405944824e-01 -2.035469412803649902e-01 -1.678765416145324707e-01 -1.915955217555165291e-04 9.468416869640350342e-02 -1.056051701307296753e-01 1.519444882869720459e-01 1.192125082015991211e-01 -1.466884016990661621e-01 4.383092373609542847e-02 -1.228799819946289062e-01 1.509511768817901611e-01 2.012570947408676147e-01 3.279997408390045166e-02 -1.007893308997154236e-01 4.073276650160551071e-03 -6.274331361055374146e-03 -9.333879500627517700e-02 -1.300286501646041870e-01 2.238437905907630920e-02 4.490703716874122620e-02 2.538641914725303650e-02 4.168806970119476318e-02 -2.980940602719783783e-02 1.244547888636589050e-01 -7.054791599512100220e-02 -3.429371491074562073e-02 1.583566665649414062e-01 -6.128380075097084045e-02
-1.637647598981857300e-01 7.023297250270843506e-02 5.871293693780899048e-02 -5.114075914025306702e-02 2.491965889930725098e-02 -8.320087194442749023e-02 2.632648311555385590e-02 9.015051275491714478e-02 2.131439931690692902e-02 -1.469517648220062256e-01 -1.894284039735794067e-01 -9.416809678077697754e-02 -6.714475899934768677e-02 -1.529619004577398300e-02 -6.943809986114501953e-02 -1.175681576132774353e-01 -1.107170954346656799e-01 -1.213385760784149170e-01 7.417859137058258057e-02 2.582501992583274841e-02 2.102285623550415039e-02 1.742531545460224152e-02 -5.013351514935493469e-02 2.189892157912254333e-02 6.095813214778900146e-02 -5.545044690370559692e-02 -1.881313025951385498e-01 -8.658652752637863159e-02 -7.234702818095684052e-03 -8.429220318794250488e-02 -5.111042782664299011e-02 -7.127167284488677979e-02 -9.344013524241745472e-04 8.780873380601406097e-03 1.098499149084091187e-01 -1.364765223115682602e-02 -4.966315254569053650e-02 -1.320169568061828613e-01 3.433932363986968994e-02 -1.804408431053161621e-01 -1.694624125957489014e-02 1.117137372493743896e-01 -4.758597537875175476e-02 -1.862333565950393677e-01 -9.017528593540191650e-02 7.620401680469512939e-02 7.707624696195125580e-03 6.671720743179321289e-02 -3.103990480303764343e-02 -3.805551305413246155e-02
1.477372199296951294e-01 1.203862279653549194e-01 1.545915100723505020e-02 -1.151395142078399658e-01 -2.504200302064418793e-02 -8.249861747026443481e-02 -1.707662455737590790e-02 -1.288769841194152832e-01 9.566099196672439575e-02 7.560512423515319824e-02 -1.625636219978332520e-02 -8.103028684854507446e-02 -4.122304916381835938e-02 -1.150557845830917358e-01 4.866497963666915894e-02 1.296902000904083252e-01 4.680448770523071289e-02 -5.603360757231712341e-02 -6.607489287853240967e-02 6.462949514389038086e-02 8.212328702211380005e-02 1.334095746278762817e-01 8.696404099464416504e-02 1.853581368923187256e-01 -4.491850361227989197e-02 -1.686259806156158447e-01 1.563243120908737183e-01 2.210366725921630859e-02 -1.495161056518554688e-01 1.289106011390686035e-01 -1.090659201145172119e-01 -7.394773513078689575e-02 -9.188254922628402710e-02 -1.005299985408782959e-01 -1.672079041600227356e-02 5.083632469177246094e-02 -9.645155072212219238e-02 -7.539942115545272827e-02 7.526139169931411743e-02 1.088950484991073608e-01 1.035652086138725281e-01 3.838492184877395630e-02 8.698370307683944702e-02 -7.300394773483276367e-02 -6.124570593237876892e-02 8.962190896272659302e-02 -1.542564779520034790e-01 -1.934434473514556885e-01 -1.071418747305870056e-01 -3.015521541237831116e-02
-3.674891591072082520e-02 -1.238528266549110413e-01 -2.889760769903659821e-02 3.980986028909683228e-02 -3.410273697227239609e-03 -5.615587532520294189e-02 -1.566891819238662720e-01 5.243190564215183258e-03 3.620484471321105957e-02 -5.414038524031639099e-02 -1.282060146331787109e-01 7.270537316799163818e-02 -1.388872861862182617e-01 9.414341300725936890e-02 -1.749931871891021729e-01 6.318761408329010010e-02 -9.938868135213851929e-02 7.834430783987045288e-02 1.387465447187423706e-01 2.638552896678447723e-02 -1.128388643264770508e-01 -4.217629879713058472e-02 5.514687299728393555e-02 -1.486489027738571167e-01 2.637616544961929321e-02 1.300112158060073853e-01 -4.836162179708480835e-02 -6.734273582696914673e-02 -7.150040566921234131e-02 -6.905874609947204590e-02 -6.438966095447540283e-02 -8.806685358285903931e-02 1.698919087648391724e-01 1.614592224359512329e-01 1.248820051550865173e-01 9.091112762689590454e-02 7.010260969400405884e-02 1.923358626663684845e-02 -9.288912266492843628e-02 -8.348983526229858398e-02 -1.609677225351333618e-01 1.204068884253501892e-01 3.569348156452178955e-02 -5.599597468972206116e-02 -1.336092054843902588e-01 -1.711619645357131958e-02 1.531165689229965210e-01 1.845402866601943970e-01 1.536317020654678345e-01 1.257919818162918091e-01
1.020307838916778564e-01 1.363849788904190063e-01 -3.291308879852294922e-02 -8.285523951053619385e-02 -1.867664307355880737e-01 -1.270714588463306427e-02 -8.412394672632217407e-04 -1.525408476591110229e-01 1.078382357954978943e-01 1.776645183563232422e-01 -6.573697924613952637e-02 1.195345073938369751e-01 6.600546836853027344e-02 -1.843919008970260620e-01 -2.679739706218242645e-02 -6.208906322717666626e-02 7.640634197741746902e-03 -9.722921252250671387e-02 -1.193032264709472656e-01 3.707176074385643005e-02 -8.726716041564941406e-02 -7.178770750761032104e-02 1.788766980171203613e-01 1.045792177319526672e-02 7.118517905473709106e-02 -2.635425329208374023e-02 -9.118088334798812866e-02 2.510207938030362129e-03 -1.333807855844497681e-01 1.174677386879920959e-01 -9.511239081621170044e-02 -1.306990068405866623e-02 5.564299877732992172e-03 -3.513021767139434814e-02 -9.986892342567443848e-02 5.660005658864974976e-02 -1.453767269849777222e-01 1.783989518880844116e-01 1.481342911720275879e-01 1.185983866453170776e-01 9.332266449928283691e-02 -1.726904958486557007e-01 -1.205255165696144104e-01 8.106673136353492737e-03 9.325329214334487915e-02 -9.285260736942291260e-02 -1.124426051974296570e-01 -3.057077340781688690e-02 -1.552318483591079712e-01 -1.383585780858993530e-01
2.964688837528228760e-02 -8.476527780294418335e-02 -1.543811112642288208e-01 -1.532065123319625854e-01 -1.581799238920211792e-01 7.372719049453735352e-02 -6.526659429073333740e-02 9.635664522647857666e-03 -4.328149929642677307e-02 -2.623714879155158997e-02 2.514841035008430481e-02 1.767692714929580688e-01 -5.932362005114555359e-02 -1.278837621212005615e-01 1.740409135818481445e-01 6.328343600034713745e-02 -1.453276164829730988e-02 9.734743833541870117e-02 -4.155740886926651001e-02 -7.360760867595672607e-02 1.524209529161453247e-01 1.904328167438507080e-01 8.616681396961212158e-02 1.788270473480224609e-01 -2.509372308850288391e-02 -1.787963956594467163e-01 -1.097564678639173508e-02 4.392333701252937317e-02 -8.290567249059677124e-02 1.568309813737869263e-01 7.038495969027280807e-03 -8.661637455224990845e-02 -1.338449418544769287e-01 -1.701405942440032959e-01 7.345437258481979370e-02 4.667200520634651184e-02 -1.360301673412322998e-01 1.548235118389129639e-01 1.164812296628952026e-01 2.904445491731166840e-02 1.397767066955566406e-01 -9.476877748966217041e-03 3.651944547891616821e-02 1.810739934444427490e-01 -3.120265528559684753e-02 -6.032588705420494080e-02 -1.425977349281311035e-01 -9.163796901702880859e-02 6.932503730058670044e-02 -6.626286357641220093e-02
-1.353423856198787689e-02 -1.028985977172851562e-01 7.905787229537963867e-02 1.564034819602966309e-01 -6.171179562807083130e-02 9.398631751537322998e-03 -1.173552572727203369e-01 3.748124837875366211e-02 -1.254460066556930542e-01 2.889436855912208557e-02 1.727211847901344299e-02 -7.614046335220336914e-02 -6.740178167819976807e-02 5.581343173980712891e-02 5.163780599832534790e-02 -1.051118820905685425e-01 -5.919213593006134033e-02 -1.782400012016296387e-01 5.870427936315536499e-02 5.726887658238410950e-02 -9.862772375345230103e-02 4.431932047009468079e-02 -5.013409256935119629e-02 8.064214140176773071e-02 1.985026001930236816e-01 -7.686693966388702393e-02 -8.257232606410980225e-02 -6.579806655645370483e-02 1.844799071550369263e-01 -7.105989754199981689e-02 1.257025003433227539e-01 5.992876738309860229e-02 3.757609054446220398e-02 -5.883201211690902710e-02 -3.863668814301490784e-02 -3.747368697077035904e-03 8.807555586099624634e-02 -5.955585092306137085e-02 3.354355692863464355e-02 -1.913172155618667603e-01 -1.818473786115646362e-01 -9.533472359180450439e-03 -6.107059493660926819e-02 -9.034644067287445068e-02 1.491252705454826355e-02 -3.596808016300201416e-02 7.187072187662124634e-02 1.758775562047958374e-01 6.234139204025268555e-02 3.141486644744873047e-02
-3.419335931539535522e-02 -2.878066617995500565e-03 -2.754000015556812286e-02 -1.041839122772216797e-01 7.017185539007186890e-02 2.535593323409557343e-02 4.439479485154151917e-02 -1.037299707531929016e-01 1.648788750171661377e-01 4.887086153030395508e-02 -7.709849160164594650e-03 1.155495569109916687e-01 8.299255371093750000e-02 -7.009370625019073486e-02 1.381776947528123856e-02 3.813511505722999573e-02 -8.234471827745437622e-02 -7.315988093614578247e-02 -1.662025302648544312e-01 9.735395014286041260e-02 -4.132758826017379761e-02 2.067089080810546875e-03 -1.036882773041725159e-01 -4.042499139904975891e-02 -5.897644534707069397e-02 6.691150367259979248e-02 1.405562162399291992e-01 -5.493440479040145874e-02 3.581813350319862366e-02 6.382531672716140747e-02 1.283018589019775391e-01 -8.151091635227203369e-02 4.569651093333959579e-03 1.162910461425781250e-01 -5.732373520731925964e-02 1.117872893810272217e-01 8.459854871034622192e-02 1.227125748991966248e-01 6.271121650934219360e-02 9.201358258724212646e-02 -1.898693479597568512e-02 -1.114820968359708786e-02 8.980691432952880859e-02 -5.226506292819976807e-02 7.398699875921010971e-03 -7.709931582212448120e-02 -6.162880454212427139e-03 -6.659345701336860657e-03 -8.841298520565032959e-02 1.388926338404417038e-02
9.591285139322280884e-02 6.484054774045944214e-02 -3.101186454296112061e-02 -4.198072850704193115e-02 -2.391982525587081909e-01 -1.339462101459503174e-01 8.796671032905578613e-02 -3.088598139584064484e-02 1.870038174092769623e-02 3.564605861902236938e-02 -5.511279404163360596e-02 3.874285891652107239e-02 1.039452552795410156e-01 -3.365211188793182373e-02 1.158061176538467407e-01 -3.737416863441467285e-02 6.800054758787155151e-02 -8.416582643985748291e-02 -7.929301820695400238e-03 5.855320394039154053e-02 1.217144504189491272e-01 1.480313837528228760e-01 -7.488067448139190674e-02 1.484825275838375092e-02 5.456190183758735657e-02 -1.265170425176620483e-01 5.555844306945800781e-02 -1.524826437234878540e-01 8.441909402608871460e-02 5.704921483993530273e-02 6.997995823621749878e-02 -9.638226777315139771e-02 3.139550611376762390e-02 6.510102003812789917e-02 -1.123993024230003357e-01 7.250883430242538452e-02 -6.975881010293960571e-02 -3.940285742282867432e-02 -1.000156924128532410e-01 1.696090400218963623e-01 -2.749771811068058014e-02 -1.893352717161178589e-01 -3.491831198334693909e-02 5.986838415265083313e-02 -8.151361346244812012e-02 6.188554689288139343e-02 -1.634237729012966156e-02 5.948334466665983200e-03 5.452788993716239929e-02 -1.128895878791809082e-01
-9.230107069015502930e-02 -3.466352121904492378e-03 9.165804833173751831e-02 1.726275682449340820e-01 1.929256767034530640e-01 3.556167706847190857e-02 -1.724044978618621826e-01 1.276683956384658813e-01 6.334078311920166016e-02 6.947929412126541138e-02 -4.329963400959968567e-02 -1.285977065563201904e-01 1.309682615101337433e-02 1.117653399705886841e-01 -1.112481057643890381e-01 7.889594137668609619e-02 -6.641723960638046265e-02 8.561409264802932739e-02 2.113870577886700630e-03 5.859262123703956604e-02 1.805536076426506042e-02 -2.089246176183223724e-02 -4.337668418884277344e-02 -8.528216928243637085e-02 -6.287946552038192749e-02 -7.625406142324209213e-04 8.245720714330673218e-02 6.878775358200073242e-02 -8.553466200828552246e-02 -8.040431886911392212e-02 8.442781865596771240e-02 -9.437757544219493866e-03 8.092390000820159912e-02 1.398450285196304321e-01 -8.431001752614974976e-02 -6.808135658502578735e-02 1.352738589048385620e-02 -1.336053013801574707e-02 2.126300940290093422e-03 -1.657281219959259033e-01 -1.577496677637100220e-01 5.102428141981363297e-03 1.306529343128204346e-01 6.138833705335855484e-03 -2.920247428119182587e-02 8.835297822952270508e-02 1.220701113343238831e-01 1.406588405370712280e-01 6.538926064968109131e-02 -1.673821918666362762e-02
7.214985042810440063e-02 1.665157079696655273e-01 -1.509100347757339478e-01 5.679960921406745911e-02 3.286822512745857239e-02 -3.055497445166110992e-02 -6.493944674730300903e-02 -1.810518503189086914e-01 4.726654291152954102e-02 9.869357198476791382e-02 -6.818170100450515747e-02 1.642836630344390869e-01 4.494490846991539001e-02 -2.590639982372522354e-03 -7.078673690557479858e-02 8.486490696668624878e-02 8.230336010456085205e-02 1.189113855361938477e-01 2.586693875491619110e-02 -3.761324286460876465e-02 4.360467940568923950e-02 -6.130624935030937195e-02 -3.905317559838294983e-02 5.365486815571784973e-02 -9.899708628654479980e-02 -1.499781906604766846e-01 -6.163305416703224182e-02 -1.061852201819419861e-01 -1.893297135829925537e-01 4.392617568373680115e-02 6.424306333065032959e-02 -6.615218520164489746e-02 -7.539378851652145386e-02 -6.268817931413650513e-02 -1.391590833663940430e-01 -7.762459665536880493e-02 -1.757805943489074707e-01 8.950502425432205200e-02 1.247433945536613464e-01 -2.485075592994689941e-02 1.952538080513477325e-02 -1.129379197955131531e-01 -7.840376347303390503e-02 1.355540603399276733e-01 1.712625324726104736e-01 3.495455905795097351e-02 4.760030657052993774e-02 -6.734535098075866699e-02 -8.990333229303359985e-02 6.087254360318183899e-02
-6.615336984395980835e-02 -7.237840443849563599e-02 1.724418997764587402e-01 -2.291916869580745697e-02 1.673214733600616455e-01 1.274924576282501221e-01 -6.549150496721267700e-02 -4.268898628652095795e-03 -6.204821169376373291e-02 -3.090701252222061157e-02 -8.955024927854537964e-02 -1.492650955915451050e-01 5.487426370382308960e-02 -3.712824359536170959e-02 -7.112816721200942993e-02 -1.716356426477432251e-01 -6.564023345708847046e-02 -1.419230084866285324e-02 -2.890136651694774628e-02 -1.142612621188163757e-01 -1.461025029420852661e-01 -5.943985283374786377e-02 7.251260429620742798e-02 -1.756151765584945679e-01 1.244966238737106323e-01 -2.420227602124214172e-02 2.068447694182395935e-02 9.660837799310684204e-02 9.181034564971923828e-02 -1.416131556034088135e-01 -6.382581591606140137e-02 -2.076897025108337402e-02 2.003310024738311768e-01 4.191648215055465698e-02 1.622701734304428101e-01 3.701604530215263367e-02 -2.477372437715530396e-02 3.739694505929946899e-02 -6.330071389675140381e-02 -7.966737449169158936e-02 7.566081732511520386e-02 1.873518377542495728e-01 1.347637772560119629e-01 1.573454774916172028e-02 -2.585988305509090424e-02 4.353930056095123291e-02 -3.665777668356895447e-02 9.996765851974487305e-02 6.392063945531845093e-02 -9.167280979454517365e-03
9.148438274860382080e-02 -1.472263336181640625e-01 9.368352591991424561e-02 -1.859111711382865906e-03 1.544172763824462891e-01 -5.245659500360488892e-02 -1.798993349075317383e-01 1.433850377798080444e-01 -1.683568954467773438e-01 5.801777914166450500e-02 -1.721911132335662842e-01 -1.232902780175209045e-01 -5.907603539526462555e-03 6.300235539674758911e-02 6.482043862342834473e-02 7.362610846757888794e-02 -1.576242968440055847e-02 -1.075517684221267700e-01 5.520675331354141235e-02 -2.224480547010898590e-02 6.514882296323776245e-02 2.350173192098736763e-03 7.119876146316528320e-02 4.977275058627128601e-02 -6.323145329952239990e-02 1.798761934041976929e-01 -1.783068478107452393e-01 1.117687895894050598e-01 4.041264578700065613e-02 -1.955998539924621582e-01 1.868210136890411377e-01 6.124993786215782166e-02 -1.537376083433628082e-02 1.663868874311447144e-01 1.416022032499313354e-01 -1.679229587316513062e-01 -7.394868880510330200e-02 1.236945576965808868e-02 -1.363262087106704712e-01 -1.595916002988815308e-01 -9.165731072425842285e-02 -4.318618401885032654e-02 1.022853404283523560e-01 1.102839503437280655e-02 -2.245888113975524902e-02 -5.117564275860786438e-02 1.542543023824691772e-01 -4.997302219271659851e-02 1.733678579330444336e-01 1.391934752464294434e-01
1.132493764162063599e-01 7.014504075050354004e-02 -3.045878000557422638e-02 2.897128276526927948e-02 -5.683379992842674255e-02 -2.367030642926692963e-02 6.394800543785095215e-02 -8.942905068397521973e-02 1.588051766157150269e-01 1.510601118206977844e-02 1.121612116694450378e-01 5.423332750797271729e-02 1.125281602144241333e-01 1.156005542725324631e-02 1.550682634115219116e-01 1.245225444436073303e-01 -2.768005058169364929e-02 -4.312086477875709534e-02 3.533797711133956909e-02 1.242379695177078247e-01 1.214937772601842880e-02 1.972303539514541626e-01 1.093186587095260620e-01 1.044089719653129578e-01 -1.129510924220085144e-01 8.245187252759933472e-02 1.656436324119567871e-01 -1.151400208473205566e-01 -4.294739104807376862e-03 8.825925760902464390e-04 -1.170625537633895874e-01 -5.553911253809928894e-02 5.440395697951316833e-02 6.047168001532554626e-02 -1.026909351348876953e-01 1.186480000615119934e-01 -1.399779915809631348e-01 6.487877108156681061e-03 9.747523069381713867e-02 -2.253738418221473694e-02 1.204209774732589722e-01 -8.961644023656845093e-02 -4.898785427212715149e-02 1.645094305276870728e-01 1.326391566544771194e-02 -1.347873508930206299e-01 5.890027806162834167e-02 -1.353724449872970581e-01 -2.404999546706676483e-02 6.360901892185211182e-02
1.542498916387557983e-01 1.083434447646141052e-01 -1.270643621683120728e-01 -1.111687049269676208e-01 6.263803690671920776e-03 -2.407234162092208862e-02 7.728508114814758301e-02 -5.070965271443128586e-03 9.303171187639236450e-02 1.582982838153839111e-01 -7.412258535623550415e-02 -1.631756499409675598e-02 1.095857322216033936e-01 -1.625578999519348145e-01 8.790715783834457397e-02 1.043184176087379456e-01 -8.203931897878646851e-02 4.881318658590316772e-03 1.017856970429420471e-02 1.377174817025661469e-02 -9.659094363451004028e-02 -4.086315631866455078e-02 1.393536329269409180e-01 -1.804338954389095306e-02 -3.183535113930702209e-02 2.901597693562507629e-02 4.994908720254898071e-02 -5.636740103363990784e-02 6.217935681343078613e-02 1.620440483093261719e-01 -7.084597647190093994e-02 -1.156574115157127380e-01 -1.580553203821182251e-01 8.764887601137161255e-02 -1.317605227231979370e-01 -1.169541329145431519e-01 -8.926032483577728271e-02 -1.901311986148357391e-02 -5.605072155594825745e-02 -1.059652641415596008e-01 -1.654097884893417358e-01 -3.946541808545589447e-03 4.823100194334983826e-02 -9.230942279100418091e-02 1.102396622300148010e-01 7.396977394819259644e-02 7.789789885282516479e-02 -1.597012043930590153e-03 1.709189638495445251e-02 -1.641077995300292969e-01
-5.721405521035194397e-02 -2.134291827678680420e-02 -3.605362400412559509e-02 1.684159338474273682e-01 1.682986915111541748e-01 1.329193264245986938e-01 -7.802049070596694946e-02 1.858821697533130646e-02 -1.409452557563781738e-01 -5.737272650003433228e-02 5.579699575901031494e-02 -1.375296991318464279e-02 -7.699361443519592285e-02 5.869089439511299133e-02 6.799382623285055161e-03 3.551542386412620544e-02 -6.464566104114055634e-03 7.789147645235061646e-02 1.619169116020202637e-01 -1.159544140100479126e-01 -1.523077040910720825e-01 -4.704212769865989685e-03 -6.605286896228790283e-02 -1.676110327243804932e-01 9.086306393146514893e-02 4.464561119675636292e-02 -1.522959582507610321e-02 -5.325975641608238220e-02 5.718497186899185181e-02 1.121050491929054260e-02 1.896844059228897095e-01 -1.257514655590057373e-01 -9.981944458559155464e-04 6.083276122808456421e-02 -6.827492266893386841e-02 -1.579078137874603271e-01 6.205654516816139221e-02 6.268149614334106445e-02 1.267633028328418732e-02 3.001738106831908226e-03 -1.641131937503814697e-01 1.377909928560256958e-01 8.231209218502044678e-02 -1.457625180482864380e-01 -1.081885620951652527e-01 -5.659128725528717041e-02 1.489439159631729126e-01 8.313347399234771729e-02 9.143514186143875122e-02 -1.362264622002840042e-02
1.677919477224349976e-01 1.685350686311721802e-01 -1.635098159313201904e-01 2.801859751343727112e-02 2.075185067951679230e-02 -1.771770715713500977e-01 -3.983836621046066284e-02 -1.243479624390602112e-01 1.447673887014389038e-01 6.068130582571029663e-02 -9.819053858518600464e-02 1.658606342971324921e-02 -6.458189338445663452e-02 -1.535654962062835693e-01 7.338040322065353394e-02 1.552982479333877563e-01 1.280916035175323486e-01 8.605173230171203613e-02 -1.822651624679565430e-01 -6.952191889286041260e-02 2.370953559875488281e-02 1.155027933418750763e-02 -8.957546204328536987e-02 1.448495984077453613e-01 4.791482537984848022e-02 8.212946355342864990e-02 5.364847555756568909e-02 -1.149988826364278793e-02 -4.556585475802421570e-02 2.454824000597000122e-02 9.796620160341262817e-02 8.818377554416656494e-02 -1.090499106794595718e-02 -1.630016043782234192e-02 5.803231522440910339e-02 -3.154494240880012512e-02 5.169747397303581238e-02 -3.611066844314336777e-03 1.450275629758834839e-02 1.628592312335968018e-01 1.428783535957336426e-01 -1.110970526933670044e-01 -2.691662311553955078e-02 5.027393624186515808e-02 6.445134431123733521e-02 -1.254112571477890015e-01 9.731920063495635986e-02 -1.084646657109260559e-01 -2.080617845058441162e-02 7.342737168073654175e-02
3.341269865632057190e-02 -1.316893696784973145e-01 2.163445344194769859e-03 9.306562691926956177e-02 -1.874108240008354187e-02 1.156656295061111450e-01 -7.965941727161407471e-02 8.024774491786956787e-02 -1.094531789422035217e-01 -9.062515944242477417e-02 -8.904832601547241211e-02 -8.801409602165222168e-02 -4.893091320991516113e-02 5.442976206541061401e-02 -1.936081983149051666e-02 -2.695637568831443787e-02 4.465235024690628052e-02 -2.038238197565078735e-02 2.180584706366062164e-02 4.784087836742401123e-02 7.832878828048706055e-02 -5.132610350847244263e-02 4.399396851658821106e-02 9.402174502611160278e-02 -2.654813230037689209e-02 8.204172551631927490e-02 -1.616780459880828857e-01 1.454174965620040894e-01 1.118704974651336670e-01 -1.866110600531101227e-02 8.290402591228485107e-02 -4.030001536011695862e-02 3.126621246337890625e-02 -9.316734038293361664e-03 9.857896715402603149e-02 5.929025262594223022e-02 1.387264858931303024e-02 6.337244808673858643e-02 -9.064814448356628418e-02 -1.728065013885498047e-01 1.324361748993396759e-02 1.753763109445571899e-01 4.839998111128807068e-02 -3.335611522197723389e-02 -2.519385516643524170e-02 -2.279028296470642090e-02 6.016441062092781067e-02 1.269203573465347290e-01 8.727707713842391968e-02 -2.693091286346316338e-03
-3.608962893486022949e-02 4.183161258697509766e-02 6.103533878922462463e-02 1.383474618196487427e-01 1.158014535903930664e-01 1.232889443635940552e-01 6.716359406709671021e-02 1.725173294544219971e-01 5.142616108059883118e-02 -9.937090426683425903e-02 -1.280708461999893188e-01 -1.257038414478302002e-01 7.344936579465866089e-02 -7.541419938206672668e-03 6.634018570184707642e-02 -1.406129598617553711e-01 -1.277571767568588257e-01 2.063562721014022827e-02 3.101136907935142517e-02 -1.828542500734329224e-01 -7.424778491258621216e-02 -1.498032659292221069e-01 -9.114795923233032227e-02 -1.806785464286804199e-01 -7.589874416589736938e-02 1.452026963233947754e-01 1.414638361893594265e-03 -2.876614965498447418e-02 5.669849365949630737e-02 -5.520067736506462097e-02 1.520125120878219604e-01 -1.095403954386711121e-01 1.687799990177154541e-01 1.748910248279571533e-01 5.130948033183813095e-03 -4.776003956794738770e-02 3.495455160737037659e-02 -4.900517687201499939e-02 4.844888672232627869e-02 1.280042156577110291e-02 5.037658661603927612e-02 4.777630046010017395e-02 1.485591083765029907e-01 5.457201600074768066e-02 -1.953571848571300507e-02 4.466519504785537720e-02 9.955431520938873291e-02 8.230698853731155396e-02 -8.360489457845687866e-02 8.320813998579978943e-03
-1.205542534589767456e-01 -1.001497060060501099e-01 -5.647235363721847534e-02 5.356045439839363098e-02 6.936465203762054443e-02 1.150800436735153198e-01 -7.182251662015914917e-02 -7.513134926557540894e-02 -1.975228190422058105e-01 -7.904218137264251709e-02 -3.011808544397354126e-02 -1.457998752593994141e-01 6.443925946950912476e-02 1.703065782785415649e-01 -7.689557969570159912e-02 -1.968942284584045410e-01 -1.403978466987609863e-01 -1.839661505073308945e-03 1.369908303022384644e-01 -1.717951744794845581e-01 -1.222978085279464722e-01 7.996797561645507812e-02 5.688048899173736572e-02 -1.391562819480895996e-01 -1.706161908805370331e-02 1.937729567289352417e-01 -1.865663528442382812e-01 1.522034406661987305e-01 -6.848762184381484985e-02 7.248978316783905029e-02 1.070585921406745911e-01 -1.340941041707992554e-01 3.643586114048957825e-02 -4.777112975716590881e-02 3.171369805932044983e-02 -2.299934439361095428e-02 -5.615178868174552917e-02 -9.012266248464584351e-02 4.754703864455223083e-02 5.052934214472770691e-02 -7.734393700957298279e-03 1.110461503267288208e-01 1.958352699875831604e-02 7.515540719032287598e-02 5.662135034799575806e-02 8.525194227695465088e-02 -5.576746910810470581e-02 -7.950510829687118530e-03 1.915855407714843750e-01 7.635387033224105835e-02
6.211048364639282227e-02 -7.011118531227111816e-02 -1.931244432926177979e-01 4.555193334817886353e-02 -1.889305859804153442e-01 6.833216547966003418e-02 5.059682577848434448e-02 6.524351984262466431e-02 -1.471369434148073196e-02 -3.879192471504211426e-02 1.676429994404315948e-02 1.032446995377540588e-01 3.349708393216133118e-02 -1.312153637409210205e-01 -1.624648272991180420e-02 -4.771888721734285355e-03 -1.420865207910537720e-01 1.602935791015625000e-01 -1.840255111455917358e-01 1.127377524971961975e-01 1.013981699943542480e-01 5.496545508503913879e-02 -2.230262011289596558e-02 3.120926022529602051e-02 2.544636093080043793e-02 -1.094063222408294678e-01 -2.166146226227283478e-02 -1.001036614179611206e-01 3.023168630897998810e-02 6.442014873027801514e-02 5.146178230643272400e-02 1.329419761896133423e-01 -2.065418064594268799e-01 -1.524023595266044140e-03 -6.810756027698516846e-02 -6.652729585766792297e-03 9.396245330572128296e-02 -2.224885672330856323e-02 1.092661619186401367e-01 5.660754442214965820e-02 -1.682956367731094360e-01 -1.245032921433448792e-01 -1.703072488307952881e-01 1.761631518602371216e-01 4.637228325009346008e-02 -1.624719053506851196e-01 -1.581724882125854492e-01 -1.155144274234771729e-01 -8.319971710443496704e-02 -5.424197018146514893e-02
1.845408678054809570e-01 1.538880616426467896e-01 -3.544592484831809998e-02 -2.608171105384826660e-02 -1.336554735898971558e-01 6.391593068838119507e-02 1.259595453739166260e-01 -1.541822850704193115e-01 1.852697879076004028e-01 1.800431311130523682e-01 1.490053236484527588e-01 8.036819845438003540e-02 6.713647395372390747e-02 4.686489701271057129e-02 1.672372035682201385e-02 -9.217339009046554565e-02 1.349481940269470215e-01 5.436689779162406921e-02 -2.054611295461654663e-01 -7.401699572801589966e-02 -3.299587219953536987e-02 8.382803201675415039e-02 1.730310469865798950e-01 -2.027869597077369690e-02 -1.870065629482269287e-01 -5.897887423634529114e-02 -5.443724244832992554e-02 -9.770829230546951294e-03 8.290903270244598389e-02 4.300210624933242798e-02 -6.482231616973876953e-02 1.373699307441711426e-01 -2.187857627868652344e-01 -1.676351428031921387e-01 4.763184115290641785e-02 1.814756244421005249e-01 5.415219441056251526e-02 9.163721650838851929e-02 -2.081191726028919220e-02 -6.629020720720291138e-02 -1.071938425302505493e-01 3.037339448928833008e-02 -1.545261940918862820e-03 1.128736212849617004e-01 -4.999022930860519409e-02 -5.885650217533111572e-02 -8.208753168582916260e-02 -2.275697700679302216e-02 6.746990233659744263e-02 -5.322530493140220642e-02
-1.433468610048294067e-01 -1.300762742757797241e-01 -5.214022099971771240e-02 -1.516844630241394043e-01 -1.351894885301589966e-01 1.342748999595642090e-01 5.729097500443458557e-02 7.108233869075775146e-02 -4.222268238663673401e-02 -1.296364814043045044e-01 1.515413401648402214e-03 -5.588858574628829956e-02 3.753976523876190186e-02 8.881060779094696045e-02 -4.771071299910545349e-02 -4.527422133833169937e-03 -1.021233387291431427e-02 -6.262440234422683716e-02 -6.076686084270477295e-02 3.400406613945960999e-02 -7.810810208320617676e-02 -1.798386573791503906e-01 8.701203018426895142e-02 -4.955158010125160217e-02 1.248943060636520386e-01 -8.439727127552032471e-02 -5.880596116185188293e-02 -1.610305905342102051e-01 3.446016833186149597e-02 5.138004198670387268e-02 -1.331614516675472260e-02 -3.003576770424842834e-02 -1.452507972717285156e-01 -2.426900900900363922e-02 -6.700170040130615234e-02 -4.300097748637199402e-02 6.668429821729660034e-02 7.672058884054422379e-03 -9.126579761505126953e-02 -7.910623401403427124e-02 -2.694772183895111084e-02 6.335871666669845581e-02 3.883846476674079895e-02 9.416744858026504517e-02 -1.525687873363494873e-01 1.834750175476074219e-02 -4.938571527600288391e-02 -8.156666159629821777e-02 -1.115335375070571899e-01 -4.546792805194854736e-02
2.007437683641910553e-02 1.222393810749053955e-01 -1.328094601631164551e-01 -5.955740809440612793e-02 -1.062480881810188293e-01 -9.294712543487548828e-02 1.011504083871841431e-01 -1.528919935226440430e-01 9.775025770068168640e-03 1.318413168191909790e-01 5.058490857481956482e-02 1.414867639541625977e-01 1.009599715471267700e-01 1.161963026970624924e-02 1.438415050506591797e-01 -9.212476015090942383e-02 1.140084490180015564e-01 1.167568862438201904e-01 6.159862875938415527e-02 1.128536090254783630e-02 4.737156908959150314e-03 1.381809860467910767e-01 1.015090793371200562e-01 1.452298611402511597e-01 -1.514711230993270874e-01 -8.393763005733489990e-02 -3.933422639966011047e-02 6.327390670776367188e-02 -1.506985127925872803e-01 -8.152902126312255859e-02 -9.205776453018188477e-02 -9.884536266326904297e-02 3.593325242400169373e-02 5.117655545473098755e-02 7.446096837520599365e-02 1.647815108299255371e-01 -1.382938772439956665e-02 -7.479300349950790405e-02 1.104200482368469238e-01 -6.887908279895782471e-02 -1.071928516030311584e-01 -1.534019708633422852e-01 4.248769208788871765e-02 8.222885429859161377e-02 -5.772692337632179260e-02 -1.569624543190002441e-01 -1.070108637213706970e-01 -1.528444141149520874e-01 -8.438462764024734497e-02 -7.993258535861968994e-02
