-1.055593565106391907e-01
5.417839065194129944e-02
4.983374848961830139e-02
-6.478396058082580566e-02
2.797875553369522095e-03
-4.663880541920661926e-02
-2.318217977881431580e-02
-7.916516810655593872e-02
6.813360005617141724e-02
-3.782324958592653275e-03
6.559621542692184448e-02
2.816177438944578171e-03
7.510892301797866821e-02
8.343689143657684326e-03
8.197087049484252930e-02
-8.299997448921203613e-02
6.381118297576904297e-02
-8.375319838523864746e-02
-4.628400877118110657e-02
9.115374833345413208e-02
3.654986247420310974e-02
6.208129227161407471e-02
-3.802144899964332581e-02
1.597219705581665039e-02
8.648049086332321167e-02
4.327813163399696350e-02
-9.858617931604385376e-02
7.536934316158294678e-02
-5.405668541789054871e-02
8.270574361085891724e-02
2.009782567620277405e-02
-6.077772378921508789e-02
-7.159803807735443115e-02
4.604483395814895630e-02
-4.776719212532043457e-02
2.590725780464708805e-04
-7.643996924161911011e-02
-1.606064289808273315e-02
-3.384289145469665527e-02
-7.445308566093444824e-02
-5.334697291254997253e-02
1.896117441356182098e-02
5.563556775450706482e-02
-2.329251728951931000e-02
8.272549510002136230e-02
2.618440426886081696e-02
-5.244067311286926270e-02
-4.779072105884552002e-02
6.957908719778060913e-02
-8.511511608958244324e-03
-6.044198200106620789e-02
-5.550196394324302673e-02
7.675606757402420044e-02
4.386817663908004761e-02
3.292662650346755981e-02
9.447690099477767944e-02
4.524843022227287292e-02
6.706976890563964844e-02
-4.500623047351837158e-02
-1.451253518462181091e-02
4.151333495974540710e-02
-1.904789730906486511e-02
-8.815016597509384155e-02
1.720239291898906231e-03
8.433615416288375854e-02
-7.077624648809432983e-02
3.666233271360397339e-02
8.431504666805267334e-02
3.383942693471908569e-02
-2.827334031462669373e-02
4.416351392865180969e-02
-2.406998723745346069e-02
3.701518103480339050e-02
1.469034003093838692e-03
2.816105261445045471e-02
-6.322100013494491577e-02
-2.400336973369121552e-02
5.395422503352165222e-02
2.829989604651927948e-02
5.587340146303176880e-02
8.014556020498275757e-02
-5.520680546760559082e-02
-3.808356821537017822e-02
8.210327476263046265e-02
-4.646650329232215881e-02
-5.160509049892425537e-02
-4.821261763572692871e-02
-3.842457383871078491e-02
4.728655889630317688e-02
-5.332015082240104675e-02
7.404854893684387207e-02
2.736881747841835022e-02
3.605627268552780151e-02
1.199478469789028168e-02
1.454366836696863174e-02
8.665288984775543213e-02
-5.750272795557975769e-02
-6.155439652502536774e-03
-8.183629810810089111e-02
-3.858534991741180420e-02
