-1.681077480316162109e-01
-1.268344931304454803e-02
9.932262450456619263e-02
-1.701325774192810059e-01
1.093430328182876110e-03
-3.765511140227317810e-02
6.834508851170539856e-03
1.153008639812469482e-01
-6.387483328580856323e-02
-1.907504647970199585e-01
-1.598979234695434570e-01
1.724626570940017700e-01
1.627105921506881714e-01
1.775618642568588257e-01
-1.470333784818649292e-01
6.906149536371231079e-02
9.022705256938934326e-03
-1.690445393323898315e-01
-1.474455893039703369e-01
3.086136095225811005e-02
-1.668595820665359497e-01
-7.773306965827941895e-02
7.204036414623260498e-02
5.029316619038581848e-02
-8.351861685514450073e-02
-3.626839723438024521e-03
2.532201632857322693e-02
2.346915565431118011e-02
1.156676188111305237e-01
4.881838709115982056e-02
3.535230085253715515e-02
1.678263396024703979e-01
-2.460090443491935730e-02
4.419639706611633301e-02
-1.038604006171226501e-01
-1.221302300691604614e-01
1.886516809463500977e-01
-1.824474334716796875e-02
-1.290372163057327271e-01
-5.355153605341911316e-02
-1.011544913053512573e-01
-4.295137897133827209e-02
-2.501284517347812653e-02
6.202202662825584412e-02
-1.027400195598602295e-01
-2.875022590160369873e-02
-6.069412827491760254e-02
-3.313333913683891296e-02
2.240275964140892029e-02
9.671929478645324707e-02
