1.836784631013870239e-01 -1.376672238111495972e-01 6.420361995697021484e-02 1.500989217311143875e-02 -2.913190750405192375e-03 -9.485732018947601318e-02 1.615180224180221558e-01 8.673654496669769287e-02 3.530035028234124184e-03 -3.593284264206886292e-02 -4.049310088157653809e-02 -2.306161522865295410e-01 -2.252409756183624268e-01 2.534372210502624512e-01 -2.131539881229400635e-01 1.700880378484725952e-01 1.273638904094696045e-01 1.417910009622573853e-01 -3.582790121436119080e-02 -4.257652536034584045e-02 -1.482758224010467529e-01 7.973460108041763306e-02 -1.408622562885284424e-01 -2.116827219724655151e-01 -1.707503795623779297e-01 2.268166840076446533e-01
-1.507230103015899658e-01 1.293970346450805664e-01 -4.237335547804832458e-02 -1.066278479993343353e-02 -1.016838476061820984e-01 1.089457888156175613e-02 -8.868881314992904663e-02 6.340921670198440552e-02 1.489496789872646332e-02 1.372167374938726425e-02 2.582807838916778564e-01 1.952033042907714844e-01 1.956314891576766968e-01 3.464778512716293335e-02 1.623664647340774536e-01 2.077338099479675293e-01 1.674858927726745605e-01 -2.460145764052867889e-02 -2.183641195297241211e-01 -2.053856402635574341e-01 8.772594481706619263e-02 -1.154382154345512390e-01 -1.619215011596679688e-01 1.098296269774436951e-01 2.303421795368194580e-01 -6.309690419584512711e-03
8.551210910081863403e-02 -8.843474835157394409e-02 -3.013899736106395721e-02 4.094015806913375854e-02 1.415373980998992920e-01 5.320383235812187195e-02 -2.044172734022140503e-01 1.031553968787193298e-01 -2.288467288017272949e-01 1.825412660837173462e-01 -1.636897027492523193e-01 -6.852975487709045410e-02 6.282676756381988525e-02 -3.218242153525352478e-02 -4.645051807165145874e-02 -6.887155771255493164e-02 1.207272857427597046e-01 -8.133620023727416992e-02 -1.386702898889780045e-02 8.753966540098190308e-02 3.605515882372856140e-02 1.081818938255310059e-01 -1.192521601915359497e-01 1.574906557798385620e-01 2.113492041826248169e-02 2.926861308515071869e-02
7.551018893718719482e-02 -1.465523382648825645e-03 -7.842563837766647339e-02 1.054025590419769287e-01 1.553691178560256958e-01 5.976513400673866272e-02 1.436204016208648682e-01 -8.400100469589233398e-02 -8.171402662992477417e-02 -1.274400353431701660e-01 1.000866070389747620e-01 1.253706663846969604e-01 1.651222631335258484e-02 -1.477365754544734955e-02 2.055584937334060669e-01 6.182722002267837524e-02 8.920290507376194000e-03 8.103806525468826294e-03 8.248272538185119629e-02 -1.780299656093120575e-02 -1.007111370563507080e-01 -4.448765143752098083e-02 -3.983252495527267456e-02 1.893899440765380859e-01 1.443521082401275635e-01 3.956411033868789673e-02
1.635231077671051025e-01 1.592342704534530640e-01 1.585617363452911377e-01 1.169358640909194946e-01 -5.513486452400684357e-03 9.851077198982238770e-02 1.624294370412826538e-01 -1.321693807840347290e-01 -1.042680293321609497e-01 1.384118348360061646e-01 8.653898537158966064e-02 -1.538096517324447632e-01 1.178400665521621704e-01 -1.198576614260673523e-01 -1.578332483768463135e-01 -1.728009879589080811e-01 -1.270789355039596558e-01 -1.257029026746749878e-01 1.371711194515228271e-01 -1.706045866012573242e-01 -1.519454717636108398e-01 -1.105036735534667969e-01 1.845324039459228516e-01 1.412713080644607544e-01 5.459491163492202759e-02 -2.987928688526153564e-02
-7.869790308177471161e-03 1.739875227212905884e-02 1.785468161106109619e-01 -1.410738229751586914e-01 -1.902240216732025146e-01 2.550806850194931030e-02 -1.727980077266693115e-01 -8.549914509057998657e-02 -1.961488276720046997e-01 3.818390890955924988e-02 -9.711241722106933594e-02 1.966272592544555664e-01 -4.516913741827011108e-02 6.820117682218551636e-02 -1.089232787489891052e-01 -9.529279917478561401e-02 -3.046481870114803314e-02 1.812138706445693970e-01 -8.086995035409927368e-02 -1.366797983646392822e-01 4.885004460811614990e-02 -1.256792843341827393e-01 -4.487719014286994934e-02 -1.316569093614816666e-02 1.872259229421615601e-01 1.846504807472229004e-01
-1.196604743599891663e-01 -3.491209074854850769e-02 9.117498993873596191e-03 -1.051244698464870453e-02 2.783602848649024963e-02 1.035065576434135437e-01 -1.388264298439025879e-01 -1.668233871459960938e-01 1.331827938556671143e-01 2.122015357017517090e-01 2.452682554721832275e-01 5.594738572835922241e-02 -3.841388598084449768e-02 -1.037073601037263870e-02 -9.320628643035888672e-02 1.345820575952529907e-01 1.858705580234527588e-01 -5.785094574093818665e-02 -1.752823144197463989e-01 1.526060849428176880e-01 -4.319097846746444702e-02 -1.323443744331598282e-02 -1.717035472393035889e-01 1.375959068536758423e-02 -6.200015544891357422e-02 -1.698693931102752686e-01
1.750139445066452026e-01 -1.495327502489089966e-01 2.404966503381729126e-01 -2.768513560295104980e-01 -6.260348856449127197e-02 3.144938349723815918e-01 -9.828093647956848145e-02 3.267434984445571899e-02 6.240724399685859680e-02 6.777579337358474731e-02 -3.103571236133575439e-01 -1.084483787417411804e-01 -7.228826172649860382e-03 6.243776530027389526e-02 -4.427606984972953796e-02 1.554455608129501343e-02 -1.036989092826843262e-01 -4.362722113728523254e-02 -5.975695326924324036e-02 -8.631629496812820435e-02 -1.697766482830047607e-01 -1.468539237976074219e-01 -1.510570496320724487e-01 -5.732951685786247253e-02 -1.168447881937026978e-01 2.966299094259738922e-02
2.373446375131607056e-01 8.992993086576461792e-02 6.668570637702941895e-02 -5.147043988108634949e-02 9.261033684015274048e-02 -1.103944554924964905e-01 9.754572063684463501e-02 7.251724600791931152e-02 2.690298855304718018e-02 -1.913060098886489868e-01 4.537080600857734680e-02 -9.419697523117065430e-02 -3.814066573977470398e-02 1.538989972323179245e-02 -7.576965540647506714e-02 -2.333049029111862183e-01 5.645579472184181213e-02 -5.576378665864467621e-03 -4.577111452817916870e-02 4.911166056990623474e-02 5.520131438970565796e-02 1.324647665023803711e-01 6.812777370214462280e-02 -1.142378225922584534e-01 -1.839110255241394043e-01 1.187780201435089111e-01
3.023472847416996956e-03 7.508613914251327515e-02 2.895725332200527191e-02 -1.239389851689338684e-01 6.012584269046783447e-02 1.531887054443359375e-01 -1.723932325839996338e-01 2.145658433437347412e-01 -4.870245978236198425e-02 1.457862406969070435e-01 1.163101643323898315e-01 7.745300978422164917e-02 6.284261494874954224e-02 -9.835202991962432861e-02 5.924290046095848083e-02 1.801968663930892944e-01 -6.067481357604265213e-03 4.652970284223556519e-02 -1.615944355726242065e-01 -1.959118992090225220e-01 -1.010612994432449341e-01 2.186239883303642273e-02 -1.733373105525970459e-01 -1.182216703891754150e-01 -4.838695749640464783e-02 9.032662212848663330e-02
-1.062356233596801758e-01 5.471011251211166382e-02 -8.168182522058486938e-02 9.269621223211288452e-02 -3.843107074499130249e-02 1.793388575315475464e-01 4.606227204203605652e-02 -4.545504972338676453e-02 1.195607259869575500e-01 -8.920219540596008301e-02 -2.059602178633213043e-02 -9.871046245098114014e-02 -4.627471789717674255e-02 7.470939308404922485e-02 -9.719730913639068604e-02 1.751464419066905975e-02 -1.652843803167343140e-01 -1.317292749881744385e-01 -2.850652858614921570e-02 -6.967825442552566528e-02 3.715397417545318604e-02 -1.959772109985351562e-01 2.181000858545303345e-01 -1.036559715867042542e-01 6.826933473348617554e-02 1.852491497993469238e-01
-8.403538167476654053e-02 1.327572017908096313e-01 1.226023957133293152e-01 -1.176854968070983887e-01 -1.688341349363327026e-01 -5.735073983669281006e-02 -1.760222315788269043e-01 3.332653641700744629e-02 -9.021247923374176025e-02 1.336065866053104401e-02 1.079511595889925957e-03 -1.416525989770889282e-01 1.032468006014823914e-01 -1.380943059921264648e-01 -5.331607535481452942e-02 -4.726319760084152222e-02 -6.263893842697143555e-02 -1.110405623912811279e-01 5.212681740522384644e-02 2.944734990596771240e-01 9.691050508990883827e-04 1.869366466999053955e-01 7.599540799856185913e-02 1.239279732108116150e-01 -2.808943390846252441e-02 -1.987693309783935547e-01
-1.605839580297470093e-01 2.805495448410511017e-02 -2.738078683614730835e-02 1.602573543787002563e-01 5.002923309803009033e-02 8.949327468872070312e-02 -1.025458425283432007e-01 7.354351133108139038e-02 -1.099792644381523132e-01 4.738084971904754639e-02 1.038008332252502441e-01 -8.513385057449340820e-02 -7.603396475315093994e-02 -5.349212139844894409e-02 3.562520071864128113e-02 -1.576362699270248413e-01 -1.775052398443222046e-01 -1.602412015199661255e-01 1.410903930664062500e-01 5.750858411192893982e-02 -5.751650035381317139e-02 -2.130094543099403381e-02 -1.327948570251464844e-01 -5.226361379027366638e-02 5.824165046215057373e-02 -3.211294114589691162e-02
-9.823881089687347412e-02 -1.426535248756408691e-01 4.468961060047149658e-02 -2.327482104301452637e-01 -2.821739390492439270e-02 1.537479460239410400e-01 -1.188065931200981140e-01 -1.715178638696670532e-01 1.298080198466777802e-02 4.929976537823677063e-02 7.972663640975952148e-02 1.026323288679122925e-01 1.323442310094833374e-01 5.394322052597999573e-02 8.294437080621719360e-02 9.697993844747543335e-02 -1.266084164381027222e-01 1.386551111936569214e-01 -5.975571274757385254e-02 3.898014547303318977e-03 -6.652636080980300903e-02 -3.003191761672496796e-02 1.011518388986587524e-01 -9.908138774335384369e-03 5.443073809146881104e-02 1.557424962520599365e-01
-1.315356642007827759e-01 -8.856899291276931763e-02 1.726411469280719757e-02 9.608078002929687500e-02 -1.187873110175132751e-01 -3.726183623075485229e-02 2.897959575057029724e-02 1.547974199056625366e-01 -2.892952412366867065e-02 2.044448396191000938e-03 3.098945505917072296e-02 3.737878799438476562e-02 -7.785044610500335693e-02 1.118270307779312134e-01 -8.849171549081802368e-02 1.341746896505355835e-01 1.618525832891464233e-01 -1.506184637546539307e-01 5.080275610089302063e-02 1.235415879637002945e-02 -1.958150044083595276e-02 -1.312187612056732178e-01 4.506696388125419617e-02 7.508099824190139771e-02 -1.252627819776535034e-01 -2.281695455312728882e-01
-3.189440118148922920e-03 -5.739318206906318665e-02 1.549059897661209106e-01 -7.964174449443817139e-02 -8.982644230127334595e-02 8.543673157691955566e-02 2.125241607427597046e-01 1.426800340414047241e-01 4.374585673213005066e-02 8.944991230964660645e-02 9.122670441865921021e-02 -2.080011814832687378e-01 -1.186186894774436951e-01 -1.096080895513296127e-02 1.393556147813796997e-01 1.408947706222534180e-01 -1.742200255393981934e-01 3.838898241519927979e-02 -1.751072853803634644e-01 -6.130460184067487717e-03 4.940218850970268250e-02 -7.682863622903823853e-02 3.892095014452934265e-02 3.929281234741210938e-02 -2.398983947932720184e-02 -7.997232675552368164e-02
-1.891105473041534424e-01 3.828075155615806580e-02 -1.092116683721542358e-01 1.821405738592147827e-01 1.805646121501922607e-01 1.724988520145416260e-01 8.275476843118667603e-02 1.788148283958435059e-01 2.087410241365432739e-01 5.820875987410545349e-02 1.437230855226516724e-01 -6.644164025783538818e-02 9.925631433725357056e-02 -1.124957948923110962e-01 -1.826512217521667480e-01 2.964410781860351562e-01 -2.088493108749389648e-01 5.610996391624212265e-03 -2.205790728330612183e-01 4.343078285455703735e-02 -9.487982839345932007e-02 -1.947636306285858154e-01 -4.948562011122703552e-02 1.374045908451080322e-01 -4.061610996723175049e-02 1.786085590720176697e-02
9.610397368669509888e-02 1.671129763126373291e-01 -8.276970684528350830e-02 -1.143088266253471375e-01 -1.806885749101638794e-01 -1.585741937160491943e-01 9.562279284000396729e-02 -1.150291636586189270e-01 2.246832251548767090e-01 7.355626672506332397e-02 1.193232983350753784e-01 -2.167806923389434814e-01 -1.527027636766433716e-01 6.252754479646682739e-02 -2.014268636703491211e-01 1.686125099658966064e-01 -7.662181556224822998e-02 2.607388980686664581e-02 5.642351508140563965e-02 -1.066599637269973755e-01 1.455774605274200439e-01 -9.264079481363296509e-02 -2.262024022638797760e-02 -2.447666078805923462e-01 -1.463705599308013916e-01 -7.930831611156463623e-02
1.114513278007507324e-01 -4.621215909719467163e-02 4.172419011592864990e-02 1.254787892103195190e-01 -4.808315634727478027e-02 -5.820655077695846558e-02 4.767727106809616089e-02 8.747271448373794556e-02 -1.134673506021499634e-01 1.665405333042144775e-01 2.192448358982801437e-03 2.600984573364257812e-01 5.787451751530170441e-03 -2.377419173717498779e-01 -1.230887100100517273e-01 -1.500614434480667114e-01 -8.024458587169647217e-02 1.593903899192810059e-01 3.966805525124073029e-03 6.948830932378768921e-02 2.141603678464889526e-01 -1.702399551868438721e-01 8.960327506065368652e-02 -2.679664641618728638e-02 -3.508622199296951294e-02 -1.571681946516036987e-01
2.114830613136291504e-01 -6.402401626110076904e-02 -8.273528516292572021e-02 1.573103517293930054e-01 -5.689223483204841614e-02 -1.683245226740837097e-02 -1.408497430384159088e-02 -1.467694789171218872e-01 -1.714478135108947754e-01 -9.878757596015930176e-02 7.007947564125061035e-02 -9.131603688001632690e-02 1.875864155590534210e-02 1.701285243034362793e-01 7.049219310283660889e-02 3.867018595337867737e-02 -6.732650846242904663e-02 1.613634452223777771e-02 -1.566551029682159424e-01 -1.274356544017791748e-01 -2.111534029245376587e-01 1.344438642263412476e-01 -8.093271404504776001e-02 5.779373645782470703e-02 9.170909225940704346e-02 7.263586670160293579e-02
9.086375683546066284e-02 -4.191892594099044800e-02 -2.163215875625610352e-01 -9.271700680255889893e-02 2.223118394613265991e-01 -2.918733470141887665e-02 -4.815714433789253235e-02 8.640920370817184448e-02 1.621761769056320190e-01 2.224292308092117310e-01 -1.089238822460174561e-01 -1.340179890394210815e-01 5.672005563974380493e-02 1.370596140623092651e-01 1.012133508920669556e-01 2.680472098290920258e-03 -7.697028666734695435e-02 -3.674011677503585815e-02 -5.454766750335693359e-02 -7.076102495193481445e-02 1.851803064346313477e-02 7.970657199621200562e-02 -1.970652192831039429e-01 5.578580312430858612e-04 2.773199975490570068e-02 -9.458941221237182617e-02
1.251648273319005966e-02 -1.233909353613853455e-01 2.002985477447509766e-01 3.395273536443710327e-02 8.956499397754669189e-02 6.295666098594665527e-02 -1.347826719284057617e-01 -3.530791029334068298e-02 1.685300618410110474e-01 9.088177233934402466e-02 7.517709583044052124e-02 6.747423112392425537e-02 1.548518240451812744e-01 9.948715567588806152e-02 -1.794303953647613525e-01 7.515803724527359009e-02 -1.761947125196456909e-01 -3.599996492266654968e-02 1.530074328184127808e-01 -1.885274499654769897e-01 -2.403108924627304077e-01 -2.591290883719921112e-02 4.255409911274909973e-02 -1.833887547254562378e-01 5.686678923666477203e-03 -3.874912858009338379e-02
8.644040673971176147e-02 -4.047174751758575439e-02 -1.405206769704818726e-01 -1.906819492578506470e-01 1.191376522183418274e-01 -9.702006727457046509e-02 1.908886134624481201e-01 -9.236022084951400757e-02 -2.150279581546783447e-01 1.844067871570587158e-02 -1.205712854862213135e-01 -2.447360381484031677e-02 -1.378688663244247437e-01 2.077247761189937592e-02 -1.327331960201263428e-01 1.887446641921997070e-01 4.819421470165252686e-02 1.268868893384933472e-01 -7.667011767625808716e-02 5.399949476122856140e-02 -1.683547496795654297e-01 1.806099265813827515e-01 1.931254714727401733e-01 -5.406090244650840759e-02 -1.976873725652694702e-01 3.429603949189186096e-02
9.408862888813018799e-02 1.827142536640167236e-01 6.239403039216995239e-02 1.303354352712631226e-01 -1.019531115889549255e-01 -1.543977260589599609e-01 1.413265466690063477e-01 -9.238348156213760376e-02 -3.540794178843498230e-02 2.095244638621807098e-02 3.892860561609268188e-02 -2.245293110609054565e-01 -2.301948219537734985e-01 1.418240070343017578e-01 1.047061607241630554e-01 -6.890352815389633179e-02 -2.302150055766105652e-02 -2.194460853934288025e-02 2.879689820110797882e-02 9.590478986501693726e-02 -1.730702817440032959e-01 -1.319352537393569946e-01 1.678031086921691895e-01 -2.187438309192657471e-01 -5.077115446329116821e-02 2.215557098388671875e-01
1.022792607545852661e-01 3.025885112583637238e-02 4.379941150546073914e-02 -1.583133339881896973e-01 -2.132250368595123291e-01 6.103140860795974731e-02 2.267229259014129639e-01 7.757125794887542725e-02 6.526829302310943604e-02 -3.073546588420867920e-01 2.277413755655288696e-02 -8.052171021699905396e-02 1.175566837191581726e-01 -6.664670258760452271e-02 -1.822741627693176270e-01 1.189116016030311584e-01 -1.351400017738342285e-01 -7.841738313436508179e-02 1.646681725978851318e-01 2.235125750303268433e-01 -2.424447089433670044e-01 -4.515507444739341736e-02 1.484700143337249756e-01 1.204924136400222778e-01 -1.810490489006042480e-01 8.592776954174041748e-02
1.078779846429824829e-01 -1.371892075985670090e-02 -1.146970614790916443e-01 1.729291528463363647e-01 2.225036174058914185e-01 2.425190806388854980e-02 8.873119950294494629e-02 1.669360548257827759e-01 1.901262253522872925e-02 -8.780197054147720337e-02 -1.923357322812080383e-02 -6.452879309654235840e-02 1.514515578746795654e-01 -1.629406809806823730e-01 1.922272890806198120e-01 -1.384326517581939697e-01 -9.601838886737823486e-03 3.973465412855148315e-03 -6.846884638071060181e-02 -1.096684783697128296e-01 2.331022769212722778e-01 -1.051242426037788391e-01 -6.126172468066215515e-02 1.766327619552612305e-01 2.054324895143508911e-01 4.962493479251861572e-02
