-1.317767500877380371e-01
1.933516710996627808e-01
1.190925315022468567e-01
2.523360773921012878e-02
-1.179558783769607544e-01
3.766382485628128052e-02
1.523104906082153320e-01
-4.247234016656875610e-02
-2.050354890525341034e-02
-1.041041593998670578e-02
-1.229806020855903625e-01
-1.774120181798934937e-01
-1.531594693660736084e-01
-1.071920692920684814e-01
1.928194165229797363e-01
5.721614137291908264e-02
-1.792520582675933838e-01
3.563712537288665771e-02
-3.810106590390205383e-02
6.627857685089111328e-02
-5.957411602139472961e-02
-1.094663962721824646e-01
-4.376133531332015991e-02
1.244382783770561218e-01
2.257722914218902588e-01
-1.393622308969497681e-01
