7.920441776514053345e-02
-6.561066210269927979e-02
9.807624667882919312e-02
1.029323711991310120e-01
-1.158106401562690735e-01
-4.267749935388565063e-02
6.966199725866317749e-02
5.623052641749382019e-02
-1.244673579931259155e-01
-1.467307209968566895e-01
-2.996587567031383514e-02
-2.025694996118545532e-01
1.972438395023345947e-02
1.304201781749725342e-01
1.442855894565582275e-01
-6.493325531482696533e-02
1.091551501303911209e-02
1.899189315736293793e-03
-1.586901843547821045e-01
9.754122793674468994e-02
-2.145161032676696777e-01
-1.083026826381683350e-01
1.572271585464477539e-01
1.532076206058263779e-02
-1.521325558423995972e-01
-1.008513867855072021e-01
