-5.136137083172798157e-02 -1.758716255426406860e-01 3.487508371472358704e-02 4.235103726387023926e-02 9.031416475772857666e-02 -9.032683819532394409e-02 1.162414699792861938e-01 2.508097328245639801e-02 -9.818936139345169067e-02 -5.160547792911529541e-02 7.838677614927291870e-02 4.489348083734512329e-02 -1.662863492965698242e-01 -2.051743119955062866e-02 -9.244009852409362793e-02 -1.420578639954328537e-02 -1.064808368682861328e-01 -1.494187954813241959e-02 -4.929509386420249939e-02 1.534967496991157532e-02 8.595336973667144775e-02 1.248460784554481506e-01 7.424876838922500610e-02 1.458332240581512451e-01 6.643370143137872219e-04 1.730213463306427002e-01 -1.295179873704910278e-01 -1.582243293523788452e-01 1.662869006395339966e-01 7.891518622636795044e-02
1.233684597536921501e-03 -7.361811399459838867e-02 3.079524450004100800e-02 -9.907461702823638916e-02 1.448465734720230103e-01 2.915786951780319214e-02 -1.324363350868225098e-01 1.512116789817810059e-01 -6.517160683870315552e-02 -2.016201466321945190e-01 -5.338469520211219788e-02 -1.916246563196182251e-01 9.732412546873092651e-02 2.182349376380443573e-02 -6.088339909911155701e-02 -5.828615650534629822e-02 -4.752755165100097656e-03 1.183841843158006668e-03 -7.548418641090393066e-02 -1.018098965287208557e-01 -1.166724488139152527e-01 -1.016838476061820984e-01 1.211690902709960938e-01 -1.006118878722190857e-01 -7.969044148921966553e-02 5.898572877049446106e-02 1.793406717479228973e-02 8.596804738044738770e-02 -5.013001710176467896e-02 -8.382280915975570679e-02
-3.295580148696899414e-01 -5.900950357317924500e-02 1.900170296430587769e-01 2.210525572299957275e-01 -2.372103743255138397e-02 4.255519509315490723e-01 -3.353809565305709839e-02 2.512920200824737549e-01 -4.369207918643951416e-01 -3.566459566354751587e-02 -4.492758512496948242e-01 -2.346460521221160889e-02 -5.432789772748947144e-02 -1.129044517874717712e-01 1.362212896347045898e-01 -1.980282664299011230e-01 1.439610421657562256e-01 1.488908678293228149e-01 -1.232840046286582947e-01 -3.939285874366760254e-01 1.157298386096954346e-01 -8.932282030582427979e-02 -4.440700709819793701e-01 -8.043799549341201782e-02 -2.830852866172790527e-01 -1.562699377536773682e-01 6.036166567355394363e-03 1.180552393198013306e-01 -9.123988449573516846e-02 4.030934870243072510e-01
-1.790918111801147461e-01 -1.802144795656204224e-01 -2.677017450332641602e-01 1.287104189395904541e-01 -1.938222646713256836e-01 2.662609219551086426e-01 1.920268237590789795e-01 -2.504557371139526367e-02 -7.757356762886047363e-02 5.653766170144081116e-02 -6.142750978469848633e-01 1.882355660200119019e-01 -1.402414888143539429e-01 -5.335986018180847168e-01 7.513917516916990280e-03 2.068263441324234009e-01 1.412016749382019043e-01 9.247966110706329346e-02 2.418650537729263306e-01 -1.649670898914337158e-01 -9.557800740003585815e-02 1.228228509426116943e-01 2.572343051433563232e-01 -2.264229580760002136e-02 2.459514737129211426e-01 -4.473966956138610840e-01 -2.173349410295486450e-01 2.435091286897659302e-01 -1.642080023884773254e-02 7.543283514678478241e-03
9.507836401462554932e-02 -7.812162488698959351e-02 -5.284418165683746338e-02 5.983436945825815201e-03 -1.269059032201766968e-01 -1.112930700182914734e-01 -1.345562636852264404e-01 -1.375602930784225464e-01 -7.549107819795608521e-02 7.378250360488891602e-02 1.102765426039695740e-01 -6.041104346513748169e-02 -5.429314821958541870e-02 3.610131144523620605e-02 4.295257478952407837e-02 2.759409695863723755e-02 4.514778777956962585e-02 1.584160476922988892e-01 1.097372099757194519e-01 -1.527655869722366333e-02 -1.584043949842453003e-01 4.263492301106452942e-02 -1.815497279167175293e-01 1.622889935970306396e-02 -1.799546331167221069e-01 -5.638086423277854919e-02 6.089269369840621948e-02 -1.205068230628967285e-01 -1.370288282632827759e-01 -9.530957788228988647e-03
1.837197989225387573e-01 -2.321425080299377441e-01 -3.230391740798950195e-01 -3.542354330420494080e-02 -3.479718863964080811e-01 -5.946277976036071777e-01 1.092629060149192810e-01 -3.056426942348480225e-01 -1.157881096005439758e-01 1.506436467170715332e-01 2.871335111558437347e-02 6.233814358711242676e-01 -6.155142784118652344e-01 -2.144684493541717529e-01 -1.756598651409149170e-01 2.127344161272048950e-01 -9.049200452864170074e-03 -4.771254211664199829e-02 4.144622981548309326e-01 3.906854689121246338e-01 -3.262859582901000977e-02 -2.146414071321487427e-01 2.062989473342895508e-01 2.628895044326782227e-01 4.771907925605773926e-01 -2.987927496433258057e-01 -2.318243682384490967e-01 3.252133727073669434e-01 3.212463557720184326e-01 -2.079559713602066040e-01
-1.240706369280815125e-01 3.191154599189758301e-01 -1.484192162752151489e-01 -1.037913113832473755e-01 1.265145987272262573e-01 -1.691011786460876465e-01 6.928839534521102905e-02 -2.957189083099365234e-01 2.779968678951263428e-01 -1.754308938980102539e-01 -2.790599167346954346e-01 2.747157514095306396e-01 1.873058676719665527e-01 3.474702537059783936e-01 -2.218897491693496704e-01 2.485555410385131836e-02 2.546335011720657349e-02 -5.362718552350997925e-02 -5.019348263740539551e-01 -2.875324711203575134e-02 -1.418669074773788452e-01 1.277903467416763306e-01 2.489591985940933228e-01 4.105078801512718201e-02 -2.427626401185989380e-01 -1.461853384971618652e-01 -3.000658452510833740e-01 -1.555185168981552124e-01 2.202099859714508057e-01 1.308513134717941284e-01
-1.868365705013275146e-01 -3.380562961101531982e-01 7.593691349029541016e-02 1.424297243356704712e-01 -1.156304702162742615e-01 7.468255609273910522e-02 1.996248215436935425e-01 -2.598570883274078369e-01 -1.297272294759750366e-01 1.564957946538925171e-02 2.995318919420242310e-02 -6.395286917686462402e-01 -2.858940279111266136e-03 1.160599887371063232e-01 -3.775359317660331726e-02 2.108830064535140991e-01 9.073492884635925293e-02 -5.124262720346450806e-02 -1.278018504381179810e-01 2.634296417236328125e-01 -1.076215356588363647e-01 -1.810098625719547272e-02 1.797642558813095093e-02 -1.698970235884189606e-02 7.147134095430374146e-02 4.107278585433959961e-02 1.219131574034690857e-01 2.152876853942871094e-01 -1.893251240253448486e-01 -2.615178823471069336e-01
6.634115427732467651e-02 2.713849544525146484e-01 6.419065594673156738e-02 -9.870164096355438232e-02 3.132510697469115257e-03 -1.769870072603225708e-01 -2.255754321813583374e-01 -1.698535829782485962e-01 1.097650229930877686e-01 -1.279918849468231201e-01 1.213149726390838623e-01 1.247084364295005798e-01 -5.936608836054801941e-02 -1.271530427038669586e-02 1.992030441761016846e-01 4.922686889767646790e-02 -1.828549802303314209e-02 -1.353978663682937622e-01 -1.782959550619125366e-01 5.735350027680397034e-02 7.038482278585433960e-02 1.323834657669067383e-01 -3.775793686509132385e-02 -1.658360511064529419e-01 -1.322012394666671753e-01 -9.165584295988082886e-02 3.512110412120819092e-01 -3.723097965121269226e-02 9.418267756700515747e-02 -1.595300436019897461e-01
6.440365314483642578e-02 1.726074516773223877e-01 1.746345907449722290e-01 1.728198826313018799e-01 -1.492907553911209106e-01 1.974760144948959351e-01 9.413480758666992188e-02 -1.633722931146621704e-01 6.913126260042190552e-02 2.125737490132451057e-03 -5.817253887653350830e-02 1.826121807098388672e-01 -1.308046430349349976e-01 -1.217259839177131653e-01 6.659329682588577271e-02 -1.061031073331832886e-01 1.072542294859886169e-01 5.989859253168106079e-02 -9.305112063884735107e-02 1.225044727325439453e-01 2.828338183462619781e-02 6.534250080585479736e-02 2.649966627359390259e-03 -6.554699689149856567e-02 1.447540819644927979e-01 3.153138607740402222e-02 -8.444551378488540649e-02 -7.013605535030364990e-02 -1.241776198148727417e-01 -1.666785627603530884e-01
6.800790876150131226e-02 -1.332990884780883789e+00 -1.382512927055358887e+00 1.534588634967803955e-01 -1.139026954770088196e-01 -7.437825798988342285e-01 -1.204962283372879028e-01 -5.536541342735290527e-01 1.888365596532821655e-01 5.147291347384452820e-02 -9.133851528167724609e-01 9.854328632354736328e-02 -1.668526679277420044e-01 -1.113576412200927734e+00 -6.953480839729309082e-01 3.587558567523956299e-01 8.218777179718017578e-02 -1.155985426157712936e-02 2.188732028007507324e-01 2.299056500196456909e-01 -1.543338447809219360e-01 -1.211363300681114197e-01 4.903454184532165527e-01 -2.445363998413085938e-01 6.555952429771423340e-01 -5.289527773857116699e-01 6.738384962081909180e-01 6.557055115699768066e-01 3.414011746644973755e-02 4.247482120990753174e-01
-9.786189347505569458e-02 7.475425302982330322e-02 -4.048286378383636475e-02 -1.720540970563888550e-01 4.662346467375755310e-02 5.322363600134849548e-02 1.129750311374664307e-01 3.828969970345497131e-02 1.191335320472717285e-01 1.302004903554916382e-01 -9.160004556179046631e-02 1.766231358051300049e-01 -7.472987473011016846e-02 1.441413909196853638e-01 1.142697855830192566e-01 -2.287415564060211182e-01 1.797692924737930298e-01 -1.750957518815994263e-01 3.977717459201812744e-02 1.602884847670793533e-03 8.793333172798156738e-02 -8.668635785579681396e-02 -2.963007055222988129e-02 8.722901344299316406e-02 -6.885045021772384644e-02 -1.048006638884544373e-01 -2.408385127782821655e-01 5.213916674256324768e-02 -5.630131065845489502e-02 -1.471681445837020874e-01
1.285321414470672607e-01 1.821239292621612549e-02 7.080665230751037598e-02 -1.793744266033172607e-01 1.753579527139663696e-01 -1.456549167633056641e-01 1.172721162438392639e-01 6.620790809392929077e-02 -4.978699609637260437e-02 1.741663366556167603e-01 1.257994771003723145e-01 1.157724410295486450e-01 5.752421915531158447e-02 6.626461632549762726e-03 1.338194310665130615e-01 1.842919141054153442e-01 -1.048850119113922119e-01 4.630520939826965332e-02 8.429827541112899780e-02 1.234727501869201660e-01 -3.637192025780677795e-02 -1.064776559360325336e-03 -7.244532927870750427e-03 3.507096320390701294e-02 -1.685388237237930298e-01 1.430590003728866577e-01 2.828501760959625244e-01 -1.606290191411972046e-01 -1.093523725867271423e-01 -2.125748693943023682e-01
1.858759820461273193e-01 -1.244906857609748840e-01 1.408710330724716187e-01 -1.821618154644966125e-02 -2.523112893104553223e-01 3.166997134685516357e-01 -1.956661492586135864e-01 3.243260681629180908e-01 -6.770254969596862793e-01 1.506137400865554810e-01 -2.976612150669097900e-01 -9.812262058258056641e-01 2.919498980045318604e-01 -3.966675139963626862e-03 -5.272861719131469727e-01 2.549040615558624268e-01 -4.777352511882781982e-02 2.970455288887023926e-01 6.509540975093841553e-02 1.960140168666839600e-01 -9.937964379787445068e-02 -1.285691261291503906e-01 2.110294550657272339e-01 2.053509280085563660e-02 1.326322741806507111e-02 -5.702640414237976074e-01 5.206779241561889648e-01 -2.233764678239822388e-01 -1.188601031899452209e-01 1.691907793283462524e-01
-1.544124912470579147e-02 -2.557867579162120819e-02 7.377199083566665649e-02 5.792368028778582811e-05 -2.053154073655605316e-02 8.826095610857009888e-02 1.811937093734741211e-01 7.707206159830093384e-02 -2.140494138002395630e-01 -1.380948275327682495e-01 -1.776689738035202026e-01 -7.056909799575805664e-02 2.145325541496276855e-01 -1.005231067538261414e-01 -1.746180839836597443e-02 -1.040034890174865723e-01 1.348877400159835815e-01 -1.618854403495788574e-01 -1.570666581392288208e-01 -6.655739247798919678e-02 5.576219037175178528e-02 -1.682211607694625854e-01 1.671144515275955200e-01 1.559693366289138794e-02 4.706130828708410263e-03 -1.258221119642257690e-01 2.153931707143783569e-01 7.404722273349761963e-02 2.028830116614699364e-03 -1.022294908761978149e-02
2.919335104525089264e-02 1.595804542303085327e-01 1.445240229368209839e-01 8.736355602741241455e-02 1.321099996566772461e-01 1.033147946000099182e-01 -1.245719939470291138e-02 -2.941369824111461639e-02 -1.873039454221725464e-02 3.295477479696273804e-02 -5.498308315873146057e-02 -3.597984835505485535e-02 1.126277633011341095e-02 1.451819092035293579e-01 -1.967245899140834808e-02 -1.407123077660799026e-02 -2.034376375377178192e-02 1.130339056253433228e-01 1.535081267356872559e-01 -4.288872331380844116e-02 1.546270549297332764e-01 1.083738133311271667e-01 -1.655290126800537109e-01 -1.152033656835556030e-01 -6.345269829034805298e-02 -3.963318094611167908e-02 1.189744621515274048e-01 -2.737446315586566925e-02 2.711892127990722656e-02 -8.991215378046035767e-02
-4.958358779549598694e-02 1.222138628363609314e-01 1.657850444316864014e-01 1.489161103963851929e-01 -8.909372985363006592e-02 1.722068488597869873e-01 3.732794523239135742e-02 6.252832710742950439e-02 1.736532300710678101e-01 -1.258854269981384277e-01 -7.545159664005041122e-03 -4.878448322415351868e-02 1.211212649941444397e-01 -1.759970188140869141e-01 -1.586620807647705078e-01 1.340814530849456787e-01 3.606199845671653748e-02 1.291008591651916504e-01 -9.169240295886993408e-02 1.356823891401290894e-01 9.921534359455108643e-02 1.762219071388244629e-01 -1.892619282007217407e-01 -1.235453784465789795e-01 -8.498855680227279663e-02 -5.016852915287017822e-02 -4.708876460790634155e-02 1.688731312751770020e-01 1.540614664554595947e-01 9.331594407558441162e-02
1.289284825325012207e-01 1.220890581607818604e-01 2.474175021052360535e-02 1.216987147927284241e-01 1.592633426189422607e-01 -4.795495793223381042e-02 -1.038410365581512451e-01 -1.469626277685165405e-01 1.137858554720878601e-01 1.520629134029150009e-02 4.649267718195915222e-02 1.236031129956245422e-01 -1.590910106897354126e-01 4.872804973274469376e-03 1.621532887220382690e-01 -1.249999627470970154e-01 8.412811160087585449e-02 -2.276050858199596405e-02 -9.159959852695465088e-02 -1.472082287073135376e-01 -7.454718649387359619e-02 5.610793828964233398e-02 1.292657107114791870e-01 1.562816351652145386e-01 -4.964430257678031921e-02 -8.899901807308197021e-02 1.890900880098342896e-01 -1.271628588438034058e-01 1.361628919839859009e-01 -8.271902054548263550e-02
-9.120901674032211304e-02 1.209226921200752258e-01 5.405846610665321350e-02 9.516787249594926834e-04 9.568948298692703247e-02 -1.241385042667388916e-01 -2.197095379233360291e-02 1.495770215988159180e-01 1.490596234798431396e-01 1.847765892744064331e-01 -1.621926277875900269e-01 2.329468354582786560e-02 -1.781780570745468140e-01 2.020327001810073853e-02 -3.991580009460449219e-02 1.549381166696548462e-01 9.805690497159957886e-02 2.297963574528694153e-02 1.889723688364028931e-01 -1.738870441913604736e-01 9.597600996494293213e-02 1.220222190022468567e-01 1.152314767241477966e-01 -6.668913364410400391e-02 -2.078462275676429272e-04 5.803326517343521118e-02 -1.585343033075332642e-01 -2.560224011540412903e-02 -1.721858084201812744e-01 1.005459651350975037e-01
-1.271934360265731812e-01 1.869852393865585327e-01 8.457355201244354248e-02 6.855720281600952148e-02 1.335538327693939209e-01 -1.315168738365173340e-01 -6.126716732978820801e-02 -1.321720629930496216e-01 8.648207038640975952e-02 -2.524295262992382050e-02 2.179968915879726410e-02 -4.851858317852020264e-02 4.680224508047103882e-02 -1.601924449205398560e-01 -1.330260485410690308e-01 -2.040660008788108826e-02 9.907408803701400757e-02 -1.114431396126747131e-01 -1.058360189199447632e-01 -7.003187388181686401e-02 1.029700711369514465e-01 4.097246006131172180e-02 1.632074117660522461e-01 4.966047033667564392e-02 -6.784515082836151123e-02 -2.690119482576847076e-02 -3.597697650548070669e-04 1.303252279758453369e-01 -8.975988626480102539e-02 -8.736131340265274048e-02
-1.102822050452232361e-01 -1.169175729155540466e-01 -1.143036782741546631e-01 1.405793875455856323e-01 1.020716875791549683e-01 1.260334551334381104e-01 1.011898592114448547e-01 2.829740755259990692e-02 9.828662127256393433e-02 5.457202717661857605e-02 -1.820125430822372437e-02 1.293876916170120239e-01 9.668622165918350220e-02 2.243667282164096832e-02 -1.383053958415985107e-01 7.620679587125778198e-02 1.283455342054367065e-01 -4.321521520614624023e-02 2.739438414573669434e-02 -1.132094115018844604e-02 5.724532995373010635e-03 -1.247685179114341736e-01 -9.545768797397613525e-02 -1.398406922817230225e-01 4.497386887669563293e-02 -9.245772659778594971e-02 -4.814812541007995605e-02 1.862190067768096924e-01 8.836020715534687042e-03 9.515706449747085571e-02
1.178134083747863770e-01 -2.111033797264099121e-01 -3.293962180614471436e-01 2.812174856662750244e-01 -1.128543750382959843e-03 2.013593465089797974e-01 1.335725635290145874e-01 1.046121716499328613e-01 -2.355603426694869995e-01 -1.076196804642677307e-01 -3.396084904670715332e-01 -1.241913437843322754e-01 1.911153793334960938e-01 -4.612197875976562500e-01 -1.703101582825183868e-02 -1.454022675752639771e-01 1.055197045207023621e-01 4.083815589547157288e-02 -1.240646317601203918e-01 5.400773510336875916e-02 -8.281715214252471924e-02 -1.421817839145660400e-01 -1.723141819238662720e-01 -1.299746483564376831e-01 2.283660322427749634e-01 -2.958719432353973389e-02 4.168975949287414551e-01 1.634903997182846069e-01 8.262267708778381348e-02 3.039309382438659668e-01
1.705655902624130249e-01 -2.068107128143310547e-01 -1.723756641149520874e-01 -6.856585387140512466e-03 1.330130100250244141e-01 6.980977952480316162e-02 -1.758393943309783936e-01 1.776674389839172363e-01 9.436883777379989624e-02 1.231115385890007019e-01 -9.982601553201675415e-02 -1.563730835914611816e-01 1.297524273395538330e-01 7.263212651014328003e-02 5.779692530632019043e-02 1.942003220319747925e-01 5.992097407579421997e-02 5.166665464639663696e-02 1.179489269852638245e-01 -5.146084725856781006e-02 -1.722128987312316895e-01 -6.858830899000167847e-02 7.689377665519714355e-02 -3.145947679877281189e-02 5.705202370882034302e-02 -3.171364963054656982e-02 1.371203064918518066e-01 3.823642805218696594e-02 3.111426159739494324e-02 -1.262920498847961426e-01
-7.498490810394287109e-02 2.133326530456542969e-01 2.793876454234123230e-02 -1.569924652576446533e-01 -7.783476263284683228e-02 3.498478978872299194e-02 4.864400625228881836e-02 -6.639617681503295898e-02 1.481240242719650269e-01 -1.561100631952285767e-01 -1.646452769637107849e-02 -6.882886867970228195e-03 1.867440193891525269e-01 -7.614395022392272949e-02 -1.340146064758300781e-01 7.808260619640350342e-02 -9.321957081556320190e-02 -1.162933483719825745e-01 -7.256443612277507782e-03 2.716947719454765320e-02 -1.644261479377746582e-01 1.662960648536682129e-02 4.271988943219184875e-02 -1.305973976850509644e-01 -2.469599545001983643e-01 1.539413332939147949e-01 2.014320157468318939e-02 1.757740378379821777e-01 -1.469878554344177246e-01 -2.463214695453643799e-01
-4.009021818637847900e-02 -3.883455321192741394e-02 -1.692922562360763550e-01 4.965759441256523132e-02 -1.149770021438598633e-01 1.072931289672851562e-01 1.196835711598396301e-01 1.228778436779975891e-02 -1.652768254280090332e-01 -5.261971615254878998e-03 -9.785939939320087433e-03 -1.312059015035629272e-01 1.707141101360321045e-02 -9.996232390403747559e-02 4.131797235459089279e-03 -8.160183206200599670e-03 1.083444878458976746e-01 1.225442588329315186e-01 1.388235539197921753e-01 -4.512694850564002991e-02 -7.635118905454874039e-03 6.911796331405639648e-02 3.682358190417289734e-02 1.456407308578491211e-01 1.643875241279602051e-02 1.069723516702651978e-01 2.938118204474449158e-02 -1.236360445618629456e-01 -1.226370856165885925e-01 -5.104211717844009399e-02
-8.445373177528381348e-02 1.643061786890029907e-01 1.552941054105758667e-01 -1.277638822793960571e-01 7.827717810869216919e-02 -1.511701103299856186e-02 1.242965534329414368e-01 2.566923387348651886e-02 -1.197234690189361572e-01 2.799569256603717804e-02 -8.454588241875171661e-03 3.282115980982780457e-02 8.500802516937255859e-02 5.588544905185699463e-02 -1.202757358551025391e-01 -1.529706716537475586e-01 3.512108698487281799e-02 2.573887072503566742e-02 -1.737701296806335449e-01 -8.733783662319183350e-02 4.852977395057678223e-02 -8.584615588188171387e-02 1.506765186786651611e-01 1.578634679317474365e-01 -1.808260381221771240e-01 1.641287654638290405e-01 2.441385574638843536e-02 8.030059188604354858e-02 -2.486904524266719818e-02 -9.003383666276931763e-02
2.923004329204559326e-02 1.481874883174896240e-01 -1.379454284906387329e-01 -1.128385588526725769e-01 4.886985570192337036e-02 5.359528586268424988e-02 7.757576555013656616e-02 1.705343872308731079e-01 -2.249528467655181885e-01 3.577456995844841003e-02 -2.167201191186904907e-01 -1.708267815411090851e-02 4.832127690315246582e-02 7.357521355152130127e-02 7.359571009874343872e-02 6.906849145889282227e-02 8.358386345207691193e-03 5.898170545697212219e-02 -1.786978691816329956e-01 1.603710055351257324e-01 1.620303243398666382e-01 1.714265495538711548e-01 1.061375513672828674e-01 -1.582336276769638062e-01 1.057935226708650589e-02 -1.901896446943283081e-01 -7.507606595754623413e-02 -2.471989393234252930e-02 -1.270291507244110107e-01 2.847959473729133606e-02
-8.775280416011810303e-02 -1.846070587635040283e-01 -3.309155106544494629e-01 1.319519430398941040e-01 1.093775853514671326e-01 1.475538909435272217e-01 -2.168892323970794678e-02 -7.479094713926315308e-02 -1.999839246273040771e-01 -1.760452985763549805e-01 -2.126487940549850464e-01 -2.359196841716766357e-01 2.186847329139709473e-01 -5.000728368759155273e-01 2.390293180942535400e-01 1.818708144128322601e-02 1.064060023054480553e-03 1.275272220373153687e-01 -2.964691817760467529e-01 -1.965820342302322388e-01 8.588208258152008057e-02 -5.397250875830650330e-02 -6.070044264197349548e-02 1.964087933301925659e-01 2.924298644065856934e-01 -1.046045124530792236e-01 -4.780153930187225342e-01 1.764273345470428467e-01 -1.823394373059272766e-02 1.444154828786849976e-01
2.256462536752223969e-02 -1.066192388534545898e-01 -1.566533446311950684e-01 1.344385296106338501e-01 -1.047180145978927612e-01 1.492861509323120117e-01 7.446099817752838135e-02 1.593876928091049194e-01 4.640213400125503540e-02 -1.172348037362098694e-01 -2.070064991712570190e-01 -6.896799802780151367e-02 -1.333322525024414062e-01 7.055547833442687988e-02 -1.136236172169446945e-02 -4.831901192665100098e-02 -5.299564078450202942e-02 6.782176345586776733e-02 -1.874510794878005981e-01 -1.876152157783508301e-01 1.410434097051620483e-01 -1.150026172399520874e-01 -1.363385021686553955e-01 1.037641428411006927e-02 1.455960869789123535e-01 1.489314287900924683e-01 2.096593528985977173e-01 7.831127196550369263e-02 1.908068507909774780e-01 1.808924525976181030e-01
-6.386088207364082336e-03 -1.464210301637649536e-01 3.926243260502815247e-02 1.014457084238529205e-02 -1.899324804544448853e-01 9.093682467937469482e-02 7.674517109990119934e-03 -4.677781090140342712e-02 -1.901337504386901855e-01 -8.029972203075885773e-03 1.388753503561019897e-01 5.270455032587051392e-02 4.551899433135986328e-02 -1.728460341691970825e-01 8.910033851861953735e-02 9.144259989261627197e-02 1.445032097399234772e-02 1.158529594540596008e-01 -7.209088653326034546e-02 -3.263682126998901367e-02 1.007538735866546631e-01 5.742403119802474976e-02 -1.285684257745742798e-01 -1.291639655828475952e-01 -9.849975258111953735e-02 4.969202354550361633e-02 5.273444205522537231e-02 1.802404373884201050e-01 1.611112207174301147e-01 1.498959809541702271e-01
