-2.255122661590576172e-01 -2.141795679926872253e-02 3.530431166291236877e-02 -4.703673720359802246e-02 -1.343644559383392334e-01 1.621588505804538727e-02 7.428988069295883179e-02 1.575442552566528320e-01 8.638881146907806396e-02 6.863497197628021240e-02 1.456992924213409424e-01 -8.050126582384109497e-02 6.892895698547363281e-02 1.020715460181236267e-01 1.682917326688766479e-01 -3.548678755760192871e-02 3.038663417100906372e-02 2.150080911815166473e-02 6.478098779916763306e-02 -1.062817797064781189e-01 1.092267930507659912e-01 -7.885401137173175812e-03 7.556140422821044922e-02 -1.365651786327362061e-01 1.537718921899795532e-01 1.386277657002210617e-02
1.258919388055801392e-01 -1.769703626632690430e-01 -1.004354059696197510e-01 4.866256192326545715e-02 2.224558033049106598e-02 -7.077398896217346191e-02 -4.636078700423240662e-02 -9.351314604282379150e-02 7.584489136934280396e-02 -6.860981136560440063e-02 -1.110871210694313049e-01 1.168906092643737793e-01 -1.210284158587455750e-01 2.243677824735641479e-01 6.416036188602447510e-02 -4.513836652040481567e-02 1.023404300212860107e-01 2.543174922466278076e-01 7.167568802833557129e-02 1.416845526546239853e-02 -1.028718575835227966e-01 -3.934048488736152649e-02 9.883632510900497437e-02 -9.668000042438507080e-02 -9.175423532724380493e-02 -1.834847498685121536e-03
1.405328959226608276e-01 1.051612719893455505e-01 9.025701880455017090e-02 -5.113098397850990295e-02 -1.559642851352691650e-01 1.264014374464750290e-02 1.190343797206878662e-01 -4.642436280846595764e-02 1.044348999857902527e-01 -1.520088165998458862e-01 -8.799158781766891479e-02 4.274069215171039104e-04 -1.099145933985710144e-01 7.963248528540134430e-03 1.456432193517684937e-01 -1.138340979814529419e-01 2.151791304349899292e-01 -1.269878149032592773e-01 5.010053142905235291e-02 1.240963488817214966e-02 -8.745327591896057129e-02 -1.099239513278007507e-01 -1.273586601018905640e-01 5.162497516721487045e-03 -2.118498459458351135e-02 1.403484642505645752e-01
-3.720971569418907166e-02 1.166883111000061035e-01 -7.957824319601058960e-02 1.536202728748321533e-01 -1.164919584989547729e-01 1.225635260343551636e-01 -1.352115720510482788e-01 -9.023052640259265900e-03 1.656724512577056885e-01 -2.590490318834781647e-02 1.301112323999404907e-01 -2.922263927757740021e-02 -7.324822247028350830e-02 -1.881591081619262695e-01 -1.847141236066818237e-01 7.036509364843368530e-02 4.827101528644561768e-02 -1.092325225472450256e-01 -9.575567394495010376e-02 1.383124589920043945e-01 3.404739871621131897e-02 1.037806272506713867e-01 5.997841432690620422e-02 2.019921690225601196e-01 -9.221825003623962402e-02 9.831243753433227539e-02
1.326764374971389771e-01 7.763697206974029541e-02 2.239469438791275024e-02 4.988082498311996460e-02 -1.132140606641769409e-01 1.483695488423109055e-02 7.360886782407760620e-02 -1.738654077053070068e-01 -3.937162458896636963e-02 1.371608823537826538e-01 1.090516373515129089e-01 -2.038186974823474884e-02 -2.072253078222274780e-01 -8.981177210807800293e-02 -2.015982419252395630e-01 3.810071200132369995e-02 7.155258953571319580e-02 1.801251247525215149e-02 -1.789623200893402100e-01 -4.848643392324447632e-02 -9.748062491416931152e-02 9.351426362991333008e-02 3.761266171932220459e-02 -1.343943625688552856e-01 -3.029754161834716797e-01 -5.914741009473800659e-02
1.762207783758640289e-02 -1.340186893939971924e-01 -1.934091560542583466e-02 -1.545663774013519287e-01 -1.558205187320709229e-01 -1.817415505647659302e-01 -2.030257284641265869e-01 -1.745235621929168701e-01 2.422104962170124054e-02 -3.012518286705017090e-01 3.201860487461090088e-01 4.958929121494293213e-02 -1.569058448076248169e-01 -1.561410427093505859e-01 -4.043551161885261536e-02 1.241937093436717987e-02 1.706418693065643311e-01 -4.015855491161346436e-03 -6.961762905120849609e-02 -2.947197854518890381e-02 -4.913315549492835999e-02 1.696018427610397339e-01 -7.067039608955383301e-02 1.194633841514587402e-01 2.312734574079513550e-01 6.973840296268463135e-02
1.844296306371688843e-01 1.475489288568496704e-01 -8.239809423685073853e-02 -1.230045780539512634e-01 4.348609223961830139e-02 9.210997261106967926e-03 1.935504078865051270e-01 1.540992707014083862e-01 8.577150106430053711e-02 -3.496137261390686035e-02 1.119986474514007568e-01 5.578830465674400330e-02 5.319660529494285583e-02 -1.414264589548110962e-01 5.765403807163238525e-02 -1.720036119222640991e-01 9.280116856098175049e-02 -5.150885879993438721e-02 1.734919995069503784e-01 -8.343923836946487427e-02 2.383249253034591675e-02 1.450053751468658447e-01 4.725088551640510559e-02 -3.483632579445838928e-02 3.668436408042907715e-01 -7.802675478160381317e-03
-2.370987460017204285e-02 -1.078724935650825500e-01 1.279789358377456665e-01 1.092910692095756531e-01 -6.949826329946517944e-02 -1.811671704053878784e-01 -1.792359515093266964e-03 2.307858131825923920e-02 -1.758093237876892090e-01 5.191331729292869568e-02 1.003518886864185333e-02 -1.215976476669311523e-01 1.463443040847778320e-01 -2.625967562198638916e-01 -2.407182240858674049e-03 -3.354623541235923767e-02 5.702784657478332520e-02 6.677074730396270752e-02 9.012436121702194214e-02 -1.561324000358581543e-01 -2.085151374340057373e-01 -2.748080529272556305e-02 -1.725101917982101440e-01 -1.065382808446884155e-01 -2.846532464027404785e-01 1.041163057088851929e-01
2.461254298686981201e-01 -1.853904128074645996e-02 2.262263149023056030e-01 1.325821578502655029e-01 1.524641215801239014e-01 -4.330967739224433899e-02 2.262455876916646957e-03 6.648030132055282593e-02 1.689823716878890991e-01 -1.526445150375366211e-02 6.649306416511535645e-02 -6.547326594591140747e-02 1.408612877130508423e-01 -1.680178344249725342e-01 -1.887610554695129395e-01 -2.607863247394561768e-01 -1.590745896100997925e-01 -9.528051316738128662e-02 -1.373565793037414551e-01 2.187286131083965302e-02 -1.798014389351010323e-03 1.418265402317047119e-01 2.681468985974788666e-02 -1.123110726475715637e-01 3.981977105140686035e-01 7.023119926452636719e-02
2.903974056243896484e-02 1.305032223463058472e-01 2.175273448228836060e-01 6.124135106801986694e-02 9.724590182304382324e-02 2.316826488822698593e-03 1.744336187839508057e-01 -1.172869056463241577e-01 -1.120341941714286804e-01 -1.877869963645935059e-01 1.502636224031448364e-01 -1.284774243831634521e-01 -1.892515718936920166e-01 -9.237331151962280273e-02 -1.126818135380744934e-01 1.422600299119949341e-01 5.357425659894943237e-03 2.063672617077827454e-02 -6.563418358564376831e-02 1.121920198202133179e-01 7.270815223455429077e-02 9.584641456604003906e-02 -2.543929219245910645e-01 -3.391559720039367676e-01 -5.603399500250816345e-02 1.768091470003128052e-01
9.611191600561141968e-02 1.298833489418029785e-01 7.864933460950851440e-02 1.589236855506896973e-01 -4.368060734122991562e-03 -9.677069634199142456e-02 -3.270609676837921143e-02 -1.356696486473083496e-01 6.679398566484451294e-02 -1.204010844230651855e-01 -2.077632248401641846e-01 -3.889048397541046143e-01 1.026561036705970764e-01 1.470542252063751221e-01 2.899120561778545380e-02 -1.439352482557296753e-01 2.210251092910766602e-01 -1.083025708794593811e-01 1.590036600828170776e-01 2.239666283130645752e-01 -1.549856737256050110e-02 1.645247042179107666e-01 1.740806549787521362e-01 2.001367695629596710e-02 2.565565705299377441e-01 -2.520523965358734131e-02
-1.178994998335838318e-01 -1.480309069156646729e-01 -2.200460433959960938e-01 8.481504768133163452e-02 1.717305928468704224e-02 -2.190230414271354675e-02 -1.800833791494369507e-01 -5.037130042910575867e-02 -1.189867407083511353e-01 5.620497092604637146e-02 -1.630494445562362671e-01 -1.598662883043289185e-01 -1.362065505236387253e-02 -1.844355314970016479e-01 1.316169649362564087e-01 -1.221501082181930542e-01 -9.727563709020614624e-02 -8.915037661790847778e-02 1.091120019555091858e-01 -1.607827544212341309e-01 -4.342325776815414429e-02 -1.828773915767669678e-01 -1.270280182361602783e-01 -5.602305755019187927e-02 -2.957139313220977783e-01 -1.530892103910446167e-01
-2.286559641361236572e-01 -9.076052159070968628e-02 -6.535539776086807251e-02 1.159934550523757935e-01 6.210934743285179138e-02 7.412625849246978760e-02 1.277436167001724243e-01 -4.420667141675949097e-02 -6.165802851319313049e-02 1.671346724033355713e-01 1.052592694759368896e-01 2.209480851888656616e-01 2.412727922201156616e-01 -7.694838196039199829e-02 -1.050724983215332031e-01 -2.388749271631240845e-02 1.029315739870071411e-01 -6.301717460155487061e-02 -1.928513050079345703e-01 1.889284700155258179e-02 -2.110982984304428101e-01 -7.241565734148025513e-02 -2.457669749855995178e-02 -1.510773599147796631e-01 -4.768309295177459717e-01 1.177572309970855713e-01
-1.124883666634559631e-01 1.031346917152404785e-01 -1.198256611824035645e-01 1.097981631755828857e-01 9.278250485658645630e-02 4.193376749753952026e-02 -2.216011732816696167e-01 -8.409624546766281128e-02 1.310875266790390015e-01 -6.714197993278503418e-02 1.070160642266273499e-01 5.853805318474769592e-02 1.289822757244110107e-01 8.254826068878173828e-02 -8.144596964120864868e-02 -3.858780488371849060e-02 8.077577687799930573e-03 -5.726419761776924133e-02 -5.605184659361839294e-02 5.732761323451995850e-02 1.334371566772460938e-01 1.857319027185440063e-01 1.283941864967346191e-01 2.723946049809455872e-02 3.864582479000091553e-01 1.088149100542068481e-01
-6.182643026113510132e-02 -2.164797186851501465e-01 9.299960732460021973e-02 -2.153655141592025757e-01 -1.318633556365966797e-01 -1.916175824590027332e-03 4.348821938037872314e-02 8.210976421833038330e-02 1.371460855007171631e-01 1.959141492843627930e-01 3.588433563709259033e-01 5.600852966308593750e-01 1.218805834650993347e-01 -6.819644570350646973e-02 -1.209508255124092102e-01 1.094820797443389893e-01 -2.492152154445648193e-01 -2.079603821039199829e-01 -1.444369405508041382e-01 -1.566195040941238403e-01 -7.772577553987503052e-02 1.436882931739091873e-02 -2.496871501207351685e-01 -2.933217883110046387e-01 -3.792311847209930420e-01 -3.845572099089622498e-02
6.878609210252761841e-02 -1.870319694280624390e-01 -2.839179337024688721e-01 -1.048887670040130615e-01 -1.339385956525802612e-01 2.022882923483848572e-02 -2.231487482786178589e-01 -1.188073158264160156e-01 1.456739753484725952e-01 -1.717582494020462036e-01 4.512564465403556824e-02 1.667123585939407349e-01 -1.312552690505981445e-01 6.237241998314857483e-02 -9.831733256578445435e-02 -1.016874238848686218e-01 -8.875788748264312744e-02 -2.339632660150527954e-01 4.663940146565437317e-02 1.067441981285810471e-02 -1.516555994749069214e-01 -1.047404631972312927e-01 1.072391122579574585e-01 -2.721197903156280518e-01 5.558034181594848633e-01 -5.546135827898979187e-02
-7.481340318918228149e-02 -1.392519026994705200e-01 -8.474954217672348022e-02 4.390032961964607239e-02 -1.788189858198165894e-01 -2.257129400968551636e-01 -3.222160786390304565e-02 7.416043430566787720e-02 -8.700845390558242798e-02 1.413370072841644287e-01 9.367058426141738892e-02 5.840256065130233765e-02 8.398176729679107666e-02 -4.628659039735794067e-02 1.897038746392354369e-04 -1.352086663246154785e-01 -5.891321226954460144e-02 -2.604159712791442871e-01 -1.725875884294509888e-01 -1.458132117986679077e-01 -1.608368307352066040e-01 -1.224261000752449036e-01 -3.413429856300354004e-01 -2.156280726194381714e-01 -3.364624083042144775e-01 7.070565223693847656e-02
9.288230538368225098e-02 -6.470509618520736694e-02 -2.003233134746551514e-02 5.638888850808143616e-02 7.669030223041772842e-03 1.478246748447418213e-01 -2.016381621360778809e-01 -1.706040054559707642e-01 1.563581638038158417e-03 -1.670639067888259888e-01 9.329387545585632324e-02 1.746573597192764282e-01 1.993705518543720245e-02 6.846961379051208496e-02 -1.530337780714035034e-01 8.820023387670516968e-02 -6.034329533576965332e-02 -2.659913003444671631e-01 -2.052883803844451904e-01 2.519918233156204224e-02 -1.468315571546554565e-01 1.947484537959098816e-02 -2.132298946380615234e-01 -2.381669729948043823e-01 -1.005593165755271912e-01 1.532672345638275146e-01
-7.889959216117858887e-02 -9.176795929670333862e-02 -2.259473688900470734e-02 1.662621833384037018e-02 3.288162127137184143e-02 1.556191593408584595e-01 5.459561012685298920e-03 7.272411882877349854e-02 -1.513537764549255371e-01 -1.000591963529586792e-01 1.466892063617706299e-01 7.424867153167724609e-02 2.184862829744815826e-02 2.171291783452033997e-02 2.100475579500198364e-01 1.973821818828582764e-01 -6.747479736804962158e-02 1.199354231357574463e-01 1.298379153013229370e-01 1.289480328559875488e-01 -3.135067224502563477e-02 1.726062446832656860e-01 -6.689345836639404297e-02 4.776142910122871399e-02 -9.011004865169525146e-02 3.385687619447708130e-02
-5.418721586465835571e-03 1.060181707143783569e-01 -1.206724867224693298e-01 -3.485374525189399719e-02 3.148943185806274414e-02 -1.295344084501266479e-01 -1.541102826595306396e-01 -5.143690109252929688e-02 -6.502289790660142899e-03 7.865867018699645996e-02 2.163549512624740601e-01 3.080483078956604004e-01 1.709461361169815063e-01 2.428693920373916626e-01 1.720476299524307251e-01 -1.396872848272323608e-01 -1.218280643224716187e-01 -2.758501656353473663e-02 -2.730026282370090485e-02 -8.515575528144836426e-02 1.974525600671768188e-01 2.862648479640483856e-02 1.690275967121124268e-01 -1.954767480492591858e-02 -2.162586748600006104e-01 -3.602287173271179199e-02
-1.911943405866622925e-01 -2.465757876634597778e-01 1.034302413463592529e-01 -2.065926939249038696e-01 2.267793938517570496e-02 -3.470379114151000977e-02 7.563692331314086914e-02 5.631345137953758240e-02 1.347482800483703613e-01 -1.725035309791564941e-01 -2.301749885082244873e-01 -1.905572228133678436e-02 -6.874801218509674072e-02 -1.170264407992362976e-01 7.198452204465866089e-02 -9.021549671888351440e-02 5.589173734188079834e-02 -2.087396979331970215e-01 -2.674899101257324219e-01 1.735970005393028259e-02 -2.878918945789337158e-01 -2.276342809200286865e-01 -2.200820744037628174e-01 -3.936146572232246399e-02 -2.944603562355041504e-01 -1.746339499950408936e-01
3.245675936341285706e-02 -2.757779136300086975e-02 1.576187275350093842e-02 5.753061547875404358e-02 8.092962205410003662e-02 1.312139183282852173e-01 1.580406576395034790e-01 1.456640064716339111e-01 -2.164033949375152588e-01 -1.681973040103912354e-01 -1.449215225875377655e-03 3.084308207035064697e-01 2.732537686824798584e-01 1.908083260059356689e-01 3.555462695658206940e-03 2.854586951434612274e-02 7.519524544477462769e-02 -2.771032415330410004e-02 -2.690478041768074036e-02 7.486771792173385620e-02 -8.732693642377853394e-02 9.842403978109359741e-02 -8.571443706750869751e-02 -1.805965304374694824e-01 -2.554652988910675049e-01 1.961105735972523689e-03
-7.080565392971038818e-02 -7.516649365425109863e-02 1.456083953380584717e-01 -1.551762036979198456e-02 6.507372856140136719e-02 7.066559791564941406e-02 1.584819853305816650e-01 1.361380964517593384e-01 -4.927256330847740173e-02 -1.332574933767318726e-01 1.892310231924057007e-01 2.266762107610702515e-01 -7.226537913084030151e-02 -2.516277506947517395e-02 2.080330252647399902e-02 1.691911965608596802e-01 -2.688920870423316956e-02 -7.990919053554534912e-02 -3.910669684410095215e-02 2.104956358671188354e-01 1.301145702600479126e-01 -8.300172537565231323e-02 -5.072591453790664673e-02 2.099069952964782715e-01 1.608000844717025757e-01 9.624812752008438110e-02
-4.974615573883056641e-02 3.118634037673473358e-02 -2.352921962738037109e-01 7.418651878833770752e-02 -1.694851517677307129e-01 -7.008704543113708496e-02 -2.023529112339019775e-01 3.269411996006965637e-02 1.599145829677581787e-01 -1.440400332212448120e-01 7.456974685192108154e-02 1.099752634763717651e-01 -4.990169405937194824e-02 -2.509510219097137451e-01 -1.515521705150604248e-01 -6.410751491785049438e-02 -2.807252407073974609e-01 -3.644375875592231750e-02 -3.014901578426361084e-01 -2.869124710559844971e-01 -2.885957062244415283e-01 -2.086072564125061035e-01 -3.490230739116668701e-01 -3.333235085010528564e-01 -4.184350967407226562e-01 1.213526800274848938e-01
5.622514337301254272e-02 -1.403394788503646851e-01 -1.460478007793426514e-01 -4.816852509975433350e-02 1.646571606397628784e-01 7.089815288782119751e-02 -7.327792048454284668e-02 1.433186382055282593e-01 -1.447682827711105347e-01 1.497996449470520020e-01 2.589381635189056396e-01 2.029151022434234619e-01 -4.327585338614881039e-05 8.824896812438964844e-02 6.170915812253952026e-02 -5.482020229101181030e-02 8.798758685588836670e-02 -8.816725760698318481e-02 -6.053393334150314331e-02 4.050203412771224976e-02 -8.517617732286453247e-02 -1.615441590547561646e-01 -2.038845568895339966e-01 -1.148202419281005859e-01 -4.232742786407470703e-01 -1.117303408682346344e-02
5.886833369731903076e-02 -5.228868499398231506e-02 1.780868470668792725e-01 -1.587444394826889038e-01 -1.294262558221817017e-01 -9.012361988425254822e-03 1.638283580541610718e-01 -1.577892452478408813e-01 -1.434049904346466064e-01 -6.495132297277450562e-02 -4.707804881036281586e-03 2.003736346960067749e-01 -1.085761711001396179e-01 -6.176262348890304565e-02 1.068509072065353394e-01 1.178217306733131409e-01 1.869767159223556519e-01 1.066556349396705627e-01 -1.046650186181068420e-01 1.265701800584793091e-01 1.215134114027023315e-01 -4.475073516368865967e-02 2.658212482929229736e-01 7.278814911842346191e-02 3.118851184844970703e-01 9.813093394041061401e-02
