-3.638606071472167969e-01
-2.781189084053039551e-01
-2.109674930572509766e+00
2.353922426700592041e-01
2.365967035293579102e+00
-5.422904491424560547e-01
-6.958885788917541504e-01
6.869198679924011230e-01
-3.718747198581695557e-01
-1.085538387298583984e+00
1.437048196792602539e+00
-5.391494035720825195e-01
3.163288831710815430e-01
1.234333403408527374e-02
-9.903910160064697266e-01
-1.900178790092468262e+00
1.530816197395324707e+00
-7.343750596046447754e-01
6.992097496986389160e-01
-7.504231929779052734e-01
5.090917944908142090e-01
-7.989639639854431152e-01
-7.245547175407409668e-01
4.351211711764335632e-02
1.655762791633605957e+00
-8.225283622741699219e-01
-3.725431859493255615e-01
4.199994802474975586e-01
-8.118680715560913086e-01
2.514728605747222900e-01
1.217659831047058105e+00
-3.660456240177154541e-01
-1.810363292694091797e+00
-7.988309860229492188e-01
2.073919296264648438e+00
-1.282810091972351074e+00
1.310476511716842651e-01
1.361387729644775391e+00
4.630488455295562744e-01
-1.885065317153930664e+00
-1.299914270639419556e-01
-1.433857917785644531e+00
-2.669064104557037354e-01
3.906111121177673340e-01
-3.158655166625976562e-01
1.173834204673767090e+00
2.948307991027832031e-01
9.967374205589294434e-01
2.411512136459350586e+00
-4.379043877124786377e-01
-6.864563226699829102e-01
-1.133360490202903748e-01
-1.024397611618041992e-01
5.156340599060058594e-01
3.822216764092445374e-02
-1.345757484436035156e+00
-1.913271248340606689e-01
5.360106825828552246e-01
1.877823472023010254e+00
1.202312231063842773e+00
4.077525436878204346e-01
-1.912458539009094238e+00
-5.281040072441101074e-01
-4.942708611488342285e-01
-1.276297926902770996e+00
-8.289890289306640625e-01
-6.693355441093444824e-01
-3.148468434810638428e-01
-1.882575392723083496e+00
-6.762056350708007812e-01
3.262872993946075439e-01
1.154106616973876953e+00
3.317129909992218018e-01
-7.041136026382446289e-01
1.786495327949523926e+00
-4.714889526367187500e-01
1.498092561960220337e-01
-1.990256160497665405e-01
4.743095934391021729e-01
-2.689118981361389160e-01
9.108921885490417480e-01
-1.131981492042541504e+00
-1.036013722419738770e+00
4.498367011547088623e-01
3.355416059494018555e-01
8.730811476707458496e-01
1.915564298629760742e+00
-1.048576235771179199e+00
-8.572716116905212402e-01
-9.542025923728942871e-01
9.140969067811965942e-02
2.058703184127807617e+00
2.219952344894409180e+00
-5.806112289428710938e-01
1.315334677696228027e+00
1.066392898559570312e+00
5.555233359336853027e-01
7.511408925056457520e-01
-3.088460445404052734e+00
2.135674208402633667e-01
-2.681275308132171631e-01
-2.876981258392333984e+00
2.906718254089355469e-01
-7.513793110847473145e-01
-1.348315715789794922e+00
-2.667100727558135986e-01
-8.235944509506225586e-01
9.388118982315063477e-02
2.785265678539872169e-03
6.587525606155395508e-01
8.194999098777770996e-01
2.139528654515743256e-02
4.214427769184112549e-01
-9.129759073257446289e-01
-7.131148576736450195e-01
-2.396538734436035156e+00
1.409379363059997559e+00
-1.035987496376037598e+00
-1.216805934906005859e+00
-3.359806835651397705e-01
-1.417834758758544922e-01
-1.049196198582649231e-01
-9.103572964668273926e-01
2.013505935668945312e+00
-1.314712285995483398e+00
-1.001569926738739014e-01
-1.064105868339538574e+00
1.504606008529663086e+00
3.266089260578155518e-01
4.472701251506805420e-01
9.089815020561218262e-01
-1.656211614608764648e-01
5.723141878843307495e-02
2.293428659439086914e+00
6.932737827301025391e-01
6.745074391365051270e-01
1.731849312782287598e+00
-8.011963963508605957e-01
-7.032098770141601562e-01
1.055216908454895020e+00
1.487961173057556152e+00
7.733054161071777344e-01
3.775713145732879639e-01
1.300796389579772949e+00
7.490449547767639160e-01
2.848242223262786865e-01
1.124573111534118652e+00
-2.163271307945251465e-01
-1.153713822364807129e+00
7.460787892341613770e-01
9.323329925537109375e-01
-6.253886222839355469e-02
1.618843197822570801e+00
1.761293172836303711e+00
-5.066438317298889160e-01
1.837867379188537598e+00
1.486485242843627930e+00
1.852286934852600098e+00
-2.036254256963729858e-01
-1.387913674116134644e-01
3.146586716175079346e-01
-1.581001579761505127e-01
-1.261005401611328125e+00
6.620936989784240723e-01
-5.431391596794128418e-01
1.186797857284545898e+00
8.117990195751190186e-02
-1.451250314712524414e+00
8.791174888610839844e-01
1.322507858276367188e+00
-1.838929414749145508e+00
9.344417452812194824e-01
4.065907001495361328e-01
1.701780557632446289e-01
-8.879886865615844727e-01
-9.792033433914184570e-01
-5.110481977462768555e-01
-4.259844869375228882e-02
-3.370686769485473633e-01
1.255973130464553833e-01
-1.090237498283386230e+00
8.961940184235572815e-03
-1.290457975119352341e-02
1.015640377998352051e+00
4.025436043739318848e-01
-1.344117820262908936e-01
-3.691072762012481689e-02
3.808560371398925781e-01
3.370460271835327148e-01
-3.459095656871795654e-01
3.442139625549316406e-01
7.126901149749755859e-01
1.383078843355178833e-01
4.431124627590179443e-01
-1.439650774002075195e+00
-6.883890032768249512e-01
4.941698014736175537e-01
3.414139151573181152e-02
-9.884454011917114258e-01
-7.470040917396545410e-01
1.117788478732109070e-01
1.685892581939697266e+00
-4.058075547218322754e-01
5.178367495536804199e-01
-1.471000790596008301e+00
-5.656693875789642334e-02
-1.477230310440063477e+00
8.097131848335266113e-01
1.126087427139282227e+00
-7.656215876340866089e-02
-1.266110777854919434e+00
-3.006604909896850586e-01
-4.196692109107971191e-01
5.145804286003112793e-01
1.927157640457153320e-01
3.184335231781005859e-01
8.098046779632568359e-01
5.730596780776977539e-01
2.059853792190551758e+00
-9.970685839653015137e-01
1.702958345413208008e+00
-3.304761946201324463e-01
2.966020345687866211e+00
-8.198444247245788574e-01
-2.485128305852413177e-02
2.357667684555053711e+00
-6.620980501174926758e-01
-5.027918219566345215e-01
6.971467137336730957e-01
5.228058099746704102e-01
-2.004914879798889160e-01
9.202256798744201660e-01
-6.958957910537719727e-01
-5.654942393302917480e-01
-3.960953950881958008e-01
2.427469938993453979e-01
-1.057453036308288574e+00
-8.643136024475097656e-01
8.756788969039916992e-01
1.123088240623474121e+00
-3.683109581470489502e-01
7.994127869606018066e-01
2.196753978729248047e+00
8.869121074676513672e-01
3.086732029914855957e-01
-1.944483876228332520e+00
5.855799913406372070e-01
-9.588523507118225098e-01
1.851391792297363281e-01
3.276547491550445557e-01
-1.382799863815307617e+00
1.639135360717773438e+00
2.761827111244201660e-01
8.929834961891174316e-01
-9.424510598182678223e-02
-5.951161384582519531e-01
8.597524166107177734e-01
-8.871003389358520508e-01
9.239591956138610840e-01
-8.146449327468872070e-01
1.126315165311098099e-02
2.945553660392761230e-01
9.036281108856201172e-01
6.274812668561935425e-02
1.009935855865478516e+00
7.603446245193481445e-01
-9.411231875419616699e-01
-1.453214049339294434e+00
-6.633635163307189941e-01
5.901030078530311584e-02
7.984221577644348145e-01
-7.272436022758483887e-01
-1.591883599758148193e-01
4.379901587963104248e-01
5.133368968963623047e-01
-9.174801111221313477e-01
-2.708012983202934265e-02
-1.491839051246643066e+00
4.604168832302093506e-01
1.832737326622009277e-01
9.436991810798645020e-01
4.846856892108917236e-01
-3.762935400009155273e-01
-2.087268531322479248e-01
2.065140008926391602e-01
1.581293821334838867e+00
1.914297491312026978e-01
3.327255249023437500e-01
-5.819718837738037109e-01
-7.330535650253295898e-01
2.929272949695587158e-01
-6.002821028232574463e-02
-2.556660175323486328e-01
9.725757688283920288e-02
-3.944915533065795898e-01
-8.656665086746215820e-01
2.924259901046752930e-01
1.213571786880493164e+00
7.801241278648376465e-01
6.803056597709655762e-01
-6.497285962104797363e-01
1.930431425571441650e-01
-5.994816496968269348e-02
-1.611695289611816406e-01
2.189371824264526367e+00
-3.362598642706871033e-02
-1.260145902633666992e-01
3.874002993106842041e-01
1.364194005727767944e-01
3.852304518222808838e-01
-1.819154739379882812e+00
-4.497569799423217773e-01
-2.103237628936767578e+00
-2.910462379455566406e+00
1.647842288017272949e+00
9.330720901489257812e-01
1.892521858215332031e+00
1.319736123085021973e+00
9.097282290458679199e-01
1.189958930015563965e+00
-5.798831582069396973e-01
7.220338284969329834e-02
6.324711441993713379e-02
-1.449035763740539551e+00
5.953534841537475586e-01
