-6.985156983137130737e-02
4.330235347151756287e-02
1.269166320562362671e-01
-1.703805178403854370e-01
2.460475564002990723e-01
-7.218594104051589966e-02
-9.281821548938751221e-02
-1.210574135184288025e-01
-6.772223860025405884e-02
1.262873262166976929e-01
1.791103780269622803e-01
1.443749219179153442e-01
1.863051950931549072e-01
1.550454199314117432e-01
-1.684474945068359375e-01
2.044721096754074097e-01
9.185775369405746460e-02
7.548701763153076172e-02
-2.583335340023040771e-01
7.691098749637603760e-02
-1.318844705820083618e-01
2.377985715866088867e-01
-8.949930220842361450e-02
-4.144551977515220642e-02
-8.862538635730743408e-02
-2.272011488676071167e-01
