9.466294944286346436e-02
-1.263016611337661743e-01
1.291978955268859863e-01
-6.231412291526794434e-02
-1.265324354171752930e-01
-9.195339679718017578e-02
1.258458197116851807e-01
-1.765814125537872314e-01
-8.756037801504135132e-02
-9.974583983421325684e-02
1.697160117328166962e-02
1.209379956126213074e-01
4.385688900947570801e-02
-1.187108457088470459e-01
-1.053004115819931030e-01
9.739496558904647827e-02
9.251519292593002319e-02
-1.980407238006591797e-01
8.841787278652191162e-02
-6.321576237678527832e-02
-1.313151866197586060e-01
-6.955979391932487488e-03
1.076396740972995758e-02
-5.952332541346549988e-02
-1.012951731681823730e-01
2.101661711931228638e-01
