9.407773390412330627e-01 9.773816838860511780e-01 9.848107472062110901e-01 9.878263249993324280e-01 9.888414517045021057e-01 9.887981191277503967e-01 9.881780520081520081e-01 9.872641935944557190e-01 9.862356558442115784e-01 9.852112904191017151e-01 9.842717424035072327e-01 9.834713116288185120e-01 9.828454032540321350e-01 9.824147000908851624e-01 9.821877852082252502e-01 9.821626320481300354e-01 9.823274388909339905e-01 9.826604500412940979e-01 9.831290617585182190e-01 9.836884513497352600e-01 9.842790737748146057e-01 9.848217144608497620e-01 9.852108135819435120e-01 9.853026643395423889e-01 9.848934188485145569e-01 9.836777821183204651e-01 9.811557903885841370e-01 9.763824120163917542e-01 9.669963493943214417e-01 9.292446747422218323e-01
9.220980778336524963e-01 9.578358307480812073e-01 9.655768051743507385e-01 9.690998569130897522e-01 9.707165136933326721e-01 9.713269248604774475e-01 9.713896885514259338e-01 9.711728468537330627e-01 9.708451405167579651e-01 9.705177322030067444e-01 9.702644720673561096e-01 9.701348915696144104e-01 9.701598063111305237e-01 9.703560844063758850e-01 9.707290902733802795e-01 9.712738171219825745e-01 9.719758406281471252e-01 9.728107824921607971e-01 9.737444296479225159e-01 9.747298136353492737e-01 9.757058396935462952e-01 9.765917435288429260e-01 9.772811904549598694e-01 9.776296392083168030e-01 9.774325862526893616e-01 9.763850942254066467e-01 9.739885106682777405e-01 9.693016186356544495e-01 9.599754586815834045e-01 9.224123135209083557e-01
9.840664044022560120e-01 1.021958090364933014e+00 1.029948748648166656e+00 1.033437408506870270e+00 1.034894682466983795e+00 1.035282887518405914e+00 1.035092867910861969e+00 1.034611739218235016e+00 1.034020163118839264e+00 1.033437348902225494e+00 1.032942868769168854e+00 1.032589830458164215e+00 1.032411970198154449e+00 1.032427646219730377e+00 1.032642997801303864e+00 1.033053196966648102e+00 1.033643461763858795e+00 1.034388460218906403e+00 1.035252071917057037e+00 1.036185182631015778e+00 1.037123121321201324e+00 1.037981130182743073e+00 1.038646616041660309e+00 1.038966931402683258e+00 1.038726307451725006e+00 1.037602461874485016e+00 1.035068310797214508e+00 1.030129291117191315e+00 1.020302332937717438e+00 9.806355610489845276e-01
9.744570627808570862e-01 1.011075772345066071e+00 1.018972195684909821e+00 1.022571004927158356e+00 1.024244286119937897e+00 1.024914480745792389e+00 1.025050736963748932e+00 1.024926640093326569e+00 1.024713434278964996e+00 1.024523235857486725e+00 1.024430431425571442e+00 1.024483360350131989e+00 1.024712421000003815e+00 1.025132752954959869e+00 1.025748170912265778e+00 1.026551641523838043e+00 1.027526535093784332e+00 1.028646387159824371e+00 1.029873825609683990e+00 1.031159080564975739e+00 1.032437600195407867e+00 1.033624686300754547e+00 1.034608878195285797e+00 1.035239435732364655e+00 1.035303451120853424e+00 1.034484185278415680e+00 1.032263673841953278e+00 1.027665175497531891e+00 1.018251694738864899e+00 9.795402660965919495e-01
1.002111829817295074e+00 1.040012754499912262e+00 1.047581352293491364e+00 1.050582207739353180e+00 1.051524914801120758e+00 1.051387824118137360e+00 1.050670899450778961e+00 1.049666978418827057e+00 1.048560835421085358e+00 1.047474898397922516e+00 1.046491302549839020e+00 1.045665241777896881e+00 1.045032180845737457e+00 1.044612266123294830e+00 1.044412948191165924e+00 1.044430889189243317e+00 1.044652320444583893e+00 1.045053280889987946e+00 1.045598722994327545e+00 1.046240486204624176e+00 1.046915091574192047e+00 1.047538794577121735e+00 1.048000372946262360e+00 1.048148430883884430e+00 1.047768630087375641e+00 1.046540893614292145e+00 1.043941296637058258e+00 1.038980163633823395e+00 1.029186643660068512e+00 9.897109642624855042e-01
1.014367617666721344e+00 1.048142530024051666e+00 1.053112603724002838e+00 1.053748644888401031e+00 1.052447535097599030e+00 1.050148405134677887e+00 1.047334589064121246e+00 1.044291533529758453e+00 1.041201390326023102e+00 1.038186706602573395e+00 1.035331942141056061e+00 1.032695151865482330e+00 1.030316270887851715e+00 1.028220273554325104e+00 1.026420630514621735e+00 1.024920500814914703e+00 1.023713566362857819e+00 1.022784031927585602e+00 1.022106327116489410e+00 1.021643318235874176e+00 1.021344102919101715e+00 1.021140374243259430e+00 1.020939745008945465e+00 1.020615316927433014e+00 1.019986070692539215e+00 1.018779672682285309e+00 1.016549266874790192e+00 1.012447036802768707e+00 1.004349865019321442e+00 9.708125963807106018e-01
9.889604225754737854e-01 1.026748396456241608e+00 1.034429945051670074e+00 1.037562943994998932e+00 1.038636721670627594e+00 1.038621880114078522e+00 1.038014985620975494e+00 1.037106908857822418e+00 1.036081708967685699e+00 1.035061575472354889e+00 1.034128822386264801e+00 1.033339060842990875e+00 1.032728232443332672e+00 1.032317318022251129e+00 1.032114543020725250e+00 1.032117642462253571e+00 1.032313801348209381e+00 1.032680071890354156e+00 1.033182658255100250e+00 1.033774770796298981e+00 1.034394301474094391e+00 1.034958995878696442e+00 1.035359300673007965e+00 1.035446204245090485e+00 1.035007871687412262e+00 1.033727802336215973e+00 1.031087853014469147e+00 1.026108182966709137e+00 1.016341485083103180e+00 9.771724119782447815e-01
1.006468571722507477e+00 1.044609941542148590e+00 1.052188910543918610e+00 1.055153883993625641e+00 1.056032933294773102e+00 1.055812574923038483e+00 1.054997242987155914e+00 1.053882755339145660e+00 1.052656389772891998e+00 1.051442362368106842e+00 1.050324596464633942e+00 1.049359716475009918e+00 1.048584856092929840e+00 1.048020996153354645e+00 1.047677196562290192e+00 1.047551132738590240e+00 1.047630228102207184e+00 1.047891534864902496e+00 1.048301137983798981e+00 1.048811711370944977e+00 1.049360848963260651e+00 1.049865700304508209e+00 1.050215639173984528e+00 1.050260342657566071e+00 1.049786247313022614e+00 1.048474110662937164e+00 1.045800842344760895e+00 1.040777839720249176e+00 1.030935682356357574e+00 9.914285317063331604e-01
9.845518842339515686e-01 1.021789707243442535e+00 1.029703773558139801e+00 1.033220805227756500e+00 1.034763611853122711e+00 1.035274662077426910e+00 1.035234250128269196e+00 1.034922398626804352e+00 1.034515060484409332e+00 1.034127630293369293e+00 1.033836878836154938e+00 1.033693529665470123e+00 1.033728994429111481e+00 1.033960022032260895e+00 1.034391261637210846e+00 1.035016573965549469e+00 1.035820044577121735e+00 1.036775328218936920e+00 1.037845708429813385e+00 1.038981236517429352e+00 1.040117062628269196e+00 1.041168250143527985e+00 1.042022384703159332e+00 1.042527414858341217e+00 1.042468585073947906e+00 1.041525579988956451e+00 1.039175309240818024e+00 1.034430064260959625e+00 1.024825908243656158e+00 9.856044426560401917e-01
9.875634089112281799e-01 1.024943210184574127e+00 1.032514370977878571e+00 1.035590924322605133e+00 1.036637760698795319e+00 1.036616005003452301e+00 1.036016620695590973e+00 1.035127319395542145e+00 1.034129776060581207e+00 1.033144570887088776e+00 1.032252527773380280e+00 1.031508304178714752e+00 1.030946888029575348e+00 1.030588366091251373e+00 1.030440606176853180e+00 1.030500508844852448e+00 1.030754961073398590e+00 1.031180776655673981e+00 1.031743802130222321e+00 1.032397188246250153e+00 1.033078886568546295e+00 1.033706702291965485e+00 1.034171737730503082e+00 1.034325279295444489e+00 1.033956862986087799e+00 1.032751955091953278e+00 1.030195154249668121e+00 1.025313235819339752e+00 1.015674628317356110e+00 9.768232479691505432e-01
9.986056461930274963e-01 1.036604382097721100e+00 1.044125355780124664e+00 1.047040380537509918e+00 1.047870434820652008e+00 1.047599829733371735e+00 1.046731866896152496e+00 1.045561946928501129e+00 1.044277168810367584e+00 1.043001987040042877e+00 1.041820444166660309e+00 1.040789283812046051e+00 1.039945997297763824e+00 1.039312042295932770e+00 1.038896597921848297e+00 1.038697935640811920e+00 1.038703955709934235e+00 1.038892127573490143e+00 1.039228834211826324e+00 1.039667643606662750e+00 1.040146745741367340e+00 1.040583826601505280e+00 1.040869452059268951e+00 1.040854193270206451e+00 1.040326155722141266e+00 1.038968123495578766e+00 1.036260642111301422e+00 1.031221248209476471e+00 1.021396555006504059e+00 9.820976629853248596e-01
1.003750421106815338e+00 1.041846431791782379e+00 1.049049057066440582e+00 1.051567949354648590e+00 1.051960982382297516e+00 1.051228083670139313e+00 1.049881733953952789e+00 1.048223711550235748e+00 1.046445704996585846e+00 1.044675983488559723e+00 1.043001808226108551e+00 1.041483201086521149e+00 1.040159620344638824e+00 1.039055563509464264e+00 1.038182176649570465e+00 1.037539876997470856e+00 1.037118591368198395e+00 1.036897815763950348e+00 1.036846019327640533e+00 1.036918558180332184e+00 1.037055470049381256e+00 1.037176646292209625e+00 1.037174679338932037e+00 1.036902584135532379e+00 1.036151327192783356e+00 1.034607686102390289e+00 1.031757272779941559e+00 1.026627816259860992e+00 1.016788043081760406e+00 9.777574911713600159e-01
9.905197992920875549e-01 1.028014458715915680e+00 1.035905696451663971e+00 1.039354301989078522e+00 1.040806449949741364e+00 1.041214503347873688e+00 1.041063882410526276e+00 1.040637589991092682e+00 1.040113963186740875e+00 1.039609886705875397e+00 1.039203323423862457e+00 1.038946129381656647e+00 1.038870371878147125e+00 1.038993634283542633e+00 1.039320863783359528e+00 1.039846636354923248e+00 1.040555216372013092e+00 1.041420616209506989e+00 1.042406298220157623e+00 1.043462373316287994e+00 1.044524289667606354e+00 1.045506753027439117e+00 1.046297110617160797e+00 1.046743132174015045e+00 1.046629108488559723e+00 1.045633889734745026e+00 1.043232001364231110e+00 1.038432158529758453e+00 1.028759874403476715e+00 9.893507137894630432e-01
9.803359881043434143e-01 1.017866231501102448e+00 1.025482095777988434e+00 1.028586544096469879e+00 1.029653169214725494e+00 1.029646672308444977e+00 1.029060043394565582e+00 1.028181888163089752e+00 1.027194656431674957e+00 1.026218928396701813e+00 1.025335945188999176e+00 1.024600066244602203e+00 1.024046577513217926e+00 1.023695088922977448e+00 1.023553408682346344e+00 1.023618020117282867e+00 1.023875631392002106e+00 1.024302400648593903e+00 1.024863816797733307e+00 1.025512255728244781e+00 1.026185311377048492e+00 1.026800073683261871e+00 1.027246512472629547e+00 1.027375020086765289e+00 1.026973880827426910e+00 1.025726296007633209e+00 1.023114480078220367e+00 1.018159724771976471e+00 1.008418954908847809e+00 9.693272486329078674e-01
1.021224536001682281e+00 1.055636562407016754e+00 1.060928620398044586e+00 1.061836399137973785e+00 1.060781158506870270e+00 1.058712042868137360e+00 1.056116499006748199e+00 1.053282715380191803e+00 1.050394214689731598e+00 1.047574795782566071e+00 1.044908918440341949e+00 1.042455472052097321e+00 1.040254153311252594e+00 1.038329817354679108e+00 1.036695994436740875e+00 1.035355187952518463e+00 1.034300900995731354e+00 1.033516444265842438e+00 1.032975710928440094e+00 1.032640494406223297e+00 1.032458700239658356e+00 1.032360650599002838e+00 1.032251693308353424e+00 1.032002486288547516e+00 1.031428255140781403e+00 1.030251301825046539e+00 1.028015412390232086e+00 1.023856259882450104e+00 1.015608765184879303e+00 9.814116135239601135e-01
9.934862032532691956e-01 1.028344549238681793e+00 1.033954717218875885e+00 1.035127915441989899e+00 1.034293569624423981e+00 1.032404221594333649e+00 1.029950357973575592e+00 1.027222253382205963e+00 1.024405635893344879e+00 1.021626271307468414e+00 1.018970526754856110e+00 1.016499258577823639e+00 1.014253892004489899e+00 1.012261487543582916e+00 1.010536827147006989e+00 1.009084500372409821e+00 1.007899500429630280e+00 1.006966985762119293e+00 1.006262160837650299e+00 1.005748309195041656e+00 1.005374945700168610e+00 1.005073286592960358e+00 1.004750408232212067e+00 1.004277624189853668e+00 1.003471411764621735e+00 1.002055205404758453e+00 9.995735064148902893e-01 9.951631203293800354e-01 9.866606369614601135e-01 9.522176161408424377e-01
9.647713080048561096e-01 1.001442946493625641e+00 1.009469427168369293e+00 1.013203717768192291e+00 1.015010632574558258e+00 1.015809692442417145e+00 1.016068734228610992e+00 1.016060270369052887e+00 1.015955068171024323e+00 1.015865124762058258e+00 1.015864290297031403e+00 1.016001321375370026e+00 1.016305960714817047e+00 1.016793705523014069e+00 1.017468251287937164e+00 1.018322624266147614e+00 1.019340313971042633e+00 1.020494736731052399e+00 1.021748878061771393e+00 1.023052789270877838e+00 1.024341918528079987e+00 1.025531925261020660e+00 1.026510991156101227e+00 1.027128674089908600e+00 1.027172006666660309e+00 1.026324309408664703e+00 1.024067558348178864e+00 1.019425131380558014e+00 1.009960092604160309e+00 9.711957350373268127e-01
1.014749206602573395e+00 1.049204625189304352e+00 1.054757572710514069e+00 1.055964685976505280e+00 1.055227555334568024e+00 1.053486086428165436e+00 1.051223017275333405e+00 1.048722781240940094e+00 1.046166338026523590e+00 1.043675221502780914e+00 1.041332282125949860e+00 1.039194501936435699e+00 1.037300266325473785e+00 1.035673238337039948e+00 1.034325279295444489e+00 1.033257998526096344e+00 1.032463587820529938e+00 1.031924404203891754e+00 1.031612910330295563e+00 1.031489886343479156e+00 1.031501986086368561e+00 1.031578220427036285e+00 1.031622625887393951e+00 1.031503833830356598e+00 1.031034983694553375e+00 1.029935397207736969e+00 1.027744330465793610e+00 1.023588813841342926e+00 1.015284277498722076e+00 9.807796850800514221e-01
1.002737201750278473e+00 1.040568567812442780e+00 1.048005558550357819e+00 1.050856985151767731e+00 1.051637925207614899e+00 1.051329530775547028e+00 1.050433851778507233e+00 1.049245156347751617e+00 1.047949768602848053e+00 1.046671308577060699e+00 1.045493163168430328e+00 1.044471777975559235e+00 1.043643809854984283e+00 1.043030299246311188e+00 1.042640127241611481e+00 1.042471088469028473e+00 1.042510546743869781e+00 1.042735613882541656e+00 1.043112553656101227e+00 1.043594337999820709e+00 1.044119037687778473e+00 1.044604219496250153e+00 1.044940151274204254e+00 1.044977463781833649e+00 1.044503964483737946e+00 1.043202854692935944e+00 1.040554799139499664e+00 1.035578764975070953e+00 1.025823272764682770e+00 9.866257682442665100e-01
1.011682368814945221e+00 1.046743609011173248e+00 1.052117027342319489e+00 1.052986301481723785e+00 1.051819540560245514e+00 1.049585081636905670e+00 1.046782054007053375e+00 1.043706096708774567e+00 1.040546812117099762e+00 1.037432588636875153e+00 1.034452237188816071e+00 1.031668104231357574e+00 1.029123224318027496e+00 1.026845611631870270e+00 1.024851478636264801e+00 1.023146249353885651e+00 1.021725572645664215e+00 1.020575381815433502e+00 1.019671536982059479e+00 1.018977917730808258e+00 1.018444515764713287e+00 1.018002964556217194e+00 1.017560638487339020e+00 1.016989506781101227e+00 1.016105927526950836e+00 1.014633692800998688e+00 1.012117542326450348e+00 1.007694102823734283e+00 9.991989508271217346e-01 9.647627249360084534e-01
8.954735174775123596e-01 9.303553476929664612e-01 9.379421249032020569e-01 9.414056316018104553e-01 9.429988041520118713e-01 9.435993805527687073e-01 9.436546936631202698e-01 9.434270039200782776e-01 9.430812373757362366e-01 9.427265301346778870e-01 9.424357786774635315e-01 9.422579780220985413e-01 9.422240629792213440e-01 9.423512592911720276e-01 9.426455870270729065e-01 9.431030526757240295e-01 9.437104836106300354e-01 9.444450512528419495e-01 9.452741518616676331e-01 9.461529627442359924e-01 9.470227137207984924e-01 9.478059783577919006e-01 9.483996406197547913e-01 9.486642256379127502e-01 9.484017267823219299e-01 9.473166838288307190e-01 9.449254646897315979e-01 9.403147473931312561e-01 9.312048926949501038e-01 8.946868553757667542e-01
9.992927089333534241e-01 1.032483257353305817e+00 1.037650980055332184e+00 1.038616634905338287e+00 1.037710167467594147e+00 1.035843648016452789e+00 1.033485271036624908e+00 1.030910767614841461e+00 1.028295554220676422e+00 1.025757171213626862e+00 1.023375667631626129e+00 1.021206177771091461e+00 1.019285358488559723e+00 1.017636217176914215e+00 1.016269661486148834e+00 1.015187181532382965e+00 1.014380611479282379e+00 1.013832964003086090e+00 1.013517118990421295e+00 1.013394869863986969e+00 1.013414718210697174e+00 1.013507343828678131e+00 1.013580001890659332e+00 1.013505615293979645e+00 1.013103343546390533e+00 1.012101687490940094e+00 1.010055460035800934e+00 1.006121076643466949e+00 9.981869831681251526e-01 9.649383202195167542e-01
9.744333401322364807e-01 1.008674897253513336e+00 1.013821996748447418e+00 1.014527179300785065e+00 1.013207830488681793e+00 1.010813392698764801e+00 1.007833875715732574e+00 1.004560150206089020e+00 1.001179732382297516e+00 9.978198185563087463e-01 9.945691600441932678e-01 9.914906993508338928e-01 9.886281862854957581e-01 9.860111251473426819e-01 9.836569204926490784e-01 9.815727844834327698e-01 9.797560349106788635e-01 9.781948700547218323e-01 9.768674150109291077e-01 9.757396951317787170e-01 9.747648015618324280e-01 9.738775268197059631e-01 9.729889407753944397e-01 9.719757810235023499e-01 9.706610813736915588e-01 9.687775149941444397e-01 9.658848419785499573e-01 9.611469283699989319e-01 9.524691477417945862e-01 9.186848774552345276e-01
9.981399551033973694e-01 1.035836316645145416e+00 1.043313421308994293e+00 1.046231962740421295e+00 1.047091819345951080e+00 1.046868421137332916e+00 1.046060241758823395e+00 1.044959820806980133e+00 1.043751932680606842e+00 1.042559303343296051e+00 1.041464723646640778e+00 1.040523864328861237e+00 1.039773143827915192e+00 1.039233125746250153e+00 1.038912691175937653e+00 1.038809098303318024e+00 1.038909830152988434e+00 1.039191819727420807e+00 1.039621271193027496e+00 1.040151216089725494e+00 1.040719784796237946e+00 1.041244544088840485e+00 1.041616000235080719e+00 1.041685141623020172e+00 1.041240431368350983e+00 1.039965368807315826e+00 1.037342227995395660e+00 1.032391823828220367e+00 1.022668816149234772e+00 9.835698977112770081e-01
9.635713472962379456e-01 1.000752963125705719e+00 1.008558668196201324e+00 1.011936344206333160e+00 1.013313628733158112e+00 1.013636268675327301e+00 1.013386882841587067e+00 1.012847937643527985e+00 1.012197412550449371e+00 1.011552788317203522e+00 1.010992743074893951e+00 1.010569848120212555e+00 1.010317601263523102e+00 1.010254360735416412e+00 1.010386861860752106e+00 1.010710515081882477e+00 1.011211372911930084e+00 1.011864937841892242e+00 1.012636043131351471e+00 1.013476885855197906e+00 1.014324583113193512e+00 1.015096046030521393e+00 1.015681423246860504e+00 1.015931285917758942e+00 1.015634514391422272e+00 1.014475561678409576e+00 1.011938430368900299e+00 1.007048942148685455e+00 9.973752871155738831e-01 9.584789648652076721e-01
9.663991704583168030e-01 1.003814734518527985e+00 1.011626638472080231e+00 1.014971889555454254e+00 1.016297020018100739e+00 1.016555584967136383e+00 1.016234554350376129e+00 1.015618778765201569e+00 1.014888264238834381e+00 1.014161802828311920e+00 1.013519205152988434e+00 1.013013757765293121e+00 1.012679792940616608e+00 1.012536205351352692e+00 1.012590147554874420e+00 1.012837745249271393e+00 1.013264931738376617e+00 1.013847805559635162e+00 1.014551378786563873e+00 1.015327967703342438e+00 1.016114629805088043e+00 1.016828395426273346e+00 1.017359293997287750e+00 1.017557598650455475e+00 1.017211653292179108e+00 1.016005016863346100e+00 1.013420261442661285e+00 1.008480228483676910e+00 9.987452402710914612e-01 9.596963301301002502e-01
9.290264025330543518e-01 9.652614966034889221e-01 9.729037657380104065e-01 9.762035980820655823e-01 9.775224104523658752e-01 9.777813330292701721e-01 9.774518385529518127e-01 9.768106117844581604e-01 9.760330095887184143e-01 9.752358570694923401e-01 9.744981899857521057e-01 9.738739505410194397e-01 9.733981862664222717e-01 9.730917587876319885e-01 9.729638472199440002e-01 9.730130210518836975e-01 9.732284322381019592e-01 9.735892787575721741e-01 9.740644469857215881e-01 9.746104255318641663e-01 9.751692190766334534e-01 9.756635800004005432e-01 9.759904518723487854e-01 9.760087504982948303e-01 9.755181446671485901e-01 9.742186442017555237e-01 9.716180935502052307e-01 9.667860642075538635e-01 9.573973193764686584e-01 9.200560823082923889e-01
9.599140062928199768e-01 9.967656508088111877e-01 1.004237689077854156e+00 1.007274784147739410e+00 1.008306540548801422e+00 1.008280791342258453e+00 1.007681824266910553e+00 1.006793357431888580e+00 1.005794860422611237e+00 1.004805244505405426e+00 1.003904379904270172e+00 1.003146208822727203e+00 1.002565361559391022e+00 1.002181686460971832e+00 1.002002991735935211e+00 1.002025999128818512e+00 1.002238132059574127e+00 1.002616263926029205e+00 1.003126777708530426e+00 1.003723181784152985e+00 1.004344440996646881e+00 1.004909373819828033e+00 1.005310572683811188e+00 1.005401469767093658e+00 1.004974581301212311e+00 1.003719784319400787e+00 1.001129426062107086e+00 9.962448254227638245e-01 9.866717234253883362e-01 9.483364000916481018e-01
9.665552154183387756e-01 1.003140129148960114e+00 1.010585106909275055e+00 1.013644553720951080e+00 1.014728046953678131e+00 1.014774598181247711e+00 1.014263905584812164e+00 1.013476409018039703e+00 1.012589253485202789e+00 1.011719264090061188e+00 1.010944761335849762e+00 1.010318256914615631e+00 1.009873248636722565e+00 1.009628511965274811e+00 1.009590603411197662e+00 1.009755648672580719e+00 1.010110057890415192e+00 1.010629810392856598e+00 1.011280812323093414e+00 1.012015976011753082e+00 1.012773431837558746e+00 1.013471759855747223e+00 1.014002837240695953e+00 1.014219857752323151e+00 1.013914979994297028e+00 1.012777723371982574e+00 1.010300315916538239e+00 1.005523659288883209e+00 9.960534349083900452e-01 9.578160420060157776e-01
9.308946505188941956e-01 9.670781269669532776e-01 9.748586788773536682e-01 9.783566370606422424e-01 9.799175634980201721e-01 9.804551377892494202e-01 9.804352298378944397e-01 9.801302924752235413e-01 9.797118082642555237e-01 9.792930260300636292e-01 9.789494648575782776e-01 9.787314310669898987e-01 9.786709919571876526e-01 9.787854328751564026e-01 9.790804758667945862e-01 9.795519486069679260e-01 9.801850691437721252e-01 9.809558764100074768e-01 9.818299189209938049e-01 9.827602282166481018e-01 9.836851730942726135e-01 9.845236912369728088e-01 9.851681962609291077e-01 9.854732528328895569e-01 9.852323904633522034e-01 9.841381087899208069e-01 9.816870465874671936e-01 9.769292250275611877e-01 9.674938097596168518e-01 9.295597448945045471e-01
1.013636745512485504e+00 1.048302628099918365e+00 1.053867675364017487e+00 1.055050052702426910e+00 1.054267741739749908e+00 1.052467443048954010e+00 1.050135470926761627e+00 1.047558702528476715e+00 1.044919885694980621e+00 1.042341686785221100e+00 1.039908088743686676e+00 1.037677086889743805e+00 1.035687722265720367e+00 1.033964194357395172e+00 1.032519258558750153e+00 1.031354822218418121e+00 1.030463494360446930e+00 1.029828108847141266e+00 1.029421545565128326e+00 1.029204703867435455e+00 1.029124654829502106e+00 1.029110111296176910e+00 1.029065467417240143e+00 1.028859175741672516e+00 1.028304018080234528e+00 1.027118660509586334e+00 1.024841226637363434e+00 1.020596660673618317e+00 1.012193955481052399e+00 9.775192514061927795e-01
9.861728325486183167e-01 1.023398973047733307e+00 1.031236685812473297e+00 1.034666217863559723e+00 1.036116041243076324e+00 1.036531485617160797e+00 1.036394156515598297e+00 1.035985089838504791e+00 1.035480953752994537e+00 1.034997858107089996e+00 1.034613110125064850e+00 1.034377612173557281e+00 1.034323491156101227e+00 1.034467734396457672e+00 1.034815467894077301e+00 1.035360790789127350e+00 1.036088086664676666e+00 1.036971367895603180e+00 1.037974335253238678e+00 1.039047218859195709e+00 1.040125645697116852e+00 1.041124977171421051e+00 1.041933096945285797e+00 1.042398370802402496e+00 1.042306877672672272e+00 1.041338898241519928e+00 1.038972355425357819e+00 1.034221805632114410e+00 1.024627901613712311e+00 9.854762330651283264e-01
9.872079268097877502e-01 1.019985415041446686e+00 1.024801529943943024e+00 1.025415100157260895e+00 1.024153150618076324e+00 1.021927393972873688e+00 1.019206561148166656e+00 1.016267575323581696e+00 1.013286925852298737e+00 1.010383464395999908e+00 1.007638372480869293e+00 1.005108036100864410e+00 1.002830602228641510e+00 1.000830091536045074e+00 9.991189613938331604e-01 9.976998940110206604e-01 9.965664520859718323e-01 9.957026615738868713e-01 9.950833693146705627e-01 9.946717396378517151e-01 9.944182410836219788e-01 9.942556992173194885e-01 9.940939322113990784e-01 9.938090220093727112e-01 9.932241812348365784e-01 9.920741692185401917e-01 9.899229183793067932e-01 9.859445467591285706e-01 9.780706539750099182e-01 9.454104676842689514e-01
9.927008524537086487e-01 1.030843414366245270e+00 1.038254953920841217e+00 1.040998674929141998e+00 1.041616953909397125e+00 1.041103817522525787e+00 1.039968706667423248e+00 1.038511313498020172e+00 1.036922611296176910e+00 1.035329975187778473e+00 1.033820487558841705e+00 1.032453693449497223e+00 1.031269408762454987e+00 1.030291594564914703e+00 1.029531992971897125e+00 1.028991021215915680e+00 1.028658784925937653e+00 1.028514958918094635e+00 1.028528429567813873e+00 1.028654612600803375e+00 1.028834082186222076e+00 1.028987027704715729e+00 1.029006280004978180e+00 1.028745330870151520e+00 1.027995683252811432e+00 1.026444472372531891e+00 1.023578502237796783e+00 1.018426455557346344e+00 1.008560337126255035e+00 9.695330038666725159e-01
9.942549839615821838e-01 1.032089509069919586e+00 1.039715088903903961e+00 1.042789019644260406e+00 1.043809868395328522e+00 1.043751992285251617e+00 1.043113030493259430e+00 1.042184568941593170e+00 1.041150368750095367e+00 1.040132559835910797e+00 1.039212681353092194e+00 1.038445688784122467e+00 1.037866868078708649e+00 1.037496127188205719e+00 1.037340916693210602e+00 1.037397779524326324e+00 1.037653006613254547e+00 1.038082517683506012e+00 1.038651384413242340e+00 1.039311446249485016e+00 1.039999283850193024e+00 1.040631331503391266e+00 1.041096426546573639e+00 1.041243411600589752e+00 1.040858425199985504e+00 1.039621926844120026e+00 1.037010766565799713e+00 1.032037295401096344e+00 1.022235073149204254e+00 9.828055277466773987e-01
9.920798316597938538e-01 1.029436983168125153e+00 1.037206567823886871e+00 1.040532983839511871e+00 1.041861809790134430e+00 1.042145229876041412e+00 1.041868843138217926e+00 1.041316427290439606e+00 1.040666379034519196e+00 1.040036357939243317e+00 1.039504803717136383e+00 1.039123930037021637e+00 1.038926519453525543e+00 1.038930632174015045e+00 1.039141930639743805e+00 1.039555467665195465e+00 1.040156222879886627e+00 1.040918864309787750e+00 1.041807629168033600e+00 1.042773462831974030e+00 1.043752230703830719e+00 1.044660009443759918e+00 1.045385219156742096e+00 1.045776523649692535e+00 1.045620478689670563e+00 1.044598020613193512e+00 1.042187251150608063e+00 1.037403561174869537e+00 1.027788199484348297e+00 9.886275902390480042e-01
9.881035462021827698e-01 1.025305606424808502e+00 1.033133782446384430e+00 1.036555685102939606e+00 1.037998475134372711e+00 1.038406945765018463e+00 1.038262523710727692e+00 1.037846006453037262e+00 1.037334062159061432e+00 1.036842860281467438e+00 1.036449648439884186e+00 1.036205507814884186e+00 1.036142505705356598e+00 1.036277867853641510e+00 1.036616720259189606e+00 1.037153281271457672e+00 1.037872172892093658e+00 1.038747407495975494e+00 1.039742983877658844e+00 1.040809072554111481e+00 1.041881717741489410e+00 1.042876161634922028e+00 1.043680943548679352e+00 1.044144369661808014e+00 1.044052757322788239e+00 1.043087042868137360e+00 1.040725506842136383e+00 1.035983778536319733e+00 1.026404537260532379e+00 9.872926250100135803e-01
9.821327105164527893e-01 1.019738949835300446e+00 1.027594245970249176e+00 1.030971206724643707e+00 1.032328762114048004e+00 1.032624639570713043e+00 1.032347597181797028e+00 1.031783439218997955e+00 1.031112112104892731e+00 1.030452407896518707e+00 1.029883779585361481e+00 1.029459334909915924e+00 1.029212452471256256e+00 1.029161728918552399e+00 1.029313482344150543e+00 1.029663182795047760e+00 1.030196167528629303e+00 1.030887581408023834e+00 1.031701542437076569e+00 1.032589413225650787e+00 1.033487357199192047e+00 1.034311212599277496e+00 1.034949399530887604e+00 1.035250641405582428e+00 1.035000778734683990e+00 1.033880390226840973e+00 1.031366445124149323e+00 1.026472307741641998e+00 1.016734398901462555e+00 9.773930087685585022e-01
9.913779869675636292e-01 1.028912700712680817e+00 1.036562241613864899e+00 1.039716519415378571e+00 1.040846921503543854e+00 1.040916599333286285e+00 1.040417052805423737e+00 1.039635874330997467e+00 1.038754381239414215e+00 1.037892259657382965e+00 1.037129558622837067e+00 1.036519922316074371e+00 1.036097504198551178e+00 1.035881139338016510e+00 1.035877622663974762e+00 1.036082603037357330e+00 1.036481775343418121e+00 1.037050582468509674e+00 1.037753619253635406e+00 1.038542427122592926e+00 1.039353407919406891e+00 1.040102757513523102e+00 1.040679432451725006e+00 1.040932454168796539e+00 1.040648438036441803e+00 1.039508618414402008e+00 1.036991871893405914e+00 1.032113410532474518e+00 1.022415794432163239e+00 9.831907525658607483e-01
9.834519997239112854e-01 1.020419992506504059e+00 1.028257049620151520e+00 1.031729735434055328e+00 1.033245123922824860e+00 1.033739484846591949e+00 1.033689953386783600e+00 1.033374406397342682e+00 1.032967545092105865e+00 1.032583869993686676e+00 1.032299555838108063e+00 1.032164491713047028e+00 1.032210268080234528e+00 1.032452858984470367e+00 1.032896973192691803e+00 1.033536352217197418e+00 1.034354843199253082e+00 1.035326398909091949e+00 1.036414124071598053e+00 1.037568427622318268e+00 1.038724757730960846e+00 1.039798475801944733e+00 1.040677763521671295e+00 1.041211463510990143e+00 1.041185893118381500e+00 1.040282763540744781e+00 1.037981666624546051e+00 1.033300675451755524e+00 1.023789800703525543e+00 9.848294630646705627e-01
9.935706630349159241e-01 1.031053341925144196e+00 1.038812197744846344e+00 1.042102612555027008e+00 1.043381430208683014e+00 1.043605603277683258e+00 1.043263591825962067e+00 1.042640484869480133e+00 1.041916169226169586e+00 1.041209436953067780e+00 1.040599264204502106e+00 1.040138758718967438e+00 1.039861418306827545e+00 1.039785720407962799e+00 1.039917923510074615e+00 1.040253497660160065e+00 1.040778018534183502e+00 1.041466392576694489e+00 1.042283155024051666e+00 1.043179787695407867e+00 1.044092454016208649e+00 1.044937349855899811e+00 1.045603193342685699e+00 1.045939065515995026e+00 1.045731343328952789e+00 1.044661082327365875e+00 1.042206563055515289e+00 1.037382759153842926e+00 1.027730025351047516e+00 9.885208979249000549e-01
9.897424355149269104e-01 1.027178145945072174e+00 1.035049714148044586e+00 1.038485325872898102e+00 1.039928115904331207e+00 1.040329135954380035e+00 1.040173031389713287e+00 1.039742626249790192e+00 1.039215780794620514e+00 1.038709320127964020e+00 1.038300968706607819e+00 1.038042522966861725e+00 1.037966050207614899e+00 1.038088776171207428e+00 1.038415946066379547e+00 1.038941718637943268e+00 1.039650715887546539e+00 1.040516652166843414e+00 1.041502989828586578e+00 1.042560137808322906e+00 1.043623246252536774e+00 1.044607140123844147e+00 1.045399464666843414e+00 1.045847930014133453e+00 1.045737303793430328e+00 1.044746436178684235e+00 1.042350627481937408e+00 1.037559784948825836e+00 1.027902401983737946e+00 9.885435476899147034e-01
9.342476502060890198e-01 9.702468290925025940e-01 9.776701107621192932e-01 9.807786121964454651e-01 9.819347038865089417e-01 9.820593968033790588e-01 9.816232696175575256e-01 9.809022322297096252e-01 9.800700917840003967e-01 9.792423620820045471e-01 9.784964695572853088e-01 9.778845682740211487e-01 9.774400964379310608e-01 9.771820679306983948e-01 9.771177545189857483e-01 9.772439375519752502e-01 9.775478020310401917e-01 9.780065193772315979e-01 9.785871282219886780e-01 9.792441502213478088e-01 9.799175634980201721e-01 9.805280342698097229e-01 9.809701815247535706e-01 9.811007156968116760e-01 9.807165637612342834e-01 9.795143976807594299e-01 9.769975319504737854e-01 9.722282066941261292e-01 9.628645554184913635e-01 9.253631606698036194e-01
1.033607222139835358e+00 1.068366087973117828e+00 1.073759950697422028e+00 1.074738003313541412e+00 1.073741473257541656e+00 1.071726717054843903e+00 1.069185175001621246e+00 1.066406644880771637e+00 1.063576020300388336e+00 1.060817219316959381e+00 1.058215238153934479e+00 1.055828846991062164e+00 1.053697504103183746e+00 1.051846124231815338e+00 1.050287462770938873e+00 1.049023784697055817e+00 1.048047997057437897e+00 1.047342993319034576e+00 1.046881534159183502e+00 1.046624816954135895e+00 1.046519912779331207e+00 1.046495474874973297e+00 1.046455897390842438e+00 1.046269454061985016e+00 1.045748926699161530e+00 1.044612564146518707e+00 1.042398072779178619e+00 1.038229204714298248e+00 1.029912032186985016e+00 9.952937141060829163e-01
9.924255385994911194e-01 1.029897369444370270e+00 1.037434972822666168e+00 1.040461935102939606e+00 1.041453696787357330e+00 1.041375733911991119e+00 1.040721334517002106e+00 1.039779342710971832e+00 1.038732208311557770e+00 1.037700928747653961e+00 1.036766685545444489e+00 1.035984136164188385e+00 1.035388506948947906e+00 1.034999765455722809e+00 1.034825660288333893e+00 1.034863151609897614e+00 1.035098947584629059e+00 1.035509504377841949e+00 1.036060608923435211e+00 1.036704815924167633e+00 1.037380136549472809e+00 1.038003839552402496e+00 1.038466431200504303e+00 1.038618721067905426e+00 1.038249410688877106e+00 1.037042833864688873e+00 1.034481801092624664e+00 1.029589809477329254e+00 1.019927062094211578e+00 9.809571281075477600e-01
9.651552215218544006e-01 1.001735843718051910e+00 1.009097851812839508e+00 1.012054719030857086e+00 1.013022996485233307e+00 1.012945152819156647e+00 1.012302555143833160e+00 1.011377550661563873e+00 1.010348238050937653e+00 1.009332634508609772e+00 1.008410312235355377e+00 1.007634617388248444e+00 1.007040001451969147e+00 1.006645955145359039e+00 1.006460048258304596e+00 1.006479419767856598e+00 1.006691016256809235e+00 1.007071889936923981e+00 1.007588542997837067e+00 1.008194960653781891e+00 1.008830107748508453e+00 1.009413518011569977e+00 1.009838141500949860e+00 1.009958244860172272e+00 1.009567655622959137e+00 1.008357562124729156e+00 1.005823351442813873e+00 1.001010991632938385e+00 9.915385618805885315e-01 9.534496441483497620e-01
9.251877442002296448e-01 9.612228050827980042e-01 9.689152613282203674e-01 9.723350182175636292e-01 9.738228097558021545e-01 9.742905274033546448e-01 9.742032662034034729e-01 9.738326445221900940e-01 9.733500853180885315e-01 9.728683605790138245e-01 9.724628105759620667e-01 9.721838608384132385e-01 9.720630422234535217e-01 9.721178784966468811e-01 9.723540917038917542e-01 9.727669730782508850e-01 9.733424559235572815e-01 9.740561023354530334e-01 9.748735800385475159e-01 9.757479801774024963e-01 9.766177907586097717e-01 9.774020686745643616e-01 9.779937639832496643e-01 9.782471433281898499e-01 9.779567494988441467e-01 9.768154993653297424e-01 9.743215218186378479e-01 9.695272818207740784e-01 9.600683227181434631e-01 9.221899881958961487e-01
9.755151644349098206e-01 1.012512959539890289e+00 1.020503856241703033e+00 1.024148084223270416e+00 1.025841154158115387e+00 1.026514805853366852e+00 1.026643253862857819e+00 1.026503004133701324e+00 1.026267267763614655e+00 1.026049710810184479e+00 1.025925673544406891e+00 1.025944508612155914e+00 1.026136972010135651e+00 1.026518978178501129e+00 1.027094520628452301e+00 1.027856744825839996e+00 1.028789557516574860e+00 1.029866196215152740e+00 1.031049408018589020e+00 1.032289303839206696e+00 1.033520855009555817e+00 1.034659124910831451e+00 1.035591639578342438e+00 1.036166884005069733e+00 1.036170460283756256e+00 1.035283125936985016e+00 1.032983101904392242e+00 1.028286255896091461e+00 1.018737174570560455e+00 9.796691313385963440e-01
1.001058556139469147e+00 1.039182640612125397e+00 1.046689309179782867e+00 1.049567736685276031e+00 1.050351060926914215e+00 1.050028242170810699e+00 1.049105085432529449e+00 1.047878779470920563e+00 1.046537436544895172e+00 1.045206107199192047e+00 1.043969430029392242e+00 1.042884863913059235e+00 1.041989840567111969e+00 1.041306175291538239e+00 1.040843404829502106e+00 1.040599741041660309e+00 1.040563262999057770e+00 1.040711320936679840e+00 1.041010476648807526e+00 1.041414119303226471e+00 1.041860379278659821e+00 1.042266763746738434e+00 1.042523480951786041e+00 1.042480863630771637e+00 1.041926421225070953e+00 1.040541984140872955e+00 1.037806607782840729e+00 1.032735623419284821e+00 1.022868610918521881e+00 9.834516420960426331e-01
9.988527074456214905e-01 1.037091411650180817e+00 1.044415868818759918e+00 1.047048367559909821e+00 1.047547914087772369e+00 1.046914674341678619e+00 1.045661486685276031e+00 1.044090189039707184e+00 1.042392887175083160e+00 1.040697731077671051e+00 1.039092339575290680e+00 1.037636436522006989e+00 1.036370076239109039e+00 1.035317398607730865e+00 1.034489907324314117e+00 1.033888079226016998e+00 1.033501900732517242e+00 1.033310748636722565e+00 1.033283032476902008e+00 1.033374227583408356e+00 1.033524312078952789e+00 1.033653058111667633e+00 1.033652819693088531e+00 1.033376254141330719e+00 1.032614149153232574e+00 1.031052269041538239e+00 1.028175391256809235e+00 1.023009099066257477e+00 1.013116873800754547e+00 9.739694967865943909e-01
9.882114306092262268e-01 1.025628842413425446e+00 1.033410049974918365e+00 1.036740697920322418e+00 1.038070596754550934e+00 1.038353540003299713e+00 1.038075901567935944e+00 1.037521637976169586e+00 1.036869682371616364e+00 1.036237634718418121e+00 1.035703875124454498e+00 1.035320557653903961e+00 1.035120643675327301e+00 1.035121597349643707e+00 1.035329319536685944e+00 1.035738505423069000e+00 1.036333955824375153e+00 1.037090219557285309e+00 1.037970818579196930e+00 1.038926757872104645e+00 1.039893783628940582e+00 1.040787018835544586e+00 1.041494764387607574e+00 1.041865266859531403e+00 1.041684009134769440e+00 1.040631093084812164e+00 1.038183487951755524e+00 1.033353485167026520e+00 1.023677028715610504e+00 9.843855276703834534e-01
9.543627873063087463e-01 9.907188788056373596e-01 9.982458129525184631e-01 1.001435317099094391e+00 1.002670980989933014e+00 1.002881206572055817e+00 1.002540268003940582e+00 1.001925505697727203e+00 1.001211859285831451e+00 1.000514663755893707e+00 9.999116435647010803e-01 9.994542971253395081e-01 9.991756454110145569e-01 9.990939274430274963e-01 9.992158785462379456e-01 9.995371475815773010e-01 1.000044502317905426e+00 1.000713802874088287e+00 1.001511134207248688e+00 1.002389706671237946e+00 1.003288246691226959e+00 1.004125870764255524e+00 1.004795350134372711e+00 1.005150713026523590e+00 1.004985727369785309e+00 1.003992117941379547e+00 1.001665212213993073e+00 9.970519915223121643e-01 9.877720251679420471e-01 9.498859420418739319e-01
9.739984646439552307e-01 1.010929025709629059e+00 1.018967784941196442e+00 1.022679187357425690e+00 1.024449147284030914e+00 1.025205053389072418e+00 1.025419034063816071e+00 1.025365985929965973e+00 1.025218047201633453e+00 1.025088228285312653e+00 1.025051094591617584e+00 1.025155641138553619e+00 1.025432027876377106e+00 1.025895752012729645e+00 1.026550449430942535e+00 1.027389265596866608e+00 1.028395451605319977e+00 1.029542066156864166e+00 1.030791737139225006e+00 1.032094396650791168e+00 1.033384718000888824e+00 1.034577526152133942e+00 1.035560525953769684e+00 1.036181665956974030e+00 1.036226786673069000e+00 1.035376347601413727e+00 1.033108748495578766e+00 1.028439797461032867e+00 1.018914081156253815e+00 9.798698797821998596e-01
9.462755098938941956e-01 9.828951731324195862e-01 9.903044477105140686e-01 9.932852163910865784e-01 9.942527189850807190e-01 9.941494837403297424e-01 9.934583082795143127e-01 9.924625530838966370e-01 9.913420453667640686e-01 9.902162924408912659e-01 9.891664162278175354e-01 9.882475510239601135e-01 9.874956980347633362e-01 9.869323745369911194e-01 9.865668192505836487e-01 9.863976612687110901e-01 9.864139929413795471e-01 9.865944162011146545e-01 9.869075194001197815e-01 9.873087778687477112e-01 9.877394810318946838e-01 9.881210699677467346e-01 9.883487597107887268e-01 9.882796183228492737e-01 9.877105727791786194e-01 9.863375797867774963e-01 9.836621657013893127e-01 9.787422791123390198e-01 9.692239537835121155e-01 9.314258471131324768e-01
9.606506600975990295e-01 9.979591146111488342e-01 1.005804456770420074e+00 1.009203352034091949e+00 1.010590173304080963e+00 1.010914005339145660e+00 1.010659016668796539e+00 1.010108865797519684e+00 1.009442366659641266e+00 1.008777655661106110e+00 1.008194006979465485e+00 1.007744647562503815e+00 1.007463254034519196e+00 1.007368780672550201e+00 1.007468082010746002e+00 1.007757283747196198e+00 1.008222438395023346e+00 1.008839286863803864e+00 1.009573079645633698e+00 1.010376133024692535e+00 1.011185742914676666e+00 1.011918939650058746e+00 1.012466110289096832e+00 1.012677825987339020e+00 1.012343086302280426e+00 1.011146105825901031e+00 1.008570946753025055e+00 1.003642953932285309e+00 9.939291849732398987e-01 9.549794569611549377e-01
1.013826407492160797e+00 1.047510184347629547e+00 1.052655257284641266e+00 1.053518868982791901e+00 1.052474655210971832e+00 1.050452031195163727e+00 1.047927953302860260e+00 1.045183934271335602e+00 1.042399205267429352e+00 1.039693631231784821e+00 1.037149228155612946e+00 1.034822620451450348e+00 1.032751597464084625e+00 1.030959405004978180e+00 1.029458262026309967e+00 1.028249658644199371e+00 1.027325786650180817e+00 1.026669599115848541e+00 1.026254214346408844e+00 1.026040948927402496e+00 1.025977827608585358e+00 1.025994934141635895e+00 1.025998629629611969e+00 1.025860108435153961e+00 1.025396622717380524e+00 1.024333156645298004e+00 1.022219039499759674e+00 1.018199898302555084e+00 1.010137356817722321e+00 9.764412418007850647e-01
1.020593203604221344e+00 1.055484093725681305e+00 1.061080969870090485e+00 1.062268532812595367e+00 1.061480857431888580e+00 1.059671021997928619e+00 1.057328261435031891e+00 1.054741419851779938e+00 1.052094258368015289e+00 1.049510098993778229e+00 1.047073282301425934e+00 1.044842161238193512e+00 1.042855717241764069e+00 1.041138269007205963e+00 1.039702273905277252e+00 1.038549579679965973e+00 1.037672556936740875e+00 1.037053801119327545e+00 1.036665715277194977e+00 1.036468543112277985e+00 1.036409117281436920e+00 1.036415256559848785e+00 1.036390461027622223e+00 1.036202050745487213e+00 1.035661257803440094e+00 1.034484185278415680e+00 1.032205499708652496e+00 1.027942694723606110e+00 1.019487299025058746e+00 9.845495596528053284e-01
