6.409440189599990845e-02
1.435621529817581177e-01
-1.846371144056320190e-01
-9.235561825335025787e-03
-1.750855445861816406e-01
1.608006507158279419e-01
2.217823825776576996e-02
1.384808868169784546e-01
2.297581359744071960e-02
1.341173239052295685e-02
8.678711205720901489e-02
1.328677386045455933e-01
5.312262848019599915e-02
4.476021975278854370e-02
-1.574170142412185669e-01
9.698194265365600586e-02
1.771451532840728760e-01
1.434962153434753418e-01
-9.662143886089324951e-02
-7.614677399396896362e-02
1.127553880214691162e-01
-8.559874445199966431e-02
-1.154015585780143738e-02
5.224615707993507385e-02
-2.300791442394256592e-02
-9.607186913490295410e-02
