-4.098997116088867188e-01
-5.302572250366210938e-01
1.534747600555419922e+00
-1.515528202056884766e+00
-6.378428339958190918e-01
3.483537435531616211e-01
-5.022765398025512695e-01
-4.721010923385620117e-01
-5.597848892211914062e-01
3.857843577861785889e-01
-3.203590214252471924e-01
2.163178205490112305e+00
1.579106211662292480e+00
6.685448884963989258e-01
-3.655241429805755615e-01
-3.231593370437622070e-01
7.096987962722778320e-01
6.530587077140808105e-01
-1.343912005424499512e+00
1.445477157831192017e-01
1.390336006879806519e-01
7.628238201141357422e-01
-1.819058418273925781e+00
4.320750758051872253e-02
4.383909981697797775e-04
8.493087291717529297e-01
-4.908134937286376953e-01
1.910243511199951172e+00
4.378392919898033142e-02
-1.685953378677368164e+00
-1.477160215377807617e+00
-3.854223191738128662e-01
9.186397492885589600e-02
3.863202631473541260e-01
6.304976344108581543e-02
-1.341205358505249023e+00
1.982126951217651367e+00
-1.036567568778991699e+00
5.220860838890075684e-01
-1.743679642677307129e+00
3.446491062641143799e-01
1.121900439262390137e+00
7.126144319772720337e-02
-4.093697667121887207e-01
-3.638778626918792725e-01
-2.032159566879272461e+00
-2.824024856090545654e-01
-1.741645783185958862e-01
-3.723932430148124695e-02
4.784858599305152893e-02
1.642290472984313965e+00
-6.156930327415466309e-01
-2.778781652450561523e+00
5.269322991371154785e-01
-4.860855340957641602e-01
9.525666236877441406e-01
7.013776898384094238e-01
-4.764316380023956299e-01
7.369962930679321289e-01
7.936347126960754395e-01
1.829042315483093262e+00
6.406129598617553711e-01
-5.941946804523468018e-02
1.193426847457885742e+00
4.738410115242004395e-01
-4.085575938224792480e-01
-1.746593713760375977e-01
6.065468788146972656e-01
-6.798527389764785767e-02
9.121144562959671021e-02
4.482957720756530762e-01
-7.666964530944824219e-01
-1.250576019287109375e+00
1.229288615286350250e-02
9.503353238105773926e-01
3.251105919480323792e-02
-1.845735907554626465e-01
4.128832221031188965e-01
4.992910623550415039e-01
-1.808386325836181641e+00
1.730396784842014313e-02
-2.079787105321884155e-01
-2.003811597824096680e+00
4.253225326538085938e-01
7.178899645805358887e-01
7.371937036514282227e-01
-1.015584111213684082e+00
-1.428590714931488037e-01
-8.930398523807525635e-02
9.905665516853332520e-01
1.320781230926513672e+00
-6.003663539886474609e-01
1.105202436447143555e+00
-2.268091440200805664e+00
2.173360586166381836e+00
2.512684822082519531e+00
4.797147512435913086e-01
7.790684700012207031e-01
-1.399430930614471436e-01
6.063602566719055176e-01
-3.703212141990661621e-01
5.819289684295654297e-01
-1.065923333168029785e+00
1.367199420928955078e+00
5.386645793914794922e-01
-1.453584909439086914e+00
1.302789211273193359e+00
-4.807252287864685059e-01
-5.249472856521606445e-01
-4.438221454620361328e-01
9.926605969667434692e-02
-7.078026533126831055e-01
6.224150657653808594e-01
-2.208660542964935303e-01
-1.557125329971313477e+00
4.230925738811492920e-01
-1.143340229988098145e+00
3.525931239128112793e-01
-1.131195425987243652e+00
-1.107583522796630859e+00
2.398249693214893341e-02
1.245005369186401367e+00
-1.210013106465339661e-01
-2.917144298553466797e-01
1.031210064888000488e+00
-2.462840318679809570e+00
8.357667177915573120e-02
-1.433086395263671875e+00
-1.017464399337768555e-01
1.964164257049560547e+00
1.865090727806091309e+00
-6.534230709075927734e-01
1.030113697052001953e+00
-1.758876442909240723e-02
1.518754124641418457e+00
-7.525588274002075195e-01
-1.304733037948608398e+00
-2.218508347868919373e-02
1.345259189605712891e+00
1.321769356727600098e+00
7.537564039230346680e-01
-2.430355101823806763e-01
1.535262107849121094e+00
1.120563626289367676e+00
4.193179607391357422e-01
3.493916094303131104e-01
3.096024990081787109e+00
2.406649664044380188e-02
-6.200234889984130859e-01
-1.643020749092102051e+00
-1.396643221378326416e-01
6.557440161705017090e-01
1.641295552253723145e-01
-1.250698328018188477e+00
-1.031743049621582031e+00
1.631819158792495728e-01
7.672670483589172363e-01
-5.925849452614784241e-02
3.970254659652709961e-01
1.041082978248596191e+00
3.788834214210510254e-01
-5.192049741744995117e-01
7.993775606155395508e-01
1.067760735750198364e-01
-7.940528988838195801e-01
-1.700844883918762207e+00
-4.855230748653411865e-01
1.969985008239746094e+00
-6.027372479438781738e-01
1.913040317595005035e-02
-6.168600544333457947e-02
-8.385611176490783691e-01
-1.546477317810058594e+00
3.219057619571685791e-01
-1.005594134330749512e+00
-1.138625860214233398e+00
-1.130830794572830200e-01
-6.631019711494445801e-01
-1.031557440757751465e+00
1.543535828590393066e+00
1.024155497550964355e+00
2.002962827682495117e-01
-1.053369522094726562e+00
6.309664249420166016e-01
1.697576165199279785e+00
3.506051898002624512e-01
6.251348257064819336e-01
4.016197919845581055e-01
3.849538415670394897e-02
2.645032703876495361e-01
-7.994611263275146484e-01
2.574940204620361328e+00
-1.495370268821716309e+00
2.083122134208679199e-01
-1.929163217544555664e+00
2.923339009284973145e-01
-1.763607025146484375e+00
8.153228163719177246e-01
3.423544168472290039e-01
2.410451173782348633e+00
-1.320633530616760254e+00
-9.331856966018676758e-01
-3.760762810707092285e-01
-1.083838343620300293e+00
-1.764746606349945068e-01
-6.865577697753906250e-01
-1.105414271354675293e+00
4.689775109291076660e-01
2.598210871219635010e-01
-1.628964781761169434e+00
4.601902663707733154e-01
-2.080597877502441406e-01
-1.069094181060791016e+00
-1.469412803649902344e+00
-1.657015442848205566e+00
-1.511256814002990723e+00
2.529021024703979492e+00
4.502709507942199707e-01
6.320769898593425751e-03
-1.221320748329162598e+00
6.319966912269592285e-01
1.530550599098205566e+00
9.729369878768920898e-01
-1.812779903411865234e-01
-1.993178427219390869e-01
8.408993482589721680e-01
-1.305822253227233887e+00
3.982825279235839844e-01
-5.031921863555908203e-01
-1.955726623535156250e+00
-5.618199706077575684e-01
-3.917198181152343750e-01
-1.619770407676696777e+00
-6.590469479560852051e-01
5.204825848340988159e-02
-1.407003760337829590e+00
-2.402425557374954224e-02
4.411795735359191895e-01
2.861151397228240967e-01
1.455444812774658203e+00
-4.033265113830566406e-01
-7.238372564315795898e-01
-2.229754626750946045e-01
-1.005118608474731445e+00
-2.419758737087249756e-01
3.794898688793182373e-01
1.001999974250793457e+00
3.438510298728942871e-01
8.000448942184448242e-01
7.361581325531005859e-01
6.393970847129821777e-01
5.833588242530822754e-01
6.353839486837387085e-02
-1.660661458969116211e+00
-3.479180932044982910e-01
-9.457594752311706543e-01
-7.178159356117248535e-01
1.156618118286132812e+00
-7.559126019477844238e-01
-9.457883834838867188e-01
1.686950445175170898e+00
-3.870047628879547119e-01
3.512504696846008301e-02
-2.183177947998046875e+00
-1.563196778297424316e-01
5.458076000213623047e-01
5.325183644890785217e-02
-4.274398982524871826e-01
1.332160115242004395e+00
1.696120053529739380e-01
-1.984687924385070801e+00
9.436004161834716797e-01
5.532000660896301270e-01
-7.656759023666381836e-01
5.188431739807128906e-01
4.214667081832885742e-01
1.192451596260070801e+00
-5.634998679161071777e-01
1.143733859062194824e+00
5.786665678024291992e-01
1.387902945280075073e-01
-6.391661614179611206e-02
-2.025981247425079346e-02
1.270153999328613281e+00
-6.471438407897949219e-01
1.410837531089782715e+00
1.083393812179565430e+00
-3.812372684478759766e-01
-1.030034184455871582e+00
1.912046223878860474e-01
-1.498294949531555176e+00
-8.562700152397155762e-01
1.916739940643310547e-01
-8.631892800331115723e-01
-1.175918579101562500e+00
1.019568681716918945e+00
-4.285086095333099365e-01
1.388685584068298340e+00
1.301178574562072754e+00
-1.289074659347534180e+00
2.220925569534301758e+00
5.830627679824829102e-01
-9.547693133354187012e-01
-1.354628324508666992e+00
8.335845470428466797e-01
-1.373040556907653809e+00
6.886789202690124512e-01
9.730686545372009277e-01
1.178432226181030273e+00
-2.341155052185058594e+00
4.701190590858459473e-01
4.011710584163665771e-01
2.582910656929016113e-02
-9.652342200279235840e-01
-6.132186651229858398e-01
7.600722908973693848e-01
1.194486498832702637e+00
7.310510873794555664e-01
-8.914878368377685547e-01
