2.970051392912864685e-02
-1.827787235379219055e-02
-6.124753877520561218e-02
9.540430456399917603e-02
3.994936868548393250e-02
-1.148223653435707092e-01
3.116736374795436859e-02
4.946619272232055664e-02
-4.036093875765800476e-02
2.939678728580474854e-02
8.420484140515327454e-03
3.590617328882217407e-02
-9.779908508062362671e-02
6.376124918460845947e-02
-5.423567071557044983e-02
-4.208889231085777283e-02
-3.843724029138684273e-03
-2.056629769504070282e-02
-1.045742779970169067e-01
-4.172547161579132080e-02
1.211146339774131775e-01
-3.826086595654487610e-02
5.685672163963317871e-02
5.263346061110496521e-02
-5.518483370542526245e-02
2.563944272696971893e-02
-4.674769937992095947e-02
-3.895036503672599792e-02
-4.501791205257177353e-03
-4.722318053245544434e-02
-1.214275322854518890e-02
2.509924769401550293e-02
1.010702624917030334e-01
-1.821462661027908325e-01
-2.729106321930885315e-02
2.216684818267822266e-02
-1.350620687007904053e-01
-1.154211014509201050e-01
-1.615790091454982758e-02
1.269346326589584351e-01
2.442529983818531036e-02
-4.474775493144989014e-02
6.842586398124694824e-02
4.852448031306266785e-02
2.838662266731262207e-02
-2.847435511648654938e-02
2.519655600190162659e-02
-5.918210744857788086e-02
-2.117955684661865234e-02
-8.260292001068592072e-03
8.341966196894645691e-03
-4.693109914660453796e-02
-5.263759568333625793e-02
-4.674152657389640808e-02
-1.220747008919715881e-01
1.254509538412094116e-01
-1.769586582668125629e-03
-1.167433410882949829e-01
-1.235985681414604187e-01
-7.295689731836318970e-02
2.939544385299086571e-03
-1.509695947170257568e-01
-5.512869358062744141e-02
-4.913042858242988586e-02
-5.246071144938468933e-03
4.981268569827079773e-02
-8.941006846725940704e-03
3.396507725119590759e-02
-2.033149264752864838e-02
-6.456828862428665161e-02
-5.289483442902565002e-02
-1.289084088057279587e-02
-9.760278463363647461e-02
1.454402506351470947e-02
2.537931315600872040e-02
3.704363107681274414e-02
-6.189852580428123474e-02
-4.663783684372901917e-02
1.098013017326593399e-02
-5.999318137764930725e-02
-5.515994038432836533e-03
9.431667625904083252e-02
-2.525054477155208588e-02
5.016301944851875305e-02
-6.885632756166160107e-04
2.633026428520679474e-02
5.180048197507858276e-02
-1.573991216719150543e-02
-1.406618803739547729e-01
4.348912090063095093e-02
-4.851705208420753479e-02
-6.797873973846435547e-02
-1.281180977821350098e-01
-1.589842736721038818e-01
-5.141663551330566406e-02
-4.121142625808715820e-02
-2.349369041621685028e-02
-1.130226701498031616e-01
-3.957519307732582092e-02
-1.016112715005874634e-01
