-1.256754696369171143e-01
-4.951213486492633820e-03
1.744345277547836304e-01
2.751805633306503296e-02
4.896433651447296143e-02
1.891505420207977295e-01
-1.559547781944274902e-01
2.658997103571891785e-02
3.014963492751121521e-02
3.225982934236526489e-02
9.758222848176956177e-03
-1.059309989213943481e-01
-1.115108281373977661e-01
3.750405088067054749e-02
-1.233485490083694458e-01
1.972167985513806343e-03
-1.843499541282653809e-01
-3.474289923906326294e-02
-3.066263720393180847e-02
1.687786728143692017e-01
-3.402717784047126770e-02
-7.818477600812911987e-02
1.987153142690658569e-01
-1.098533570766448975e-01
-4.051126539707183838e-02
9.702223539352416992e-02
-1.531929373741149902e-01
-9.440401941537857056e-02
7.784171402454376221e-02
2.540772408246994019e-02
-1.254443079233169556e-01
1.666403412818908691e-01
-1.596883386373519897e-01
-2.350578270852565765e-02
-7.460430264472961426e-02
-1.807587891817092896e-01
-1.690407544374465942e-01
1.669758707284927368e-01
-3.523713350296020508e-02
1.271094530820846558e-01
-1.531191915273666382e-01
-1.272702962160110474e-01
-6.852353364229202271e-02
-1.712444797158241272e-02
-3.675209823995828629e-03
1.086332350969314575e-01
-2.614450827240943909e-02
3.452318534255027771e-02
-8.354786783456802368e-02
-2.969724312424659729e-02
