-4.130096435546875000e-01
-4.672146737575531006e-01
-4.613183140754699707e-01
1.658006012439727783e-01
-5.002478957176208496e-01
1.242770925164222717e-01
1.610571742057800293e-01
5.557214021682739258e-01
8.751021325588226318e-02
3.284954130649566650e-01
-1.038584634661674500e-01
-6.360457539558410645e-01
2.971478998661041260e-01
2.901324033737182617e-01
4.369752109050750732e-01
5.095905065536499023e-01
-5.331473946571350098e-01
-4.919375181198120117e-01
-2.586207985877990723e-01
-4.936527609825134277e-01
-2.476437985897064209e-01
-4.522704780101776123e-01
1.784654855728149414e-01
-4.962740242481231689e-01
-8.128527551889419556e-02
-8.368234336376190186e-02
1.768939495086669922e-01
1.060009449720382690e-01
-4.738390743732452393e-01
1.787820160388946533e-01
-1.593689769506454468e-01
-3.925816714763641357e-01
-3.472605347633361816e-01
4.701954126358032227e-02
-8.322410285472869873e-02
-5.433889031410217285e-01
-4.574385583400726318e-01
5.992625355720520020e-01
2.367865145206451416e-01
-4.376013576984405518e-01
3.869858756661415100e-02
1.471039056777954102e-01
-5.376127362251281738e-01
1.399617940187454224e-01
-1.723247580230236053e-02
1.931897550821304321e-01
-1.243408769369125366e-01
2.002031207084655762e-01
-5.195438861846923828e-01
-2.155325710773468018e-01
-3.313248753547668457e-01
2.208327502012252808e-01
-8.287709951400756836e-02
-5.117553472518920898e-01
-2.861328721046447754e-01
5.217113494873046875e-01
-7.659678161144256592e-02
-6.550622638314962387e-03
-3.786504268646240234e-01
-5.844436883926391602e-01
-5.462157726287841797e-01
-5.354670882225036621e-01
-4.205918312072753906e-01
8.434473723173141479e-02
5.117390751838684082e-01
5.853666067123413086e-01
-9.342649579048156738e-02
-2.681873738765716553e-01
-4.474966526031494141e-01
4.601895809173583984e-01
3.518462926149368286e-02
-6.514514684677124023e-01
-1.052828691899776459e-02
2.497755289077758789e-01
-3.420257866382598877e-01
6.093747019767761230e-01
-6.365049630403518677e-02
1.341878529638051987e-02
-8.335913717746734619e-02
-2.193381041288375854e-01
-3.948981314897537231e-02
4.901190400123596191e-01
3.750474750995635986e-01
-5.409632921218872070e-01
-1.704790294170379639e-01
6.227968633174896240e-02
-9.913813322782516479e-02
-3.955499455332756042e-02
1.254883408546447754e-01
4.863660633563995361e-01
-5.652784928679466248e-02
9.517426602542400360e-03
3.110817633569240570e-02
8.448865264654159546e-03
-5.135103464126586914e-01
-2.524986863136291504e-01
-4.057393968105316162e-01
1.854940205812454224e-01
-3.182208538055419922e-01
3.075694106519222260e-02
