2.186891317367553711e+00
2.052324861288070679e-01
6.793233752250671387e-01
4.115593135356903076e-01
-9.320701956748962402e-01
-6.935222744941711426e-01
-1.571409463882446289e+00
-1.128935217857360840e-01
-4.260268807411193848e-01
-1.956444382667541504e+00
7.830802202224731445e-01
-9.942514896392822266e-01
-7.833962440490722656e-01
5.573638677597045898e-01
2.403174899518489838e-02
4.921056926250457764e-01
-2.106916308403015137e-01
4.615656137466430664e-01
1.257421374320983887e+00
1.442283749580383301e+00
8.773447573184967041e-02
-2.768041566014289856e-02
-1.602400898933410645e+00
-1.495238691568374634e-01
-6.104883551597595215e-01
-3.281383216381072998e-01
1.199082255363464355e+00
-4.990186989307403564e-01
-7.224346399307250977e-01
-5.544754862785339355e-01
1.285845339298248291e-01
1.106870770454406738e+00
-9.685175865888595581e-02
-2.222260475158691406e+00
1.693131029605865479e-02
3.563283085823059082e-01
-1.737467527389526367e+00
3.119350075721740723e-01
5.560888051986694336e-01
-8.197918534278869629e-01
1.084655046463012695e+00
-5.049623847007751465e-01
1.217019036412239075e-01
-3.615311682224273682e-01
-5.155609846115112305e-01
9.391493797302246094e-01
1.532487273216247559e+00
7.036089897155761719e-02
-9.751436114311218262e-01
-7.103703022003173828e-01
1.127386331558227539e+00
-5.585700273513793945e-01
-2.158570766448974609e+00
-1.125024318695068359e+00
-2.570413351058959961e-01
6.604211777448654175e-02
2.269856035709381104e-01
-9.432049989700317383e-01
-1.078184843063354492e+00
1.068016171455383301e+00
-5.191012620925903320e-01
1.655799388885498047e+00
1.134227514266967773e+00
1.055998653173446655e-01
-5.099866986274719238e-01
2.919220365583896637e-02
-1.527847051620483398e+00
1.047495245933532715e+00
3.421006500720977783e-01
-5.568037629127502441e-01
1.662013292312622070e+00
2.555365264415740967e-01
-7.436918616294860840e-01
-5.433251857757568359e-01
1.759905219078063965e+00
-2.501155853271484375e+00
4.093417823314666748e-01
1.076878666877746582e+00
-2.737464606761932373e-01
-8.598079681396484375e-01
-7.512910366058349609e-01
6.742271780967712402e-01
-2.959817647933959961e-01
1.516084820032119751e-01
-3.217040598392486572e-01
-1.843873977661132812e+00
7.163215428590774536e-02
-1.538254499435424805e+00
-1.223768949508666992e+00
3.480830490589141846e-01
-1.823803782463073730e+00
-1.810100674629211426e-01
5.840439200401306152e-01
2.379715889692306519e-01
-4.415174126625061035e-01
7.156410813331604004e-01
-3.232085704803466797e-01
1.502444874495267868e-02
-5.941324681043624878e-02
6.442540884017944336e-01
-8.801519274711608887e-01
-5.483059883117675781e-01
3.364197909832000732e-01
-2.881473898887634277e-01
-1.311701685190200806e-01
7.101463675498962402e-01
-1.129882454872131348e+00
7.032957673072814941e-02
7.202394604682922363e-01
1.311453223228454590e+00
-2.497956454753875732e-01
2.438606321811676025e-01
5.273757576942443848e-01
-1.535115242004394531e+00
2.600321173667907715e-01
1.841624617576599121e+00
5.349351763725280762e-01
4.391549900174140930e-02
-4.537481367588043213e-01
6.684379279613494873e-02
-5.191453695297241211e-01
4.698060452938079834e-01
3.985955715179443359e-01
1.818316429853439331e-01
-8.517646193504333496e-01
8.344007283449172974e-02
-1.097271323204040527e+00
2.807740926742553711e+00
-1.446543574333190918e+00
-1.955297112464904785e+00
-7.632083892822265625e-01
-1.529220700263977051e+00
-1.141874551773071289e+00
1.078889131546020508e+00
5.398934483528137207e-01
9.772912859916687012e-01
-2.545764744281768799e-01
4.398573040962219238e-01
1.223710536956787109e+00
-9.685622900724411011e-02
2.672659158706665039e-01
3.917070031166076660e-01
1.271864652633666992e+00
-1.435817480087280273e+00
-6.269506216049194336e-01
-3.315503597259521484e-01
-1.004842877388000488e+00
-8.831712007522583008e-01
-9.896150827407836914e-01
-5.859211087226867676e-01
9.485539048910140991e-02
-8.125724792480468750e-01
1.684153378009796143e-01
-1.346670746803283691e+00
1.943025588989257812e+00
2.693908512592315674e-01
-1.234639406204223633e+00
-1.065076291561126709e-01
9.210773110389709473e-01
-1.240287780761718750e+00
-4.672960937023162842e-01
1.082489371299743652e+00
-1.077968478202819824e+00
3.263555049896240234e+00
-1.174628257751464844e+00
-4.553269445896148682e-01
-9.864989519119262695e-01
-5.577170848846435547e-01
1.014024019241333008e+00
-3.251712918281555176e-01
-3.856900691986083984e+00
-3.149786293506622314e-01
-8.251448869705200195e-01
1.856396555900573730e+00
1.084542512893676758e+00
-3.709016144275665283e-01
6.143879890441894531e-01
1.153459906578063965e+00
8.235768079757690430e-01
2.074131727218627930e+00
1.460130929946899414e+00
3.034567236900329590e-01
-9.505667686462402344e-01
8.641920685768127441e-01
8.626641035079956055e-01
-5.376417636871337891e-01
-2.129597425460815430e+00
-2.118568569421768188e-01
-1.220067977905273438e+00
1.910682022571563721e-01
1.085968613624572754e+00
1.146040558815002441e+00
-1.464125275611877441e+00
1.542530208826065063e-01
-1.171100258827209473e+00
-7.807391881942749023e-02
2.271265029907226562e+00
1.055882453918457031e+00
5.588974356651306152e-01
1.854189395904541016e+00
-2.146149158477783203e+00
9.276441335678100586e-01
1.678276956081390381e-01
-1.868749260902404785e+00
1.192121744155883789e+00
-1.410798311233520508e+00
-8.939813375473022461e-01
1.607803463935852051e+00
-4.569661989808082581e-02
-5.614117980003356934e-01
1.107340082526206970e-01
-6.512811779975891113e-01
5.233880281448364258e-01
-2.640527188777923584e-01
4.810627400875091553e-01
2.459014505147933960e-01
1.421870231628417969e+00
-1.798349261283874512e+00
-1.766826212406158447e-02
2.681551933288574219e+00
8.578454256057739258e-01
8.143870532512664795e-02
4.718891382217407227e-01
-1.404709577560424805e+00
4.997949600219726562e-01
-6.685048937797546387e-01
4.169323444366455078e-01
-8.600617051124572754e-01
2.832594811916351318e-01
-8.964117169380187988e-01
-2.787807583808898926e-01
-1.734915018081665039e+00
-3.275942504405975342e-01
-3.419309854507446289e-01
-1.307834863662719727e+00
-1.715189367532730103e-01
6.526842713356018066e-01
3.793020844459533691e-01
9.193013310432434082e-01
5.960701704025268555e-01
2.645772695541381836e-01
-8.032902479171752930e-01
8.807739019393920898e-01
-1.810755729675292969e+00
1.442356467247009277e+00
-1.837789118289947510e-01
-8.841220736503601074e-01
8.382284641265869141e-01
1.201587796211242676e+00
6.498055458068847656e-01
-1.294364333152770996e+00
-1.022506952285766602e+00
-1.891546130180358887e+00
6.641502380371093750e-01
2.456093877553939819e-01
1.615729629993438721e-01
1.216957092285156250e+00
4.247610270977020264e-01
7.465099692344665527e-01
1.732402205467224121e+00
-1.952180266380310059e-01
-1.916352033615112305e+00
-5.862202048301696777e-01
-5.536070466041564941e-01
-4.451350867748260498e-01
7.756398618221282959e-02
-4.078112542629241943e-01
6.376368403434753418e-01
1.069748029112815857e-01
1.048969984054565430e+00
2.710264921188354492e-01
-6.507247090339660645e-01
1.344289898872375488e+00
-1.826377868652343750e+00
4.240901470184326172e-01
-3.671356141567230225e-01
-3.583897650241851807e-01
-1.822486519813537598e+00
-1.727556824684143066e+00
3.974597156047821045e-01
1.643667578697204590e+00
-6.775347590446472168e-01
3.180032074451446533e-01
-7.783067226409912109e-01
-2.041651725769042969e+00
1.529671549797058105e+00
4.666884839534759521e-01
3.438489884138107300e-02
8.802893012762069702e-02
7.668750286102294922e-01
4.141738712787628174e-01
-2.733033001422882080e-01
8.082890510559082031e-02
-8.691735267639160156e-01
-1.218295246362686157e-01
9.494569301605224609e-01
1.192668557167053223e+00
2.242689430713653564e-01
-1.097605705261230469e+00
-8.557888865470886230e-01
2.738974243402481079e-02
2.200771421194076538e-01
1.775012761354446411e-01
-2.185622692108154297e+00
-1.040315389633178711e+00
1.322094321250915527e+00
-7.849558442831039429e-02
-5.897132754325866699e-01
-5.521569848060607910e-01
1.524731159210205078e+00
-1.028368830680847168e+00
2.469486713409423828e+00
-3.055528700351715088e-01
-1.018474459648132324e+00
4.358033537864685059e-01
-1.362486004829406738e+00
1.252490997314453125e+00
1.734329313039779663e-01
2.578780353069305420e-01
-7.718809247016906738e-01
2.571032643318176270e-01
-2.181398868560791016e-02
-1.110754013061523438e+00
1.028890728950500488e+00
8.293953537940979004e-01
