4.733180999755859375e-01
-1.207007884979248047e+00
1.073235034942626953e+00
-6.700546741485595703e-01
2.042982429265975952e-01
1.813272476196289062e+00
-1.279018402099609375e+00
-3.578334748744964600e-01
1.487187743186950684e+00
4.791191816329956055e-01
8.649575710296630859e-01
2.232472747564315796e-01
-8.006154298782348633e-01
1.323184132575988770e+00
-4.435712993144989014e-01
8.122739791870117188e-01
-4.557522535324096680e-01
-6.282455325126647949e-01
1.688420414924621582e+00
3.855213522911071777e-01
2.876540184020996094e+00
-8.396983891725540161e-02
-2.156679391860961914e+00
-8.501694798469543457e-01
9.519299268722534180e-01
7.880282402038574219e-01
1.842433959245681763e-01
-7.203427553176879883e-01
-6.118326783180236816e-01
2.999178320169448853e-02
1.381998360157012939e-01
2.103627204895019531e+00
-3.602925240993499756e-01
2.210030794143676758e+00
6.388535499572753906e-01
-1.758108437061309814e-01
1.246060878038406372e-01
6.714795231819152832e-01
-6.304298639297485352e-01
-1.332355856895446777e+00
-2.200107574462890625e-01
1.417643070220947266e+00
-8.550736308097839355e-01
9.767591953277587891e-01
1.456813335418701172e+00
-1.419894695281982422e-01
5.077322125434875488e-01
-1.826734662055969238e+00
1.140272855758666992e+00
-1.302141189575195312e+00
1.053936958312988281e+00
-1.080626010894775391e+00
-1.081757307052612305e+00
4.069122672080993652e-01
-1.028325200080871582e+00
1.906640052795410156e+00
4.139011502265930176e-01
9.886576533317565918e-01
4.257424473762512207e-01
-1.948606491088867188e+00
4.767316281795501709e-01
-1.866490393877029419e-01
-3.205428421497344971e-01
-3.074879407882690430e+00
4.946334362030029297e-01
1.311264872550964355e+00
-1.102126121520996094e+00
4.161208868026733398e-01
1.463711500167846680e+00
1.116881847381591797e+00
-4.989582002162933350e-01
9.561140537261962891e-01
-2.757438719272613525e-01
4.011297821998596191e-01
-5.266566202044487000e-02
9.266405105590820312e-01
1.652304410934448242e+00
3.582273423671722412e-01
-1.461617469787597656e+00
2.466562986373901367e-01
-1.120107889175415039e+00
-3.566765785217285156e-01
-4.124757647514343262e-01
3.773070638999342918e-03
-9.271060824394226074e-01
-3.033733069896697998e-01
-1.092690587043762207e+00
5.061494112014770508e-01
-3.152556419372558594e-01
-8.567154407501220703e-02
-3.145026043057441711e-02
9.636712670326232910e-01
2.765735983848571777e-01
1.705323219299316406e+00
-1.672045707702636719e+00
8.312536478042602539e-01
-9.394199252128601074e-01
-2.067308276891708374e-01
-1.767123699188232422e+00
1.256513595581054688e-01
7.496819496154785156e-01
1.773418903350830078e+00
-5.146017074584960938e-01
-7.540526986122131348e-01
-3.860422596335411072e-02
-9.086263775825500488e-01
-1.620297074317932129e+00
-2.806367635726928711e+00
-4.771478772163391113e-01
-9.405017495155334473e-01
1.130856037139892578e+00
-7.302141785621643066e-01
-5.070820450782775879e-01
-7.276327610015869141e-01
7.556719183921813965e-01
1.394865155220031738e+00
1.896836280822753906e+00
1.213826060295104980e+00
-8.967097401618957520e-01
2.067123949527740479e-01
-3.386734724044799805e-01
-5.410779714584350586e-01
-9.703380465507507324e-01
-7.133555412292480469e-01
-7.499092258512973785e-03
-5.180028080940246582e-01
-3.323453664779663086e-01
8.789593726396560669e-02
8.716483116149902344e-01
-9.748972654342651367e-01
-9.873300790786743164e-01
-5.151419639587402344e-01
-1.671054810285568237e-01
-1.456467151641845703e+00
-1.487882733345031738e+00
1.111895084381103516e+00
-1.323234081268310547e+00
-6.119579076766967773e-01
9.555155038833618164e-01
-2.327861309051513672e+00
-1.044993638992309570e+00
-1.136694192886352539e+00
-7.304827570915222168e-01
-2.046267271041870117e+00
2.336613982915878296e-01
1.097424983978271484e+00
2.033006906509399414e+00
1.692829966545104980e+00
1.170347556471824646e-01
1.624031662940979004e+00
-1.080816388130187988e+00
9.751129150390625000e-01
2.640767991542816162e-01
1.668240904808044434e+00
-6.842938661575317383e-01
-1.974936723709106445e+00
9.780775010585784912e-02
1.319297432899475098e+00
-5.741029977798461914e-01
-2.609058916568756104e-01
8.245397210121154785e-01
6.330680251121520996e-01
7.344896793365478516e-01
1.862525224685668945e+00
5.997665524482727051e-01
1.047697663307189941e+00
-9.596274048089981079e-02
6.354902982711791992e-01
1.050570487976074219e+00
1.075963139533996582e+00
-7.346168756484985352e-01
-1.510564088821411133e+00
-1.470498442649841309e+00
5.556547641754150391e-01
1.873060129582881927e-02
-2.858719527721405029e-01
-1.409179568290710449e-01
-6.352615356445312500e-01
1.137271404266357422e+00
7.799065113067626953e-01
5.177474617958068848e-01
1.883117556571960449e+00
-1.069414138793945312e+00
1.627038359642028809e+00
-5.446460247039794922e-01
-7.424210309982299805e-01
-6.532168388366699219e-01
4.054697751998901367e-01
6.664897799491882324e-01
-3.472906351089477539e-02
-8.218411207199096680e-01
8.735837936401367188e-01
-7.972241044044494629e-01
8.678324818611145020e-01
1.036913871765136719e+00
-2.398477315902709961e+00
1.301568269729614258e+00
-9.278312921524047852e-01
-1.599959492683410645e+00
1.675029754638671875e+00
1.072495102882385254e+00
-5.597584694623947144e-02
6.143113970756530762e-01
7.289516329765319824e-01
4.812046885490417480e-01
-5.096153616905212402e-01
1.734170794486999512e+00
6.943012475967407227e-01
5.758158564567565918e-01
-2.233901321887969971e-01
4.536888897418975830e-01
-1.074445843696594238e+00
6.184367537498474121e-01
-3.726927638053894043e-01
6.618024706840515137e-01
-1.313873231410980225e-01
-6.436287611722946167e-02
3.269246220588684082e-02
-1.864499598741531372e-01
5.371460318565368652e-01
1.718734264373779297e+00
8.285538554191589355e-01
-1.554921269416809082e-01
8.724507689476013184e-01
-6.174525618553161621e-01
-1.377813816070556641e+00
7.984818220138549805e-01
-2.036283463239669800e-01
-1.553674817085266113e+00
-2.031038761138916016e+00
1.224718019366264343e-01
5.850162506103515625e-01
7.523945569992065430e-01
-1.220512747764587402e+00
-9.838566780090332031e-01
-2.076804399490356445e+00
-1.050807476043701172e+00
4.811235070228576660e-01
2.279199510812759399e-01
-8.010206222534179688e-01
1.364510297775268555e+00
1.101098895072937012e+00
2.754881680011749268e-01
1.132229208946228027e+00
9.742818772792816162e-02
-1.303907871246337891e+00
-1.072955369949340820e+00
4.435635805130004883e-01
9.670189619064331055e-01
-7.063713669776916504e-01
-1.729038119316101074e+00
1.211859844624996185e-02
3.852150440216064453e-01
6.687639951705932617e-01
2.916798293590545654e-01
-7.642142176628112793e-01
8.996135592460632324e-01
1.529619216918945312e+00
-4.454465806484222412e-01
1.546359300613403320e+00
3.012086749076843262e-01
-1.783621907234191895e+00
-3.412180244922637939e-01
9.005416035652160645e-01
-9.326964616775512695e-02
-7.343207597732543945e-01
5.635744333267211914e-01
1.199865221977233887e+00
-3.535545766353607178e-01
1.384887814521789551e+00
1.904147267341613770e-01
-2.425347566604614258e-01
-1.371987760066986084e-01
4.084598124027252197e-01
1.088142022490501404e-01
-1.118389725685119629e+00
-3.557422012090682983e-02
-4.412042498588562012e-01
1.266678929328918457e+00
-3.299799561500549316e-01
-6.515666842460632324e-01
1.706035494804382324e+00
3.223143219947814941e-01
1.939193248748779297e+00
2.061971426010131836e+00
1.035827875137329102e+00
-9.468491077423095703e-01
-1.613499760627746582e+00
-1.847116202116012573e-01
-7.466955184936523438e-01
-1.111622214317321777e+00
-4.699723422527313232e-01
-2.466889142990112305e+00
-8.628805875778198242e-01
4.777216315269470215e-01
7.363138198852539062e-01
2.018198668956756592e-01
-1.243328899145126343e-01
-1.765021800994873047e+00
-6.461244821548461914e-01
1.463553667068481445e+00
-1.802901983261108398e+00
9.773828387260437012e-01
2.570467472076416016e+00
-3.482159972190856934e-01
-2.789945602416992188e-01
2.067261457443237305e+00
-2.172333002090454102e-01
-2.762074172496795654e-01
9.443033337593078613e-01
-4.118844866752624512e-01
5.685012936592102051e-01
-5.193890929222106934e-01
-2.339118719100952148e-01
-1.315959334373474121e+00
7.785409688949584961e-01
-4.923105835914611816e-01
2.625175416469573975e-01
3.079334199428558350e-01
-7.272173166275024414e-01
-9.141399264335632324e-01
-1.247770905494689941e+00
-9.831665158271789551e-01
-5.250542759895324707e-01
1.293022751808166504e+00
