-1.420251876115798950e-01
8.203314244747161865e-02
-6.589497625827789307e-02
-1.089295670390129089e-01
-9.742098301649093628e-02
3.665648028254508972e-02
-1.481984108686447144e-01
8.242653310298919678e-02
6.884237378835678101e-02
2.205538377165794373e-02
-5.564867332577705383e-02
-1.053478568792343140e-01
-5.960986390709877014e-02
9.720318764448165894e-02
-6.562349945306777954e-02
8.908481337130069733e-03
-1.127000972628593445e-01
-1.587721705436706543e-02
-3.064982406795024872e-02
6.363913416862487793e-02
-1.816495954990386963e-01
1.012827306985855103e-01
8.027353882789611816e-02
-1.755050122737884521e-01
3.432424739003181458e-02
1.550647318363189697e-01
6.972619146108627319e-02
1.567066065035760403e-03
7.032831758260726929e-02
-1.914501637220382690e-01
-1.215762272477149963e-01
7.287038862705230713e-02
4.640141129493713379e-02
-7.579189538955688477e-02
4.977717995643615723e-02
7.555229216814041138e-02
-1.290433108806610107e-01
9.502874314785003662e-02
1.779474020004272461e-01
-7.800829410552978516e-02
-8.016627281904220581e-02
-6.967673450708389282e-02
6.737061589956283569e-02
7.995001226663589478e-02
4.953836090862751007e-03
1.387448012828826904e-01
-3.108449652791023254e-02
2.255959203466773033e-03
1.981412060558795929e-03
-4.941108450293540955e-02
