1.022589325904846191e+00
-2.061326503753662109e-01
-8.958439230918884277e-01
4.086524844169616699e-01
-1.134303927421569824e+00
-3.009194135665893555e-01
1.248412966728210449e+00
-1.150128364562988281e+00
1.488981097936630249e-01
-8.061407208442687988e-01
2.754000723361968994e-01
2.378674745559692383e-01
-3.534159362316131592e-01
1.275414824485778809e+00
-2.062936574220657349e-01
-6.471351385116577148e-01
-1.756412982940673828e-01
-9.334332942962646484e-01
6.508624553680419922e-02
6.925620436668395996e-01
4.057672619819641113e-01
-7.373702526092529297e-01
1.202478539198637009e-02
-1.846674382686614990e-01
-6.626701354980468750e-01
7.059922814369201660e-01
1.903586387634277344e-01
4.286906123161315918e-01
-4.556555151939392090e-01
6.611548364162445068e-02
-7.082959413528442383e-01
1.139086484909057617e+00
-3.067073523998260498e-01
-3.787317574024200439e-01
-2.230668783187866211e+00
-3.375981450080871582e-01
1.925142168998718262e+00
-3.102757930755615234e-01
2.789749622344970703e+00
-9.905452728271484375e-01
2.689956128597259521e-01
1.728860139846801758e-01
3.756872713565826416e-01
4.873361885547637939e-01
1.275574922561645508e+00
4.027521908283233643e-01
1.717187285423278809e+00
-2.201358795166015625e+00
1.237869542092084885e-02
-1.053521990776062012e+00
-1.889629364013671875e+00
-4.198550283908843994e-01
-8.660588264465332031e-01
1.501672744750976562e+00
-3.254046142101287842e-01
3.505852073431015015e-02
1.116095948964357376e-02
2.009640455245971680e+00
6.290959119796752930e-01
-9.863255023956298828e-01
-7.517287731170654297e-01
1.145226120948791504e+00
6.521772742271423340e-01
9.690734148025512695e-01
6.383780241012573242e-01
4.101028144359588623e-01
5.140562057495117188e-01
2.165027707815170288e-01
8.573246002197265625e-01
8.622493743896484375e-01
-2.303513526916503906e+00
1.675459265708923340e+00
2.567112445831298828e-01
2.148522138595581055e+00
6.016171574592590332e-01
-9.453508257865905762e-02
9.531408548355102539e-01
5.201502442359924316e-01
-2.584111988544464111e-01
1.051130890846252441e+00
-1.396071463823318481e-01
9.906695485115051270e-01
-3.793618083000183105e-01
-1.391336321830749512e+00
1.289039403200149536e-01
1.621538162231445312e+00
-2.331219434738159180e+00
9.506176114082336426e-01
-2.123976349830627441e-01
1.227408051490783691e+00
1.772474169731140137e+00
1.657874941825866699e+00
8.414612412452697754e-01
-3.760807216167449951e-01
-4.822672903537750244e-01
1.444624423980712891e+00
-7.822405099868774414e-01
-1.169280052185058594e+00
-4.009452164173126221e-01
-5.712711811065673828e-01
1.296911478042602539e+00
1.931503772735595703e+00
-8.455644547939300537e-02
-8.287581801414489746e-01
-7.606246322393417358e-02
-2.413156628608703613e-01
-3.663084208965301514e-01
8.913153409957885742e-01
5.051479339599609375e-01
-8.935627341270446777e-02
2.187891304492950439e-01
-1.329679489135742188e+00
3.261368274688720703e-01
5.131326317787170410e-01
1.943609237670898438e+00
-5.119460225105285645e-01
-1.621610403060913086e+00
-9.781462699174880981e-02
8.505720496177673340e-01
-6.451653242111206055e-01
1.019151091575622559e+00
2.311252593994140625e+00
6.719734072685241699e-01
1.231782604008913040e-02
-1.592751383781433105e+00
-1.611520528793334961e+00
-9.440003037452697754e-01
5.570919513702392578e-01
1.725994110107421875e+00
4.530184268951416016e-01
-6.194218993186950684e-01
1.696091294288635254e-01
-3.501169383525848389e-01
-1.300207823514938354e-01
-1.559688210487365723e+00
-1.337777256965637207e+00
-6.927413940429687500e-01
5.720647424459457397e-02
-2.738936185836791992e+00
1.548401266336441040e-01
-4.215509071946144104e-02
-1.464928269386291504e+00
4.890905320644378662e-01
5.345507860183715820e-01
1.130351781845092773e+00
7.297666072845458984e-01
-8.632118105888366699e-01
5.961061120033264160e-01
-6.131265163421630859e-01
1.030853629112243652e+00
6.175591945648193359e-01
-1.298416852951049805e+00
1.330068111419677734e+00
-6.873720288276672363e-01
9.836968034505844116e-02
1.012264609336853027e+00
-1.922051072120666504e+00
1.339932203292846680e+00
9.101292490959167480e-02
-1.002515435218811035e+00
1.643975138664245605e+00
1.315793752670288086e+00
-1.084967970848083496e+00
2.636725306510925293e-01
-2.266048491001129150e-01
-7.757889032363891602e-01
2.519321739673614502e-01
8.070649504661560059e-01
-1.347669482231140137e+00
6.698445677757263184e-01
1.868090033531188965e-01
-2.590228319168090820e-01
9.417774081230163574e-01
-5.634209513664245605e-01
-1.866178750991821289e+00
-1.354475975036621094e+00
-1.296220898628234863e+00
1.935220718383789062e+00
8.503768444061279297e-01
-3.206151723861694336e-01
-7.386270761489868164e-01
-1.637205481529235840e+00
3.130428120493888855e-02
2.975372672080993652e-01
5.740059614181518555e-01
-1.460902571678161621e+00
-9.687965512275695801e-01
-1.114460706710815430e+00
5.645522102713584900e-02
3.134309351444244385e-01
-1.444609642028808594e+00
1.136587411165237427e-01
-6.078335046768188477e-01
-2.342397421598434448e-01
-1.008170723915100098e+00
-8.671455383300781250e-01
-1.924932003021240234e+00
1.071117296814918518e-01
9.318836331367492676e-01
-5.588436126708984375e-01
1.267987370491027832e+00
-2.188902944326400757e-01
-1.679482221603393555e+00
-1.843744635581970215e+00
2.371812984347343445e-02
-4.328159093856811523e-01
-4.145106077194213867e-01
-1.742488741874694824e+00
-7.865412831306457520e-01
-8.402490615844726562e-01
-1.087541460990905762e+00
-1.440638542175292969e+00
-1.086096644401550293e+00
-2.588074505329132080e-01
6.778839826583862305e-01
-1.206847727298736572e-01
1.492808580398559570e+00
7.111183553934097290e-02
1.344864487648010254e+00
6.103060841560363770e-01
-1.405578017234802246e+00
-5.536767244338989258e-01
-5.323091149330139160e-01
-1.742364168167114258e+00
8.483434915542602539e-01
1.349110603332519531e+00
1.010207608342170715e-01
-9.348675608634948730e-02
-3.115371167659759521e-01
6.854987144470214844e-01
-1.852769613265991211e+00
-1.072326660156250000e+00
-1.997516036033630371e+00
1.388545632362365723e+00
-1.054856538772583008e+00
3.399476110935211182e-01
8.283146023750305176e-01
2.657503485679626465e-01
-7.598993778228759766e-01
2.386768609285354614e-01
-3.550457358360290527e-01
-1.085557341575622559e+00
-9.180256724357604980e-01
8.131334185600280762e-01
6.778753995895385742e-01
-8.477285504341125488e-01
-1.234569668769836426e+00
-6.466608494520187378e-02
6.167964935302734375e-01
1.094230532646179199e+00
-7.919561117887496948e-02
-3.365010023117065430e-01
5.131260752677917480e-01
-3.073818087577819824e-01
-1.019263982772827148e+00
1.710494607686996460e-01
8.291605710983276367e-01
-4.822776019573211670e-01
-1.525369733572006226e-01
6.838249564170837402e-01
-2.540292143821716309e-01
3.178716301918029785e-01
-1.215951204299926758e+00
-2.998361736536026001e-02
4.499934315681457520e-01
-6.286586523056030273e-01
1.112588286399841309e+00
-5.792498216032981873e-02
-1.804119467735290527e+00
1.170681938529014587e-01
-5.036952346563339233e-02
5.399285554885864258e-01
6.428218483924865723e-01
-6.112051606178283691e-01
2.455283887684345245e-02
-8.119305372238159180e-01
9.262023121118545532e-02
-6.714254617691040039e-01
1.321863770484924316e+00
-6.117801666259765625e-01
-4.918791949748992920e-01
-1.436010122299194336e+00
1.128233149647712708e-01
3.131643533706665039e-01
-6.490758657455444336e-01
-7.426446676254272461e-01
2.020885050296783447e-02
-9.203162789344787598e-01
-7.944171428680419922e-01
8.132211863994598389e-02
-2.870679199695587158e-01
1.056960821151733398e+00
1.630047440528869629e+00
5.826998353004455566e-01
3.139493465423583984e-01
1.251268148422241211e+00
6.401825547218322754e-01
2.943433761596679688e+00
1.096508622169494629e+00
-6.647464632987976074e-01
-3.342834115028381348e-01
-1.378703117370605469e+00
-1.537874579429626465e+00
-1.106507301330566406e+00
2.348908782005310059e-01
-2.163988053798675537e-01
-8.858131766319274902e-01
-2.299443632364273071e-01
8.384199142456054688e-01
-2.216354571282863617e-02
-1.019462347030639648e+00
-8.807989358901977539e-01
-5.769683718681335449e-01
-3.436263501644134521e-01
8.429248332977294922e-01
5.542251467704772949e-01
1.016318798065185547e+00
-6.009204983711242676e-01
-3.693426549434661865e-01
3.394595086574554443e-01
3.963007330894470215e-01
-1.367227286100387573e-01
-3.740317225456237793e-01
-1.114831089973449707e+00
-8.261188864707946777e-02
