1.556006073951721191e-02
-1.340148318558931351e-02
1.009934544563293457e-01
4.169315844774246216e-02
-8.003612607717514038e-02
7.706920057535171509e-02
-2.284981310367584229e-02
-5.289307609200477600e-02
4.218007251620292664e-02
5.676531046628952026e-02
-8.605121821165084839e-02
1.441734191030263901e-02
3.203207254409790039e-02
9.729073941707611084e-02
-1.861032657325267792e-02
-3.249009838327765465e-03
8.543691784143447876e-02
-5.273250490427017212e-02
-5.242254585027694702e-02
-5.961760133504867554e-02
5.240906402468681335e-02
-2.130546979606151581e-02
8.854816854000091553e-02
7.985419593751430511e-03
1.891586743295192719e-02
6.644749641418457031e-02
6.760306656360626221e-02
2.853525104001164436e-03
-9.052767604589462280e-02
-2.706460841000080109e-02
-5.084545910358428955e-02
-1.175770163536071777e-02
-8.721414208412170410e-02
-8.163251914083957672e-03
3.673266246914863586e-02
-1.160954758524894714e-01
5.925334244966506958e-02
9.331658482551574707e-02
9.323874861001968384e-02
-4.314878955483436584e-02
3.411104902625083923e-02
-6.989697460085153580e-03
3.971330448985099792e-02
5.044732987880706787e-02
-4.144973587244749069e-03
-7.507099956274032593e-02
1.019245337374741212e-05
8.506624959409236908e-03
7.895050942897796631e-02
7.468404620885848999e-02
4.209598898887634277e-02
-4.409312456846237183e-02
3.365529701113700867e-02
2.150828018784523010e-02
1.364454510621726513e-03
8.972539566457271576e-03
-4.733617231249809265e-02
3.369127959012985229e-02
-7.047812640666961670e-02
-1.197572797536849976e-01
1.310018915683031082e-02
3.638991340994834900e-02
-9.590988606214523315e-02
1.733186468482017517e-02
-7.997434586286544800e-02
6.633565574884414673e-02
1.060896590352058411e-01
-2.566190063953399658e-02
6.998772174119949341e-02
2.489113807678222656e-02
-9.288188070058822632e-02
3.022502362728118896e-02
4.149301350116729736e-02
-6.949004530906677246e-02
6.332334876060485840e-02
3.255843371152877808e-02
3.677572309970855713e-02
5.925875902175903320e-02
4.958677664399147034e-02
-4.610918089747428894e-02
-3.187504410743713379e-02
1.618944667279720306e-02
-2.792278490960597992e-02
-3.841957077383995056e-02
7.656566798686981201e-02
-7.134066522121429443e-02
-1.804186031222343445e-02
-7.672750204801559448e-02
5.349684506654739380e-02
-4.641533643007278442e-02
6.696709245443344116e-02
-5.224182829260826111e-02
-1.418664003722369671e-03
2.136322855949401855e-02
8.642508089542388916e-02
-5.309111624956130981e-02
-7.478883489966392517e-03
4.905159398913383484e-02
-6.221139430999755859e-02
-7.927513867616653442e-02
