3.019271977245807648e-02
1.420045271515846252e-03
3.066977858543395996e-02
-2.797504421323537827e-03
7.888036966323852539e-02
4.951117187738418579e-02
-8.760591596364974976e-02
5.323558673262596130e-02
6.970767676830291748e-02
7.549973577260971069e-02
3.953672200441360474e-02
-1.228906959295272827e-01
3.236680477857589722e-02
6.414814293384552002e-02
7.643020153045654297e-02
5.903873220086097717e-02
-4.336173087358474731e-02
2.218762226402759552e-02
-4.135531559586524963e-02
1.686345413327217102e-02
-3.335656225681304932e-02
6.327457726001739502e-02
5.868263542652130127e-02
-9.617533534765243530e-02
7.724528759717941284e-02
5.973495915532112122e-02
6.647324562072753906e-02
6.530257314443588257e-02
-7.913997769355773926e-02
3.064954653382301331e-02
6.987870484590530396e-02
-6.277698278427124023e-02
-1.099083945155143738e-02
6.681282818317413330e-02
1.008097734302282333e-02
-6.844051182270050049e-02
4.215984046459197998e-02
-5.558656156063079834e-02
-2.756062336266040802e-02
8.004581183195114136e-02
1.031416133046150208e-01
3.945754840970039368e-02
-9.919386357069015503e-02
8.640059083700180054e-02
-6.199659779667854309e-02
-1.903232187032699585e-02
7.137627154588699341e-02
-7.963994890451431274e-02
-5.435883626341819763e-02
8.629912137985229492e-02
8.600290119647979736e-02
5.387945845723152161e-02
-2.758740261197090149e-02
7.161547243595123291e-02
2.332714758813381195e-02
-6.325120478868484497e-02
3.770962730050086975e-02
-4.338176921010017395e-02
-8.647105842828750610e-02
-2.325928397476673126e-02
5.685461685061454773e-02
7.559271901845932007e-02
2.555246930569410324e-03
4.814009368419647217e-02
2.822571434080600739e-02
1.014491394162178040e-01
-8.086503297090530396e-02
2.782798185944557190e-02
-7.789286226034164429e-02
-3.085893765091896057e-02
-7.384307682514190674e-02
3.794851154088973999e-02
-8.366807550191879272e-02
8.027986437082290649e-02
-2.037381567060947418e-02
-2.904974482953548431e-02
6.717529147863388062e-02
-1.840086653828620911e-02
1.188322063535451889e-02
2.123881690204143524e-02
-6.426899135112762451e-02
4.679442569613456726e-02
-1.007482409477233887e-01
-8.652489632368087769e-02
-3.470764309167861938e-02
-1.663944311439990997e-02
3.702293708920478821e-02
-6.079056300222873688e-03
-7.446829974651336670e-02
1.647845096886157990e-02
6.877436488866806030e-02
-9.200881421566009521e-02
-1.088999807834625244e-01
-2.423818595707416534e-02
-3.907744213938713074e-02
-5.654320120811462402e-02
3.745783492922782898e-02
3.961484879255294800e-02
6.080624833703041077e-02
9.984280914068222046e-02
