-1.635914891958236694e-01
8.438476175069808960e-02
-2.361612617969512939e-01
-1.314171701669692993e-01
-1.832554340362548828e-01
1.706409156322479248e-01
6.475299596786499023e-02
-5.649487674236297607e-02
4.602709785103797913e-02
3.483431041240692139e-02
-6.589557230472564697e-02
1.274104565382003784e-01
1.145729497075080872e-01
4.615463316440582275e-02
-1.138514652848243713e-01
2.067243009805679321e-01
-6.917740404605865479e-02
-1.883451454341411591e-02
1.354327946901321411e-01
-5.362296104431152344e-02
-5.750652402639389038e-02
-6.705894321203231812e-02
-6.828379351645708084e-03
4.176396876573562622e-02
-1.087685972452163696e-01
1.269866824150085449e-01
