2.347780615091323853e-01 4.586328864097595215e-01
-3.015194833278656006e-01 4.193032979965209961e-01
-4.867604374885559082e-02 5.016737580299377441e-01
-4.506472498178482056e-02 4.126061201095581055e-01
-1.454387754201889038e-01 -4.928842186927795410e-01
-4.186889231204986572e-01 4.440181255340576172e-01
-5.753229260444641113e-01 2.894610166549682617e-01
2.006016522645950317e-01 -2.309654057025909424e-01
-1.100416108965873718e-01 5.468508601188659668e-01
1.389382481575012207e-01 -4.281502589583396912e-02
3.907561898231506348e-01 1.040919795632362366e-01
2.135157585144042969e-01 -5.815386176109313965e-01
-2.965668439865112305e-01 -3.002380132675170898e-01
6.656548008322715759e-03 3.940163850784301758e-01
-6.272589564323425293e-01 -5.272679924964904785e-01
2.892933785915374756e-01 6.201341748237609863e-01
-2.314428240060806274e-01 4.957095086574554443e-01
-5.235411524772644043e-01 -4.077402055263519287e-01
-4.048276841640472412e-01 4.083032608032226562e-01
1.813553869724273682e-01 -4.538221955299377441e-01
1.882997900247573853e-01 -4.216631948947906494e-01
-4.043172001838684082e-01 -3.135227859020233154e-01
-4.823458790779113770e-01 6.936080753803253174e-02
3.272778987884521484e-01 -2.092073410749435425e-01
-7.634950429201126099e-02 4.108383953571319580e-01
5.260022878646850586e-01 5.936897173523902893e-02
-1.571923680603504181e-02 -3.531190752983093262e-01
2.017710059881210327e-01 -4.220575690269470215e-01
-1.356609314680099487e-01 5.253329277038574219e-01
4.559895098209381104e-01 -4.439728260040283203e-01
-2.093396186828613281e-01 -3.401607871055603027e-01
5.051763653755187988e-01 -4.786014556884765625e-01
-2.993333935737609863e-01 5.101866722106933594e-01
-1.726507991552352905e-01 -2.513652145862579346e-01
-2.562872171401977539e-01 -1.131456568837165833e-01
6.552557349205017090e-01 4.644216299057006836e-01
6.731202602386474609e-01 2.900390326976776123e-01
1.228978578001260757e-02 4.062481522560119629e-01
2.855051457881927490e-01 -4.295533895492553711e-01
-3.298241794109344482e-01 5.365331768989562988e-01
-9.462230652570724487e-02 -1.759216561913490295e-02
1.958105117082595825e-01 1.617894321680068970e-01
3.528326451778411865e-01 3.000245690345764160e-01
-2.447696626186370850e-01 -1.024242788553237915e-01
-4.838308691978454590e-01 -6.345008015632629395e-01
4.605791866779327393e-01 -8.567921817302703857e-02
-6.207858324050903320e-01 -3.363423943519592285e-01
-3.348148893564939499e-03 2.701697051525115967e-01
-2.653549015522003174e-01 -5.980384945869445801e-01
4.091601371765136719e-01 -3.256290555000305176e-01
4.347953796386718750e-01 -3.194386661052703857e-01
-2.299271374940872192e-01 5.338727235794067383e-01
5.920703522861003876e-03 1.400987356901168823e-01
3.249767003580927849e-03 1.160425618290901184e-01
-6.184184551239013672e-01 3.582508862018585205e-01
3.935081362724304199e-01 5.500378608703613281e-01
-5.411450266838073730e-01 -4.678957536816596985e-02
-4.707870185375213623e-01 -8.963328599929809570e-02
1.050507426261901855e-01 1.211338937282562256e-01
-7.329614758491516113e-01 4.399746656417846680e-01
2.754670679569244385e-01 -3.314215242862701416e-01
-5.074874162673950195e-01 -5.609931051731109619e-02
-5.371612310409545898e-01 7.030726224184036255e-02
6.101269125938415527e-01 -2.218744605779647827e-01
-5.250258445739746094e-01 -7.217646837234497070e-01
2.892632782459259033e-01 -1.855991780757904053e-01
-2.370017468929290771e-01 -1.982879936695098877e-01
-1.351393014192581177e-01 3.341907262802124023e-01
3.144497275352478027e-01 4.296201467514038086e-01
6.202594637870788574e-01 4.953681826591491699e-01
5.653365701436996460e-02 -4.533678293228149414e-01
3.156964778900146484e-01 1.335209310054779053e-01
2.903995513916015625e-01 -1.828632950782775879e-01
-5.824099779129028320e-01 -4.629778265953063965e-01
5.652822926640510559e-02 1.160869374871253967e-01
2.333495318889617920e-01 3.109164163470268250e-02
5.889677628874778748e-02 -5.124832987785339355e-01
-1.592697203159332275e-01 2.655351161956787109e-01
5.435710549354553223e-01 -4.598721861839294434e-01
-2.854728102684020996e-01 2.494124174118041992e-01
6.365210413932800293e-01 -4.943845868110656738e-01
5.383209586143493652e-01 2.584320120513439178e-02
3.064356446266174316e-01 3.205290436744689941e-01
-2.208122462034225464e-01 6.257701516151428223e-01
-6.060533225536346436e-03 -2.914282977581024170e-01
-2.498101890087127686e-01 -8.970279246568679810e-02
-4.098987281322479248e-01 3.685954958200454712e-02
-3.556745350360870361e-01 -1.774236187338829041e-02
5.610743165016174316e-01 4.391044974327087402e-01
1.554520577192306519e-01 -5.708775520324707031e-01
-3.239821791648864746e-01 -1.064193621277809143e-02
2.997322082519531250e-01 -9.674444049596786499e-02
5.252230167388916016e-01 3.990669846534729004e-01
-2.855288684368133545e-01 -2.509000897407531738e-01
-3.349893093109130859e-01 9.665588289499282837e-02
-5.776190757751464844e-01 -6.636211276054382324e-01
3.215619623661041260e-01 -6.094989180564880371e-02
-4.968545585870742798e-02 -6.036841869354248047e-01
-1.950478255748748779e-01 3.730722069740295410e-01
-4.379864633083343506e-01 -3.234845697879791260e-01
