6.349075585603713989e-02 1.417569220066070557e-01 -1.803157925605773926e-01 6.326200813055038452e-02 1.416085958480834961e-01 -1.448103785514831543e-01 -2.113225013017654419e-01 6.156777963042259216e-04 1.553830504417419434e-01 7.833279669284820557e-02 -4.451601579785346985e-02 1.818246841430664062e-01 9.293825924396514893e-02 -1.518417298793792725e-01 -1.677442342042922974e-01 -4.857984185218811035e-02 9.947092831134796143e-02 4.906807094812393188e-02 -1.274874061346054077e-01 8.396681398153305054e-02 1.054023206233978271e-01 -1.439845860004425049e-01 -2.891494706273078918e-02 4.462166223675012589e-03 -1.093145236372947693e-01 -1.956118643283843994e-01
1.635005921125411987e-01 -1.593603789806365967e-01 2.076195627450942993e-01 3.906457871198654175e-02 9.304761141538619995e-02 -3.345338627696037292e-02 -1.186249926686286926e-01 -2.022018879652023315e-01 -1.906283795833587646e-01 1.475746631622314453e-01 -5.568000674247741699e-02 4.554186761379241943e-02 -1.885322034358978271e-01 5.814300477504730225e-02 1.346273571252822876e-01 -1.527105569839477539e-01 1.176616847515106201e-01 -8.713455498218536377e-02 2.434118278324604034e-02 2.005085945129394531e-01 1.279661208391189575e-01 -1.592048704624176025e-01 -2.074965462088584900e-02 1.321607530117034912e-01 1.416455954313278198e-01 1.313122957944869995e-01
-1.343925148248672485e-01 -6.837652623653411865e-02 1.761253178119659424e-01 1.949875503778457642e-01 1.659956425428390503e-01 2.075734436511993408e-01 1.739684641361236572e-01 6.684194505214691162e-02 -3.779453784227371216e-02 -9.489168226718902588e-02 -6.250360980629920959e-03 -2.150430828332901001e-01 7.845593988895416260e-02 -5.774408206343650818e-02 1.002308353781700134e-01 1.029586195945739746e-01 -1.387167572975158691e-01 -7.956957444548606873e-03 5.291036516427993774e-02 1.720635592937469482e-01 1.621843427419662476e-01 1.894492655992507935e-01 3.302497416734695435e-02 -1.636056602001190186e-01 -4.341801628470420837e-02 -1.739879548549652100e-01
-1.050030589103698730e-01 -3.447017818689346313e-02 6.053590029478073120e-02 2.063202671706676483e-03 1.071433797478675842e-01 1.859805360436439514e-02 -2.024436593055725098e-01 4.338030889630317688e-02 -5.497406795620918274e-02 -8.470931649208068848e-02 -1.100246831774711609e-01 -1.729106456041336060e-01 2.503719031810760498e-01 9.898287057876586914e-02 4.244090244174003601e-02 1.408890932798385620e-01 4.082400351762771606e-02 -1.482783257961273193e-01 2.043619751930236816e-03 2.411128580570220947e-02 2.010178416967391968e-01 1.147233992815017700e-01 -1.194302514195442200e-01 1.090123783797025681e-02 1.557552218437194824e-01 -1.024933755397796631e-01
-8.953371644020080566e-02 -1.825799234211444855e-03 -5.730194225907325745e-02 1.990316435694694519e-02 -1.938960142433643341e-02 -7.229096442461013794e-02 4.244165495038032532e-02 4.105841740965843201e-02 -8.615195006132125854e-02 7.770773023366928101e-02 -1.379514932632446289e-01 1.314773112535476685e-01 4.649480804800987244e-02 3.099843673408031464e-02 -1.515352129936218262e-01 -5.166107788681983948e-02 -5.825362354516983032e-02 8.858373016119003296e-02 -7.084635645151138306e-02 1.407972127199172974e-01 -3.145576268434524536e-02 9.201404452323913574e-02 5.243665352463722229e-02 1.983607411384582520e-01 1.390089560300111771e-02 1.159233227372169495e-01
-5.820654798299074173e-03 1.697973012924194336e-01 7.439890503883361816e-02 -9.921983815729618073e-03 2.571472525596618652e-02 -1.571254432201385498e-01 -1.687722206115722656e-01 -7.221232354640960693e-02 -5.396188795566558838e-02 2.433511614799499512e-02 1.444196999073028564e-01 -1.111933775246143341e-02 1.073752902448177338e-02 9.256854653358459473e-02 -1.795197278261184692e-01 -1.723658293485641479e-01 1.421056091785430908e-01 5.883891880512237549e-02 1.118122488260269165e-01 -1.030489504337310791e-01 -1.866896748542785645e-01 2.286857664585113525e-01 6.145798787474632263e-02 1.933863162994384766e-01 -2.497565001249313354e-02 -1.534169167280197144e-01
1.616444885730743408e-01 1.160184442996978760e-01 -1.529988050460815430e-01 -4.978134110569953918e-02 1.775988042354583740e-01 -5.573663488030433655e-02 -1.457121074199676514e-01 1.747744344174861908e-02 1.089223399758338928e-01 -5.348603054881095886e-02 -2.052440941333770752e-01 1.695948988199234009e-01 1.924150735139846802e-01 6.622827146202325821e-03 -8.975698612630367279e-03 1.620474755764007568e-01 -2.112028002738952637e-01 -6.585709750652313232e-02 -3.686008602380752563e-02 -1.472645998001098633e-01 4.375239089131355286e-02 8.078549057245254517e-03 -7.102793455123901367e-02 -7.153266668319702148e-02 -1.115691289305686951e-01 -1.270041465759277344e-01
-8.579402230679988861e-03 -8.702648431062698364e-02 -1.213966286741197109e-03 -9.657518565654754639e-02 8.407272398471832275e-02 9.576009958982467651e-02 -5.353006720542907715e-02 1.848845481872558594e-01 -7.785043865442276001e-02 -1.250631958246231079e-01 1.063714995980262756e-01 1.433114707469940186e-01 1.711907833814620972e-01 6.514547765254974365e-02 -1.817143261432647705e-01 5.114392563700675964e-02 -7.200713455677032471e-02 7.031027227640151978e-02 -5.527619272470474243e-02 -4.241352155804634094e-02 -1.877972632646560669e-01 2.124566733837127686e-01 1.209378540515899658e-01 -1.335809081792831421e-01 -4.354892671108245850e-02 -1.431725174188613892e-01
1.084442511200904846e-01 7.474952936172485352e-02 1.853847503662109375e-02 -1.747478246688842773e-01 -7.791377604007720947e-02 1.916824281215667725e-02 1.991809904575347900e-02 1.573037356138229370e-01 -8.450467884540557861e-02 -4.362455755472183228e-02 -5.062405019998550415e-02 -3.202776983380317688e-02 1.477044224739074707e-01 1.874774396419525146e-01 2.124018780887126923e-02 -1.109907925128936768e-01 -7.182771712541580200e-02 -6.615944206714630127e-02 -6.714813411235809326e-02 1.666026860475540161e-01 -5.204543843865394592e-02 -7.955069839954376221e-02 -2.781397663056850433e-02 -5.520168319344520569e-02 -8.779685944318771362e-02 -5.011001974344253540e-02
-1.709490567445755005e-01 -4.369482398033142090e-02 1.445963531732559204e-01 7.227756828069686890e-02 -6.730439513921737671e-02 1.306152343750000000e-01 1.476215124130249023e-01 -1.827923357486724854e-01 -1.298457831144332886e-01 -3.843059390783309937e-02 -3.391287475824356079e-02 -1.456800997257232666e-01 1.937238872051239014e-02 -7.397608458995819092e-02 -1.184697151184082031e-01 -4.415555670857429504e-02 -1.776048392057418823e-01 -7.023321464657783508e-03 -2.122142910957336426e-01 -3.490374609827995300e-02 -2.388667911291122437e-01 -6.786614656448364258e-02 -2.111654430627822876e-01 1.685437113046646118e-01 2.273065447807312012e-01 2.278578132390975952e-01
8.972541242837905884e-02 1.116522848606109619e-01 2.033071778714656830e-02 -4.645486548542976379e-02 -1.452262997627258301e-01 -1.903056800365447998e-01 3.160430351272225380e-03 -2.269425392150878906e-01 2.071842364966869354e-02 -3.103686310350894928e-02 1.624595490284264088e-03 -1.449712812900543213e-01 8.845972269773483276e-02 -6.867262721061706543e-02 1.130620241165161133e-01 4.523527622222900391e-02 -9.301298856735229492e-02 9.394128620624542236e-02 5.471178516745567322e-02 8.952300995588302612e-02 -2.131902426481246948e-02 -3.548847511410713196e-02 -9.285280108451843262e-02 8.974677324295043945e-02 6.561129540205001831e-02 -3.840629756450653076e-02
-1.244981884956359863e-01 1.498167663812637329e-01 1.333042085170745850e-01 5.548084527254104614e-02 7.410170137882232666e-02 1.110185608267784119e-01 -2.827418409287929535e-02 1.669027358293533325e-01 8.605179190635681152e-02 -1.685447841882705688e-01 1.151299104094505310e-01 3.501925966702401638e-04 -1.191349998116493225e-01 4.877038672566413879e-02 -9.101127088069915771e-02 5.836179852485656738e-02 6.628434360027313232e-02 4.615227133035659790e-02 -1.158910170197486877e-01 1.198910698294639587e-01 -1.377577483654022217e-01 -1.512748599052429199e-01 1.209463253617286682e-01 6.247147917747497559e-02 6.648700684309005737e-02 -4.756673425436019897e-02
-2.591518685221672058e-02 -1.571097373962402344e-01 -4.780409112572669983e-02 3.391942009329795837e-02 6.461807340383529663e-02 1.350845247507095337e-01 1.315090358257293701e-01 2.825309708714485168e-02 9.714846312999725342e-02 6.230866163969039917e-02 -1.048128679394721985e-01 1.319721043109893799e-01 -2.097824960947036743e-01 -2.325983196496963501e-01 -1.273374855518341064e-01 -9.093052893877029419e-02 3.441837057471275330e-02 1.058583986014127731e-02 -1.139030531048774719e-01 2.224847823381423950e-01 -1.289107650518417358e-01 1.149030402302742004e-01 3.460068628191947937e-02 1.908662915229797363e-01 -1.123453304171562195e-01 5.877340212464332581e-03
1.569553017616271973e-01 -9.038638323545455933e-02 -1.340172737836837769e-01 1.569555401802062988e-01 -1.577789150178432465e-02 3.396628424525260925e-02 -6.832134723663330078e-02 4.471667855978012085e-02 -1.564529389142990112e-01 5.504112318158149719e-02 -1.980651766061782837e-01 2.085130810737609863e-01 -1.763402111828327179e-02 1.627830862998962402e-01 3.772618994116783142e-02 8.207997679710388184e-02 8.177363872528076172e-02 -1.519107818603515625e-01 -5.531048402190208435e-02 -1.408943086862564087e-01 -3.040330484509468079e-02 -5.329247191548347473e-02 1.396865248680114746e-01 -4.444939643144607544e-02 1.113001778721809387e-01 3.825765475630760193e-02
-5.529144778847694397e-02 -1.470143795013427734e-01 7.853307574987411499e-02 3.930080309510231018e-02 -1.036978363990783691e-01 3.879669681191444397e-02 2.815431542694568634e-02 -7.617696374654769897e-02 -6.693681702017784119e-03 5.765249580144882202e-02 -3.408800810575485229e-02 9.870009124279022217e-02 1.248093917965888977e-01 -1.361428201198577881e-01 -1.547111570835113525e-01 -8.977333456277847290e-02 -7.045987527817487717e-03 1.587754189968109131e-01 1.001653820276260376e-01 -1.006418615579605103e-01 -5.811330676078796387e-02 -8.249176293611526489e-02 5.517076328396797180e-02 -1.313116550445556641e-01 -1.640344709157943726e-01 8.578443527221679688e-02
1.787241697311401367e-01 -3.103810595348477364e-03 -8.783970959484577179e-03 -1.029275581240653992e-01 8.749573677778244019e-02 -2.323729917407035828e-02 -1.753791421651840210e-01 -4.175626114010810852e-02 -3.874256834387779236e-02 1.730788648128509521e-01 -8.330283313989639282e-02 -4.234285280108451843e-02 8.841050416231155396e-02 -5.754456296563148499e-02 -1.291489601135253906e-01 -1.488804966211318970e-01 3.443975746631622314e-02 1.133415177464485168e-01 -1.291678100824356079e-01 -1.868716813623905182e-02 7.646641880273818970e-02 -1.388288438320159912e-01 1.184985488653182983e-01 1.861301213502883911e-01 -7.893083244562149048e-02 1.627259403467178345e-01
-1.049149185419082642e-01 -4.456514492630958557e-02 3.156665340065956116e-02 1.055362969636917114e-01 -1.082658991217613220e-01 1.327720582485198975e-01 -1.816402226686477661e-01 -7.499846816062927246e-02 2.963975258171558380e-02 3.588168695569038391e-02 1.115982513874769211e-02 -3.502470627427101135e-02 2.194483727216720581e-01 1.043956801295280457e-01 2.795899808406829834e-01 -6.729326397180557251e-02 7.878178358078002930e-02 6.155557557940483093e-02 6.332641839981079102e-02 7.341302931308746338e-02 -9.659299999475479126e-02 5.361668765544891357e-02 -2.475275658071041107e-02 -3.098881244659423828e-01 1.442932933568954468e-01 -1.777177304029464722e-01
-6.027785316109657288e-02 7.628944516181945801e-02 5.708002299070358276e-02 -1.547286659479141235e-01 1.604134738445281982e-01 -9.486083686351776123e-02 -6.267940253019332886e-02 -1.156251281499862671e-01 5.874196439981460571e-02 1.054908037185668945e-01 1.371762305498123169e-01 -6.771039217710494995e-02 -4.793411493301391602e-02 2.325263619422912598e-02 -1.691044270992279053e-01 1.799737662076950073e-01 -1.129001826047897339e-01 6.046169251203536987e-02 1.622751206159591675e-01 3.881735727190971375e-02 1.827271133661270142e-01 -8.056331425905227661e-02 1.635497659444808960e-01 -1.597975790500640869e-01 -1.457306593656539917e-01 -9.933117777109146118e-02
-1.711404696106910706e-02 -3.527294099330902100e-02 -1.285469830036163330e-01 5.360815674066543579e-02 -8.141032606363296509e-02 -5.335349962115287781e-02 5.612543970346450806e-02 1.106078401207923889e-01 -9.812621772289276123e-02 -2.639629542827606201e-01 -1.456031948328018188e-01 -7.053641974925994873e-02 8.307430893182754517e-02 -1.120582688599824905e-02 -1.848564594984054565e-01 3.775823116302490234e-02 7.127747521735727787e-04 -1.839180737733840942e-01 -2.198806852102279663e-01 -1.368412971496582031e-01 5.310360342264175415e-02 -1.426060646772384644e-01 1.012480109930038452e-01 9.799027442932128906e-02 2.380528151988983154e-01 -1.244298517704010010e-01
1.205851957201957703e-01 -1.789348572492599487e-01 2.089473903179168701e-01 -3.078933106735348701e-03 -1.214946061372756958e-01 1.311246454715728760e-01 -5.203620344400405884e-02 2.696175500750541687e-02 5.504485592246055603e-02 4.529995843768119812e-02 1.530963033437728882e-01 1.195108518004417419e-01 6.495724618434906006e-02 -1.641854792833328247e-01 5.594844743609428406e-02 5.889476463198661804e-02 1.286807954311370850e-01 -1.674147397279739380e-01 -1.635643094778060913e-01 1.135852094739675522e-02 -1.247319132089614868e-01 5.158952251076698303e-02 5.415546894073486328e-02 -1.592023968696594238e-01 -1.114133596420288086e-01 2.725303359329700470e-02
1.493951976299285889e-01 4.633794538676738739e-03 2.665196917951107025e-02 1.702801585197448730e-01 -8.820895105600357056e-02 -8.450563997030258179e-02 -2.046550214290618896e-01 -1.392356902360916138e-01 -1.232184171676635742e-01 -8.783591538667678833e-02 -1.005852743983268738e-01 -1.770524233579635620e-01 8.985108137130737305e-02 -7.611970603466033936e-02 -1.504795700311660767e-01 -4.548702761530876160e-02 -8.538027293980121613e-03 -2.097467035055160522e-01 3.422528505325317383e-02 -1.660784482955932617e-01 2.229057699441909790e-01 -8.948569744825363159e-02 1.249777376651763916e-01 5.579047277569770813e-02 2.052067592740058899e-02 1.086815074086189270e-01
-1.005249023437500000e-01 -6.387458741664886475e-02 1.263281852006912231e-01 1.819356530904769897e-01 1.340406388044357300e-01 1.658865809440612793e-01 2.118121683597564697e-01 1.095391809940338135e-01 -1.718799769878387451e-01 1.036782935261726379e-01 4.784383252263069153e-02 -1.426158994436264038e-01 2.633420005440711975e-02 1.021920442581176758e-01 -2.641436178237199783e-03 7.615014910697937012e-02 3.807454183697700500e-02 -2.289001047611236572e-01 -1.498405784368515015e-01 -8.198548853397369385e-02 1.171101853251457214e-01 3.471385687589645386e-02 1.293942779302597046e-01 1.700595468282699585e-01 2.217463403940200806e-01 2.200681716203689575e-01
1.063080802559852600e-01 1.155758947134017944e-01 2.493649907410144806e-02 -9.235017746686935425e-02 -4.848488420248031616e-02 -8.233048021793365479e-02 -1.155182532966136932e-02 1.175422444939613342e-01 3.740584105253219604e-02 3.101952187716960907e-02 5.734019912779331207e-03 2.579045593738555908e-01 1.031490229070186615e-02 -2.406728453934192657e-02 -8.142996579408645630e-02 1.474314462393522263e-02 -1.462473571300506592e-01 -1.263861954212188721e-01 -1.243447512388229370e-01 7.624709606170654297e-02 4.325124993920326233e-02 1.539648771286010742e-01 1.663162410259246826e-01 1.493962854146957397e-01 -1.751845628023147583e-01 5.904705449938774109e-02
-1.666364073753356934e-01 -1.644774377346038818e-01 7.427776604890823364e-02 -8.916770666837692261e-02 1.611001640558242798e-01 -1.606615036725997925e-01 -8.238131552934646606e-02 1.032308265566825867e-01 4.724135622382164001e-02 -1.354037523269653320e-01 4.467137530446052551e-02 4.161060787737369537e-03 9.873014688491821289e-02 -2.396153518930077553e-03 2.116784639656543732e-02 -1.136720255017280579e-01 -7.566920667886734009e-02 -1.329353637993335724e-02 -3.711296012625098228e-03 2.151519991457462311e-03 3.810139000415802002e-02 1.902118027210235596e-01 8.734591305255889893e-02 1.141169145703315735e-01 -5.166265647858381271e-03 -7.234852761030197144e-02
-6.605964899063110352e-02 1.495757251977920532e-01 -4.439278692007064819e-02 9.614693932235240936e-03 2.412238158285617828e-02 7.757848501205444336e-02 1.934438645839691162e-01 1.320569813251495361e-01 -3.134550899267196655e-02 1.006505340337753296e-01 -4.829975217580795288e-02 -2.153646498918533325e-01 6.631521880626678467e-02 -1.208974793553352356e-01 -1.196525096893310547e-01 -8.367355167865753174e-02 1.970069482922554016e-02 -9.309820085763931274e-02 -2.742926403880119324e-02 2.135508656501770020e-01 -8.968557417392730713e-02 -1.525785475969314575e-01 -1.701277345418930054e-01 -1.874004304409027100e-01 7.624441385269165039e-02 -1.454174518585205078e-01
-7.529333233833312988e-02 -4.258763790130615234e-02 -1.179722100496292114e-01 7.652271538972854614e-02 3.581753745675086975e-02 1.135344281792640686e-01 -3.992479294538497925e-03 1.530285328626632690e-01 2.300367206335067749e-01 -7.974553853273391724e-02 -2.728578075766563416e-02 -5.437980964779853821e-02 4.824779182672500610e-02 -1.163657903671264648e-01 1.588334292173385620e-01 1.920242756605148315e-01 -2.292584180831909180e-01 2.215998061001300812e-02 7.912027649581432343e-03 -1.056062504649162292e-01 -6.750271469354629517e-02 -1.001579761505126953e-01 -8.563750237226486206e-02 -1.821103245019912720e-01 -1.217687800526618958e-01 -1.304697692394256592e-01
