-3.971275314688682556e-02 -1.902916580438613892e-01 -6.864447891712188721e-02 4.756539128720760345e-03 1.687433570623397827e-03 8.651540428400039673e-02 5.185771360993385315e-02 1.235371176153421402e-02 -6.515791267156600952e-02 -4.126917105168104172e-03 6.271078437566757202e-02 -8.106888085603713989e-02 -1.282425224781036377e-01 -1.206177622079849243e-01 -9.420210123062133789e-02 -1.732125580310821533e-01 3.530574962496757507e-03 1.219843327999114990e-01 -5.066977813839912415e-02 -5.933069437742233276e-02 6.035734340548515320e-02 2.266870439052581787e-02 -1.459974348545074463e-01 1.393973529338836670e-01 -9.494384378194808960e-02 -1.641831547021865845e-01 1.545939315110445023e-02 1.385422646999359131e-01 -4.690230265259742737e-02 4.724846407771110535e-02 -5.726038292050361633e-02 -3.391719609498977661e-02 -7.283735275268554688e-02 -2.334871143102645874e-01 1.297583580017089844e-01 6.682641804218292236e-02 5.126767791807651520e-03 1.161114405840635300e-02 1.512312442064285278e-01 1.184095889329910278e-01 8.953522890806198120e-02 3.114520385861396790e-02 -1.295797973871231079e-01 -1.660628020763397217e-01 -2.745320461690425873e-02 7.441294193267822266e-02 -5.375418812036514282e-02 2.407338842749595642e-02 6.276155263185501099e-02 -1.802280172705650330e-02
-1.123169213533401489e-01 -6.788418442010879517e-02 8.581958711147308350e-02 1.156667023897171021e-01 1.398724783211946487e-02 -9.692305326461791992e-02 8.328703790903091431e-02 -1.543609648942947388e-01 1.053495705127716064e-02 -1.726984977722167969e-01 -6.029953435063362122e-02 6.488776952028274536e-02 1.703996062278747559e-01 1.570455916225910187e-02 4.784045740962028503e-02 1.946273148059844971e-01 1.446075290441513062e-01 1.850642077624797821e-02 -1.684161275625228882e-01 6.572324782609939575e-02 -7.374244928359985352e-02 7.180393487215042114e-02 1.928543858230113983e-02 3.123082779347896576e-02 1.208887249231338501e-01 3.789006546139717102e-02 3.587218374013900757e-02 -9.772176295518875122e-02 -2.177418395876884460e-02 -8.221182227134704590e-02 -9.603724628686904907e-02 1.938495039939880371e-02 1.352490186691284180e-01 -1.077714413404464722e-01 -1.497212145477533340e-02 1.460729539394378662e-02 1.462950110435485840e-01 -1.148748025298118591e-01 -1.818308532238006592e-01 -1.490376740694046021e-01 -6.088656187057495117e-02 9.374158829450607300e-02 1.208235695958137512e-01 1.945199221372604370e-01 1.536650862544775009e-02 7.206621021032333374e-02 1.323709040880203247e-01 1.256524473428726196e-01 -7.209046185016632080e-02 -9.022694081068038940e-02
-4.503200575709342957e-02 -9.395929425954818726e-02 -3.551079332828521729e-02 1.299157291650772095e-01 6.770189851522445679e-02 -1.317007839679718018e-01 -1.261335238814353943e-02 -1.238453537225723267e-01 1.423550117760896683e-02 8.416748046875000000e-02 1.671295166015625000e-01 -7.920102775096893311e-02 -3.456245362758636475e-02 -4.295650869607925415e-02 1.291133612394332886e-01 1.548539549112319946e-01 1.237096861004829407e-01 -1.452843472361564636e-02 1.449434552341699600e-03 -1.322611980140209198e-02 1.382627040147781372e-01 -2.254853583872318268e-02 1.168308407068252563e-01 -3.637314960360527039e-02 1.796409636735916138e-01 3.928558155894279480e-02 1.210535168647766113e-01 -1.081175655126571655e-01 4.856643266975879669e-03 5.325545743107795715e-02 8.669695258140563965e-02 -5.444815382361412048e-02 -1.288159098476171494e-02 5.614654347300529480e-02 -1.361583173274993896e-01 4.260572791099548340e-02 -1.881604827940464020e-02 -5.334755871444940567e-03 5.750557756982743740e-04 7.549006491899490356e-02 1.531365364789962769e-01 -7.165681570768356323e-02 1.326302438974380493e-01 4.431587457656860352e-02 -7.626443170011043549e-03 6.427170336246490479e-02 -2.820306085050106049e-02 -9.537887573242187500e-02 1.376310586929321289e-01 1.186357364058494568e-01
1.576960682868957520e-01 -1.239364966750144958e-01 -3.647346422076225281e-02 5.018274113535881042e-02 1.553517649881541729e-03 -5.404626578092575073e-02 9.074608981609344482e-02 -2.949413284659385681e-02 1.083042323589324951e-01 1.344211548566818237e-01 -1.621492952108383179e-01 2.415535040199756622e-02 -1.400837749242782593e-01 7.675147056579589844e-02 1.414193119853734970e-02 -4.059518501162528992e-02 9.855228662490844727e-02 1.194414421916007996e-01 -1.948173530399799347e-02 3.769485279917716980e-02 -1.935114264488220215e-01 -1.013120263814926147e-01 1.622433066368103027e-01 1.608066558837890625e-01 3.460109233856201172e-02 1.677729003131389618e-02 6.815272569656372070e-02 -2.672494947910308838e-02 -8.060126751661300659e-02 -1.821997463703155518e-01 -1.624075770378112793e-01 1.490556448698043823e-01 -5.408588424324989319e-02 4.850715026259422302e-02 4.853131622076034546e-02 -6.726291030645370483e-02 2.762433513998985291e-02 1.644491404294967651e-01 1.599270105361938477e-01 -6.740859150886535645e-02 5.846297368407249451e-02 7.416360080242156982e-02 8.203981071710586548e-02 -5.666052177548408508e-02 -1.859725639224052429e-02 -4.247208684682846069e-02 -9.177106618881225586e-02 -9.916213899850845337e-02 4.917212575674057007e-02 7.310108095407485962e-02
-2.295834757387638092e-02 -1.035607382655143738e-01 1.719636842608451843e-02 -1.089866831898689270e-01 8.234865032136440277e-03 1.579516828060150146e-01 -8.288092911243438721e-02 5.368674173951148987e-03 8.271285332739353180e-03 -1.080611720681190491e-01 -1.065842807292938232e-01 9.683915227651596069e-02 1.619328185915946960e-02 4.186005145311355591e-02 -1.365089565515518188e-01 -1.711283475160598755e-01 -1.250065863132476807e-01 1.404323875904083252e-01 6.766267865896224976e-02 -1.302717030048370361e-01 -5.832012370228767395e-02 6.671006232500076294e-02 9.007967263460159302e-02 4.029372707009315491e-02 3.646416962146759033e-02 -1.906619369983673096e-01 -1.132052466273307800e-01 8.442398905754089355e-02 7.412977516651153564e-02 8.053829893469810486e-03 -6.164741143584251404e-02 1.385322511196136475e-01 4.263775423169136047e-02 4.491028562188148499e-02 -4.291942715644836426e-02 5.681165680289268494e-02 3.288940933998674154e-04 -4.184661433100700378e-02 -5.274652317166328430e-02 1.110917478799819946e-01 3.508714959025382996e-02 -1.784019619226455688e-01 -9.549224376678466797e-02 1.377572864294052124e-02 1.397393760271370411e-03 -1.672081500291824341e-01 -6.040798500180244446e-02 -2.094311267137527466e-01 -2.139262855052947998e-02 -1.235767826437950134e-01
-3.004569932818412781e-02 5.215573683381080627e-02 -6.334421038627624512e-02 7.850712537765502930e-02 6.973348557949066162e-02 -1.765359193086624146e-01 4.492259025573730469e-02 -1.977102365344762802e-03 -7.430992275476455688e-02 3.985136281698942184e-03 2.006289660930633545e-01 -1.549167782068252563e-01 8.043777197599411011e-02 1.126942038536071777e-01 1.207561641931533813e-01 1.723018847405910492e-02 -4.723270982503890991e-02 -5.016693845391273499e-02 -1.123518273234367371e-01 -8.211980760097503662e-02 -2.527419477701187134e-02 6.222586333751678467e-02 -1.864279806613922119e-01 -1.743678189814090729e-02 -9.646638296544551849e-03 1.503135561943054199e-01 -8.155949413776397705e-02 -8.339203149080276489e-02 -1.366564631462097168e-01 -7.263919711112976074e-02 -2.348664589226245880e-02 -1.640602201223373413e-01 -1.670472510159015656e-02 -1.918002516031265259e-01 -1.056975647807121277e-01 7.429281622171401978e-02 7.880015671253204346e-02 3.307006135582923889e-02 -8.660366386175155640e-02 -5.059301853179931641e-02 1.392785012722015381e-01 7.895287126302719116e-02 4.366397112607955933e-02 -1.393139734864234924e-02 1.192883700132369995e-01 -5.976465716958045959e-02 5.936159938573837280e-02 6.571522355079650879e-02 -6.944640725851058960e-02 4.804871976375579834e-02
4.082710295915603638e-02 -8.269805461168289185e-02 9.922697395086288452e-02 -6.832402944564819336e-02 5.947534367442131042e-02 2.913316711783409119e-03 -3.079245053231716156e-02 3.951045870780944824e-02 -5.938335508108139038e-02 1.352081000804901123e-01 1.081745140254497528e-02 1.539778988808393478e-02 -1.365614831447601318e-01 -3.178839758038520813e-02 -7.080903649330139160e-02 3.803677111864089966e-02 -8.691809326410293579e-02 -1.805612817406654358e-02 1.708712428808212280e-01 -1.507686078548431396e-01 -1.689324527978897095e-02 5.325879529118537903e-02 5.876336619257926941e-02 2.029238939285278320e-01 2.679293230175971985e-02 4.042594507336616516e-02 -4.859852418303489685e-02 -4.501944780349731445e-02 -8.081512525677680969e-03 -3.587489016354084015e-03 -1.448693573474884033e-01 1.611894816160202026e-01 -6.250291317701339722e-02 -3.552457317709922791e-02 1.629268527030944824e-01 8.602961152791976929e-02 -1.159411072731018066e-01 -5.003970488905906677e-02 1.746810525655746460e-01 1.211054548621177673e-01 -9.513286501169204712e-02 -1.153391674160957336e-01 2.474982663989067078e-02 -7.000078260898590088e-02 6.867615878582000732e-02 -5.466997972689568996e-04 -1.717804819345474243e-01 -3.087479434907436371e-02 -1.152301356196403503e-01 -2.649189345538616180e-02
-7.458182983100414276e-03 1.910496875643730164e-02 1.871132664382457733e-02 -6.007616594433784485e-02 -8.455614745616912842e-02 -9.323684871196746826e-02 -1.013272330164909363e-01 -5.570479482412338257e-02 1.430552750825881958e-01 -1.760246306657791138e-01 1.160186752676963806e-01 -1.967436634004116058e-02 1.493966281414031982e-01 -3.468446806073188782e-02 -6.220619753003120422e-02 1.607416123151779175e-01 2.158633805811405182e-02 -1.565472036600112915e-01 -2.056117169559001923e-02 5.521606281399726868e-02 -2.096710912883281708e-02 -1.068849209696054459e-02 -4.599293228238821030e-03 1.130654811859130859e-01 9.626000374555587769e-02 1.939509250223636627e-02 -2.828491665422916412e-02 -3.202247247099876404e-02 -1.760358810424804688e-01 -3.362473100423812866e-02 1.355554461479187012e-01 -1.016399357467889786e-03 1.707740128040313721e-01 -2.029872313141822815e-02 2.332167699933052063e-02 4.744534194469451904e-02 1.228543370962142944e-01 -3.025736100971698761e-02 -1.831918209791183472e-01 -1.081740409135818481e-01 8.861564844846725464e-02 3.747015073895454407e-02 1.006200164556503296e-01 1.045372635126113892e-01 9.889861196279525757e-02 6.943143904209136963e-02 2.516673319041728973e-02 -6.566871423274278641e-03 1.882986724376678467e-02 6.282951682806015015e-02
-9.081270545721054077e-02 9.206065535545349121e-02 -1.979657448828220367e-02 9.261579066514968872e-02 8.010923862457275391e-02 3.199946507811546326e-02 -6.517484784126281738e-02 1.282725930213928223e-01 4.770588874816894531e-02 -3.731562569737434387e-02 -8.770304173231124878e-02 1.472927033901214600e-01 -1.506834328174591064e-01 -1.218757256865501404e-01 -3.159621963277459145e-03 -1.599569171667098999e-01 9.189314395189285278e-02 5.259738862514495850e-02 7.809017598628997803e-02 4.190909489989280701e-02 5.934652313590049744e-02 2.968458458781242371e-02 4.974676296114921570e-02 2.224768279120326042e-03 7.733004540205001831e-02 1.069832313805818558e-02 7.708816975355148315e-02 1.447642501443624496e-02 -7.464276254177093506e-02 4.900521039962768555e-02 -1.601122878491878510e-02 -4.139819741249084473e-02 3.527706116437911987e-02 -7.658218592405319214e-02 -4.760708287358283997e-02 -1.136941835284233093e-01 -1.747738122940063477e-01 1.779109984636306763e-01 1.188520491123199463e-01 2.875035814940929413e-02 -1.162538155913352966e-01 -1.436647027730941772e-01 -3.546518832445144653e-02 -1.248757094144821167e-01 -1.142996028065681458e-01 -3.713905438780784607e-02 -1.718183010816574097e-01 -3.038252517580986023e-02 -1.260790079832077026e-01 7.667458802461624146e-02
-3.233886137604713440e-02 -6.743917614221572876e-02 -1.783813834190368652e-01 1.807322651147842407e-01 1.755238324403762817e-02 2.532919868826866150e-03 -6.357522308826446533e-02 -2.988518029451370239e-02 -9.495668113231658936e-02 7.261044532060623169e-02 1.367189288139343262e-01 -4.691153764724731445e-02 3.079801425337791443e-02 6.947187334299087524e-02 -5.056061223149299622e-02 -2.209829725325107574e-02 1.378212720155715942e-01 -2.041844278573989868e-01 -1.196667924523353577e-01 -8.532713353633880615e-02 1.803423911333084106e-01 7.572957873344421387e-02 -7.950800657272338867e-02 -1.159470826387405396e-01 -1.965254358947277069e-02 -5.222957208752632141e-02 1.398309692740440369e-02 1.201085932552814484e-02 5.512927100062370300e-02 -1.414295099675655365e-02 7.820052653551101685e-02 1.041899528354406357e-02 -8.678050339221954346e-02 -1.818733662366867065e-01 2.046867087483406067e-02 -5.631617829203605652e-02 7.961516827344894409e-02 7.409708946943283081e-02 -1.082725971937179565e-01 9.064386039972305298e-02 1.366377472877502441e-01 6.980371475219726562e-02 1.403161436319351196e-01 1.576206386089324951e-01 1.384048461914062500e-01 7.651664316654205322e-02 2.253605797886848450e-02 1.589192748069763184e-01 5.981311574578285217e-02 1.654189378023147583e-01
1.620483100414276123e-01 7.116444408893585205e-03 -1.816173753468319774e-04 -9.243690967559814453e-02 1.231081709265708923e-01 1.606388986110687256e-01 -9.707050770521163940e-02 1.695787608623504639e-01 5.980084650218486786e-03 -4.398346319794654846e-02 -8.347788825631141663e-03 7.827870547771453857e-02 3.186773881316184998e-02 -3.608168289065361023e-02 -2.031470090150833130e-01 -1.742414198815822601e-02 -6.306014955043792725e-02 -3.765059635043144226e-02 1.217858716845512390e-01 -1.222191080451011658e-01 -2.856391295790672302e-02 -1.696854382753372192e-01 1.101120337843894958e-01 4.233691841363906860e-02 -1.001134365797042847e-01 5.276833847165107727e-02 -2.325144596397876740e-02 7.436542958021163940e-02 -2.659173309803009033e-02 -1.537450104951858521e-01 -1.103247515857219696e-02 1.447812020778656006e-01 -3.943653777241706848e-02 1.841172724962234497e-01 1.185848638415336609e-01 -7.853038609027862549e-02 -6.638418883085250854e-02 -8.951062709093093872e-02 3.539168462157249451e-02 1.818626932799816132e-02 5.105649307370185852e-02 -1.672486774623394012e-02 4.352791979908943176e-02 -1.337703317403793335e-01 -3.938387706875801086e-02 2.611670643091201782e-02 -6.129443272948265076e-02 -4.521578922867774963e-02 -1.623497605323791504e-01 2.464208938181400299e-02
-2.385170571506023407e-02 -1.209059730172157288e-01 1.823358982801437378e-01 -2.930547110736370087e-02 -1.155595555901527405e-01 -1.115503236651420593e-01 1.025325059890747070e-01 -1.390540623106062412e-03 1.490114033222198486e-01 -1.962358504533767700e-01 -1.145662367343902588e-01 -7.468074560165405273e-02 1.182200536131858826e-01 1.018743813037872314e-01 1.246407404541969299e-01 -5.320032313466072083e-02 -8.501892536878585815e-02 -1.387199945747852325e-02 -3.422508388757705688e-02 -5.867199227213859558e-02 1.300479099154472351e-02 -5.058486014604568481e-02 -1.173321977257728577e-01 7.704777270555496216e-02 -5.072137806564569473e-03 1.057995259761810303e-01 -2.108823973685503006e-03 -4.017310217022895813e-03 1.491418629884719849e-01 -1.439756006002426147e-01 7.226787507534027100e-03 -1.950114518404006958e-01 -4.042472317814826965e-02 1.150718610733747482e-02 -1.292661577463150024e-01 -1.087163686752319336e-01 -8.856079727411270142e-02 -2.849739044904708862e-02 -4.667988792061805725e-02 7.268897444009780884e-02 9.498585015535354614e-02 8.316968381404876709e-02 -3.973843902349472046e-02 1.429187953472137451e-01 -9.378958493471145630e-02 -3.128242120146751404e-02 -1.512497011572122574e-02 -1.230297889560461044e-02 4.854123666882514954e-02 3.548800200223922729e-02
6.052807345986366272e-02 -2.229086309671401978e-02 1.734826266765594482e-01 -1.567411422729492188e-01 1.661238819360733032e-01 1.750950664281845093e-01 5.777928605675697327e-02 1.981563419103622437e-01 -3.887952491641044617e-02 -7.732435315847396851e-02 -8.767232298851013184e-02 5.758978426456451416e-02 6.921428442001342773e-02 -1.258516311645507812e-01 1.430564187467098236e-02 9.122247993946075439e-02 8.942625671625137329e-02 1.996865719556808472e-01 -2.466419246047735214e-03 -1.752861887216567993e-01 -2.237337641417980194e-02 -1.945359259843826294e-01 -4.400710389018058777e-02 1.794184893369674683e-01 5.060413107275962830e-02 -7.314774394035339355e-02 -1.021313294768333435e-01 3.484963998198509216e-02 7.383797317743301392e-02 -5.953690782189369202e-02 1.574792899191379547e-02 -8.103660494089126587e-02 -1.605702042579650879e-01 8.161759376525878906e-02 1.051572114229202271e-01 -1.617817208170890808e-02 -5.315429717302322388e-02 4.186011850833892822e-02 1.393024250864982605e-02 1.613155901432037354e-01 6.415476649999618530e-02 8.782858401536941528e-02 -1.208420991897583008e-01 -1.878323256969451904e-01 2.540043927729129791e-02 -6.261479854583740234e-02 -1.690022796392440796e-01 4.374633729457855225e-02 -1.151935085654258728e-01 -1.635168194770812988e-01
9.902913868427276611e-02 -2.465377002954483032e-02 -1.156359612941741943e-01 1.501545608043670654e-01 -9.334374964237213135e-02 -1.570021361112594604e-01 1.491191834211349487e-01 -3.545559709891676903e-03 -1.231614351272583008e-01 -1.472869515419006348e-01 1.301347650587558746e-02 -1.431373208761215210e-01 -7.475810497999191284e-02 5.158709362149238586e-02 1.667105853557586670e-01 4.572651162743568420e-02 -7.694801688194274902e-02 3.449058905243873596e-02 1.087309233844280243e-02 -2.387208864092826843e-02 7.198177743703126907e-03 -7.060957700014114380e-02 -9.481567144393920898e-02 3.974601626396179199e-02 4.999610409140586853e-02 -3.546391427516937256e-02 1.666555106639862061e-01 5.103841796517372131e-02 -1.524844467639923096e-01 1.193545460700988770e-01 1.059934645891189575e-01 -1.075691506266593933e-01 -6.339155137538909912e-02 -1.115161851048469543e-01 -1.086791083216667175e-01 -1.125349104404449463e-02 -1.722177118062973022e-02 -1.785248219966888428e-01 -6.733774393796920776e-02 -4.605346359312534332e-03 1.903263777494430542e-01 4.628092516213655472e-03 1.341884862631559372e-02 1.444074660539627075e-01 1.476987600326538086e-01 -2.326242066919803619e-02 1.266476362943649292e-01 -4.863953962922096252e-02 1.212169155478477478e-01 -5.163133516907691956e-02
-3.063375363126397133e-03 -9.666488319635391235e-02 9.027352184057235718e-02 -3.967791795730590820e-02 2.480034343898296356e-02 -1.922733522951602936e-02 4.717651009559631348e-02 -4.731457680463790894e-02 6.322061270475387573e-02 -2.706980705261230469e-02 -1.658807881176471710e-02 2.469395659863948822e-02 -1.127237156033515930e-01 -1.579741388559341431e-01 1.046652719378471375e-02 4.251072183251380920e-02 -1.634600907564163208e-01 1.479852199554443359e-01 -2.986585348844528198e-02 -1.121263653039932251e-01 -6.998901069164276123e-02 9.528374671936035156e-02 1.614226996898651123e-01 -1.094746142625808716e-01 -8.422156423330307007e-02 1.682119816541671753e-02 8.378273248672485352e-02 1.118226498365402222e-01 6.131371110677719116e-02 -1.570784300565719604e-01 -4.182280972599983215e-02 1.528560519218444824e-01 9.558346122503280640e-03 1.730720698833465576e-01 1.756338328123092651e-01 7.304419577121734619e-02 -1.136457067332230508e-04 2.816794253885746002e-02 1.143489181995391846e-01 -7.457073032855987549e-02 1.479583734180778265e-04 -9.190060943365097046e-02 -1.615532636642456055e-01 -1.404766440391540527e-01 -1.581397950649261475e-01 -8.419200778007507324e-02 -1.246233284473419189e-01 5.077326670289039612e-02 -3.531084209680557251e-02 5.817215889692306519e-03
-6.350369751453399658e-02 -8.856883272528648376e-03 -1.849432140588760376e-01 -5.367261543869972229e-02 1.031955182552337646e-01 2.001322060823440552e-02 8.514615893363952637e-02 7.113814353942871094e-02 8.249445259571075439e-02 -2.090913355350494385e-01 1.596355289220809937e-01 -1.027584671974182129e-01 1.757095605134963989e-01 9.453834593296051025e-02 1.325367242097854614e-01 6.539348512887954712e-02 3.639814443886280060e-03 1.356083303689956665e-01 -1.491822600364685059e-01 -5.892324075102806091e-02 8.596312999725341797e-02 5.099642276763916016e-02 1.611015051603317261e-01 3.643317148089408875e-02 1.588448584079742432e-01 1.557882577180862427e-01 1.813554614782333374e-01 2.765979804098606110e-02 -2.124636769294738770e-01 -2.557488717138767242e-02 1.039248630404472351e-01 -1.311279833316802979e-01 -5.196892097592353821e-02 5.973267927765846252e-02 -1.335405856370925903e-01 5.410449579358100891e-02 1.908164024353027344e-01 -9.201662987470626831e-02 -8.312050253152847290e-02 3.693607822060585022e-02 5.965545773506164551e-02 8.641214668750762939e-02 2.511081658303737640e-02 1.044244095683097839e-01 3.409433364868164062e-02 -1.173422411084175110e-01 1.246954351663589478e-01 3.424543887376785278e-02 1.245326995849609375e-01 -2.850543335080146790e-02
6.534724682569503784e-02 -1.831751614809036255e-01 4.013217613101005554e-02 -1.565991342067718506e-02 -7.473230361938476562e-02 1.469894349575042725e-01 -1.581400483846664429e-01 9.976069629192352295e-02 1.775565892457962036e-01 -9.658629447221755981e-02 4.615559428930282593e-02 1.235398724675178528e-01 -9.766952693462371826e-02 -4.314582794904708862e-02 8.886148780584335327e-02 -6.535406410694122314e-02 4.406488686800003052e-02 1.843616180121898651e-02 -1.631490737199783325e-01 -1.905991137027740479e-01 -1.367986947298049927e-01 -1.591988950967788696e-01 -1.533218026161193848e-01 1.946119964122772217e-01 -9.065648168325424194e-02 -1.478953808546066284e-01 -4.139450937509536743e-02 -3.940250352025032043e-02 1.624776609241962433e-02 -2.091274559497833252e-01 2.362456731498241425e-02 7.172007113695144653e-02 2.096114680171012878e-02 -9.167772531509399414e-02 5.474302545189857483e-02 -6.102140247821807861e-02 -2.475889772176742554e-02 -9.101295471191406250e-02 1.897582411766052246e-02 9.828213602304458618e-02 -8.921553194522857666e-02 -2.057358324527740479e-01 -8.411658555269241333e-02 7.619673013687133789e-02 -1.359820645302534103e-02 1.692778058350086212e-02 -9.130689501762390137e-02 -2.209298312664031982e-01 -5.995050072669982910e-02 -1.652867645025253296e-01
8.512444794178009033e-02 -8.929994888603687286e-03 -7.173787802457809448e-02 -1.408245563507080078e-01 1.651187390089035034e-01 -8.794789202511310577e-03 -1.386880129575729370e-01 1.399555653333663940e-01 9.001100063323974609e-02 1.671997606754302979e-01 -3.862236440181732178e-02 7.806733250617980957e-02 -7.255351543426513672e-02 -2.197925373911857605e-02 4.970760643482208252e-02 -8.147778362035751343e-02 -1.702495217323303223e-01 -5.604688078165054321e-02 -2.961645275354385376e-02 -4.571150615811347961e-02 -7.119452208280563354e-02 -5.603531002998352051e-02 -8.364402502775192261e-02 1.483641862869262695e-01 3.164830431342124939e-02 4.084069654345512390e-02 6.450481712818145752e-02 -1.630161330103874207e-02 1.209237203001976013e-01 3.303446993231773376e-02 3.954002633690834045e-02 -5.538054183125495911e-02 -1.208705753087997437e-01 -3.032728098332881927e-02 1.457950621843338013e-01 -3.520747274160385132e-02 -1.354244947433471680e-01 1.717238575220108032e-01 1.323733478784561157e-01 4.438085108995437622e-02 -2.040782012045383453e-02 -4.055240657180547714e-03 -1.877518296241760254e-01 -1.607655286788940430e-01 -8.867727965116500854e-02 2.720910497009754181e-02 -9.698135405778884888e-02 -1.536751817911863327e-02 -1.010837629437446594e-01 -1.655653566122055054e-01
5.236546322703361511e-02 -1.983741670846939087e-02 -1.288692653179168701e-01 1.833474636077880859e-01 -3.554769326001405716e-03 -3.350997343659400940e-02 -1.964216493070125580e-02 -1.249461807310581207e-02 -9.525360912084579468e-02 -5.624444782733917236e-02 1.507768481969833374e-01 1.808449998497962952e-02 1.695692390203475952e-01 4.970047250390052795e-02 1.569458842277526855e-01 -3.352354094386100769e-02 1.559035032987594604e-01 -1.301212757825851440e-01 -1.492555290460586548e-01 1.676161438226699829e-01 -2.252431772649288177e-02 1.192539930343627930e-01 -1.903878748416900635e-01 9.600804001092910767e-02 -2.759618498384952545e-02 1.335702091455459595e-01 -7.521861046552658081e-02 7.843690365552902222e-02 -1.527897268533706665e-01 -7.351987063884735107e-02 -4.410245269536972046e-02 -1.622594445943832397e-01 1.150594949722290039e-01 -1.046713888645172119e-01 5.800020694732666016e-02 1.562532484531402588e-01 9.017194807529449463e-02 -4.794360324740409851e-02 -7.311171293258666992e-02 -3.664162382483482361e-02 -2.441324479877948761e-02 -8.690532296895980835e-02 7.727160304784774780e-02 -2.554283104836940765e-02 9.766259789466857910e-02 -9.945285506546497345e-03 1.392300333827733994e-02 1.022298038005828857e-01 -6.516137719154357910e-02 7.197315990924835205e-02
-3.533986629918217659e-03 -4.204830899834632874e-02 -5.267271772027015686e-02 -6.418473273515701294e-02 -1.548657268285751343e-01 -1.297967135906219482e-01 2.107138745486736298e-02 -9.056568890810012817e-02 1.353102922439575195e-02 -1.471952199935913086e-01 -8.015387691557407379e-03 6.454023718833923340e-02 1.498628407716751099e-01 7.987855374813079834e-02 -1.016192976385354996e-02 -5.768935382366180420e-02 -5.954796820878982544e-02 -3.548574447631835938e-02 6.009564176201820374e-02 2.814988791942596436e-02 -2.622875757515430450e-02 6.212355196475982666e-02 -7.786765228956937790e-03 -6.485466659069061279e-02 1.841873228549957275e-01 1.405628174543380737e-01 1.781308948993682861e-01 -2.447871305048465729e-02 -1.815686076879501343e-01 -5.749893933534622192e-02 7.243868708610534668e-02 -4.279006645083427429e-02 -8.396656066179275513e-02 9.003529697656631470e-02 1.611006259918212891e-02 -1.827390165999531746e-03 4.188950359821319580e-02 -1.465583592653274536e-01 -2.021640986204147339e-01 7.996527105569839478e-02 7.112310826778411865e-02 -2.971750870347023010e-02 5.782241746783256531e-02 1.555533409118652344e-01 -6.674724817276000977e-02 1.117439419031143188e-01 -4.394162446260452271e-02 -3.221739549189805984e-03 1.033494994044303894e-02 -4.701799899339675903e-02
9.070586413145065308e-02 -3.484678640961647034e-02 -5.320372525602579117e-03 1.223795115947723389e-02 6.120227277278900146e-02 1.441739648580551147e-01 -8.457282185554504395e-02 1.039301976561546326e-02 8.295869082212448120e-02 9.468526393175125122e-02 4.442590475082397461e-02 3.445373103022575378e-02 -1.983750313520431519e-01 -1.390849947929382324e-01 -1.834836453199386597e-01 8.022721856832504272e-03 4.014984518289566040e-02 -7.662089169025421143e-02 1.066905409097671509e-01 -1.532989442348480225e-01 -8.860371261835098267e-02 -7.310268282890319824e-02 4.639992490410804749e-02 6.568302214145660400e-02 2.350009977817535400e-02 -3.117435611784458160e-03 3.922347351908683777e-02 1.684626638889312744e-01 -7.909031584858894348e-03 -6.271497905254364014e-02 -2.835824340581893921e-02 6.503999978303909302e-02 -4.829147085547447205e-02 -4.361815005540847778e-02 -4.000848904252052307e-02 -7.619275897741317749e-02 -1.662629395723342896e-01 2.107260003685951233e-02 -5.567764490842819214e-02 6.398952007293701172e-02 3.016944602131843567e-02 7.831285148859024048e-02 -1.358424723148345947e-01 -1.336444765329360962e-01 -6.465018540620803833e-02 4.680613428354263306e-02 -6.304008420556783676e-04 4.912176728248596191e-02 -6.079839915037155151e-02 -1.928776875138282776e-02
-1.948888152837753296e-01 -2.230982668697834015e-02 -4.759883135557174683e-02 1.502199023962020874e-01 9.478574246168136597e-02 5.926038697361946106e-02 8.228611201047897339e-02 -1.381777375936508179e-01 -6.072962190955877304e-03 5.744417198002338409e-03 3.500316664576530457e-02 -1.260984539985656738e-01 1.291264034807682037e-02 1.101921079680323601e-03 1.832264214754104614e-01 -5.964116193354129791e-03 -7.297677546739578247e-02 -1.589951291680335999e-02 -1.589685082435607910e-01 -4.059206694364547729e-02 -7.700391858816146851e-02 9.014005213975906372e-02 -4.941784590482711792e-02 7.638333737850189209e-02 1.727394908666610718e-01 1.533758491277694702e-01 7.043873518705368042e-02 -1.466754823923110962e-01 -7.225157320499420166e-02 1.254496164619922638e-02 9.180326759815216064e-02 4.467680305242538452e-02 -7.531996816396713257e-02 1.174700930714607239e-01 -1.626069396734237671e-01 1.246973946690559387e-01 9.414815157651901245e-02 -1.026530116796493530e-01 -9.028445929288864136e-02 4.547920823097229004e-02 6.686853617429733276e-02 3.571812435984611511e-02 1.902454197406768799e-01 -9.559667110443115234e-02 -5.645180493593215942e-02 1.522996556013822556e-02 -8.064558357000350952e-02 8.289751410484313965e-02 4.725721478462219238e-02 1.547573953866958618e-01
-8.050786564126610756e-04 1.018896698951721191e-01 -2.064737975597381592e-01 3.996803238987922668e-02 2.056720256805419922e-01 -4.086373746395111084e-02 1.585200279951095581e-01 -2.070705406367778778e-02 1.327072456479072571e-02 -4.510950297117233276e-02 -1.387045830488204956e-01 -1.091091614216566086e-02 -2.708519995212554932e-02 -1.006838493049144745e-02 3.517502918839454651e-03 1.695224642753601074e-01 4.129613563418388367e-02 -1.543606221675872803e-01 -8.897116035223007202e-02 4.156202450394630432e-02 -1.491592824459075928e-02 -6.472463905811309814e-02 -1.488955318927764893e-01 1.056289747357368469e-01 6.846276670694351196e-02 5.588418617844581604e-02 1.557680685073137283e-02 -3.972378373146057129e-02 5.125989764928817749e-02 3.463178500533103943e-02 5.160598456859588623e-02 7.700660079717636108e-02 9.270071983337402344e-02 -5.995400249958038330e-02 -1.622287333011627197e-01 1.364542394876480103e-01 1.277628988027572632e-01 1.521635055541992188e-01 4.144467413425445557e-02 -1.458746045827865601e-01 9.671358764171600342e-02 4.469488188624382019e-02 4.197306185960769653e-02 1.594426184892654419e-01 8.841248601675033569e-02 1.573761105537414551e-01 1.119481399655342102e-01 -6.861007213592529297e-02 1.435602456331253052e-01 -8.174245804548263550e-02
9.798281639814376831e-02 -1.844439096748828888e-02 -5.961809679865837097e-02 -3.223922476172447205e-02 9.675008803606033325e-02 6.470596045255661011e-02 1.627385430037975311e-02 3.761844709515571594e-02 -1.123876497149467468e-01 -7.118171453475952148e-02 -1.833368986845016479e-01 6.955553591251373291e-02 -1.578452587127685547e-01 -9.768836945295333862e-02 9.790038317441940308e-02 -1.413902826607227325e-02 -1.762582808732986450e-01 -1.079354733228683472e-01 1.205881163477897644e-01 -6.851458549499511719e-02 6.386776268482208252e-02 -1.187036260962486267e-01 2.186586335301399231e-02 -1.162630915641784668e-01 -1.126012802124023438e-01 -3.161033987998962402e-02 -1.801428198814392090e-01 9.732218086719512939e-02 3.426165878772735596e-02 -4.846285283565521240e-02 4.559584707021713257e-02 1.086310669779777527e-01 -1.077761352062225342e-01 7.667935639619827271e-02 5.922824144363403320e-02 7.923150807619094849e-02 -6.045857071876525879e-02 2.563545480370521545e-02 -7.401981949806213379e-02 1.752198114991188049e-02 -1.268910802900791168e-02 -1.554852426052093506e-01 -1.888375356793403625e-02 4.329920560121536255e-02 -1.154405251145362854e-01 -1.094956919550895691e-01 6.967431306838989258e-02 6.151088699698448181e-02 -1.481512039899826050e-01 6.044530775398015976e-03
-1.813766956329345703e-01 -2.346270903944969177e-02 -1.973795443773269653e-01 1.552785336971282959e-01 -1.408330649137496948e-01 3.549733385443687439e-02 6.897980347275733948e-03 -3.998110070824623108e-02 -1.545778512954711914e-01 -7.380571961402893066e-02 7.248283177614212036e-02 5.662534385919570923e-02 1.337680816650390625e-01 1.287066638469696045e-01 1.152570620179176331e-01 1.044334545731544495e-01 6.933236494660377502e-03 -1.672911196947097778e-01 -1.043046079576015472e-02 1.728734076023101807e-01 -9.542322717607021332e-03 -8.173983544111251831e-02 6.270211935043334961e-02 -1.061621308326721191e-01 -8.341226726770401001e-02 1.018013283610343933e-01 -2.557417005300521851e-02 -1.521064341068267822e-01 -2.305920980870723724e-02 1.449452191591262817e-01 3.864386677742004395e-02 -1.762392371892929077e-01 1.482186913490295410e-01 3.001752123236656189e-02 5.581808090209960938e-02 1.033772453665733337e-01 2.801912836730480194e-02 6.218324974179267883e-02 -1.973538659512996674e-02 -1.457226872444152832e-01 4.608942568302154541e-02 5.873035266995429993e-02 7.576588541269302368e-02 2.775309234857559204e-02 -2.194125205278396606e-02 1.264219582080841064e-01 -1.942287548445165157e-03 -7.889822125434875488e-02 1.251403838396072388e-01 -7.150740176439285278e-02
-5.135050788521766663e-02 1.186477672308683395e-02 3.843397647142410278e-02 -9.434679150581359863e-02 -5.127013102173805237e-02 3.454636409878730774e-02 7.825367152690887451e-02 -1.139388084411621094e-01 -1.237209513783454895e-01 7.494728267192840576e-02 -3.664538636803627014e-02 -7.634400576353073120e-02 -7.265035063028335571e-03 -5.125132948160171509e-02 1.108714342117309570e-01 1.522434949874877930e-01 4.055503755807876587e-02 5.248610675334930420e-02 -5.642675980925559998e-02 -9.590723365545272827e-02 4.007963836193084717e-02 7.762104272842407227e-02 1.231396943330764771e-01 -1.462397165596485138e-02 1.254488974809646606e-01 -6.220457702875137329e-02 -3.714663535356521606e-02 -4.043771332362666726e-05 -1.526719182729721069e-01 -2.577583491802215576e-02 1.416177153587341309e-01 -1.520428210496902466e-01 7.565311621874570847e-03 -1.283947378396987915e-01 5.125202238559722900e-02 1.271957457065582275e-01 1.476100236177444458e-01 -6.714345514774322510e-02 -1.816053390502929688e-01 -8.937036991119384766e-02 1.195400580763816833e-01 -1.923377625644207001e-03 1.419816911220550537e-01 1.738367527723312378e-01 4.982132092118263245e-02 9.157845377922058105e-02 -2.349533513188362122e-02 7.358440756797790527e-02 -1.945296861231327057e-02 1.083316802978515625e-01
4.608195647597312927e-02 -1.408349573612213135e-01 4.552954807877540588e-02 -3.345852717757225037e-02 3.145014168694615364e-03 5.944697186350822449e-02 -1.866834163665771484e-01 1.373834013938903809e-01 1.395643595606088638e-02 1.686635427176952362e-03 -1.729522645473480225e-01 -5.261377990245819092e-02 -7.020803540945053101e-02 -1.825104951858520508e-01 -2.742325328290462494e-02 -7.341935485601425171e-02 2.989306673407554626e-02 8.186788111925125122e-02 -1.091580986976623535e-01 -1.705297082662582397e-01 -1.198023855686187744e-01 -1.602499186992645264e-01 -7.019198685884475708e-02 1.648312807083129883e-01 -1.415546685457229614e-01 -7.976057380437850952e-02 -1.367059051990509033e-01 2.031369656324386597e-01 -6.509543955326080322e-02 -1.472967416048049927e-01 6.272134184837341309e-02 6.832567602396011353e-02 -1.302566826343536377e-01 7.875639945268630981e-02 8.079559355974197388e-02 -1.517338305711746216e-01 -1.300856024026870728e-01 1.076566707342863083e-02 -8.907394856214523315e-02 1.669003963470458984e-01 8.430259674787521362e-02 5.275880545377731323e-02 -1.988980025053024292e-01 2.259749360382556915e-02 6.635832786560058594e-02 -1.217692643404006958e-01 9.489466249942779541e-02 -3.449407219886779785e-02 -4.596253857016563416e-02 2.903661504387855530e-02
3.320676460862159729e-02 -4.740016907453536987e-02 -3.747088834643363953e-02 -1.463958527892827988e-02 5.481477081775665283e-02 5.237111076712608337e-02 1.200231537222862244e-01 -9.070042520761489868e-02 -2.276552841067314148e-03 5.006393045186996460e-02 3.805114701390266418e-02 -1.729713380336761475e-01 -6.634531915187835693e-02 -6.825178861618041992e-02 2.629487961530685425e-02 9.742760658264160156e-02 1.428819149732589722e-01 -5.883127450942993164e-02 -7.818899303674697876e-02 8.961445838212966919e-02 -4.772162437438964844e-02 -7.502923253923654556e-04 -2.938682958483695984e-02 -9.256364405155181885e-02 5.318845808506011963e-02 2.072673290967941284e-02 6.630578543990850449e-03 1.564139500260353088e-02 8.027597516775131226e-02 8.643266558647155762e-02 1.424663662910461426e-01 8.399429172277450562e-02 -2.797818370163440704e-02 -1.005461961030960083e-01 -8.654510974884033203e-02 5.657601356506347656e-02 1.468730419874191284e-01 -9.286195039749145508e-02 -5.879290774464607239e-02 -1.637612432241439819e-01 4.379739612340927124e-02 -5.027202889323234558e-02 1.570800202898681164e-03 -7.437302917242050171e-02 3.646717593073844910e-02 8.112686127424240112e-02 1.549852043390274048e-01 -3.142129164189100266e-03 1.725306212902069092e-01 7.349587231874465942e-02
-1.794919967651367188e-01 9.190902113914489746e-02 3.481247648596763611e-02 1.772546619176864624e-01 -1.705414354801177979e-01 -2.808753773570060730e-02 9.770479053258895874e-02 9.590693749487400055e-03 -1.160540357232093811e-01 -2.668584883213043213e-02 1.216759458184242249e-01 7.341789454221725464e-02 1.534609943628311157e-01 -5.986959487199783325e-02 8.317039906978607178e-02 3.397369012236595154e-02 1.396572440862655640e-01 2.416153065860271454e-02 9.754697792232036591e-03 6.260777264833450317e-02 6.823537498712539673e-02 -3.349219914525747299e-03 -1.313966512680053711e-01 5.307372286915779114e-02 -1.357492804527282715e-02 -6.464344263076782227e-02 -2.827472798526287079e-02 -1.199398860335350037e-01 6.504997611045837402e-02 8.042168617248535156e-02 -3.751312568783760071e-02 5.824862793087959290e-02 6.930958479642868042e-02 -5.358179658651351929e-02 -1.602519303560256958e-01 3.547322005033493042e-02 -1.823933795094490051e-02 -1.871879547834396362e-01 -9.358921647071838379e-02 -1.598089635372161865e-01 -3.790613636374473572e-02 1.381623595952987671e-01 5.287586525082588196e-02 1.375481039285659790e-01 1.550985723733901978e-01 9.082581847906112671e-02 -7.325459271669387817e-02 -1.019850373268127441e-02 1.561594605445861816e-01 7.663126289844512939e-02
-4.095532745122909546e-02 1.134562026709318161e-02 -1.624994724988937378e-01 -4.296661820262670517e-03 -4.989204928278923035e-03 -6.111084949225187302e-03 4.892430827021598816e-02 -6.489479541778564453e-02 -2.043641172349452972e-03 -6.612253934144973755e-02 7.429896295070648193e-02 4.746522009372711182e-02 1.745586395263671875e-01 9.431997686624526978e-02 1.723050177097320557e-01 2.100994139909744263e-01 1.036217957735061646e-01 -1.235370114445686340e-01 -7.295581698417663574e-02 -2.499809116125106812e-02 1.550444215536117554e-01 1.865012347698211670e-01 -1.147873774170875549e-01 -5.846286937594413757e-02 -3.399210795760154724e-02 -7.141084969043731689e-02 1.685799956321716309e-01 2.192814834415912628e-02 -2.734435163438320160e-02 -1.024962123483419418e-02 8.059768378734588623e-02 -2.429549954831600189e-02 1.260053962469100952e-01 -3.752441704273223877e-02 -5.039493739604949951e-02 -1.002839282155036926e-01 1.001256704330444336e-01 1.720138639211654663e-02 1.388543937355279922e-02 -1.131102293729782104e-01 6.863491237163543701e-02 -9.804465621709823608e-02 4.448119923472404480e-02 9.305817633867263794e-02 3.948893770575523376e-02 1.321404147893190384e-02 1.106183789670467377e-02 1.380174160003662109e-01 -8.844882249832153320e-02 1.755262762308120728e-01
-2.946726977825164795e-03 -1.421556919813156128e-01 -9.762883186340332031e-02 -3.812607005238533020e-02 2.132590487599372864e-02 -1.497753895819187164e-02 8.047187328338623047e-02 -2.847972884774208069e-02 -6.466470658779144287e-02 -1.696578226983547211e-02 -3.948947787284851074e-02 -6.440421938896179199e-02 -1.140826493501663208e-01 -1.115084066987037659e-01 9.049881249666213989e-03 -5.402750521898269653e-02 1.471871789544820786e-02 -4.055407270789146423e-02 1.731298491358757019e-02 -1.068110391497612000e-01 -1.041018143296241760e-01 6.348771601915359497e-02 -6.097569689154624939e-02 1.752593070268630981e-01 3.362000361084938049e-02 -1.052315533161163330e-02 6.471066921949386597e-02 8.717864751815795898e-02 -2.897092700004577637e-02 6.997564435005187988e-02 -1.338563710451126099e-01 -2.965141087770462036e-02 -1.434845328330993652e-01 1.180852130055427551e-01 6.762800738215446472e-03 2.530114911496639252e-02 -3.491482138633728027e-02 1.628071516752243042e-01 1.531466003507375717e-02 9.397850930690765381e-02 -1.096058040857315063e-01 -1.023010611534118652e-01 4.227847978472709656e-02 -1.600896939635276794e-02 -1.657256633043289185e-01 -1.796111315488815308e-01 4.657326638698577881e-02 4.491426050662994385e-02 -1.598643660545349121e-01 -1.408307999372482300e-02
7.627955079078674316e-02 1.461782604455947876e-01 4.986589774489402771e-02 9.914691001176834106e-02 2.219709753990173340e-02 -3.256604820489883423e-02 -3.773409873247146606e-02 -1.641841828823089600e-01 -1.056948527693748474e-01 -1.727171838283538818e-01 5.022138729691505432e-02 -8.243412524461746216e-02 6.360834091901779175e-02 1.226780121214687824e-03 -3.965420648455619812e-03 1.149820312857627869e-01 1.779239028692245483e-01 -1.850190162658691406e-01 -6.229930743575096130e-02 1.482905298471450806e-01 6.717491149902343750e-02 2.811284922063350677e-02 -2.091404646635055542e-01 -1.012262105941772461e-01 7.025568746030330658e-03 -3.186457324773073196e-03 -3.007595241069793701e-02 -1.650643050670623779e-01 -1.269517745822668076e-02 -5.163835361599922180e-02 3.086704388260841370e-02 1.193873770534992218e-02 1.887360401451587677e-02 -1.644504666328430176e-01 -1.266823410987854004e-01 8.097688853740692139e-02 1.569321751594543457e-01 -6.772605329751968384e-02 -1.162292361259460449e-01 -1.493465751409530640e-01 -7.542136311531066895e-02 -4.186265170574188232e-02 -2.106677368283271790e-02 9.229944646358489990e-02 1.411866992712020874e-01 1.569112539291381836e-01 -7.666479796171188354e-02 1.657700389623641968e-01 -8.727882802486419678e-02 1.726241409778594971e-01
1.706754863262176514e-01 1.979805342853069305e-02 3.039017505943775177e-02 -6.816128641366958618e-02 9.014520794153213501e-02 1.158539801836013794e-01 -1.669033616781234741e-02 1.767076253890991211e-01 1.490198224782943726e-01 1.516517400741577148e-01 -7.389202713966369629e-02 2.046247571706771851e-01 -3.240320459008216858e-02 2.086900919675827026e-02 -1.125493422150611877e-01 -1.520517840981483459e-02 -1.758611649274826050e-01 2.131114900112152100e-01 -2.428403496742248535e-02 -1.377501040697097778e-01 1.248144730925559998e-02 1.408286206424236298e-02 9.375084936618804932e-02 1.496489252895116806e-02 7.520432770252227783e-02 -3.895788639783859253e-02 -1.105910986661911011e-01 8.996074646711349487e-02 1.746255904436111450e-02 -9.846739470958709717e-02 6.679987907409667969e-02 -4.172826930880546570e-02 -1.825172826647758484e-02 1.872791498899459839e-01 -4.727865383028984070e-02 4.578963294625282288e-02 4.327959846705198288e-03 -3.667142987251281738e-02 1.708960384130477905e-01 1.235062479972839355e-01 -5.475542321801185608e-02 4.636335372924804688e-02 2.945753000676631927e-02 -1.843583136796951294e-01 -1.259189248085021973e-01 7.036229223012924194e-02 3.749883919954299927e-02 -1.796393394470214844e-01 -5.309891700744628906e-02 5.372032523155212402e-03
1.202374026179313660e-01 2.335907891392707825e-02 -9.474115446209907532e-03 -7.794094830751419067e-02 1.177989766001701355e-01 1.329061090946197510e-01 -1.130487769842147827e-01 1.058349385857582092e-01 -7.489126920700073242e-02 1.032835617661476135e-01 1.017959695309400558e-02 -5.985179170966148376e-02 -1.389983892440795898e-01 -6.434386596083641052e-03 -8.615804463624954224e-02 -1.713808476924896240e-01 3.109578974545001984e-03 -4.698236659169197083e-02 -2.948338165879249573e-02 -1.657719165086746216e-02 4.598927125334739685e-02 9.946777671575546265e-02 -3.846865147352218628e-02 2.309175953269004822e-02 4.978140443563461304e-02 -1.811282038688659668e-01 -1.171044856309890747e-01 -7.020870596170425415e-02 -3.948084264993667603e-02 -1.230866555124521255e-02 -7.546339184045791626e-02 -4.539717361330986023e-02 -1.457434296607971191e-01 -1.318924874067306519e-01 -9.897074848413467407e-02 -5.648794770240783691e-02 -1.051290556788444519e-01 -2.710847370326519012e-02 1.362655311822891235e-01 7.057524472475051880e-02 -9.817021898925304413e-03 -6.544876843690872192e-02 5.451348051428794861e-02 -1.556946486234664917e-01 -6.345945596694946289e-02 -4.115179181098937988e-02 -7.886581122875213623e-02 -1.468704491853713989e-01 7.406542450189590454e-02 -1.365716010332107544e-01
1.626777797937393188e-01 -1.828084588050842285e-01 5.824051331728696823e-03 -1.220092475414276123e-01 -9.895250946283340454e-02 2.960613742470741272e-02 4.583426937460899353e-02 -9.330235421657562256e-03 1.995378583669662476e-01 3.322877362370491028e-02 -8.095898479223251343e-02 -7.503170520067214966e-02 -1.562435328960418701e-01 5.237228050827980042e-02 -5.119974538683891296e-02 -8.344950526952743530e-02 -1.847123205661773682e-01 -7.235158979892730713e-02 7.804252952337265015e-02 -1.280501633882522583e-01 6.740044057369232178e-02 9.540709108114242554e-02 3.266039490699768066e-02 -4.338119551539421082e-02 -1.461386494338512421e-02 -8.224316686391830444e-02 4.829851165413856506e-02 1.220787614583969116e-01 1.310148686170578003e-01 6.815229356288909912e-02 4.147216677665710449e-02 -4.158841446042060852e-02 -1.341588646173477173e-01 -1.235876232385635376e-01 6.265882402658462524e-02 -1.550793051719665527e-01 3.111595846712589264e-02 4.025323316454887390e-02 1.500519216060638428e-01 3.920278698205947876e-02 -1.058344915509223938e-01 -1.858461350202560425e-01 -1.593466401100158691e-01 -6.523054093122482300e-02 -5.031902715563774109e-02 -7.505585998296737671e-02 -1.290571987628936768e-01 -1.920339465141296387e-01 2.924431301653385162e-02 -1.757912710309028625e-02
-9.239952266216278076e-02 -1.209490299224853516e-01 1.101354509592056274e-01 -1.297704577445983887e-01 9.677084535360336304e-02 7.491958886384963989e-02 9.555715322494506836e-02 1.101153045892715454e-01 1.331218630075454712e-01 1.658188104629516602e-01 -3.962117433547973633e-02 2.590768225491046906e-02 -1.668003760278224945e-02 4.764428362250328064e-03 -6.658522039651870728e-02 -6.296104192733764648e-02 9.405653178691864014e-02 1.435860246419906616e-01 -2.113612927496433258e-02 -2.301393076777458191e-02 6.423996388912200928e-02 -9.102966636419296265e-02 1.035862118005752563e-01 4.334283247590065002e-02 -7.352613657712936401e-02 6.583425402641296387e-02 -1.083157435059547424e-01 1.458261758089065552e-01 -5.288880318403244019e-02 -9.666761755943298340e-02 -7.415151596069335938e-02 -9.191287308931350708e-02 -5.816562101244926453e-02 7.908373139798641205e-03 3.498341888189315796e-02 -1.753832250833511353e-01 -1.708014309406280518e-01 -1.673403009772300720e-02 1.157551035284996033e-01 1.745167002081871033e-02 2.814724668860435486e-02 -1.241400241851806641e-01 -6.562918424606323242e-02 3.473680466413497925e-02 -4.021685570478439331e-02 5.364330857992172241e-02 -1.008070930838584900e-01 5.349154397845268250e-02 4.732825607061386108e-02 4.928211867809295654e-02
7.084045559167861938e-02 -1.235201954841613770e-02 5.316028371453285217e-02 6.894962489604949951e-02 1.118578687310218811e-01 1.668095588684082031e-01 3.297664970159530640e-02 5.000983551144599915e-02 2.911582589149475098e-02 3.322447836399078369e-02 4.432925209403038025e-02 2.015302926301956177e-01 3.094197995960712433e-02 4.679589346051216125e-02 -1.692121177911758423e-01 4.840134829282760620e-02 -1.027829274535179138e-01 -4.472390189766883850e-02 1.672678291797637939e-01 -2.301065623760223389e-02 -6.112472712993621826e-02 -1.104701086878776550e-01 4.811148717999458313e-02 1.156935468316078186e-02 3.486866131424903870e-02 8.718044310808181763e-02 2.495989203453063965e-02 -4.510803148150444031e-03 1.519160121679306030e-01 -4.801710322499275208e-02 -1.036105304956436157e-01 -1.062069274485111237e-02 -8.289879560470581055e-02 -4.631637781858444214e-02 8.057873696088790894e-02 1.401620823889970779e-02 -1.077260449528694153e-01 8.398537756875157356e-04 7.538589835166931152e-02 1.710259169340133667e-01 3.068277984857559204e-02 -1.334361881017684937e-01 8.254010975360870361e-02 -1.789514273405075073e-01 3.410447388887405396e-02 -1.943862289190292358e-01 6.566453725099563599e-02 -1.337850540876388550e-01 -1.358159631490707397e-01 4.185841232538223267e-02
8.377754688262939453e-02 -3.297546505928039551e-02 -9.107802808284759521e-02 6.681363284587860107e-02 -1.316792517900466919e-01 -4.486379772424697876e-02 1.821302622556686401e-01 -8.461110293865203857e-02 -4.584971442818641663e-02 6.358215585350990295e-03 -6.445587426424026489e-02 -8.738261461257934570e-02 -9.395880252122879028e-02 9.143326431512832642e-02 1.389959603548049927e-01 -2.724002115428447723e-02 1.147431209683418274e-01 -1.174465566873550415e-01 7.380793802440166473e-03 6.971429102122783661e-03 1.284438371658325195e-01 -1.170773990452289581e-02 -1.005695089697837830e-01 4.673451930284500122e-02 1.085158735513687134e-01 -6.323691457509994507e-02 -9.871265292167663574e-02 4.480118677020072937e-02 -6.828805804252624512e-02 -4.611557722091674805e-02 -7.128567993640899658e-02 -1.693787723779678345e-01 1.647871434688568115e-01 5.962463095784187317e-02 -1.931601315736770630e-01 8.656340092420578003e-02 1.810198873281478882e-01 4.185417667031288147e-03 -1.881090104579925537e-01 -2.248086407780647278e-02 1.431010812520980835e-01 1.139493435621261597e-01 1.780017018318176270e-01 1.963212788105010986e-01 -1.856215111911296844e-02 1.455841511487960815e-01 -6.616684794425964355e-02 -1.433898229151964188e-02 1.102263554930686951e-01 -3.749402239918708801e-02
-4.546766355633735657e-02 1.466447561979293823e-01 -1.156397536396980286e-01 2.702632732689380646e-02 -1.686556935310363770e-01 -9.360750764608383179e-02 5.428467411547899246e-03 -6.234987452626228333e-02 6.809435039758682251e-02 -1.516055501997470856e-02 1.153400838375091553e-01 -1.671259105205535889e-01 8.335689455270767212e-02 9.409863501787185669e-02 -4.766598343849182129e-03 7.985126972198486328e-02 1.124450042843818665e-01 -4.639001563191413879e-02 5.863235518336296082e-02 -6.792694330215454102e-02 1.732927188277244568e-02 3.546218946576118469e-02 -4.919044300913810730e-02 -7.046465575695037842e-02 1.771851480007171631e-01 1.460990607738494873e-01 -3.076377138495445251e-02 4.962269216775894165e-02 -5.150380358099937439e-02 -7.885757088661193848e-02 7.473675906658172607e-02 -3.487314796075224876e-03 1.541308015584945679e-01 7.437192648649215698e-02 -9.234177321195602417e-02 -7.749706506729125977e-02 -7.063253223896026611e-02 -6.009367853403091431e-02 -1.356932967901229858e-01 -3.766110911965370178e-02 8.669278770685195923e-02 -9.098918177187442780e-03 1.293829409405589104e-03 2.460626326501369476e-02 1.778149008750915527e-01 1.283351331949234009e-01 1.806041151285171509e-01 6.908901035785675049e-02 1.077234223484992981e-01 -5.492128804326057434e-02
-1.159404143691062927e-01 -7.010581344366073608e-02 -4.647575691342353821e-02 1.430242229253053665e-02 6.988712400197982788e-02 -9.998872876167297363e-02 9.719872474670410156e-02 -1.970801353454589844e-01 -1.829618066549301147e-01 8.413205295801162720e-02 1.872598379850387573e-01 6.759294774383306503e-04 1.252117455005645752e-01 5.423235520720481873e-02 1.013070270419120789e-01 -6.140298768877983093e-02 1.341573596000671387e-01 7.128333672881126404e-03 7.854160666465759277e-02 -3.565405495464801788e-03 8.179537206888198853e-02 1.951104402542114258e-01 1.129317507147789001e-01 -1.527892798185348511e-01 -2.015793882310390472e-02 1.221309825778007507e-01 8.348444849252700806e-02 6.533276289701461792e-02 -6.860738247632980347e-02 5.469984188675880432e-02 1.795276999473571777e-01 -1.805382817983627319e-01 -7.661850750446319580e-02 4.702809080481529236e-02 -3.707443538587540388e-04 3.907284513115882874e-02 8.878173679113388062e-02 9.140208363533020020e-03 -2.068298459053039551e-01 -7.763540744781494141e-02 9.113630652427673340e-02 -2.271724678575992584e-02 1.443559862673282623e-02 1.217803955078125000e-01 4.166746884584426880e-02 -3.908960148692131042e-02 1.572732478380203247e-01 1.865619793534278870e-02 5.911153554916381836e-02 7.960379868745803833e-02
1.167138069868087769e-01 -1.580357253551483154e-01 1.559174433350563049e-02 2.417435310781002045e-02 1.595597565174102783e-01 1.872738003730773926e-01 -2.932278811931610107e-02 -5.173276364803314209e-02 -1.246853545308113098e-01 -1.115139648318290710e-01 -7.337177544832229614e-02 1.037845537066459656e-01 4.062480293214321136e-03 -2.234707921743392944e-01 -7.239217311143875122e-02 -8.062232285737991333e-02 1.374904066324234009e-01 1.727556623518466949e-02 -1.219146102666854858e-01 -1.501474231481552124e-01 -1.310455948114395142e-01 -1.428055614233016968e-01 -3.688571602106094360e-02 6.791415065526962280e-02 8.420176059007644653e-02 -2.865743264555931091e-02 -1.284214854240417480e-01 2.356249280273914337e-02 -1.104718223214149475e-01 -1.762584149837493896e-01 -4.839444160461425781e-02 5.142119526863098145e-02 -3.983786329627037048e-03 -3.704376891255378723e-02 -4.156196489930152893e-03 1.774033345282077789e-02 -1.103615108877420425e-02 -1.677355766296386719e-01 1.171954050660133362e-01 9.870690852403640747e-02 3.748504444956779480e-02 5.255071818828582764e-02 -6.665550172328948975e-02 -1.708875149488449097e-01 3.758104890584945679e-02 -4.609299451112747192e-02 4.356657620519399643e-03 4.349591676145792007e-03 -1.765571981668472290e-01 -1.652999371290206909e-01
7.431463897228240967e-02 2.904453314840793610e-02 1.139917448163032532e-01 -1.325459331274032593e-01 4.926423542201519012e-03 8.352270722389221191e-02 2.028111927211284637e-02 1.436783224344253540e-01 -2.204624190926551819e-02 -1.368901692330837250e-02 5.242856591939926147e-02 2.028369754552841187e-01 -7.892556488513946533e-03 5.336967483162879944e-02 2.650106325745582581e-02 -1.083648181520402431e-03 -9.205029159784317017e-02 -4.079776629805564880e-02 1.856530271470546722e-02 -3.479157760739326477e-02 -5.195380002260208130e-02 -1.684284955263137817e-01 1.089932338800281286e-04 -1.778925955295562744e-02 -2.531562931835651398e-02 2.963957749307155609e-02 3.051493875682353973e-02 1.753011718392372131e-03 5.299562960863113403e-02 7.741212844848632812e-03 -4.387391358613967896e-02 1.772894859313964844e-01 -2.494489029049873352e-02 1.683187037706375122e-01 2.085318230092525482e-02 -4.690222814679145813e-02 -1.538974195718765259e-01 1.366767659783363342e-02 1.418993473052978516e-01 -1.786604523658752441e-02 -8.966627717018127441e-02 6.946019828319549561e-02 -6.539803743362426758e-02 -1.026967316865921021e-01 1.430589705705642700e-02 -1.609120070934295654e-01 -1.736945658922195435e-01 7.452656328678131104e-02 -7.117979228496551514e-02 -2.272010594606399536e-02
-7.150306552648544312e-02 -1.570546999573707581e-02 -7.532896101474761963e-02 -1.385010927915573120e-01 1.583569049835205078e-01 1.502917259931564331e-01 7.828835397958755493e-02 -2.993804588913917542e-02 1.837034709751605988e-02 2.705567516386508942e-02 -5.884523317217826843e-02 1.091421991586685181e-01 -1.578708887100219727e-01 -1.754939407110214233e-01 -1.223945245146751404e-01 7.096266001462936401e-02 -1.161704771220684052e-02 3.577429801225662231e-02 2.125444076955318451e-02 -9.421207010746002197e-02 -5.088775232434272766e-02 -5.458153784275054932e-03 7.497813552618026733e-02 1.756471581757068634e-02 -8.416466414928436279e-02 -1.894193440675735474e-01 -3.274438530206680298e-02 1.492248177528381348e-01 5.799922719597816467e-02 -1.567218154668807983e-01 -1.136128380894660950e-01 1.665690168738365173e-02 -1.154735311865806580e-01 7.200403511524200439e-02 7.973252981901168823e-02 -5.514840036630630493e-02 -6.908976286649703979e-02 3.542787162587046623e-03 -2.983067883178591728e-03 5.926096811890602112e-02 -5.250000208616256714e-02 7.353658974170684814e-02 5.894057080149650574e-02 -1.596187800168991089e-01 -7.864025235176086426e-02 -7.371054589748382568e-02 4.694566503167152405e-02 -7.610693573951721191e-02 4.563071206212043762e-02 -1.926873177289962769e-01
1.380819641053676605e-02 -1.236425265669822693e-01 -8.427497930824756622e-03 4.427523910999298096e-02 -6.843686848878860474e-02 1.096334233880043030e-01 5.966392159461975098e-02 5.280905589461326599e-02 4.527102783322334290e-02 -9.037533402442932129e-02 -1.855944544076919556e-01 3.405885025858879089e-02 -1.029873825609683990e-02 6.627551466226577759e-02 2.118321135640144348e-02 2.588198147714138031e-02 4.112057387828826904e-02 4.776208847761154175e-02 1.278772503137588501e-01 6.280305096879601479e-04 -5.960617214441299438e-02 4.659453034400939941e-02 2.290481179952621460e-01 1.246638447046279907e-01 -5.839279387146234512e-03 4.233571887016296387e-02 -6.742252409458160400e-02 1.473902165889739990e-02 4.808126017451286316e-02 7.270295917987823486e-02 3.815930709242820740e-02 7.229998707771301270e-02 -1.358519047498703003e-01 5.314569547772407532e-02 2.019342035055160522e-01 4.415265470743179321e-02 -3.348689153790473938e-02 9.746191091835498810e-03 1.551295965909957886e-01 -6.500538438558578491e-02 -7.725801318883895874e-02 -1.134127154946327209e-01 -1.764407008886337280e-01 -7.261692732572555542e-02 -9.986968338489532471e-02 -6.735473126173019409e-02 -1.139334142208099365e-01 -9.347495436668395996e-02 -1.560229063034057617e-01 6.137627363204956055e-02
-7.411492615938186646e-02 4.950462281703948975e-02 9.429807215929031372e-02 -1.475994139909744263e-01 -2.157590351998806000e-02 7.386510074138641357e-02 1.771164871752262115e-02 9.016378968954086304e-02 -1.247099135071039200e-02 -4.412519186735153198e-02 -3.933569788932800293e-02 6.196748465299606323e-02 -2.216299995779991150e-02 5.437301937490701675e-03 7.192885130643844604e-02 8.110985159873962402e-03 1.769028417766094208e-02 -7.895500957965850830e-02 6.234192848205566406e-02 -2.021512389183044434e-02 -1.385900825262069702e-01 6.052405387163162231e-02 1.424116939306259155e-01 -3.732257336378097534e-02 -1.094363108277320862e-01 1.823988929390907288e-02 -5.685548111796379089e-02 3.219676017761230469e-02 -8.703948557376861572e-02 -3.792525082826614380e-02 -7.297456264495849609e-02 -3.768711164593696594e-02 2.235505916178226471e-02 -4.497297108173370361e-02 -8.672343194484710693e-02 5.957664176821708679e-02 -9.153538197278976440e-02 6.483291089534759521e-02 -2.166677825152873993e-02 1.189864948391914368e-01 -1.976272165775299072e-01 -3.670100867748260498e-02 4.037514794617891312e-03 5.558111146092414856e-02 1.630415394902229309e-02 -1.550212055444717407e-01 -9.952738136053085327e-02 -9.430614113807678223e-02 -3.706965968012809753e-02 5.302727967500686646e-02
2.933458983898162842e-02 -2.027665451169013977e-02 -1.092697456479072571e-01 1.593394763767719269e-02 -4.580345377326011658e-02 -1.219326034188270569e-01 1.212832778692245483e-01 -1.019950377667555586e-05 -4.213650897145271301e-02 -1.659208834171295166e-01 8.755696564912796021e-02 -1.492010951042175293e-01 1.286452710628509521e-01 -5.942080542445182800e-02 1.628307104110717773e-01 -8.522184938192367554e-02 1.962683200836181641e-01 8.058141916990280151e-02 -1.117963343858718872e-01 -1.697868667542934418e-02 2.988018095493316650e-02 1.543693244457244873e-01 7.917699217796325684e-02 -1.199573948979377747e-01 -2.240866050124168396e-02 1.235059574246406555e-01 1.953875571489334106e-01 -8.079834282398223877e-02 1.239513512700796127e-02 1.474035233259201050e-01 1.613863557577133179e-01 -2.011375278234481812e-01 7.707794010639190674e-02 7.984306663274765015e-02 -2.665030024945735931e-02 4.492161050438880920e-02 9.605685621500015259e-02 -1.028805449604988098e-01 9.413667768239974976e-02 3.115944936871528625e-02 -3.542575577739626169e-04 -5.539160966873168945e-02 9.895350784063339233e-02 6.873710453510284424e-02 -3.034811653196811676e-02 4.756799899041652679e-03 1.321733742952346802e-01 1.513960584998130798e-02 1.580630540847778320e-01 -4.239622876048088074e-02
5.557435750961303711e-02 1.086818054318428040e-01 -5.459492653608322144e-02 4.382293298840522766e-02 -2.843586914241313934e-02 -1.757028251886367798e-01 1.179669648408889771e-01 3.204602748155593872e-02 1.344409734010696411e-01 -1.401416212320327759e-01 2.466908190399408340e-03 8.890965580940246582e-02 1.969976723194122314e-01 6.272729486227035522e-02 7.303416728973388672e-02 1.478728204965591431e-01 1.615611016750335693e-01 -8.012102544307708740e-02 1.134451106190681458e-01 -7.533675432205200195e-02 5.367517098784446716e-02 1.215654984116554260e-02 -2.607078757137060165e-03 -2.267874963581562042e-02 -5.825187265872955322e-02 1.207807883620262146e-01 1.536215245723724365e-01 -5.670627206563949585e-02 -1.214774474501609802e-01 1.685605496168136597e-01 8.603803813457489014e-02 6.313343346118927002e-02 1.293076276779174805e-01 -2.620134036988019943e-03 4.205893352627754211e-02 3.070718981325626373e-02 9.250839240849018097e-03 -1.356415003538131714e-01 -3.667443245649337769e-02 -6.825621239840984344e-03 1.082522124052047729e-01 1.506893336772918701e-01 8.987735956907272339e-02 -5.400419980287551880e-02 -2.222448529209941626e-04 -6.051267683506011963e-02 1.562046855688095093e-01 1.618234664201736450e-01 8.599871397018432617e-02 1.158973649144172668e-01
-3.201102465391159058e-02 -1.451342105865478516e-01 -1.192315202206373215e-02 -1.751693785190582275e-01 -8.479946851730346680e-02 2.769710868597030640e-02 -1.706688851118087769e-01 3.728391602635383606e-02 1.539715975522994995e-01 1.504167169332504272e-01 -1.321697831153869629e-01 1.341350227594375610e-01 -1.489906013011932373e-01 1.125339139252901077e-02 -1.616089642047882080e-01 -1.279815286397933960e-01 -2.576979808509349823e-03 1.307686269283294678e-01 -4.448607936501502991e-02 -1.307927668094635010e-01 1.999403908848762512e-02 5.055755749344825745e-02 4.906821995973587036e-02 1.567559242248535156e-01 -1.193230971693992615e-01 -1.740150339901447296e-02 -1.307858061045408249e-02 1.811355054378509521e-01 9.031248092651367188e-02 5.466404184699058533e-02 4.867899045348167419e-02 -3.636957332491874695e-02 -1.709232181310653687e-01 -7.320487499237060547e-02 1.309044957160949707e-01 -1.886146217584609985e-01 -2.005275040864944458e-01 2.049016356468200684e-01 1.364211291074752808e-01 1.324065476655960083e-01 -1.341331452131271362e-01 3.105610795319080353e-02 -8.200185000896453857e-02 -2.184031298384070396e-03 1.945159211754798889e-02 -1.048236191272735596e-01 1.017980948090553284e-01 -1.399665027856826782e-01 6.654202938079833984e-02 -7.045979052782058716e-02
8.102840185165405273e-02 -2.245246805250644684e-02 4.023241344839334488e-04 6.970304250717163086e-02 -1.410087049007415771e-01 6.985200941562652588e-02 1.499841511249542236e-01 -3.894016891717910767e-02 9.585932642221450806e-02 -1.818757057189941406e-01 1.659465022385120392e-02 -6.180285476148128510e-03 1.042884662747383118e-01 1.734285205602645874e-01 1.561075150966644287e-01 -4.298155196011066437e-03 -8.174196630716323853e-02 -1.543534547090530396e-01 -5.165743455290794373e-02 1.025638282299041748e-01 -4.263396561145782471e-02 1.426723450422286987e-01 -4.990902170538902283e-02 4.345484077930450439e-02 5.504832416772842407e-02 -3.417355194687843323e-02 -3.009363263845443726e-02 -1.031146664172410965e-02 -1.335139870643615723e-01 -3.964855521917343140e-02 -8.873917162418365479e-02 -1.333243548870086670e-01 3.020675294101238251e-02 -1.382328718900680542e-01 5.381707474589347839e-02 1.620032489299774170e-01 -9.208987653255462646e-02 4.296255111694335938e-02 7.182136923074722290e-02 -8.736034482717514038e-02 -3.086500242352485657e-02 1.508136093616485596e-02 -9.535153210163116455e-02 2.040731348097324371e-02 4.989167675375938416e-02 3.460478037595748901e-02 1.748101562261581421e-01 -2.520429342985153198e-02 -1.216059178113937378e-02 -1.228203810751438141e-02
2.115902490913867950e-02 -3.103508614003658295e-02 -8.768637478351593018e-02 -1.604973077774047852e-01 1.407136172056198120e-01 -6.973470747470855713e-02 -1.252018213272094727e-01 1.758950650691986084e-01 1.407166570425033569e-01 1.938439160585403442e-01 -1.698564589023590088e-01 -4.042984917759895325e-03 3.641515970230102539e-02 -1.785190105438232422e-01 -3.515455871820449829e-02 4.400170594453811646e-02 -1.330682784318923950e-01 1.158573627471923828e-01 5.857153609395027161e-02 -3.353466466069221497e-02 -9.799513034522533417e-03 -5.339336022734642029e-02 -7.682827115058898926e-02 -1.558367948746308684e-04 2.536729723215103149e-02 -9.464333951473236084e-02 -1.810221374034881592e-02 2.855148911476135254e-02 1.621794551610946655e-01 -8.511983603239059448e-02 -1.050044894218444824e-01 1.341124176979064941e-01 6.673236191272735596e-02 -8.711243420839309692e-02 1.541620003990828991e-03 -7.297197822481393814e-03 -1.227990314364433289e-01 -8.928274363279342651e-02 -1.647283881902694702e-02 3.547273948788642883e-02 -5.012223124504089355e-02 -1.514087617397308350e-01 3.972705081105232239e-02 4.855215921998023987e-02 -1.663035899400711060e-01 4.898170381784439087e-02 -1.770981959998607635e-02 7.032131403684616089e-02 3.476279973983764648e-02 -1.110979393124580383e-01
