-3.106511663645505905e-03 -3.003121353685855865e-02 -5.820094607770442963e-03 1.398455798625946045e-01 -2.394523099064826965e-02 2.509324848651885986e-01 -4.295160248875617981e-02 6.613414734601974487e-02 5.797104164958000183e-02 2.283489108085632324e-01 1.500994414091110229e-01 1.189695373177528381e-01 1.248725354671478271e-01 1.814235150814056396e-01 1.514478474855422974e-01 1.169454380869865417e-01 8.020353317260742188e-02 1.274946145713329315e-02 6.896091997623443604e-02 -1.053020805120468140e-01 -1.108355447649955750e-01 -1.381713449954986572e-01 -8.217091858386993408e-02 1.658729612827301025e-01 -2.747496217489242554e-02 -1.042997930198907852e-02 -5.928837880492210388e-02 9.997623041272163391e-03 1.198290064930915833e-01 1.730366498231887817e-01
1.041627228260040283e-01 9.585439413785934448e-02 9.321096539497375488e-02 -1.118251457810401917e-01 -1.199044287204742432e-02 -1.421785056591033936e-01 6.924546789377927780e-03 -1.099520623683929443e-01 1.405906230211257935e-01 -9.835246019065380096e-03 1.716681569814682007e-01 -1.846576482057571411e-01 7.274691760540008545e-02 -1.735229045152664185e-01 6.368821859359741211e-02 -1.000947505235671997e-01 1.714651584625244141e-01 6.499996036291122437e-02 9.163910150527954102e-02 -1.402659565210342407e-01 -1.450165659189224243e-01 -5.641551688313484192e-02 -3.037346526980400085e-02 -9.359966963529586792e-02 -1.406240612268447876e-01 -5.171894654631614685e-02 1.621247380971908569e-01 -5.390565097332000732e-02 -1.350747514516115189e-02 7.997485995292663574e-02
-1.685961633920669556e-01 -3.978423029184341431e-02 4.894728213548660278e-02 -5.195135250687599182e-02 -1.857083886861801147e-01 -3.117730375379323959e-03 -1.384468078613281250e-01 -1.482832431793212891e-01 -5.782576277852058411e-03 -1.321066617965698242e-01 1.654846221208572388e-01 -1.060100570321083069e-01 1.931584477424621582e-01 2.755038731265813112e-04 -1.321091055870056152e-01 4.765441641211509705e-02 -2.647146396338939667e-02 1.015427187085151672e-01 -7.724706083536148071e-02 -1.254071444272994995e-01 -2.879225276410579681e-02 -2.085360586643218994e-01 -9.258787147700786591e-03 -1.949491202831268311e-01 -1.689283102750778198e-01 -7.042179349809885025e-03 1.661830842494964600e-01 9.954714775085449219e-02 -2.028181776404380798e-02 1.618729233741760254e-01
1.697079241275787354e-01 -2.010297775268554688e-02 1.858049072325229645e-02 1.555230319499969482e-01 1.560769230127334595e-01 9.991390258073806763e-02 1.627083569765090942e-01 7.367574609816074371e-03 -1.411038488149642944e-01 -1.503352969884872437e-01 5.769940093159675598e-02 -1.164410933852195740e-01 -1.676983386278152466e-01 -9.217335283756256104e-02 5.797290429472923279e-02 -5.936050042510032654e-02 -1.484059691429138184e-01 6.218521296977996826e-02 6.718348711729049683e-02 1.521938592195510864e-01 -1.226805746555328369e-01 -1.886405050754547119e-01 4.105104878544807434e-02 2.628999948501586914e-02 5.136352963745594025e-03 1.891121864318847656e-01 -3.817833587527275085e-02 9.866908937692642212e-02 -9.584371000528335571e-02 1.109472662210464478e-01
-6.724032014608383179e-02 -1.835662685334682465e-02 4.549111705273389816e-03 -1.820584088563919067e-01 7.021971046924591064e-02 9.539074450731277466e-02 7.142527401447296143e-02 -3.791648522019386292e-02 -8.874225616455078125e-02 3.146021068096160889e-02 -4.912334028631448746e-03 1.077444776892662048e-01 5.450071766972541809e-02 6.124903261661529541e-02 6.641402840614318848e-02 -9.014809876680374146e-02 -2.532832920551300049e-01 -1.366079151630401611e-01 6.114811450242996216e-02 -1.186861544847488403e-01 6.369968503713607788e-02 -1.224754080176353455e-01 -1.450034528970718384e-01 -1.683755964040756226e-01 -1.857425272464752197e-01 -2.198748886585235596e-01 1.813590228557586670e-01 2.221345901489257812e-01 3.310124203562736511e-02 -1.023138314485549927e-01
-1.513865739107131958e-01 -2.033938318490982056e-01 -8.900604210793972015e-03 -1.924587339162826538e-01 1.630152761936187744e-01 -9.322028607130050659e-03 -1.760452985763549805e-01 -1.046136170625686646e-01 1.338267475366592407e-01 1.188030019402503967e-01 4.390106722712516785e-02 -6.020345166325569153e-02 -1.781083941459655762e-01 6.156937219202518463e-03 8.541771024465560913e-02 1.479981094598770142e-01 2.602803148329257965e-02 -1.832633912563323975e-01 6.842561066150665283e-02 5.967354029417037964e-02 1.554500013589859009e-01 6.551081687211990356e-02 1.025367993861436844e-02 2.544928342103958130e-02 6.934639811515808105e-02 -8.343991637229919434e-02 -9.770779311656951904e-02 2.277355454862117767e-02 -2.357801049947738647e-02 1.305569559335708618e-01
3.006405942142009735e-02 -2.114372886717319489e-02 9.787289798259735107e-02 -3.536710515618324280e-02 1.704723089933395386e-01 3.337262868881225586e-01 -1.614289432764053345e-01 2.215216457843780518e-01 -1.520736366510391235e-01 -6.224815919995307922e-02 -1.410766690969467163e-01 7.401701062917709351e-02 -1.468724161386489868e-01 2.329913154244422913e-02 -2.021018229424953461e-02 -1.310313045978546143e-01 7.065304368734359741e-02 -2.665521204471588135e-02 -8.970066905021667480e-02 -1.198664903640747070e-01 1.193517744541168213e-01 6.101268529891967773e-02 -2.045461386442184448e-01 -2.111352831125259399e-01 1.155695244669914246e-01 1.465634852647781372e-01 -2.741347299888730049e-03 -7.767271250486373901e-02 -6.232815980911254883e-02 -1.543478220701217651e-01
1.440419405698776245e-01 -2.024636268615722656e-01 1.709887981414794922e-01 -1.409118920564651489e-01 -1.966094598174095154e-02 -3.231023252010345459e-01 8.935609459877014160e-02 1.227859407663345337e-01 -7.104156166315078735e-02 1.517233550548553467e-01 -9.157153964042663574e-02 1.821048706769943237e-01 8.888208121061325073e-02 2.026196755468845367e-02 -3.405814990401268005e-02 4.052769020199775696e-02 3.756843134760856628e-02 -1.687150448560714722e-02 5.345572903752326965e-02 4.045463167130947113e-03 -1.855867952108383179e-01 -3.760371357202529907e-02 -3.916537761688232422e-02 1.866379380226135254e-01 2.957723475992679596e-02 6.913534551858901978e-02 -3.649575263261795044e-02 2.257922850549221039e-02 2.226257771253585815e-01 -7.194482535123825073e-02
1.185106262564659119e-01 2.584571577608585358e-02 -5.240312218666076660e-02 -1.255929842591285706e-02 -1.176702231168746948e-01 -2.213739901781082153e-01 1.485032588243484497e-01 1.150154843926429749e-01 1.021428257226943970e-01 -1.422229707241058350e-01 -3.565091639757156372e-03 -9.397164732217788696e-02 3.456259146332740784e-02 -4.057641699910163879e-02 -1.261342465877532959e-01 1.726614087820053101e-01 7.773847877979278564e-02 1.317282915115356445e-01 -4.082273319363594055e-02 1.546178460121154785e-01 4.082771763205528259e-02 -3.732487931847572327e-02 5.971753224730491638e-02 5.013618990778923035e-02 1.446595508605241776e-02 1.708341091871261597e-01 1.174035444855690002e-01 1.537935733795166016e-01 2.079260535538196564e-02 2.195073850452899933e-02
-4.835113137960433960e-02 -3.758855164051055908e-02 8.329351991415023804e-02 -1.135318353772163391e-01 1.443663686513900757e-01 1.189495548605918884e-01 1.074587032198905945e-01 1.158578842878341675e-01 7.205519080162048340e-02 1.109889522194862366e-01 -1.233900710940361023e-01 1.983502134680747986e-02 -7.816965878009796143e-02 1.433030962944030762e-01 -2.586598508059978485e-03 7.119125872850418091e-02 -1.900508105754852295e-01 -1.974487006664276123e-01 -1.480918657034635544e-02 -1.779720485210418701e-01 -1.430007070302963257e-01 -5.831663683056831360e-02 -9.737747907638549805e-02 6.499291211366653442e-02 -3.308910131454467773e-02 -1.620790548622608185e-02 -1.025357469916343689e-01 1.731296032667160034e-01 -1.691166758537292480e-01 -4.115400463342666626e-02
-1.299164742231369019e-01 -1.871587187051773071e-01 -3.105525299906730652e-02 1.545540243387222290e-01 -1.916762292385101318e-01 1.534042507410049438e-01 -1.933486312627792358e-01 1.729745715856552124e-01 5.176744610071182251e-02 -1.374469250440597534e-01 -2.087252438068389893e-01 2.436749339103698730e-01 1.537540704011917114e-01 -1.415290832519531250e-01 7.056823372840881348e-02 2.972196787595748901e-02 4.972689598798751831e-02 -1.122318059206008911e-01 9.801127761602401733e-02 -1.213544905185699463e-01 6.460863351821899414e-02 -5.199558287858963013e-02 1.706390380859375000e-01 1.862710267305374146e-01 -1.305811852216720581e-01 1.473993659019470215e-01 9.738763421773910522e-02 1.391094475984573364e-01 -5.212589725852012634e-02 1.015634834766387939e-02
-1.659303009510040283e-01 1.690841279923915863e-02 -1.361274421215057373e-01 -1.167876943945884705e-01 -1.594598144292831421e-01 4.045555889606475830e-01 -2.124645560979843140e-02 2.527238428592681885e-02 -1.068808883428573608e-02 3.830216079950332642e-02 -1.269077658653259277e-01 2.258332818746566772e-01 1.704130172729492188e-01 -1.912756115198135376e-01 1.342820078134536743e-01 7.844136096537113190e-03 -1.674537658691406250e-01 -1.458144336938858032e-01 9.071221947669982910e-02 -5.387027561664581299e-02 7.749175280332565308e-02 -1.967318207025527954e-01 -6.945500522851943970e-02 1.572432667016983032e-01 -1.571627110242843628e-01 -1.888118386268615723e-01 8.697640895843505859e-02 -1.384331881999969482e-01 -8.486283570528030396e-02 4.903681576251983643e-02
7.587472349405288696e-02 3.856305032968521118e-02 -1.502448469400405884e-01 -1.422742456197738647e-01 -2.199051380157470703e-01 -2.926844172179698944e-02 3.828502446413040161e-02 -1.464267373085021973e-01 -7.565001398324966431e-02 1.719813980162143707e-02 -1.426603943109512329e-01 -1.004312410950660706e-01 -2.953301928937435150e-02 -1.601036041975021362e-01 -1.959855854511260986e-01 -7.012428343296051025e-02 6.624450534582138062e-02 -3.875715658068656921e-02 1.714172363281250000e-01 -6.461693346500396729e-02 3.534689173102378845e-02 2.371083386242389679e-02 1.020497381687164307e-01 3.983483836054801941e-02 -4.415310919284820557e-02 -1.601946204900741577e-01 9.876146912574768066e-02 8.861238509416580200e-02 -3.103891909122467041e-01 6.230669841170310974e-02
-1.050867289304733276e-01 1.107356250286102295e-01 -1.358349174261093140e-01 -5.569172650575637817e-02 -2.794466912746429443e-01 -1.316308677196502686e-01 -1.028040423989295959e-01 -1.760374456644058228e-01 -1.729763671755790710e-02 -1.893397867679595947e-01 -1.778827607631683350e-01 -2.100743949413299561e-01 -2.348058521747589111e-01 3.725114837288856506e-02 -2.861095368862152100e-01 2.461280301213264465e-02 1.043449435383081436e-02 -1.255703717470169067e-02 1.083794143050909042e-02 2.105403458699584007e-03 8.144610375165939331e-02 -1.194472759962081909e-01 -8.909510821104049683e-02 -1.037901341915130615e-01 7.819877937436103821e-03 -9.505099058151245117e-02 -2.422044519335031509e-03 -1.873586028814315796e-01 -2.051906883716583252e-01 -1.313467025756835938e-01
-1.193146333098411560e-01 4.407601058483123779e-02 8.983803540468215942e-02 -8.493770658969879150e-02 -1.538437604904174805e-01 4.303638264536857605e-02 3.814153315033763647e-04 3.291865438222885132e-02 -8.498074114322662354e-02 -1.715507172048091888e-02 1.268480569124221802e-01 2.290813624858856201e-02 -2.128670737147331238e-02 1.061177775263786316e-01 6.086467579007148743e-02 2.077413350343704224e-01 6.979212909936904907e-02 -2.811490930616855621e-02 7.590219378471374512e-02 8.203226327896118164e-02 1.779409497976303101e-02 -1.841489821672439575e-01 -5.435239523649215698e-02 1.021660491824150085e-01 1.776068657636642456e-01 -7.963540405035018921e-02 -1.052450984716415405e-01 -7.861630618572235107e-02 -3.683208674192428589e-02 8.221361786127090454e-02
-1.992455720901489258e-01 3.040345758199691772e-02 -1.136958822607994080e-01 -1.353157591074705124e-02 2.540539763867855072e-02 7.301227003335952759e-02 -2.913961373269557953e-02 1.185090020298957825e-01 -2.219121456146240234e-01 3.801711201667785645e-01 -1.687482893466949463e-01 2.303379774093627930e-01 2.080984115600585938e-01 -1.859052777290344238e-01 2.726248800754547119e-01 -2.278435789048671722e-02 -7.622758299112319946e-02 1.392111033201217651e-01 1.468199789524078369e-01 -4.902009293437004089e-02 -1.055020019412040710e-01 1.229853928089141846e-01 8.741009235382080078e-02 -7.764256000518798828e-02 -7.591833174228668213e-02 -1.494373530149459839e-01 1.075145415961742401e-02 -5.789200775325298309e-03 -1.464815586805343628e-01 1.262570768594741821e-01
-6.964220851659774780e-02 4.747771844267845154e-02 -4.882321506738662720e-02 -1.594197750091552734e-01 -9.542442113161087036e-02 -6.374231725931167603e-02 1.388082504272460938e-01 3.977345302700996399e-02 -7.512386888265609741e-02 2.134446054697036743e-01 9.452426433563232422e-02 -1.047779247164726257e-01 -9.013738483190536499e-02 -1.544784307479858398e-01 1.039295643568038940e-02 -1.508575975894927979e-01 1.010962277650833130e-01 -6.565972417593002319e-02 -7.329944521188735962e-03 -9.645228087902069092e-02 -1.009677425026893616e-01 -1.052200049161911011e-01 2.636975236237049103e-02 4.560759291052818298e-02 2.089595980942249298e-02 -1.339806616306304932e-01 4.489820078015327454e-02 -1.474897414445877075e-01 5.101553723216056824e-02 1.053186357021331787e-01
-1.474697142839431763e-01 1.662751194089651108e-03 -1.960952132940292358e-01 -1.177636235952377319e-01 7.410782575607299805e-02 -2.847892343997955322e-01 8.877713233232498169e-02 9.810455143451690674e-02 -1.760322600603103638e-02 -2.559486217796802521e-02 -3.134821951389312744e-01 -8.730719238519668579e-02 -1.961577385663986206e-01 -1.183275505900382996e-01 1.161839663982391357e-01 -1.264775097370147705e-01 9.682293236255645752e-02 2.068055607378482819e-02 -1.399611029773950577e-02 -1.890662312507629395e-01 1.210692748427391052e-01 1.452534794807434082e-01 -4.729934781789779663e-02 6.721399724483489990e-02 -8.367494493722915649e-02 -2.139178961515426636e-01 1.439633220434188843e-01 -7.680229842662811279e-02 -1.672473847866058350e-01 7.885514944791793823e-02
5.193436890840530396e-02 1.693948507308959961e-01 5.862428620457649231e-02 1.618937551975250244e-01 -2.377159148454666138e-01 1.706307828426361084e-01 6.140285357832908630e-02 2.975927591323852539e-01 1.524243503808975220e-01 -1.709038317203521729e-01 -8.613545447587966919e-02 8.433978259563446045e-02 1.402007043361663818e-01 -6.751627475023269653e-02 -7.319192588329315186e-02 -1.712320894002914429e-01 -9.544797986745834351e-02 -3.886183723807334900e-02 -1.140874922275543213e-01 8.747927844524383545e-02 1.445075422525405884e-01 -3.886151015758514404e-01 3.987387567758560181e-02 -2.154833078384399414e-02 2.453564405441284180e-01 1.386887431144714355e-01 -1.048467233777046204e-01 1.113085374236106873e-01 -4.701503366231918335e-02 -5.118392407894134521e-02
-1.919307559728622437e-01 3.307178243994712830e-02 -2.963167615234851837e-02 -7.336169481277465820e-02 -6.668988615274429321e-02 -1.728282272815704346e-01 1.330365538597106934e-01 -2.598962746560573578e-03 -1.354606356471776962e-02 -1.018761843442916870e-01 -9.891276061534881592e-02 -6.201487779617309570e-02 1.522407680749893188e-01 -1.546736210584640503e-01 9.233491867780685425e-02 -2.330559939146041870e-01 -1.020938232541084290e-01 2.423264458775520325e-02 1.024798229336738586e-01 -6.462198495864868164e-02 4.684511199593544006e-02 -1.576184853911399841e-02 7.082559168338775635e-02 1.721147894859313965e-01 -2.122601717710494995e-01 -1.689969450235366821e-01 2.704672142863273621e-02 5.249787867069244385e-02 -2.497703433036804199e-01 -6.519130617380142212e-02
-2.296454459428787231e-01 -4.593141749501228333e-02 -2.477399855852127075e-01 -4.537435248494148254e-02 -1.698803454637527466e-01 5.680163577198982239e-02 1.636545658111572266e-01 2.031973451375961304e-01 -2.259753048419952393e-01 2.621199935674667358e-03 1.808367371559143066e-01 8.641931414604187012e-02 -1.565616875886917114e-01 -1.193513348698616028e-01 -5.985899642109870911e-02 -1.045010164380073547e-01 2.909413538873195648e-02 -4.968598857522010803e-02 4.651290923357009888e-02 1.827292591333389282e-01 2.131397873163223267e-01 -2.882677316665649414e-01 -1.109326630830764771e-01 1.147691011428833008e-01 -1.094025447964668274e-01 -1.679519265890121460e-01 1.179683059453964233e-01 1.126209422945976257e-01 7.908619195222854614e-02 -8.021577447652816772e-02
-2.006570063531398773e-02 -6.807051599025726318e-02 -1.470494270324707031e-01 1.121875867247581482e-01 6.661296635866165161e-02 1.860281378030776978e-01 1.144554167985916138e-01 1.870361417531967163e-01 7.678235322237014771e-02 -8.842980861663818359e-02 3.140344098210334778e-02 5.294611304998397827e-02 -4.159187525510787964e-02 1.858713179826736450e-01 4.019068554043769836e-02 -1.407361477613449097e-01 1.164778470993041992e-01 7.453195750713348389e-02 -1.790622435510158539e-02 -1.226560249924659729e-01 6.560074537992477417e-02 1.365443468093872070e-01 3.750572353601455688e-02 -1.139750704169273376e-02 1.816655099391937256e-01 -1.317231357097625732e-01 -1.484380066394805908e-01 -8.190266042947769165e-02 -1.928257048130035400e-01 -3.935395181179046631e-02
-1.575333029031753540e-01 -1.525536477565765381e-01 1.412293165922164917e-01 6.275863945484161377e-02 1.258808672428131104e-01 1.483432054519653320e-01 -1.805767603218555450e-02 8.026390522718429565e-02 6.416470557451248169e-02 -9.864959865808486938e-02 -4.799379780888557434e-02 -9.742705523967742920e-02 -1.379201412200927734e-01 -1.010073721408843994e-01 7.429856061935424805e-02 -1.048636287450790405e-01 1.221798360347747803e-01 2.297828532755374908e-02 7.841898500919342041e-02 -1.633824408054351807e-01 -1.799917817115783691e-01 2.087482511997222900e-01 -1.457245945930480957e-01 9.235317818820476532e-03 -3.674218431115150452e-02 4.966525733470916748e-02 1.792860180139541626e-01 8.371250331401824951e-02 6.655871123075485229e-02 -4.032071679830551147e-03
-1.576749682426452637e-01 -5.374275147914886475e-02 -3.078520596027374268e-01 2.084919512271881104e-01 -3.137716650962829590e-01 -7.877749158069491386e-05 -1.128075122833251953e-01 5.491358786821365356e-02 -3.398948907852172852e-02 1.851472705602645874e-01 -1.197167336940765381e-01 1.589393317699432373e-01 -1.614671051502227783e-01 -1.163218989968299866e-01 -2.189709246158599854e-02 2.782111763954162598e-01 3.259156644344329834e-02 1.832950264215469360e-01 4.479672759771347046e-02 5.463981628417968750e-02 3.659516870975494385e-01 -5.315024778246879578e-02 -2.432921379804611206e-01 1.097841560840606689e-01 1.672871857881546021e-01 -1.286444365978240967e-01 2.418322861194610596e-01 8.446452021598815918e-02 -2.050201296806335449e-01 1.376970391720533371e-02
9.889039397239685059e-02 -7.943842560052871704e-02 -1.318075507879257202e-01 8.256771415472030640e-02 -4.153052270412445068e-01 3.452443480491638184e-01 -6.428830325603485107e-02 4.371582064777612686e-03 -5.166457593441009521e-02 1.581231951713562012e-01 3.910044580698013306e-02 1.103317067027091980e-01 9.941746294498443604e-02 -1.903410442173480988e-02 -2.560249567031860352e-01 -9.024143218994140625e-02 -1.037492901086807251e-01 1.973439753055572510e-01 -1.548663973808288574e-01 -1.655663549900054932e-02 7.924494892358779907e-02 -2.515506744384765625e-01 -8.283503353595733643e-02 4.481713101267814636e-02 -6.878620386123657227e-02 -1.644142419099807739e-01 -9.137985110282897949e-02 9.921258687973022461e-02 -1.760568022727966309e-01 1.090059801936149597e-01
1.002275273203849792e-01 1.269258260726928711e-01 1.586544513702392578e-01 -1.641317754983901978e-01 -2.434180676937103271e-01 -2.281592227518558502e-02 -1.216171979904174805e-01 -2.481855005025863647e-01 -8.347807079553604126e-02 -3.806949406862258911e-02 -9.716092050075531006e-02 1.994607001543045044e-01 -6.905338168144226074e-02 2.363531664013862610e-02 -1.910384595394134521e-01 1.650425791740417480e-01 -6.294807046651840210e-02 1.732587069272994995e-01 -5.135798128321766853e-04 3.072218969464302063e-02 -1.211659610271453857e-01 -1.059315055608749390e-01 1.477338820695877075e-01 9.757402539253234863e-02 -2.268508309498429298e-03 -1.431254297494888306e-01 3.431559354066848755e-02 -4.285687208175659180e-02 -5.603200756013393402e-03 -5.614519864320755005e-02
-1.367663741111755371e-01 4.384206607937812805e-02 -3.311484456062316895e-01 7.288490980863571167e-02 -1.072508469223976135e-01 4.125107526779174805e-01 -2.772367186844348907e-02 1.252570003271102905e-01 -9.447842091321945190e-02 -3.755354881286621094e-02 9.210567921400070190e-02 7.502941042184829712e-02 1.821854412555694580e-01 -1.230247691273689270e-01 3.419517874717712402e-01 1.931720674037933350e-01 7.305128127336502075e-02 1.557327806949615479e-01 -2.337068468332290649e-01 1.866291463375091553e-01 3.026005029678344727e-01 -1.066374853253364563e-01 -1.624821573495864868e-01 3.076502084732055664e-01 -9.184458106756210327e-02 -1.488541364669799805e-01 1.722174584865570068e-01 -4.422518238425254822e-02 -5.481735989451408386e-02 7.062808424234390259e-02
1.601359248161315918e-01 -4.345462098717689514e-02 -8.483172953128814697e-02 -1.148338150233030319e-02 1.493989080190658569e-01 1.950978338718414307e-01 1.253575533628463745e-01 8.018028922379016876e-03 1.235821321606636047e-01 -8.819094300270080566e-02 1.266089528799057007e-01 9.615767747163772583e-02 1.031733900308609009e-01 -1.191280484199523926e-01 2.871480956673622131e-02 1.200936213135719299e-01 -1.775646656751632690e-01 -6.286112964153289795e-02 1.357785910367965698e-01 1.839750111103057861e-01 1.734044700860977173e-01 6.658489815890789032e-03 1.781926006078720093e-01 1.449584960937500000e-01 -9.995361417531967163e-02 1.661292165517807007e-01 6.772145628929138184e-02 -9.856910258531570435e-02 2.527614869177341461e-02 -9.733831882476806641e-02
5.068193748593330383e-02 -1.360183507204055786e-01 -8.056207001209259033e-02 1.856611482799053192e-02 9.734926372766494751e-02 4.925301373004913330e-01 -3.730973228812217712e-02 1.249917671084403992e-01 -8.447076380252838135e-02 -2.450206577777862549e-01 2.239895015954971313e-01 -8.269707858562469482e-02 1.143715307116508484e-01 2.983001619577407837e-02 8.954552561044692993e-02 -1.640305109322071075e-02 1.065274626016616821e-01 -1.248250156641006470e-02 9.724368155002593994e-02 1.380175799131393433e-01 6.907556205987930298e-02 -9.112294763326644897e-02 -2.708362229168415070e-02 3.951726108789443970e-02 -4.024835675954818726e-02 -3.954896330833435059e-02 7.643082737922668457e-02 1.530614029616117477e-02 -7.326776534318923950e-02 1.026701927185058594e-02
-5.042327940464019775e-02 9.692766517400741577e-02 1.196930855512619019e-01 5.177420750260353088e-02 1.272162348031997681e-01 2.805577516555786133e-01 -1.752853393554687500e-02 6.665490567684173584e-02 1.328135579824447632e-01 3.769592195749282837e-02 2.953785704448819160e-03 1.558250281959772110e-02 1.482629776000976562e-01 -1.147128045558929443e-01 3.453125059604644775e-02 9.164540469646453857e-02 -2.274670898914337158e-01 -6.296816468238830566e-02 1.599469184875488281e-01 -1.972187310457229614e-01 -1.844290196895599365e-01 9.382741898298263550e-02 3.548489138484001160e-02 -1.742633990943431854e-02 -5.490298196673393250e-02 1.141964737325906754e-02 -1.438926160335540771e-01 1.256649643182754517e-01 -9.911654889583587646e-02 -7.787808775901794434e-02
