7.181960134983619848e-02 1.010900340050085860e-01 1.318306941991066461e-01 1.629191897460240679e-01 1.956888408371866006e-01 2.288612089527548299e-01 2.619051269049875730e-01 2.955532099471934737e-01 3.282595281612937788e-01 3.601923695573522322e-01 3.909583379850495310e-01 4.194910948468311140e-01 4.460704757204843607e-01 4.697382879886410345e-01 4.910471863949711913e-01 5.088690824818071778e-01 5.232821437100717565e-01 5.342514218616654098e-01 5.414018329879279889e-01 5.448993950465432778e-01 5.446308083315443138e-01 5.412260096434801104e-01 5.344502509024045001e-01 5.252711660531113047e-01 5.144856362934506766e-01 5.020556935234880003e-01 4.896872141579876048e-01 4.768741587505393453e-01 4.647350422394158631e-01 4.244819224849383787e-01
4.730992618727759835e-02 7.651261580077069191e-02 1.045946374555339065e-01 1.315226147108269350e-01 1.576835429415122114e-01 1.823078497620392313e-01 2.049263947902624783e-01 2.261636882265886384e-01 2.451294526666003559e-01 2.619855994269228994e-01 2.766313460387801459e-01 2.887213478920582777e-01 2.987822788505953842e-01 3.063161516418778652e-01 3.118164869426865993e-01 3.150196996622759427e-01 3.162570385207714163e-01 3.157177483591249723e-01 3.133358446612909409e-01 3.095251636759834835e-01 3.042398183381040400e-01 2.976774343094985564e-01 2.900350751212874556e-01 2.815781721838208629e-01 2.726824107086109339e-01 2.633538648531600357e-01 2.541909771463979895e-01 2.448621311106087273e-01 2.359134283505057994e-01 2.077616581407389640e-01
-1.633228566780843549e-02 -3.463932758819777968e-02 -4.863143447535393099e-02 -6.059084023894684840e-02 -7.079107470953194259e-02 -7.900363808752763894e-02 -8.509484926542193461e-02 -8.931930087015754749e-02 -9.158667749955609616e-02 -9.199317469708422068e-02 -9.054369092979935862e-02 -8.749939744490160820e-02 -8.289292608596764145e-02 -7.691230447476760101e-02 -6.961500715106666570e-02 -6.109783013387237033e-02 -5.163601892490655293e-02 -4.133134660446800834e-02 -2.999982913691961323e-02 -1.819474252596437261e-02 -5.422350303235541971e-03 7.930103550683482300e-03 2.193734472620831669e-02 3.648706329413910904e-02 5.165466934851299652e-02 6.737309597967486297e-02 8.368904372448650320e-02 1.006143053823123912e-01 1.180318557799153317e-01 1.621414771672560762e-01
2.269457646422947186e-03 3.663563731580181740e-03 5.816765835329839804e-03 8.065762335014227055e-03 1.013418757523010597e-02 1.205129305327469307e-02 1.374821996575640269e-02 1.532172459323032782e-02 1.673265183731036110e-02 1.804202848070103615e-02 1.933465813489008631e-02 2.060841270106785264e-02 2.215581534340481384e-02 2.388166093098856996e-02 2.596340238191510025e-02 2.851894869764517310e-02 3.161545224896036843e-02 3.535115129239520260e-02 3.989694867692611391e-02 4.512660634714818486e-02 5.134245976514146409e-02 5.818402858616986140e-02 6.581503929225417104e-02 7.398971178888197331e-02 8.269015490816108982e-02 9.179429015394878488e-02 1.011610120700484616e-01 1.106729320738101263e-01 1.202336625778373108e-01 1.415752716152928470e-01
2.142929564590648900e-02 3.469598880991124623e-02 4.468757101240797280e-02 5.338084413113805549e-02 6.125153399170318869e-02 6.806197164455310422e-02 7.372144659803717137e-02 7.863009847397899044e-02 8.242860003328653096e-02 8.535624784653628172e-02 8.742214412044724270e-02 8.851712016307251851e-02 8.894772025853608932e-02 8.857968252994850855e-02 8.769406117838660086e-02 8.603056729137470438e-02 8.389480775023537562e-02 8.113082907681221090e-02 7.767861617628957216e-02 7.354008771904688158e-02 6.866542434611672130e-02 6.274151854829103370e-02 5.597984170029716988e-02 4.804862194335308978e-02 3.899295696271391776e-02 2.856732246318860122e-02 1.705591979909737779e-02 4.039386080107447430e-03 -1.015953764347048149e-02 -5.726468306232126992e-02
7.346429088007867814e-02 1.078835708544786665e-01 1.428257371179754154e-01 1.785357749405684369e-01 2.170946198229081747e-01 2.571885143705829879e-01 2.983748537785010368e-01 3.417626274205551318e-01 3.861048765463651056e-01 4.322548496977232091e-01 4.800866720371690377e-01 5.288302325301273976e-01 5.789564004361210658e-01 6.300163582918077987e-01 6.830526219700930879e-01 7.365637790656156536e-01 7.902321757159358473e-01 8.443978048715197193e-01 8.984093521588584208e-01 9.514984827658610200e-01 1.004083481315493742e+00 1.056109167994585540e+00 1.105535106756025954e+00 1.153416240586339514e+00 1.199822877357819007e+00 1.243541624193984063e+00 1.285964235458116889e+00 1.326139288998779309e+00 1.364360575869402181e+00 1.425143935299734155e+00
6.346320977286354359e-02 1.021701539525339542e-01 1.392018208598248818e-01 1.750919052124517150e-01 2.107799986672346249e-01 2.452124926028713681e-01 2.778343451346965698e-01 3.095593010124021438e-01 3.392911287465154024e-01 3.674546050613227699e-01 3.939508945227768733e-01 4.183592771764556573e-01 4.413033684278564461e-01 4.622957423217039508e-01 4.820907116651965696e-01 5.000892833689489780e-01 5.165183988883137456e-01 5.317085797576348583e-01 5.453924214894934064e-01 5.577810723555649552e-01 5.689074790553210192e-01 5.789524222616508897e-01 5.874159547921538049e-01 5.948392551231322933e-01 6.015057951440472284e-01 6.070388970259725792e-01 6.122722235452295880e-01 6.166383601186715691e-01 6.206431124571367697e-01 6.151470045242679596e-01
-1.126200061398664742e-02 -1.156823212927832883e-02 -9.290778460995668259e-03 -6.556599349466347981e-03 -4.208609810276238775e-03 -2.121927172482379956e-03 -4.157664458645810718e-04 8.951670236913063933e-04 1.962033313159337183e-03 2.766247267079816052e-03 3.486717528797318721e-03 4.293816975288085314e-03 5.583067320731693525e-03 7.322220891744146351e-03 9.689384586842106697e-03 1.315846525244155490e-02 1.773413966221182303e-02 2.378165799634776589e-02 3.163220986600141782e-02 4.122113280248867334e-02 5.305441798980285034e-02 6.674651191047942245e-02 8.248084626932412899e-02 1.000344869310042656e-01 1.193204703277702672e-01 1.403007068634526955e-01 1.624420647279876950e-01 1.858002874130600390e-01 2.099714710849200083e-01 2.732014286922327395e-01
-1.164420079924979173e-03 -6.063592867261713426e-03 -8.486209373760841487e-03 -9.754955003109345296e-03 -9.962995185663670733e-03 -9.065794214028928544e-03 -7.064102707533236047e-03 -3.917454943300674453e-03 3.705301756601001723e-04 5.916275559251659225e-03 1.278946186195232745e-02 2.087179214977522360e-02 3.035817231522208379e-02 4.115028428668683624e-02 5.344046990377424033e-02 6.713691793165807442e-02 8.205928939645269760e-02 9.831927982936093657e-02 1.160215889985417720e-01 1.346943987319905167e-01 1.548259450300588647e-01 1.759877218565534251e-01 1.979101897901393570e-01 2.205260863688684458e-01 2.437712965810528432e-01 2.673322884049947890e-01 2.911832503178545251e-01 3.151741148098928802e-01 3.390848921010224393e-01 3.933279829162530383e-01
1.596084314888378958e-02 2.386634197267265001e-02 3.022604291307206398e-02 3.599330822551272124e-02 4.146871005397992360e-02 4.649393915741481531e-02 5.100220671354324664e-02 5.528932480906541269e-02 5.908642617290353616e-02 6.258973713702239983e-02 6.581680118037155913e-02 6.864990981043651852e-02 7.135879572666026238e-02 7.381083669167007311e-02 7.625475864483971522e-02 7.848126459035995039e-02 8.066421062413689502e-02 8.272049319577580440e-02 8.464181536037480857e-02 8.630823006292584476e-02 8.781512324198910424e-02 8.882896768829744161e-02 8.944721915799981604e-02 8.941570602603304829e-02 8.875745143754724953e-02 8.722803872267274883e-02 8.502871555869477571e-02 8.182906316856029816e-02 7.780711567424214437e-02 5.832440517795690893e-02
1.798835215742430882e-02 5.091070200262231421e-02 8.158944889393737743e-02 1.101639103287351817e-01 1.359308580581934378e-01 1.585839061354856194e-01 1.776489312533146292e-01 1.937503170428927501e-01 2.068382716321046644e-01 2.172927008958824568e-01 2.254756731631025746e-01 2.319787471279739499e-01 2.377801407691889080e-01 2.430431867502172716e-01 2.484594442860683372e-01 2.547374533254248563e-01 2.622396244288476841e-01 2.718270252190479463e-01 2.837348568447457531e-01 2.983536057141743525e-01 3.160944854761575940e-01 3.365136078590554303e-01 3.594401590294507010e-01 3.846216146899182897e-01 4.117055343501469511e-01 4.403273375697170366e-01 4.696059233374506592e-01 4.993246140911097308e-01 5.289000855291350334e-01 5.957738639066504360e-01
-3.164528321814484568e-02 -6.265369135863817218e-02 -9.390219307791895786e-02 -1.237285552078424139e-01 -1.516697878698444746e-01 -1.769958343443010507e-01 -1.990922125163294421e-01 -2.182433798625945665e-01 -2.338314350214184545e-01 -2.455932060161278296e-01 -2.533822811653353990e-01 -2.572173288848405015e-01 -2.573604222510982309e-01 -2.534780380955064527e-01 -2.456931642428500373e-01 -2.344526046758760029e-01 -2.200434465832430408e-01 -2.030379504949602065e-01 -1.834405043318447781e-01 -1.625043050685031076e-01 -1.397862487358494110e-01 -1.164018850015778456e-01 -9.276313390688342708e-02 -6.967953074678688574e-02 -4.761256901328517893e-02 -2.732231262527450369e-02 -8.924941881717905756e-03 7.220504052524836028e-03 2.072700503849482165e-02 3.723866432096782642e-02
3.981978754653103109e-02 5.435231814845943588e-02 6.875935087942067203e-02 8.344216937239794241e-02 9.958604477006353928e-02 1.164703630629967124e-01 1.339019593395493479e-01 1.523873828223815674e-01 1.710054956649691149e-01 1.900110847631784061e-01 2.091796704033739296e-01 2.278026429637882988e-01 2.460231793975666825e-01 2.633061282105033651e-01 2.800315516407859695e-01 2.952471963479555983e-01 3.089644516931696061e-01 3.209774430095363451e-01 3.309744229082852707e-01 3.387251577214970277e-01 3.442275204004031641e-01 3.475577030305470050e-01 3.484069961156425754e-01 3.471652725089834357e-01 3.442262575504230204e-01 3.392720203938054957e-01 3.334836601725026939e-01 3.263077820912836380e-01 3.184625921449744101e-01 2.842386055619557927e-01
3.668389340080811800e-03 -1.018769855168837231e-02 -2.131073268614900457e-02 -3.044362920904387926e-02 -3.692543156042418090e-02 -4.077463569535523524e-02 -4.180591080917424318e-02 -4.003715792958113806e-02 -3.565329610409442851e-02 -2.850445966540622600e-02 -1.867903329378596544e-02 -6.691193324405105870e-03 7.331708341202562013e-03 2.316450209108771377e-02 4.089295939802337077e-02 5.979263581444257958e-02 7.953981757628372784e-02 9.982816369572809767e-02 1.205393739807439635e-01 1.408367781484278214e-01 1.610976203836394782e-01 1.809225441744082286e-01 1.998490191397698512e-01 2.179194173723538741e-01 2.352051754931608341e-01 2.512589381186937088e-01 2.666893957961632422e-01 2.811725785682211431e-01 2.948319306164955966e-01 3.174126444874014186e-01
-2.009863954831965158e-02 -3.806075002662663576e-02 -5.186402026234954166e-02 -6.402340996628119729e-02 -7.521435386872199480e-02 -8.508729914926986548e-02 -9.353529707777447078e-02 -1.008687956278438019e-01 -1.068623035104729058e-01 -1.116858574471278065e-01 -1.152811926707259932e-01 -1.177392215680781173e-01 -1.190120490799762565e-01 -1.192245820145264312e-01 -1.184699482982403129e-01 -1.165371821955801385e-01 -1.135994896781764157e-01 -1.096755773876623707e-01 -1.044465707577576230e-01 -9.829273502695629050e-02 -9.071845166491754320e-02 -8.213460504950480245e-02 -7.220432691287478888e-02 -6.119102187343051363e-02 -4.906134394462793868e-02 -3.574831310163768122e-02 -2.149848033124552443e-02 -6.183463088227786342e-03 9.962861672073497488e-03 5.521319214677812559e-02
3.901915192607549598e-02 5.957577002368165398e-02 7.936265050086503681e-02 9.891022428514896492e-02 1.190013348549711913e-01 1.390403988687947678e-01 1.587661995144321603e-01 1.787849731535901543e-01 1.984819924049338602e-01 2.182703985432190574e-01 2.381397899080498204e-01 2.577982876818216695e-01 2.776615279812940651e-01 2.974843674180860376e-01 3.178300612270332781e-01 3.381509168402511145e-01 3.584695252013471167e-01 3.789741870833502890e-01 3.994608403799030372e-01 4.196894213958809461e-01 4.398880491122333369e-01 4.598723774923711427e-01 4.789870953009406351e-01 4.974882807253937500e-01 5.154155559700281941e-01 5.322167913776806314e-01 5.484216790106428707e-01 5.635121947404735376e-01 5.776651285576320793e-01 5.964190118222540971e-01
-3.060752292499428762e-02 -5.702346293409416011e-02 -7.836906634452914244e-02 -9.828996476095583357e-02 -1.182700744897904055e-01 -1.376771401891391522e-01 -1.563899443989633375e-01 -1.750312984544680206e-01 -1.931982443775211167e-01 -2.114184447180869342e-01 -2.296460546468983011e-01 -2.478637208845059781e-01 -2.660699079694074931e-01 -2.844500892692924943e-01 -3.033963371614509241e-01 -3.221799678099550590e-01 -3.407818641271899152e-01 -3.593261359311890057e-01 -3.772017134584590425e-01 -3.943844078076446102e-01 -4.105026302873230337e-01 -4.258701065956659870e-01 -4.391517906614170186e-01 -4.509224656041321833e-01 -4.609925956233728583e-01 -4.686909831815490035e-01 -4.746205924450490610e-01 -4.782713370627110216e-01 -4.798193542760609831e-01 -4.644218262029449207e-01
1.458758781736887306e-02 2.484802680551204818e-02 3.437197797082165718e-02 4.313847977338074180e-02 5.098994347970996210e-02 5.776230278344901548e-02 6.327592643097942893e-02 6.776928085724448492e-02 7.096287159073509654e-02 7.289937887407606232e-02 7.360312162669507829e-02 7.301971711652785468e-02 7.151487384980095841e-02 6.888108297982295514e-02 6.533422434460230133e-02 6.097403397383170665e-02 5.606482586970219784e-02 5.066400237294794995e-02 4.490909168480072128e-02 3.897910238593566001e-02 3.296586031826660712e-02 2.667947541568782555e-02 2.058376487121494139e-02 1.443771612939829738e-02 8.367549707658485797e-03 2.417184833590057397e-03 -3.398613051061687845e-03 -9.221733257732626227e-03 -1.487642733144316221e-02 -3.065966136766885841e-02
-2.828827293971801840e-02 -4.737428837626453393e-02 -6.526325113793315924e-02 -8.303671379958207921e-02 -1.015400342117858956e-01 -1.202694045798232553e-01 -1.390436534979234695e-01 -1.582812464393575369e-01 -1.777463277207898540e-01 -1.978236905885435437e-01 -2.185021792970560650e-01 -2.398058733363444550e-01 -2.617719972934491324e-01 -2.845473628833713464e-01 -3.084878695384461467e-01 -3.331634815867917654e-01 -3.583297639735329998e-01 -3.844074048431038171e-01 -4.109635320946943837e-01 -4.379135016672167091e-01 -4.652022739971911625e-01 -4.931917537143628572e-01 -5.204390690499756111e-01 -5.477316981641300320e-01 -5.748693249798473293e-01 -6.013181461307675058e-01 -6.273638044045654061e-01 -6.527941597406254903e-01 -6.774362592422887852e-01 -7.283911370671778407e-01
7.612675655834577615e-02 1.125882029671560203e-01 1.475419706739010683e-01 1.814046807683765694e-01 2.155515064455512109e-01 2.486594644831713607e-01 2.801657366433892293e-01 3.108995662284254058e-01 3.392217534905864751e-01 3.652747320961842181e-01 3.886507074583249732e-01 4.083659998129132718e-01 4.247641611802275285e-01 4.368809306282785965e-01 4.452282477379010395e-01 4.487865021990877779e-01 4.479356444828436201e-01 4.424893649754905178e-01 4.320820782934693960e-01 4.172328937600560117e-01 3.975327913999807672e-01 3.736505388300292996e-01 3.458996436262242180e-01 3.149766289240969463e-01 2.817466051296448892e-01 2.463668242125970353e-01 2.105303101052319048e-01 1.736972494751457541e-01 1.372310587624245848e-01 3.643307876902659309e-02
8.171901900707981281e-02 1.192511755985790900e-01 1.596992270988986107e-01 2.013550966324242075e-01 2.459742873606234892e-01 2.920399926130381463e-01 3.389206949559196991e-01 3.876934970334123265e-01 4.368568664155300652e-01 4.870645301561177254e-01 5.380896713522383967e-01 5.889990877717043993e-01 6.403131502413939025e-01 6.913105089568597483e-01 7.430132986510976645e-01 7.940438862508828466e-01 8.440765011942378271e-01 8.936038439151594570e-01 9.420601053772669209e-01 9.889806540899498399e-01 1.034784994481849685e+00 1.079774070300521638e+00 1.122201716517900794e+00 1.163437906536064492e+00 1.203838347203248338e+00 1.242556536450871718e+00 1.281117816192713921e+00 1.318767888537534905e+00 1.355960735668756412e+00 1.423203467217776463e+00
-4.698096732742547757e-03 -1.103645117688087894e-03 4.099302798426546213e-03 8.728446265832953688e-03 1.150601730428055941e-02 1.255535659860613704e-02 1.163765430249886698e-02 8.694716247386335278e-03 3.747974644665360427e-03 -3.463144810062707482e-03 -1.283639302543972995e-02 -2.416086895884036675e-02 -3.697678458912539989e-02 -5.147087986865316739e-02 -6.761082892350700480e-02 -8.457563058984512994e-02 -1.020403401772345120e-01 -1.197233679852425237e-01 -1.371295379634507594e-01 -1.537398621193787063e-01 -1.693343344752715751e-01 -1.840688550500453047e-01 -1.968141857400457773e-01 -2.079871321537145878e-01 -2.174391602435138959e-01 -2.246398965271440562e-01 -2.302259484185011362e-01 -2.339018105406410197e-01 -2.357718852978996915e-01 -2.269454676940169668e-01
1.316035957875750506e-01 2.026456643507660027e-01 2.762046497217104379e-01 3.500984088713427478e-01 4.268488769229550894e-01 5.039998551590972875e-01 5.804136331646032598e-01 6.579123049777506615e-01 7.341729730816668464e-01 8.102370777459643181e-01 8.858416317432817877e-01 9.598285390003629125e-01 1.033191076560434851e+00 1.104945072051653154e+00 1.176771293790781492e+00 1.246870352739724019e+00 1.314997593559495526e+00 1.382137225976756811e+00 1.447422784658905170e+00 1.510605630287376711e+00 1.572109309467820237e+00 1.632581911617665638e+00 1.689472381165164405e+00 1.744846796774566222e+00 1.799172618017185421e+00 1.851269256120975815e+00 1.903181600751444380e+00 1.953858828746369847e+00 2.003875645036835351e+00 2.091146547995721861e+00
7.722474759767852803e-02 1.218177910682213538e-01 1.669391915746015753e-01 2.118935970278717495e-01 2.579200077346383013e-01 3.036840573848132996e-01 3.485056732735066776e-01 3.935049186021301049e-01 4.374622714961093339e-01 4.810487316103188027e-01 5.242202776721480717e-01 5.664747359943340665e-01 6.085700195618862773e-01 6.500279552730058308e-01 6.919155029540255963e-01 7.333815974527588821e-01 7.743535608258538261e-01 8.155178678462096098e-01 8.564747669262543495e-01 8.970680617854983607e-01 9.376849696247184784e-01 9.784680240671331797e-01 1.017941634537667506e+00 1.057114618539189532e+00 1.096128057319646132e+00 1.134175505982297993e+00 1.172164665736035616e+00 1.209410051932649166e+00 1.246095779179619445e+00 1.314400604781842397e+00
-1.721666757323818409e-02 -3.085283280511774001e-02 -4.293756553482697136e-02 -5.453754150095683345e-02 -6.626692885380641718e-02 -7.775538209857155159e-02 -8.888742703706584147e-02 -9.990720364407290610e-02 -1.106169137913373401e-01 -1.211954607699423370e-01 -1.315871158341020974e-01 -1.417997334923719321e-01 -1.517606268279408643e-01 -1.615590779901468210e-01 -1.713305704953169695e-01 -1.808015806156815786e-01 -1.898921643993006780e-01 -1.987786906816390031e-01 -2.071459004431020490e-01 -2.151320488547174281e-01 -2.224941665120377388e-01 -2.296507204591361206e-01 -2.358615708545497569e-01 -2.416619453970686726e-01 -2.469984697146100916e-01 -2.516925576629435168e-01 -2.560083328533337421e-01 -2.598613852018653581e-01 -2.632937331893694943e-01 -2.673595079272430008e-01
6.012775890454341576e-02 9.159866691810408801e-02 1.204551082992590810e-01 1.483539089576648706e-01 1.766848301134938404e-01 2.044840134853314062e-01 2.313889795136107597e-01 2.582571431341666446e-01 2.840244026071964134e-01 3.091754807533380056e-01 3.335623951293030798e-01 3.566424599413663410e-01 3.788315363409892056e-01 3.996840403884258097e-01 4.198569722255190984e-01 4.384232326418487369e-01 4.555566048963775594e-01 4.712797744906071506e-01 4.851940856865313845e-01 4.972397911796964109e-01 5.073604637569707476e-01 5.156116343413100767e-01 5.214039555311443808e-01 5.251560572551864370e-01 5.271252806534730828e-01 5.267785761549474977e-01 5.252057463694109751e-01 5.216888960317694890e-01 5.168725276702185178e-01 4.837692121755924335e-01
-3.330842807582842097e-02 -5.704174892772209682e-02 -7.832141690385935329e-02 -9.888432874165471731e-02 -1.197829745082930469e-01 -1.403780893923490813e-01 -1.604569733752040928e-01 -1.805215627377882714e-01 -2.001537496162026919e-01 -2.197257223690594896e-01 -2.391692020093198479e-01 -2.584213552150366744e-01 -2.775068465967148734e-01 -2.964909531706683143e-01 -3.157239417354746891e-01 -3.346705279966747937e-01 -3.532307946863294523e-01 -3.716906664796991167e-01 -3.895671452113914635e-01 -4.069411292059266216e-01 -4.235692954359661089e-01 -4.399188707639546392e-01 -4.547870381523370087e-01 -4.689318407177736070e-01 -4.822732676291194842e-01 -4.943750184184929619e-01 -5.057339200283079705e-01 -5.160661756583582171e-01 -5.254689685613905814e-01 -5.375736253760499128e-01
1.105364283923304311e-03 -2.057559623742693036e-02 -3.997925588265527352e-02 -5.822564452882385971e-02 -7.519401134980698009e-02 -9.072976475081151460e-02 -1.046237369882662416e-01 -1.172345999290007046e-01 -1.288601342787767667e-01 -1.398893459059388500e-01 -1.505856821262383793e-01 -1.616280412079270645e-01 -1.733443185199869951e-01 -1.862514769647414525e-01 -2.007213731927259270e-01 -2.171617408750477485e-01 -2.354599289991514965e-01 -2.564233633891042086e-01 -2.799182095011106819e-01 -3.060911909723477708e-01 -3.350761154114272333e-01 -3.669189895732420936e-01 -4.004151804972587714e-01 -4.359251994577378886e-01 -4.728940718994133485e-01 -5.108311383131902694e-01 -5.490028508869928547e-01 -5.873704173014084873e-01 -6.251650082350892479e-01 -7.138083568585859018e-01
2.591570196961707345e-02 4.905908704374648682e-02 6.507093834539365296e-02 7.793009511250394150e-02 8.793289989642411042e-02 9.492952502484908184e-02 9.879456835443839458e-02 1.000974703931341997e-01 9.864356204069976708e-02 9.480304973920067324e-02 8.872134939026367351e-02 8.069513804230461773e-02 7.126189319163411806e-02 6.053570356747253745e-02 4.887426632574119051e-02 3.637135419650799895e-02 2.364728232072064312e-02 1.061639906610562997e-02 -2.724442466955308284e-03 -1.607859236360607152e-02 -2.965463360925834832e-02 -4.398467431369698644e-02 -5.858711037535531407e-02 -7.423763072004258001e-02 -9.112631549704375278e-02 -1.095327065216785412e-01 -1.296520827559037858e-01 -1.519526025005624725e-01 -1.762633033959068452e-01 -2.514276605575822554e-01
4.057384222615380287e-02 6.391463584730089353e-02 8.590344891639656311e-02 1.073320589641404282e-01 1.289974254821406596e-01 1.502634664245455776e-01 1.708442621219843638e-01 1.913939833432491411e-01 2.112566803560887996e-01 2.308595377539239824e-01 2.501941387180440790e-01 2.689854346536881824e-01 2.876825668788789425e-01 3.060374015328754527e-01 3.246388683372176676e-01 3.429484992223527096e-01 3.610582123430089996e-01 3.791520655228024506e-01 3.970229474002398007e-01 4.145087640211662650e-01 4.317879400460139516e-01 4.486950588204637880e-01 4.646433277712163634e-01 4.798602329590796467e-01 4.943968897487763803e-01 5.077153961238398683e-01 5.203574921839160261e-01 5.317796656751490048e-01 5.422046045720525509e-01 5.514152250911673603e-01
-3.063940322520181808e-02 -5.146837115117436356e-02 -7.079193151184751120e-02 -8.985973351054522829e-02 -1.096678674781813578e-01 -1.296137130732367415e-01 -1.495028920608792999e-01 -1.697838501883646711e-01 -1.900932868084260763e-01 -2.107963809571181679e-01 -2.318330314657668645e-01 -2.531301490824039435e-01 -2.746909710321260301e-01 -2.965878506365814404e-01 -3.191629029227629477e-01 -3.418837087384564155e-01 -3.645503659209705094e-01 -3.874999689915283874e-01 -4.102576557995414874e-01 -4.328067899080100256e-01 -4.549987332991383138e-01 -4.772816055488053322e-01 -4.983178077540408868e-01 -5.189326141098637990e-01 -5.390232813928786948e-01 -5.581137522798678141e-01 -5.766678694447988640e-01 -5.944298814886692650e-01 -6.114032768457426936e-01 -6.428891942187060504e-01
-6.294481986099302595e-02 -1.023416364231265752e-01 -1.376532692930974855e-01 -1.716029025746200753e-01 -2.059241979971328240e-01 -2.394893391406567873e-01 -2.719006993326553712e-01 -3.040025431575960058e-01 -3.348320846502423898e-01 -3.648744476743626119e-01 -3.939182860316441936e-01 -4.216173075090189348e-01 -4.480665951950175696e-01 -4.730900241441292620e-01 -4.972318155317728139e-01 -5.195364756614524460e-01 -5.400173162941277472e-01 -5.589273465575954614e-01 -5.755485880549922051e-01 -5.901571138587645704e-01 -6.022714007212606191e-01 -6.126638577104474015e-01 -6.199922242254112259e-01 -6.253373142097300441e-01 -6.288500894157267318e-01 -6.300504066752374843e-01 -6.300486775547621265e-01 -6.283334030869401898e-01 -6.254736430477410014e-01 -6.017519537588618128e-01
2.947890787838960275e-02 5.755850218732395940e-02 8.513191008794251946e-02 1.109579907091888806e-01 1.343828577728286011e-01 1.548887532452205562e-01 1.719328375671915765e-01 1.859306637366467119e-01 1.962748662340241812e-01 2.028683642286414901e-01 2.057228033967239689e-01 2.048288793355662607e-01 2.008697618554785846e-01 1.934204969144436292e-01 1.828424264695935053e-01 1.696254055787609072e-01 1.543066319974532585e-01 1.372822883594427834e-01 1.188398009248719800e-01 9.984811115425357153e-02 8.029820971837832444e-02 6.040058034907130891e-02 4.111059963243945264e-02 2.240424808480471694e-02 4.649369091603780535e-03 -1.168393775812391795e-02 -2.667812202817841996e-02 -4.030058138337273138e-02 -5.222082564465291982e-02 -7.416181498192644939e-02
4.460723700466862757e-02 7.046803028192658025e-02 9.693187136196457221e-02 1.235440689895834498e-01 1.510515199840783973e-01 1.786934032842198983e-01 2.060833855199136200e-01 2.339376133227009102e-01 2.615721012872476159e-01 2.894866356474283808e-01 3.177120424721348035e-01 3.459635062899814040e-01 3.747898475549719666e-01 4.039333003039551340e-01 4.341335567273124085e-01 4.648494159516680657e-01 4.959832802246307293e-01 5.280027042321596698e-01 5.606936709843655109e-01 5.937493058280229885e-01 6.275993966833363080e-01 6.620896517290577599e-01 6.961616369265134496e-01 7.303358066042541230e-01 7.646023480231085578e-01 7.982761907384758882e-01 8.318291025156665519e-01 8.647435263216931567e-01 8.970034178566400618e-01 9.596837247208872546e-01
2.920422191757494554e-02 4.542949632412104227e-02 6.119801267571263470e-02 7.660629570837282354e-02 9.199806972974813868e-02 1.069586758457234527e-01 1.212491160663789758e-01 1.353178009414985894e-01 1.486946660295327960e-01 1.616294615222220177e-01 1.741270969379432321e-01 1.860008854763379738e-01 1.976557463297556883e-01 2.088592278490304377e-01 2.200354471558490788e-01 2.309332065933382971e-01 2.416585903236209976e-01 2.523888469995685391e-01 2.630724432402651858e-01 2.736490579763755093e-01 2.843167678493772055e-01 2.948989077131545233e-01 3.051838753814988814e-01 3.152473099100766563e-01 3.251651071559346073e-01 3.346426683157472937e-01 3.439662649145869278e-01 3.528016468941138073e-01 3.612946006812105537e-01 3.729139197721920151e-01
-4.997268930228078443e-02 -8.242021090661558191e-02 -1.142041633827758085e-01 -1.460136227098526307e-01 -1.790868965378523692e-01 -2.124539849473267294e-01 -2.457146281916609831e-01 -2.795643194252370178e-01 -3.133164724625133180e-01 -3.474541016350531919e-01 -3.818636015657908556e-01 -4.163347475389210239e-01 -4.510204153715631215e-01 -4.858418645169166328e-01 -5.213864811567838764e-01 -5.569356093296411458e-01 -5.921841507682072958e-01 -6.277671639841317930e-01 -6.630777684474755684e-01 -6.981352241787753821e-01 -7.328836134981286943e-01 -7.679901620862236156e-01 -8.016193130364006603e-01 -8.350635746181260810e-01 -8.683040955508292136e-01 -9.007306328473603241e-01 -9.330579688804117033e-01 -9.649490615967009077e-01 -9.964535675844572449e-01 -1.062250027132277008e+00
-1.498266533449557451e-02 -3.186904168825877709e-02 -4.486304374619320273e-02 -5.652416048883684291e-02 -6.777611917323694835e-02 -7.819642208261447236e-02 -8.770374881290023128e-02 -9.661906492642952093e-02 -1.046220171872264126e-01 -1.118982431257294352e-01 -1.183358436906992994e-01 -1.238925686463941273e-01 -1.284413413134771476e-01 -1.320410071534907359e-01 -1.347810540991858097e-01 -1.362490562763054303e-01 -1.365396979214865969e-01 -1.355918167708157762e-01 -1.330109482583109459e-01 -1.290626748847514826e-01 -1.232473228814539856e-01 -1.160142406304925378e-01 -1.069090074459765338e-01 -9.630300147386053333e-02 -8.422892648168314733e-02 -7.056166880976258438e-02 -5.578994042741367010e-02 -3.969934228254454883e-02 -2.265212415275597718e-02 2.699062667566625925e-02
-6.870333838379723279e-02 -1.061871998227466030e-01 -1.410073455228205985e-01 -1.760419679964196904e-01 -2.138525871151518987e-01 -2.531377482579529881e-01 -2.935763235146930938e-01 -3.361515193347007768e-01 -3.797689094792703335e-01 -4.251926733429539640e-01 -4.721539049292263202e-01 -5.200249293574872311e-01 -5.687779568020041587e-01 -6.182139426555417483e-01 -6.690796350656585956e-01 -7.197510223609824287e-01 -7.697864181032605391e-01 -8.195238747159286907e-01 -8.679335833795076560e-01 -9.146135294641511981e-01 -9.593589664355829383e-01 -1.002888963357170482e+00 -1.042627869672813290e+00 -1.080174742942868971e+00 -1.115588135055638919e+00 -1.147764327151768349e+00 -1.178330822986442872e+00 -1.206477301938836177e+00 -1.232677586031407868e+00 -1.269797857030862565e+00
-8.421892801888625213e-03 -1.978540166381590609e-02 -2.876816493120239529e-02 -3.667099209967514262e-02 -4.376840930492431614e-02 -4.986211668968278804e-02 -5.486458450191938202e-02 -5.890865845879286744e-02 -6.191626283219085064e-02 -6.392437345641169277e-02 -6.489599462986761491e-02 -6.496022591735210738e-02 -6.403871586528084303e-02 -6.224876646810605096e-02 -5.958628570491597554e-02 -5.604619118409757961e-02 -5.172487094883151254e-02 -4.669877053708641063e-02 -4.078429356602067402e-02 -3.435192123626538280e-02 -2.702638860455385331e-02 -1.922063522884766631e-02 -1.074150223988387144e-02 -1.846099777736913417e-03 7.483161953665537491e-03 1.717100357352350365e-02 2.715275518118271184e-02 3.739137059292728382e-02 4.778630313019229664e-02 7.299179311847248108e-02
-1.209518526552975926e-02 -1.648009033754198674e-02 -2.219747830344950823e-02 -2.881676288174542938e-02 -3.697778122991025873e-02 -4.631734911119158443e-02 -5.676850809449622559e-02 -6.840865609702151406e-02 -8.100049695974442798e-02 -9.461650310051732127e-02 -1.091163106447046449e-01 -1.242716511643638111e-01 -1.398389722178941807e-01 -1.557682217414406434e-01 -1.721036279995915852e-01 -1.883919357685378826e-01 -2.043112507469789507e-01 -2.199962800536904295e-01 -2.351207122643533542e-01 -2.495951947334456023e-01 -2.633180693474696521e-01 -2.768071100318578726e-01 -2.891722030433026558e-01 -3.012042189451289431e-01 -3.129773635796734843e-01 -3.243617188930740802e-01 -3.358459790536345579e-01 -3.474322278785666462e-01 -3.591945855389251374e-01 -3.868089038818229852e-01
9.893494107852471298e-02 1.579036853058253531e-01 2.182302034951189573e-01 2.783610097461863830e-01 3.397822716335928694e-01 4.007323893141603310e-01 4.602780837436150074e-01 5.198636798175244600e-01 5.779233424734240288e-01 6.353089466972678956e-01 6.919747883754900908e-01 7.473259413428336995e-01 8.023610649813133211e-01 8.564822139111378796e-01 9.110883991108564839e-01 9.651751474676445453e-01 1.018625329005285796e+00 1.072451804259590968e+00 1.126145491996035641e+00 1.179587486615441438e+00 1.233278846100200221e+00 1.287514151295707787e+00 1.340316240689004790e+00 1.393098503213103134e+00 1.446027334681899479e+00 1.498115729697383269e+00 1.550445600891705134e+00 1.602240760974072753e+00 1.653619052379907028e+00 1.754000104959877238e+00
-1.219329290063132266e-02 -2.361980975106353631e-02 -3.262670618212658996e-02 -4.064096471430370117e-02 -4.810480528645150189e-02 -5.476266714214812065e-02 -6.053396713552049863e-02 -6.557233237793483327e-02 -6.971570946084361398e-02 -7.300621470395428358e-02 -7.536273657059686104e-02 -7.682690832151228832e-02 -7.727760529688063040e-02 -7.678489952672175323e-02 -7.534162921888290509e-02 -7.281955375869555991e-02 -6.930027641046040965e-02 -6.480649295559602618e-02 -5.910277987938877819e-02 -5.253277763904493081e-02 -4.468560160031677386e-02 -3.601382958663979644e-02 -2.629806187764075626e-02 -1.584771456821869318e-02 -4.695730136995162132e-03 7.084210942639735872e-03 1.928603523980797901e-02 3.189727755428705541e-02 4.472399997302335672e-02 7.690806392649175705e-02
6.486487393608103558e-03 7.265510929823306221e-03 1.166876079246038055e-02 1.733551817684778756e-02 2.398538696600270234e-02 3.150207876157338355e-02 3.973870638078798312e-02 4.879986975608954086e-02 5.857149172494095779e-02 6.915267916690062688e-02 8.062282848161606008e-02 9.285846585445398094e-02 1.061800164902196170e-01 1.204109914284414717e-01 1.358416066894678198e-01 1.524833368711592807e-01 1.701413172177098643e-01 1.891489713646963555e-01 2.096474305511419889e-01 2.313014367681937578e-01 2.546823532410133484e-01 2.794984249393945297e-01 3.054206434431375183e-01 3.325885764531051336e-01 3.609932253519401169e-01 3.903893763899707325e-01 4.207036041525806791e-01 4.518526575096452058e-01 4.835578051106321218e-01 5.598605249702168773e-01
9.927216099227953103e-03 2.945965854795304026e-03 -5.891505711152893524e-03 -1.421356662807748278e-02 -2.073475080357848818e-02 -2.551553737160372481e-02 -2.828527651996004186e-02 -2.883957791461793513e-02 -2.744329132557705997e-02 -2.374685394793248083e-02 -1.784625759984629495e-02 -1.020414972431735179e-02 -9.572226077459184551e-04 9.781652710307175980e-03 2.214531858695358360e-02 3.515488584960092810e-02 4.870882021729126821e-02 6.221175268156124705e-02 7.536500363830456184e-02 8.734320116416850743e-02 9.821559147600414375e-02 1.074355245248905799e-01 1.145805791864974582e-01 1.193919645043369782e-01 1.218533778284046770e-01 1.213003241040071789e-01 1.185541851015387282e-01 1.129791429785734075e-01 1.049457412260104833e-01 6.322862298126200042e-02
4.290072504697340500e-02 6.874627139469655090e-02 9.345927184548877276e-02 1.172093488357707214e-01 1.404656677425416833e-01 1.625346877127977763e-01 1.830186524184340691e-01 2.025158497581877604e-01 2.202128766416448780e-01 2.363128906925772155e-01 2.507243885994479005e-01 2.631143757105309788e-01 2.739588373642877217e-01 2.828176489545833894e-01 2.901699662083491726e-01 2.956925647568684479e-01 2.996547011370364055e-01 3.022069697008260003e-01 3.032602260698905594e-01 3.030782648312684291e-01 3.016583023947196907e-01 2.991012379435632473e-01 2.954742704818631993e-01 2.909985469832387373e-01 2.859806096886545745e-01 2.803241192379404279e-01 2.746174806825813497e-01 2.684952236590397168e-01 2.624427693497760616e-01 2.395849108517337511e-01
-1.054291064619486407e-02 -1.721751785480292798e-02 -2.406921321315234896e-02 -3.111543129000701041e-02 -3.879803778192947999e-02 -4.681563502097113583e-02 -5.507902663954885453e-02 -6.365887064098643688e-02 -7.236247463635686605e-02 -8.120583884687314347e-02 -9.007679519960863634e-02 -9.885840311284577187e-02 -1.073675457639141906e-01 -1.155802114398071234e-01 -1.235048158959774073e-01 -1.308852729532105907e-01 -1.375696718736631463e-01 -1.436643347114473779e-01 -1.489202156845172709e-01 -1.534694077302965476e-01 -1.570963210587626446e-01 -1.603195493865525179e-01 -1.626004528040115860e-01 -1.645382906122963007e-01 -1.662160223621346744e-01 -1.676456585635026086e-01 -1.691703576008188603e-01 -1.708365982393620919e-01 -1.727644758662374991e-01 -1.784226664357517755e-01
-8.451903357350248891e-02 -1.391597966301248157e-01 -1.930137378313480367e-01 -2.469906977295769357e-01 -3.031003217077235523e-01 -3.596815328362596986e-01 -4.160208483633898169e-01 -4.733028155354261357e-01 -5.301819797218252361e-01 -5.873775148960773684e-01 -6.446404427550860294e-01 -7.014301346099562906e-01 -7.580884503270259867e-01 -8.142502345875886061e-01 -8.709146484374072905e-01 -9.268329318281764984e-01 -9.815900483062678372e-01 -1.036144777140730833e+00 -1.089571917621154462e+00 -1.141942829513552304e+00 -1.193203993649995631e+00 -1.244438029965702741e+00 -1.292965755724731602e+00 -1.340864882266275870e+00 -1.388318185088834644e+00 -1.434420825079670614e+00 -1.480601324916043682e+00 -1.526231415640835420e+00 -1.571669823516833597e+00 -1.665488380365350185e+00
-5.301761839722525516e-02 -5.914449904600403707e-02 -6.874775550299058735e-02 -8.233472027646492053e-02 -1.030893396971027526e-01 -1.298637350152045122e-01 -1.626651889010638230e-01 -2.019872476586388188e-01 -2.466285348754620188e-01 -2.970955872413409971e-01 -3.528286198798192830e-01 -4.123860909375444139e-01 -4.750550831244853556e-01 -5.402561949726465418e-01 -6.083884811484457922e-01 -6.769601410171477429e-01 -7.448638129735511981e-01 -8.119394692015801107e-01 -8.769887506317075587e-01 -9.387401879541054095e-01 -9.971991303154514874e-01 -1.053302647708810325e+00 -1.104001648073278830e+00 -1.151469701106961452e+00 -1.196143632096540177e+00 -1.236884403023028600e+00 -1.276349707554890189e+00 -1.313773159462571671e+00 -1.349953654437753947e+00 -1.414139705869908559e+00
1.058730344191970291e-01 1.715516770353328613e-01 2.370989358505850852e-01 3.013666305631350628e-01 3.655561633613222949e-01 4.278065938046251016e-01 4.870636139804218612e-01 5.447475638135437226e-01 5.990754524164432215e-01 6.506443852853770471e-01 6.993010468824498727e-01 7.444054634011099125e-01 7.869758190429601008e-01 8.262118213033243785e-01 8.633593129830838819e-01 8.976364469155870829e-01 9.292697322530935056e-01 9.591356720895092280e-01 9.868263156914589551e-01 1.012864942144968250e+00 1.037381943079259905e+00 1.061020076540282853e+00 1.082713807497954317e+00 1.103789401444263740e+00 1.124730664700321237e+00 1.145098272218170621e+00 1.166082041941541636e+00 1.187034617687488192e+00 1.208546389224055773e+00 1.244260430417806873e+00
6.677441379145295994e-03 7.425826383485184534e-04 -6.769401843784533107e-03 -1.429400021533512762e-02 -2.108562130096725343e-02 -2.717620824213640846e-02 -3.239131660937792645e-02 -3.665203268956829241e-02 -4.027535480481873181e-02 -4.319190647760537405e-02 -4.553557819590139250e-02 -4.774624853563735893e-02 -4.992529446721868935e-02 -5.232904267191325343e-02 -5.498125906334543067e-02 -5.849590844420592822e-02 -6.275083367528387635e-02 -6.836579848564325324e-02 -7.544591118619706216e-02 -8.433230551286077792e-02 -9.512727459700226484e-02 -1.081428417472509312e-01 -1.229861883882343576e-01 -1.400261314280822900e-01 -1.590467379869763831e-01 -1.801947021193387455e-01 -2.027662640477827516e-01 -2.271543932022300760e-01 -2.527908976174510491e-01 -3.272448653719349787e-01
