1.024448957719449327e-01 1.189030783407798164e-01 1.349576355611795120e-01 1.508431497154440470e-01 1.666820325303148276e-01 1.825163429959666128e-01 1.981292157614823746e-01 2.133583840658939690e-01 2.282988387027319876e-01 2.424150388338295048e-01 2.557902627140292706e-01 2.681802856732449225e-01 2.795781599535439033e-01 2.897151288757442988e-01 2.982423801064690849e-01 3.055197041167044825e-01 3.112348883341096162e-01 3.154782776470941297e-01 3.183984305561264883e-01 3.195228347815745051e-01 3.194810663246973603e-01 3.176283084101672594e-01 3.150047417053667420e-01 3.114932423002977346e-01 3.071661129730365869e-01 3.021228846017608438e-01 2.970694098808331907e-01 2.917701460328067653e-01 2.862779972300619757e-01 2.636224496964749697e-01
6.626900466776765308e-02 7.925400859499136252e-02 9.187333339701400647e-02 1.038237243161135720e-01 1.151605564429847434e-01 1.257645783664327888e-01 1.354342415678211342e-01 1.440585885998863780e-01 1.517658690787982712e-01 1.582373015400635463e-01 1.637836796179013288e-01 1.681752213071176227e-01 1.715450081618546674e-01 1.738720024781282847e-01 1.750832870615111614e-01 1.755643572739384317e-01 1.751383233751879487e-01 1.740312093529168269e-01 1.724002187094631489e-01 1.701101289219872637e-01 1.673964617537700983e-01 1.641725107703834452e-01 1.607855588859362639e-01 1.571937361586172310e-01 1.533835407072812462e-01 1.494536823044420593e-01 1.456487584472813956e-01 1.418019759191629092e-01 1.378833711989477240e-01 1.228647950467910976e-01
-2.605131266162120235e-02 -3.981304620940302047e-02 -4.931298488099152694e-02 -5.750398128409200255e-02 -6.443475634914502814e-02 -7.026904284367280207e-02 -7.492302160768890551e-02 -7.842875766437817919e-02 -8.079959427429657393e-02 -8.223938020813201244e-02 -8.256260605504006644e-02 -8.193316518868398735e-02 -8.047052859116482493e-02 -7.813344541155861633e-02 -7.505939745288141285e-02 -7.117419461323475083e-02 -6.653583137727746288e-02 -6.105722866106057245e-02 -5.496361334531517373e-02 -4.815974599810180640e-02 -4.075666883976367116e-02 -3.272145801554297156e-02 -2.395295249587834491e-02 -1.479090347123809823e-02 -5.007150158888447680e-03 5.271471389776866828e-03 1.591223978050401375e-02 2.707150305786758249e-02 3.858242867576558432e-02 6.723505924320058447e-02
-7.448319762678786565e-04 -4.544248892826207795e-03 -6.161077315778504954e-03 -7.477191298674079611e-03 -8.517191703118751067e-03 -9.466882964639589809e-03 -1.033394998969729313e-02 -1.114827571060609396e-02 -1.184919760202859246e-02 -1.258332437633903969e-02 -1.302861739171001787e-02 -1.334824111436391791e-02 -1.349797422061346786e-02 -1.333914288292807268e-02 -1.291921290184412652e-02 -1.199845378238689406e-02 -1.063811571453300402e-02 -8.646662310290931241e-03 -6.138542637972215291e-03 -2.975097010683099702e-03 7.172468288822279880e-04 5.070882454655614019e-03 1.003658568691875863e-02 1.536647172286426111e-02 2.116328811768996079e-02 2.733509455902230489e-02 3.371384206152919921e-02 4.034202225539130354e-02 4.705819898224439940e-02 6.186056617514232303e-02
2.751459784942355408e-02 3.108961317736505525e-02 3.371497314213543067e-02 3.574283188801422734e-02 3.728233791314743834e-02 3.839453706066264793e-02 3.898959117947331521e-02 3.914766326131127738e-02 3.892415444960049126e-02 3.813748712953803771e-02 3.711392177372563328e-02 3.571947943918066248e-02 3.400044022134989657e-02 3.204536086391884808e-02 2.975196730292888753e-02 2.738343316239815611e-02 2.472530862063537782e-02 2.206640641400507349e-02 1.917784525255761263e-02 1.621607975828362122e-02 1.296393115644303706e-02 9.430051898625647910e-03 5.628578551042449918e-03 1.436161695873693772e-03 -3.257497137429617856e-03 -8.448924867994020427e-03 -1.413438599309232990e-02 -2.043028176169462903e-02 -2.760418004892636196e-02 -5.332173278379551823e-02
1.114497706694592138e-01 1.322933575659134275e-01 1.530764716022554872e-01 1.743824089236780672e-01 1.963347855026355560e-01 2.190394983143320595e-01 2.425043773135996117e-01 2.666180889240550300e-01 2.915787595974684843e-01 3.171341359672392723e-01 3.432917836663944566e-01 3.700902536721940583e-01 3.976298356335278283e-01 4.261149101599935873e-01 4.544812129939038714e-01 4.837296844730738510e-01 5.134756232298878231e-01 5.436415198546784566e-01 5.738650717607439722e-01 6.037050534936392321e-01 6.340084490057440458e-01 6.631509880353034792e-01 6.926187170246658198e-01 7.212339184377120072e-01 7.494405401292036917e-01 7.764178997272459526e-01 8.026647783560557636e-01 8.279076523196435833e-01 8.520170597725755801e-01 8.889940773949667197e-01
9.248083762397603380e-02 1.121156955430668567e-01 1.308247793272794279e-01 1.489214093718136955e-01 1.664796602970309014e-01 1.834420697908789311e-01 1.996320754535965691e-01 2.149217882967523474e-01 2.294895400755180281e-01 2.430419349581671717e-01 2.558304126015952806e-01 2.677027686921724658e-01 2.788418255240886490e-01 2.893133816631714428e-01 2.987554696845960978e-01 3.078096051812393430e-01 3.162329778577879225e-01 3.241826755329593746e-01 3.317163542931845788e-01 3.385831682334637938e-01 3.452556564968683461e-01 3.511662145786506595e-01 3.570191657587355460e-01 3.624463607127853537e-01 3.675485346681003351e-01 3.721465006594188996e-01 3.765827866173167560e-01 3.806118145045445655e-01 3.841969890171625934e-01 3.816762179284399759e-01
-1.653093147565652676e-02 -2.252219380623887365e-02 -2.455519081741313128e-02 -2.593452696764897425e-02 -2.678941172401507614e-02 -2.749489152455173238e-02 -2.804215511178472647e-02 -2.854551691686005310e-02 -2.891491360301844810e-02 -2.925686331851062860e-02 -2.920842818811903580e-02 -2.895328609380667939e-02 -2.840164589030150580e-02 -2.734250138878719510e-02 -2.575609824968842776e-02 -2.336277096426601224e-02 -2.010971160817538045e-02 -1.584666258308391196e-02 -1.055870549268645223e-02 -4.104302394817526539e-03 3.455080474380957389e-03 1.237950278097055962e-02 2.253973657214373288e-02 3.362588573504267375e-02 4.585881153994390141e-02 5.909207989430281804e-02 7.302302277671715580e-02 8.777748249536544700e-02 1.032576798326304696e-01 1.436174469295828926e-01
-4.439385877603847785e-03 -1.086432825517221618e-02 -1.398292355769954406e-02 -1.615997332839486100e-02 -1.743692341493758430e-02 -1.799321760481101262e-02 -1.776359126263867688e-02 -1.679723433752609157e-02 -1.503988949207059854e-02 -1.263618258901231910e-02 -9.351433693863972496e-03 -5.311597169107840077e-03 -5.191107589863318272e-04 5.184348044528989952e-03 1.156491859153789548e-02 1.892069241799049228e-02 2.717858385983456387e-02 3.643147135935934089e-02 4.646139658374504738e-02 5.734182783530419880e-02 6.907141761710255956e-02 8.150766997084168963e-02 9.482866756083591087e-02 1.085388524488927892e-01 1.228927449254585968e-01 1.376087259630496273e-01 1.525401077962465490e-01 1.677714358867528899e-01 1.831350643392649635e-01 2.178680472893146369e-01
1.908203967047053876e-02 1.986117222437167040e-02 2.082399705391170877e-02 2.159126668941088387e-02 2.223890361634614510e-02 2.275968076127730597e-02 2.310694221740563006e-02 2.332594796808611440e-02 2.347290513089136943e-02 2.337141107538721896e-02 2.332513138899936639e-02 2.319819666121929191e-02 2.302303742990027824e-02 2.289948377991721934e-02 2.270210464455279381e-02 2.269599406896954247e-02 2.270482056331753207e-02 2.296573188877172600e-02 2.326319743689986980e-02 2.372778171723321020e-02 2.420018088906131584e-02 2.466494839157654800e-02 2.516722193135361926e-02 2.549987687095555192e-02 2.564852794940788300e-02 2.555063154122413221e-02 2.517471990197097526e-02 2.445996384911559157e-02 2.316927291272882772e-02 1.355486810881489576e-02
2.813363094169888529e-02 3.955649089865063278e-02 5.236679951140935790e-02 6.461507619473086383e-02 7.617425332426853990e-02 8.661298777764162016e-02 9.583839869346034990e-02 1.037045323444980988e-01 1.104496611899502129e-01 1.161062529632971851e-01 1.211940920801995725e-01 1.255979684433718435e-01 1.296900102650063724e-01 1.339371924589179141e-01 1.382787464390028975e-01 1.434669953499317363e-01 1.495227944735625092e-01 1.566958944299726708e-01 1.651007596804973665e-01 1.748930691785771097e-01 1.861585774475540966e-01 1.990088439928940911e-01 2.133010698275077388e-01 2.285668791349757534e-01 2.449841530444608062e-01 2.622157225630660227e-01 2.798912029283679992e-01 2.979478789847690989e-01 3.163114380482273114e-01 3.579208903071690040e-01
-5.133742727414480900e-02 -7.136989870499418909e-02 -8.943272850903695448e-02 -1.063432896070551498e-01 -1.219887875160594187e-01 -1.361718162008275779e-01 -1.486464318947462726e-01 -1.591491824597791593e-01 -1.677578263379834178e-01 -1.744706258638926977e-01 -1.791151651400122446e-01 -1.816632876120745921e-01 -1.823109947105771567e-01 -1.808106874996938396e-01 -1.775642011217961613e-01 -1.724576576031716380e-01 -1.657073974059916077e-01 -1.571432335127177504e-01 -1.476549345821283610e-01 -1.367919105369384269e-01 -1.251685666182963674e-01 -1.129873408201739066e-01 -1.003572095565024580e-01 -8.793939982376093589e-02 -7.561155047078155222e-02 -6.380537669715782845e-02 -5.288399979837499210e-02 -4.270828644944930919e-02 -3.380683740492176209e-02 -2.110607253624482982e-02
5.853083896741838321e-02 6.567374662823766140e-02 7.249134134882059821e-02 7.934117392156139759e-02 8.636428754593133972e-02 9.370421391239094899e-02 1.012576268464516344e-01 1.090142476778853259e-01 1.170288462985765582e-01 1.249211422420572482e-01 1.328244035078380847e-01 1.405784629687257536e-01 1.481311706229933578e-01 1.553744591686489485e-01 1.619368384915768067e-01 1.681182061611702916e-01 1.736110614696612375e-01 1.785376813003620999e-01 1.827281894978395049e-01 1.859786370754506202e-01 1.885330386231086897e-01 1.898556541937677089e-01 1.906326078542939784e-01 1.905950962360591916e-01 1.897912885378404413e-01 1.881591944006729966e-01 1.861042186590419756e-01 1.834625611586823413e-01 1.800791214525462869e-01 1.610767948772570957e-01
9.683420414525346215e-04 -8.166507790686946405e-03 -1.478340843688613626e-02 -2.020840507853753631e-02 -2.437735733258380305e-02 -2.721557607780547561e-02 -2.862086405515425896e-02 -2.854706934235597127e-02 -2.701576983987362401e-02 -2.425282012430637554e-02 -2.017746460518610174e-02 -1.487746813622266295e-02 -8.511692908604836724e-03 -1.055850685050358992e-03 7.060558634579671561e-03 1.603597425087174844e-02 2.564529724976298553e-02 3.595405658495297307e-02 4.650396615914530879e-02 5.732158953616812991e-02 6.838048393988616080e-02 7.924412774615686994e-02 9.035407285291849333e-02 1.011766170481168403e-01 1.119280520139715462e-01 1.223291866903804953e-01 1.324360761303594314e-01 1.422998937762408045e-01 1.516697667180763043e-01 1.673719029475466691e-01
-3.337681642937923021e-02 -4.817409643553623166e-02 -5.844387653830449003e-02 -6.755042546330128350e-02 -7.557413116307194756e-02 -8.277310473251915657e-02 -8.907743468065845716e-02 -9.453670002030097053e-02 -9.915766671516150488e-02 -1.031157048426335349e-01 -1.061519888620224006e-01 -1.084625446097148282e-01 -1.101282128296842133e-01 -1.110818215910072404e-01 -1.113075102805540229e-01 -1.107801989341559434e-01 -1.094863319746286201e-01 -1.072996725439365751e-01 -1.043600212705342867e-01 -1.004989336184601290e-01 -9.591715952468231332e-02 -9.033370152574110579e-02 -8.386043690381275728e-02 -7.672646397509384764e-02 -6.873632154040826281e-02 -5.993632763393387519e-02 -5.056718532301918839e-02 -4.043998947946553235e-02 -2.969742716616956615e-02 2.923499927438150126e-06
5.466665978314129426e-02 6.407448690029637905e-02 7.376447372484795650e-02 8.347196243862642362e-02 9.325861685139828772e-02 1.031003591536381880e-01 1.129508475917645888e-01 1.227636080595411183e-01 1.326673798553038575e-01 1.424663567036079381e-01 1.523878583634457051e-01 1.623390083165068554e-01 1.724237290622211982e-01 1.827970307456217303e-01 1.930329739979340931e-01 2.036997337828618249e-01 2.145777694689092463e-01 2.257892686500887480e-01 2.371486530385374936e-01 2.485620203503092207e-01 2.602835151621473164e-01 2.717634066282199612e-01 2.835406881812491675e-01 2.950658632974437756e-01 3.065121143679781501e-01 3.175423318456553901e-01 3.282894756730193597e-01 3.386218020682625340e-01 3.483864999195012135e-01 3.614723251916844293e-01
-5.587269664917408896e-02 -7.734503080331378566e-02 -9.348668994225650675e-02 -1.086411936696018710e-01 -1.229304145071618698e-01 -1.367590625036643193e-01 -1.501156719781368831e-01 -1.630671025886495373e-01 -1.756748755270400031e-01 -1.881655620516395899e-01 -2.001896751443789091e-01 -2.120681847871326298e-01 -2.239166451972189054e-01 -2.358058961101589801e-01 -2.472877050109598129e-01 -2.586853113502164958e-01 -2.698623680497616029e-01 -2.806101131876834742e-01 -2.908406398853428110e-01 -3.002789503090229628e-01 -3.093796862251726454e-01 -3.172058380835026670e-01 -3.243119505491957599e-01 -3.304397429676406706e-01 -3.355601343903242828e-01 -3.393116779609474665e-01 -3.420200249643844392e-01 -3.434096963831499982e-01 -3.435793778873826310e-01 -3.324523331958086358e-01
1.625376401256629563e-02 1.721901869126287940e-02 1.907970747459960745e-02 2.067457466646437092e-02 2.201797011588155217e-02 2.295220004656360613e-02 2.338018026249948089e-02 2.326916056469351124e-02 2.268937774521916778e-02 2.143537524168218078e-02 1.986548909742196639e-02 1.777459069704583061e-02 1.523351734135180297e-02 1.230425518557309167e-02 9.046813254533242477e-03 5.661824279109904656e-03 2.061158770782348104e-03 -1.506350544841630196e-03 -5.040887066066406658e-03 -8.429748382242030491e-03 -1.180537918713071149e-02 -1.492559959282796500e-02 -1.786514999934682435e-02 -2.065514310599377359e-02 -2.332753425004977302e-02 -2.579066230166052881e-02 -2.810811626857905726e-02 -3.030921195451192346e-02 -3.253342619078402470e-02 -3.991733678775831462e-02
-4.594872233685905194e-02 -6.262744719264644322e-02 -7.693244455380443547e-02 -9.110261141237641080e-02 -1.051291962158112936e-01 -1.191681011602902657e-01 -1.332687898947226279e-01 -1.473628406142300507e-01 -1.615211287473585500e-01 -1.759793164790768305e-01 -1.903639302164868430e-01 -2.049462980564368264e-01 -2.198636483073107550e-01 -2.351987882308523570e-01 -2.505350128160017675e-01 -2.662026757216373607e-01 -2.821988926891726424e-01 -2.982126940882823263e-01 -3.143102760262571627e-01 -3.301341793963543658e-01 -3.463293555294022497e-01 -3.620047434347343218e-01 -3.777559436586981345e-01 -3.932049614545152783e-01 -4.085510984453710748e-01 -4.233388155766422134e-01 -4.378061660811413125e-01 -4.518115041051136149e-01 -4.656037561160115690e-01 -4.939046307211766851e-01
1.085231452931743473e-01 1.280077764885493019e-01 1.451495063280200393e-01 1.612644755926840034e-01 1.765343953448320069e-01 1.910716053181743812e-01 2.045607922101361220e-01 2.169040601730734541e-01 2.281833917978265958e-01 2.378433022010919551e-01 2.460560960363656069e-01 2.525383085645576675e-01 2.573023805818892562e-01 2.600217569564997611e-01 2.605560306598433407e-01 2.591355329432295518e-01 2.554325042845899674e-01 2.496490947225549484e-01 2.420049287878123789e-01 2.321089549501393345e-01 2.203847835542529499e-01 2.064818977685251578e-01 1.911965117088691157e-01 1.747398091659166097e-01 1.569402308060267037e-01 1.381596505148109388e-01 1.191269723788943163e-01 9.952404985802876247e-02 7.934351479007628605e-02 2.006381672685122325e-02
1.214889938695976057e-01 1.438573224044688570e-01 1.673856974444131174e-01 1.915821067252691523e-01 2.164913052847924901e-01 2.420591981245183433e-01 2.682147160159425447e-01 2.947130297659862896e-01 3.217609052219199683e-01 3.489949073418093795e-01 3.764091055488219539e-01 4.039410394690022832e-01 4.317032616622183405e-01 4.597634554733497358e-01 4.872033205204677753e-01 5.149508664943840408e-01 5.426914527000785693e-01 5.703107976361752041e-01 5.977573804595491813e-01 6.244258634960235810e-01 6.513785235555324959e-01 6.771335190538987359e-01 7.032752270026831898e-01 7.288230896793617131e-01 7.542576910401541657e-01 7.789466508937757938e-01 8.035154035509416426e-01 8.277123271674200478e-01 8.515804109182997239e-01 8.931592140322447415e-01
-1.340304084813432120e-02 -1.889929617531825937e-02 -2.109543531534725444e-02 -2.332046481149134542e-02 -2.570278439337868315e-02 -2.870065198728078554e-02 -3.243063990567057742e-02 -3.702835200388955583e-02 -4.242582414905068933e-02 -4.882067944745186600e-02 -5.574249625991188617e-02 -6.350366219017225533e-02 -7.199825793024977605e-02 -8.118036803783421074e-02 -9.062644808618111614e-02 -1.003215917399763180e-01 -1.101494288315103542e-01 -1.198370317598272117e-01 -1.290956588808332695e-01 -1.377514925820408354e-01 -1.460203603008687345e-01 -1.531072867399339565e-01 -1.594585298164675757e-01 -1.648557307703554242e-01 -1.693106874540274420e-01 -1.725318905357869359e-01 -1.747806034284041243e-01 -1.759499447030725694e-01 -1.760660863740270698e-01 -1.685377971672806785e-01
2.001109789431244346e-01 2.431891593016267950e-01 2.862460095073892097e-01 3.294664156334773941e-01 3.728921481961911533e-01 4.163698169478518007e-01 4.597361162376083499e-01 5.025961088355367368e-01 5.452945529413826264e-01 5.874431602929259810e-01 6.289877571706514736e-01 6.699353486777885891e-01 7.105808215875424327e-01 7.510931777093451389e-01 7.902075307880751520e-01 8.293630659476810552e-01 8.681842064014103633e-01 9.064857235046165362e-01 9.443812927946898528e-01 9.809527243913980232e-01 1.017859420151210781e+00 1.052918701099870624e+00 1.088444431482145092e+00 1.123114751110403819e+00 1.157532407535548646e+00 1.190808758264477518e+00 1.223883967387760840e+00 1.256297948241638984e+00 1.288210509610538956e+00 1.341203313467751235e+00
1.131344155761566939e-01 1.372969327442289666e-01 1.620834850890686130e-01 1.869570002781572593e-01 2.119267087444748066e-01 2.368182249770229841e-01 2.615418258463250156e-01 2.858573656160444676e-01 3.100177777381123434e-01 3.337836788598398940e-01 3.573159259186055037e-01 3.805508074276857666e-01 4.037321934461177708e-01 4.270821307342843598e-01 4.498773702799098162e-01 4.731011786090003057e-01 4.965351565855622429e-01 5.201627090656775199e-01 5.440072761954772851e-01 5.676393956905185778e-01 5.919351124943361686e-01 6.157553343082948771e-01 6.402752917974627866e-01 6.645981779269796164e-01 6.891268477522130009e-01 7.132520883534538836e-01 7.373463237775937928e-01 7.611601472358580089e-01 7.847255668478240187e-01 8.274423355629130228e-01
-3.004553176253617341e-02 -4.298631067239641612e-02 -5.314594621965795102e-02 -6.284012275968932359e-02 -7.207625191476194071e-02 -8.102868831632986657e-02 -8.969020800660455761e-02 -9.803820754991893205e-02 -1.060875297633845915e-01 -1.140277913876742710e-01 -1.215254888848840698e-01 -1.287989739047392668e-01 -1.359187763543802385e-01 -1.428577286629982845e-01 -1.494501306988366141e-01 -1.557689427503066437e-01 -1.618358230888209404e-01 -1.674218578470074714e-01 -1.726611275472210438e-01 -1.772986607610524956e-01 -1.817295887390064923e-01 -1.854626338960312371e-01 -1.888215649448671263e-01 -1.917919886414638786e-01 -1.943766111885182335e-01 -1.964390155422317819e-01 -1.982029359268617230e-01 -1.995395835829596454e-01 -2.006637952778834721e-01 -2.009201487912396500e-01
8.669077644540187921e-02 1.033275790601876493e-01 1.180813389602745622e-01 1.322379332684253117e-01 1.459664264038267323e-01 1.594019889936094669e-01 1.724085288457043452e-01 1.849670055634441979e-01 1.972109358660615874e-01 2.088315345249610600e-01 2.200337761461407526e-01 2.307031876027232364e-01 2.409296702906864041e-01 2.507409013245871510e-01 2.596866990969017852e-01 2.683174645699316074e-01 2.763021083489572982e-01 2.838049842908239029e-01 2.906634583218375423e-01 2.966773989926935196e-01 3.021751751892838289e-01 3.064732165106421324e-01 3.102950435856312028e-01 3.132472019532057672e-01 3.153641799543893676e-01 3.164492365061405965e-01 3.168896512851331337e-01 3.164170208030223641e-01 3.148772084122926085e-01 2.963004171493688887e-01
-5.580413307164289183e-02 -7.527082311684153704e-02 -9.111874819951128190e-02 -1.063890643030478422e-01 -1.211204701841302744e-01 -1.355530054175144161e-01 -1.496703310100663820e-01 -1.634360136665184704e-01 -1.769084599506030864e-01 -1.902716118115322375e-01 -2.031592087726086238e-01 -2.158265218001112484e-01 -2.283931876289539975e-01 -2.408695572312426481e-01 -2.528967718446973878e-01 -2.647391617086744531e-01 -2.763506527923573763e-01 -2.874686895746697557e-01 -2.981869343769666392e-01 -3.081440206896555734e-01 -3.179304347720204316e-01 -3.267145079528414042e-01 -3.350857792056111117e-01 -3.428414510944490234e-01 -3.500461614054483639e-01 -3.563980855225491462e-01 -3.622352471910414984e-01 -3.673516303767567770e-01 -3.719718588335390042e-01 -3.764773060602721877e-01
-1.158068862375238525e-02 -2.667510839464244665e-02 -4.009155084335769281e-02 -5.311096740124939680e-02 -6.562659765370498777e-02 -7.757564104857692100e-02 -8.902446405781658245e-02 -9.988818195137896816e-02 -1.103021213662629396e-01 -1.206826627430837573e-01 -1.308570919776984309e-01 -1.411141058323877595e-01 -1.517321947137932614e-01 -1.630403053731396823e-01 -1.748293688961625736e-01 -1.875214677413908348e-01 -2.012759274159836576e-01 -2.158427597588016555e-01 -2.313850374623871720e-01 -2.477602286868183790e-01 -2.654140223538785093e-01 -2.838632678043327418e-01 -3.032131315175935482e-01 -3.230615731183509309e-01 -3.436181206416064060e-01 -3.643627798713908739e-01 -3.851344134779283723e-01 -4.058664807927676588e-01 -4.267762027775739986e-01 -4.766135098367116907e-01
2.965348336515651051e-02 3.717599234019989402e-02 4.184515061690100707e-02 4.500003106449394080e-02 4.679450543557001768e-02 4.728837624486027097e-02 4.634810909868750106e-02 4.412591838477779305e-02 4.071303258330473407e-02 3.603664178968691428e-02 3.058418209228708218e-02 2.423513954037459506e-02 1.715336032232189431e-02 9.558664778510535254e-03 1.507608515894386797e-03 -6.689350377676955839e-03 -1.522200571916886708e-02 -2.367752863198800337e-02 -3.228667095564231870e-02 -4.069924043536084224e-02 -4.938754854485288143e-02 -5.805831881151564400e-02 -6.708947424207722943e-02 -7.647562721124451235e-02 -8.649935773117278792e-02 -9.709741609128651196e-02 -1.084399867825091845e-01 -1.207013005289038765e-01 -1.342275670610484639e-01 -1.766893639082430245e-01
5.722761360869893510e-02 6.779569039110326656e-02 7.826979163512741422e-02 8.859286469106503192e-02 9.884520330322936477e-02 1.090051606694920627e-01 1.190082167857349216e-01 1.288065851645824322e-01 1.385384847851310330e-01 1.479941869276584221e-01 1.574222059601208534e-01 1.667186248741970300e-01 1.759963919682281386e-01 1.853989687324261448e-01 1.945338295124054429e-01 2.039648286799552457e-01 2.134634652156199297e-01 2.231735641625266497e-01 2.329348206370389363e-01 2.426546135309753105e-01 2.525770221092495937e-01 2.621881250910251815e-01 2.720030381322333102e-01 2.815236941484809408e-01 2.908874862991328580e-01 2.997999206501228420e-01 3.084058900913391188e-01 3.165549637628044533e-01 3.240949630841880591e-01 3.316590748512330267e-01
-5.087407357686697662e-02 -6.909192095149598034e-02 -8.431157434619765412e-02 -9.920727256122839621e-02 -1.138006992302946219e-01 -1.282887714402574653e-01 -1.426902908912585088e-01 -1.569434163164082352e-01 -1.711142968379927298e-01 -1.853977629402982497e-01 -1.994129970271197039e-01 -2.134227370406899527e-01 -2.275464897572009038e-01 -2.418123063857094412e-01 -2.558243070155016841e-01 -2.698738907721761060e-01 -2.839300630171042172e-01 -2.976961297112955540e-01 -3.112607657594160804e-01 -3.242403319632111147e-01 -3.372786746967895155e-01 -3.494822317572037762e-01 -3.614901222927148217e-01 -3.730091117142080304e-01 -3.841736983770738800e-01 -3.946105049303756385e-01 -4.046296160577337875e-01 -4.140546656710291096e-01 -4.231249774097675109e-01 -4.390749974072231110e-01
-9.889579380361260275e-02 -1.284642763508925811e-01 -1.524355698513434332e-01 -1.752614926685967522e-01 -1.970769213819106858e-01 -2.182443022711103575e-01 -2.386521959003769233e-01 -2.582451468701315589e-01 -2.771226724553369491e-01 -2.953464454065052314e-01 -3.125256273984298727e-01 -3.288898257608642295e-01 -3.445856820623635630e-01 -3.595175831815040635e-01 -3.732388394008060439e-01 -3.861050992210608435e-01 -3.979576299295713993e-01 -4.085430434718544390e-01 -4.180351099581565699e-01 -4.258921580247003735e-01 -4.329234664752488193e-01 -4.380459003925902262e-01 -4.421476695524933498e-01 -4.450975236790957190e-01 -4.468888248722971968e-01 -4.472835415639294099e-01 -4.469128470529283859e-01 -4.454254570504613819e-01 -4.430918246003630045e-01 -4.264151740041229877e-01
3.936636437595788379e-02 4.859277922798230231e-02 5.882011384923740982e-02 6.820981599764336378e-02 7.669767478801625682e-02 8.389032405188859287e-02 8.953821738714690115e-02 9.345157801718032009e-02 9.577015096339738798e-02 9.620831067885628196e-02 9.522719767575998917e-02 9.250796953288012436e-02 8.825070645875024433e-02 8.244586611593902881e-02 7.542083302110497156e-02 6.740227833112882871e-02 5.839935526888934830e-02 4.870579350212098785e-02 3.877313811943079724e-02 2.857646016297749059e-02 1.819359346857478757e-02 8.156355289295771915e-03 -1.651165519753170635e-03 -1.095537465546408962e-02 -1.984142229765215384e-02 -2.796370391429509397e-02 -3.529895829711028610e-02 -4.192465070530565496e-02 -4.779065522639509844e-02 -5.911288421773988611e-02
6.533296866149704285e-02 7.776466035530692211e-02 9.148080013009003697e-02 1.055365724048651921e-01 1.199406923379021661e-01 1.345543997258926150e-01 1.493579750091326153e-01 1.642129851758827586e-01 1.792996250210752152e-01 1.944394326337789414e-01 2.098318283532232265e-01 2.254076012194381196e-01 2.413234009688916548e-01 2.578076306575899368e-01 2.742990455592837495e-01 2.915517788556231116e-01 3.093760836940383507e-01 3.278183812417056475e-01 3.467505463498149476e-01 3.659743901620831075e-01 3.859851995294758531e-01 4.060102125845941323e-01 4.268038972071697135e-01 4.475888090279441789e-01 4.687014752506364346e-01 4.896240487063482916e-01 5.104949928944308990e-01 5.311863670899908962e-01 5.516271594649130305e-01 5.905045829097598231e-01
3.863361705466367146e-02 4.445465999815129826e-02 5.108077104311985195e-02 5.767441274581391192e-02 6.426412899078559615e-02 7.074396134079594112e-02 7.705259856669854912e-02 8.313173508113232135e-02 8.909049867957785640e-02 9.473155215472496560e-02 1.003328707101967116e-01 1.057547860144507634e-01 1.110924008309447653e-01 1.164689940091142156e-01 1.216575405828636963e-01 1.270848684173366827e-01 1.325997969613357808e-01 1.383685205742706259e-01 1.442969752210210566e-01 1.503704091080365624e-01 1.567063328315152493e-01 1.630813435130024636e-01 1.697888686753525889e-01 1.764778875737269548e-01 1.832598290626383242e-01 1.899608264659594092e-01 1.966239724749275775e-01 2.031694335275797680e-01 2.094695063656161760e-01 2.182578076692506530e-01
-8.010343301731701060e-02 -1.052374289684368386e-01 -1.276578012917747862e-01 -1.499346994010311018e-01 -1.720702600900318735e-01 -1.942193493906596846e-01 -2.163853294982532316e-01 -2.384043513501417078e-01 -2.604039501392986788e-01 -2.825372775754002586e-01 -3.043657685478863839e-01 -3.261492923492306240e-01 -3.480723631062938583e-01 -3.701711284902585164e-01 -3.918577539483690808e-01 -4.136578422188065263e-01 -4.355060040833071411e-01 -4.570218082660130188e-01 -4.783966151743108686e-01 -4.990384274334104253e-01 -5.199647360788879347e-01 -5.399372449228394544e-01 -5.599584218451952866e-01 -5.795330669083369468e-01 -5.989627899230335339e-01 -6.177100372392011485e-01 -6.362365747593596854e-01 -6.543254884281115569e-01 -6.723377215862892387e-01 -7.088262373815154005e-01
-3.307039723471482534e-02 -4.791078134278448780e-02 -5.806737253272306609e-02 -6.716092507797966071e-02 -7.529861187243030995e-02 -8.281434396231068806e-02 -8.964205863158443421e-02 -9.584469082958579911e-02 -1.014225697149400141e-01 -1.065066270643999780e-01 -1.107987861722841555e-01 -1.145055496124363498e-01 -1.176586139559554350e-01 -1.201576174315181211e-01 -1.219112168217144909e-01 -1.228790984998668068e-01 -1.230157864609900398e-01 -1.221676449552305949e-01 -1.204252412447907594e-01 -1.175708680953218427e-01 -1.138490058818300010e-01 -1.088509779713885128e-01 -1.028157500679379027e-01 -9.593244212184448561e-02 -8.801801395988248511e-02 -7.910015480485727002e-02 -6.949748955149323559e-02 -5.900188977743744956e-02 -4.774544896819650497e-02 -1.533420580410658346e-02
-1.126910835736400218e-01 -1.439495565621086715e-01 -1.701692949366870877e-01 -1.961613534542254178e-01 -2.220851996906430537e-01 -2.484510171167918502e-01 -2.752701647491256898e-01 -3.024766878693202488e-01 -3.301897156802657829e-01 -3.584799234315130256e-01 -3.867666033616039001e-01 -4.153827757822350364e-01 -4.444393319443865620e-01 -4.739074615291498094e-01 -5.028115628255958036e-01 -5.317951651911445587e-01 -5.605821288827321780e-01 -5.887274431710841638e-01 -6.161485242528899064e-01 -6.420994060902821543e-01 -6.677620201023841684e-01 -6.912487408847296511e-01 -7.140680348013698220e-01 -7.354859404178744064e-01 -7.558056659442120573e-01 -7.743054772641595473e-01 -7.917561439717374361e-01 -8.078028751871284552e-01 -8.227144129354769797e-01 -8.417852272229805477e-01
-1.798071665280349257e-02 -2.841708844961439093e-02 -3.567876326790758723e-02 -4.213506150420010671e-02 -4.780357396693234867e-02 -5.284761181599031965e-02 -5.721716445654138894e-02 -6.092597408788863467e-02 -6.396145151136284346e-02 -6.650296059478572053e-02 -6.828630314954568792e-02 -6.948375644831013276e-02 -7.015242845497923763e-02 -7.021720841291437254e-02 -6.973567622156567891e-02 -6.860973275958520690e-02 -6.689398901963430899e-02 -6.444144829745745984e-02 -6.144611782303487091e-02 -5.776191810577337854e-02 -5.357085472885074473e-02 -4.873941208814724230e-02 -4.329697857115621246e-02 -3.750255351221827571e-02 -3.121634408722240295e-02 -2.451953135827196137e-02 -1.758056762880142593e-02 -1.028838258595789548e-02 -2.831287639340828582e-03 1.507708167378016967e-02
-2.400049366556206501e-02 -3.254353397952863131e-02 -3.981328155141392738e-02 -4.732881393809772880e-02 -5.508352830421192614e-02 -6.323367250987541044e-02 -7.182018324535491272e-02 -8.077257178771403423e-02 -9.007934458390948196e-02 -9.984790469069657060e-02 -1.096509624142635864e-01 -1.196788183838255470e-01 -1.299114505196705682e-01 -1.402275155640798909e-01 -1.503855496796176472e-01 -1.603759190103383192e-01 -1.702317667984292460e-01 -1.796251319932377633e-01 -1.886907297673918182e-01 -1.970510222367871933e-01 -2.052480973477028847e-01 -2.126403416965291782e-01 -2.197722393001121932e-01 -2.265476660924719277e-01 -2.331009782697494870e-01 -2.392554249455211557e-01 -2.453342473880311958e-01 -2.512747296224830951e-01 -2.573411677050513324e-01 -2.713730597702305181e-01
1.481041417945981875e-01 1.811938816241365491e-01 2.149742732134377332e-01 2.488485247680244927e-01 2.828161561583053540e-01 3.166203462770697530e-01 3.501503079727308343e-01 3.830676025873391288e-01 4.157033523151149046e-01 4.478018924465681505e-01 4.794862238224044670e-01 5.107229251473354159e-01 5.418439164018671317e-01 5.731314052273965842e-01 6.036534359786620563e-01 6.346820364711182050e-01 6.659717832616787181e-01 6.974437762343936864e-01 7.292043203022584574e-01 7.606482154731131207e-01 7.930071214613272357e-01 8.247503471301680378e-01 8.574560725597697441e-01 8.899830442822431742e-01 9.228730646586020825e-01 9.553312691914644939e-01 9.878718598362581371e-01 1.020181119491561095e+00 1.052377613106051157e+00 1.113305505126060080e+00
-2.190287343994210684e-02 -3.269501381636204934e-02 -4.013883917570324616e-02 -4.677957191240295076e-02 -5.266092243468107476e-02 -5.797274842882899071e-02 -6.266855602880544440e-02 -6.676182993626816886e-02 -7.023733131372490723e-02 -7.324337849063410066e-02 -7.549961992015458145e-02 -7.717181968475178566e-02 -7.829560097424105580e-02 -7.876173804874103679e-02 -7.861029257103066548e-02 -7.771863598510801718e-02 -7.612962741976267433e-02 -7.368372256074617876e-02 -7.056859855257438530e-02 -6.660465708583497568e-02 -6.199908115526452101e-02 -5.656674507597187623e-02 -5.039972399262222791e-02 -4.376639619497080247e-02 -3.651985524405478717e-02 -2.875299633668281993e-02 -2.068988599809350182e-02 -1.220794076622835900e-02 -3.493296802233720327e-03 1.812459466513756390e-02
6.870098273208009865e-03 3.416417709446105747e-03 3.913395479816032460e-03 5.423692020568981337e-03 7.855958617462945048e-03 1.092457200555910224e-02 1.466672586103034276e-02 1.895111851488455110e-02 2.386743542813907215e-02 2.924992954657798516e-02 3.533921577026047367e-02 4.198181749859315054e-02 4.922876412513176037e-02 5.724028160535329923e-02 6.578494199507937956e-02 7.524106776777034211e-02 8.557476433942327876e-02 9.684951425005412784e-02 1.089895973876496699e-01 1.219724731757290681e-01 1.359759208034421740e-01 1.508186785299889254e-01 1.667849110975172244e-01 1.833484775260224020e-01 2.008408818833815335e-01 2.189602492358435071e-01 2.375952657607907637e-01 2.568280465742016072e-01 2.765908882473553931e-01 3.235649139008089370e-01
1.218202046366352598e-02 7.372087045362844815e-03 1.907664851574807086e-03 -3.251612778906638052e-03 -7.890757922955920003e-03 -1.167932126255902953e-02 -1.454729200332327207e-02 -1.629382208087951436e-02 -1.694913287648220496e-02 -1.671757959595334200e-02 -1.547889897894168254e-02 -1.326393708787588360e-02 -1.023756743886068341e-02 -6.361018701678006898e-03 -2.095097507947644641e-03 2.753648832137616659e-03 7.827579907568112116e-03 1.330397142618738524e-02 1.852043078073999788e-02 2.362090411272200347e-02 2.834579352870121929e-02 3.221645956905622166e-02 3.557118829653813791e-02 3.796645786581796106e-02 3.939458806319279249e-02 3.962668998924522706e-02 3.876701971908116245e-02 3.673519035661693133e-02 3.311224675623349045e-02 1.049480568471030523e-02
6.033518796488619718e-02 7.158467931289293207e-02 8.259396999968862674e-02 9.309188459310969999e-02 1.031393648699561322e-01 1.126509213066135412e-01 1.214565538085514707e-01 1.294679583389053146e-01 1.368045574132034925e-01 1.431634527267222623e-01 1.488410462722106753e-01 1.536270689346819485e-01 1.576333690898708562e-01 1.608593304819779801e-01 1.631819237657156640e-01 1.649739462537163082e-01 1.660623418454241496e-01 1.666422846314871142e-01 1.667982867434947003e-01 1.664110071303079863e-01 1.656856988141153231e-01 1.644726932669950126e-01 1.631330328299648857e-01 1.615506665863660207e-01 1.597313630528858774e-01 1.577109123956376424e-01 1.557089392536513128e-01 1.535728313178305049e-01 1.512368847665968852e-01 1.391669730453014286e-01
-2.119297099916499921e-02 -3.021029923761859096e-02 -3.743980268033857833e-02 -4.453139274249352797e-02 -5.147163655137933225e-02 -5.839353252783540532e-02 -6.528894615564415083e-02 -7.210314143639574846e-02 -7.882020738787202940e-02 -8.556288024593738939e-02 -9.196508316085597046e-02 -9.819602021446133255e-02 -1.042616134265637040e-01 -1.100382258096361948e-01 -1.154335836017566091e-01 -1.203808396017493759e-01 -1.249336713968923207e-01 -1.288306060957666588e-01 -1.322758803399983474e-01 -1.349710497619810712e-01 -1.373274897266782979e-01 -1.389527048336073878e-01 -1.401808153905269583e-01 -1.410990721994443697e-01 -1.417289456682248594e-01 -1.420397298378012207e-01 -1.422991061439489169e-01 -1.424306614077325284e-01 -1.426903179296319935e-01 -1.438545905339582986e-01
-1.360796168297477571e-01 -1.755726428246087711e-01 -2.115094378346062676e-01 -2.472688223289830067e-01 -2.828692801359179443e-01 -3.185149056117436706e-01 -3.541464696785492361e-01 -3.894719576519911075e-01 -4.247225403113212283e-01 -4.599368113433568439e-01 -4.945884735743470983e-01 -5.289307863529100207e-01 -5.632541069453578242e-01 -5.975505443614635981e-01 -6.309083289126956595e-01 -6.642081386858598169e-01 -6.972766227732611899e-01 -7.296200402046717493e-01 -7.615755219865094627e-01 -7.921653312034766525e-01 -8.230222509170102008e-01 -8.522462749728333398e-01 -8.815132197551601712e-01 -9.100530349396627194e-01 -9.383566378374428307e-01 -9.656583877449196329e-01 -9.927726328156905033e-01 -1.019353531609291208e+00 -1.045931413503768725e+00 -1.098820528117080197e+00
-9.201634676427189463e-02 -1.094163610914862805e-01 -1.243905351031471818e-01 -1.409072316487069432e-01 -1.591885404739892818e-01 -1.799288133031428649e-01 -2.033050454770578552e-01 -2.292503456948125629e-01 -2.577561766508855712e-01 -2.886779693451533291e-01 -3.211106871023011178e-01 -3.553701638483104941e-01 -3.912375602370466998e-01 -4.283832641952045051e-01 -4.655221220641395097e-01 -5.030254333843078296e-01 -5.405091628895574152e-01 -5.773107728991523357e-01 -6.131096501446929858e-01 -6.469093606686001641e-01 -6.801179072257446112e-01 -7.103313355616949210e-01 -7.396750237271074724e-01 -7.672096340164433759e-01 -7.934855370650963913e-01 -8.176920819301176646e-01 -8.409226092798265384e-01 -8.629713722374383611e-01 -8.841237261869295816e-01 -9.194710636371952184e-01
1.552403846070440907e-01 1.910964659566394830e-01 2.262750723505132233e-01 2.607235034939317520e-01 2.944608401623760585e-01 3.272152286221016171e-01 3.587186243003938069e-01 3.886116881344530705e-01 4.172093757382167034e-01 4.441335989868276379e-01 4.696038514722930546e-01 4.934480189996028887e-01 5.160154910382048765e-01 5.373845380230353186e-01 5.570149699448574410e-01 5.759207916819171214e-01 5.938827761290909057e-01 6.109391867744347060e-01 6.274997880011410345e-01 6.429424353132070502e-01 6.583913482382641735e-01 6.728229953993343226e-01 6.875331600228831164e-01 7.019526381264684645e-01 7.163698950904132667e-01 7.304564184964948970e-01 7.448311513501876258e-01 7.591249355706670698e-01 7.735366291133497496e-01 7.955073999897711579e-01
7.789874873370071159e-03 2.073668904413903877e-03 -4.226363045612387473e-03 -1.062384825246075887e-02 -1.693060844272156751e-02 -2.291682229070977905e-02 -2.861912446671837501e-02 -3.387326275817938159e-02 -3.872810177839939444e-02 -4.347066261627531569e-02 -4.789657565576167092e-02 -5.215419365240102356e-02 -5.640927974227660791e-02 -6.075370497907926770e-02 -6.530301016833697791e-02 -7.008981128942498584e-02 -7.539063964244996363e-02 -8.095399388141688579e-02 -8.717220462603443576e-02 -9.388072037737814346e-02 -1.014498886968949187e-01 -1.098560161120111511e-01 -1.190489496135745395e-01 -1.290279782049495449e-01 -1.399563311480142014e-01 -1.516913987443239131e-01 -1.641090349152178329e-01 -1.772716391446469419e-01 -1.915237671800666674e-01 -2.342008493069074881e-01
