3.808783373350168450e-02 6.717280910410941552e-02 1.085532204135585266e-01 1.452178209471550741e-01 1.879515493334569798e-01 2.298896774124596087e-01 2.710618573896138583e-01 3.137324998589606784e-01 3.570241289787173256e-01 4.026660246010930200e-01 4.400828023199713779e-01 4.808060698075231620e-01 5.131464246496517667e-01 5.453980378346313662e-01 5.713553839807088419e-01 6.001010197639405908e-01 6.205739931675268162e-01 6.342267341292275873e-01 6.473062320183901042e-01 6.503849798106580149e-01 6.530088566986088638e-01 6.466250261849536551e-01 6.419871627165438799e-01 6.288190811381975109e-01 6.163884871564279111e-01 5.984959838911324548e-01 5.819701252790854262e-01 5.650707157009802195e-01 5.481511132828706945e-01 4.984483447300159242e-01
2.617908372041724552e-02 5.950737677632880057e-02 9.676442123371441217e-02 1.310885300389064978e-01 1.647772036984478383e-01 1.960872546797257643e-01 2.251540722903208613e-01 2.524105186520245736e-01 2.778318579694316059e-01 3.013451523727901371e-01 3.198330916488150155e-01 3.362956382285516854e-01 3.494212675597248019e-01 3.597493728791172352e-01 3.660416159300772243e-01 3.728067070446790532e-01 3.749404194551099745e-01 3.736831104233249712e-01 3.710028456801532926e-01 3.651935280999819011e-01 3.584198342640100843e-01 3.480114239074441063e-01 3.388467751428602681e-01 3.266262468527645346e-01 3.150368607902319651e-01 3.011424777431073174e-01 2.882375169398525006e-01 2.754162014702439265e-01 2.626270257481480019e-01 2.273657472703400351e-01
-1.070178668593591183e-02 -3.260164316565242887e-02 -5.055927870772416316e-02 -6.589412370718543410e-02 -7.799922755247321038e-02 -8.796531617186750807e-02 -9.493064164433938357e-02 -9.952152219165513736e-02 -1.015584109891619069e-01 -1.004213539126968119e-01 -9.823923184313529400e-02 -9.259785910558612776e-02 -8.690412619572289443e-02 -7.857859009649943716e-02 -6.857314735263815575e-02 -5.681057994753340584e-02 -4.452261077123779998e-02 -3.153113033235416945e-02 -1.681779337910142835e-02 -2.716723590960503504e-03 1.261595765871940250e-02 2.795642448660449336e-02 4.506364329423588611e-02 6.262915167376439940e-02 8.000069748345856047e-02 9.936721285945269988e-02 1.189149181120132820e-01 1.382874758976366247e-01 1.598381722157246054e-01 2.158538566465499908e-01
3.624293578619649375e-04 4.673417431756338170e-03 8.770127502818221912e-03 1.321141782469508266e-02 1.690682166714687490e-02 2.009323540275084752e-02 2.344535798903582546e-02 2.632021644932674986e-02 2.903850658029205611e-02 3.183109607558222420e-02 3.379475205024362605e-02 3.622384727864662313e-02 3.877855116827232107e-02 4.119640867627437364e-02 4.457607472207199967e-02 4.821912656215379678e-02 5.230154446309620564e-02 5.704951033701062546e-02 6.281787755108662885e-02 6.925954460937500112e-02 7.649700492794822559e-02 8.384499287171431892e-02 9.270227172042690145e-02 1.024117575695780019e-01 1.117504608514683223e-01 1.223106453377998531e-01 1.325331513548832219e-01 1.422124536591921062e-01 1.525282639952602048e-01 1.756571803954058986e-01
1.517484412567532935e-02 2.892672523932448420e-02 4.217119462442475708e-02 5.250666295610045831e-02 6.317829583979314712e-02 7.159208670830947974e-02 7.976643526103706361e-02 8.663945898604315243e-02 9.223271842359652417e-02 9.890573560663894204e-02 1.021262138956944981e-01 1.064075244336958187e-01 1.083192922137308917e-01 1.099584011486004625e-01 1.101502074522176938e-01 1.103997446443262809e-01 1.101645001312912403e-01 1.077695402305782063e-01 1.054947294848633810e-01 1.011190410315475768e-01 9.620269484961922746e-02 8.876438774257068565e-02 8.101443333479067810e-02 7.127228814681656199e-02 5.953192462908137028e-02 4.559151241306264035e-02 3.000068511992494413e-02 1.296452754426806811e-02 -6.584562317291368927e-03 -6.763640415590668753e-02
3.734711727506867529e-02 7.214642567857244837e-02 1.180646262376497113e-01 1.575907860141083916e-01 2.058525983428974027e-01 2.544230076475247349e-01 3.020197378034663038e-01 3.536658092787396956e-01 4.095067344738065884e-01 4.725689948739729696e-01 5.243651690307732371e-01 5.905597218034668305e-01 6.477706469691900670e-01 7.093756404122384396e-01 7.737618205692595730e-01 8.426368450328306503e-01 9.070729295113241220e-01 9.708642174271406855e-01 1.043670252676260457e+00 1.105422923258709833e+00 1.175064562961740888e+00 1.233333657555521601e+00 1.298405311047160282e+00 1.354227707246913770e+00 1.409919811178423465e+00 1.462412141348803374e+00 1.513076497741238979e+00 1.558255769830742876e+00 1.603488791406995073e+00 1.679937871800332605e+00
3.313975330090672411e-02 7.645721316029477355e-02 1.256783949153692237e-01 1.703653569144673585e-01 2.162853575119010885e-01 2.598830931075513107e-01 3.004634976470913488e-01 3.403822930455393525e-01 3.793926677964936101e-01 4.181853113978268865e-01 4.491774593786598269e-01 4.823395769948355949e-01 5.101957487161342675e-01 5.364613513948093271e-01 5.605301550997445759e-01 5.857416171935808658e-01 6.060717782097293505e-01 6.236048579961258609e-01 6.427676239009521009e-01 6.564533313740322784e-01 6.717263513896579719e-01 6.809148636724522419e-01 6.933159251159969338e-01 7.005936404418837693e-01 7.085832843253531133e-01 7.138198438482661334e-01 7.193082998596540545e-01 7.232341539274319553e-01 7.269276995308020517e-01 7.216365336315241352e-01
-7.771489841044781910e-03 -4.531958634018675228e-03 -1.646932060096804526e-03 3.663796080353933990e-03 6.441618129460386505e-03 9.498393119871901408e-03 1.230389039700833555e-02 1.411002391482335874e-02 1.613768888355796710e-02 1.634834436600189622e-02 1.741491775023645133e-02 1.693920471322474253e-02 1.928198084947919250e-02 2.023123209377295992e-02 2.345488659462314704e-02 2.690815462157045146e-02 3.087275058079926721e-02 3.756116414343149690e-02 4.520987438491967658e-02 5.618930412971436666e-02 6.831828940412768003e-02 8.292936952473078938e-02 9.971225346785933530e-02 1.199840917973299115e-01 1.409017344588869014e-01 1.656469964015975793e-01 1.908939257446160276e-01 2.163778781639406068e-01 2.447375026722803382e-01 3.189971114382740836e-01
-1.201789901754665713e-03 -4.816524427156073512e-03 -6.821462513246719789e-03 -7.875434718283811503e-03 -7.188906696046597211e-03 -5.480373519169096791e-03 -2.771863021257559359e-03 1.294761900421412086e-03 7.252351320478562721e-03 1.545055309694171042e-02 2.272112782572392048e-02 3.400699009156850361e-02 4.507536515320602344e-02 5.796959573064168481e-02 7.370263765967627334e-02 9.087968986699612728e-02 1.087899011913011638e-01 1.284138106985643901e-01 1.513654486969058799e-01 1.738141886145523340e-01 1.990111274890848658e-01 2.233001554681898482e-01 2.505236114144743786e-01 2.778837446286419599e-01 3.050329910910369868e-01 3.340071193188598464e-01 3.624403215979393744e-01 3.893955263251753784e-01 4.178501915101004438e-01 4.823159020048514156e-01
1.078574178450366836e-02 2.109401269396679254e-02 3.119587661795713424e-02 3.916753404336123512e-02 4.745439185527246945e-02 5.407355264800232930e-02 6.088521028259571977e-02 6.683789292938782656e-02 7.208213430422860668e-02 7.861802576765795914e-02 8.230628309374521390e-02 8.758437270781714579e-02 9.111270530074146168e-02 9.469423500235589486e-02 9.798785420090667941e-02 1.015435747502768937e-01 1.050255151354897998e-01 1.074226988635755137e-01 1.106222804021554373e-01 1.123773314365565934e-01 1.144025830993022352e-01 1.145024452934788883e-01 1.149140816988339087e-01 1.142177255821365950e-01 1.119142857143767406e-01 1.085130328362876179e-01 1.037714202416852027e-01 9.759274146828134100e-02 9.000943288215094984e-02 6.046960762336830303e-02
4.526371438808773559e-03 4.996850980855292723e-02 9.043672640399140483e-02 1.301004948218850987e-01 1.623099318025806037e-01 1.914127945431229882e-01 2.156025370043056777e-01 2.356426605608023528e-01 2.529657346950766605e-01 2.646284926649246083e-01 2.734064432596545746e-01 2.790954809163311845e-01 2.873135867164222645e-01 2.909975606897924338e-01 2.983558842536926381e-01 3.041946631756830555e-01 3.108497643372892250e-01 3.218131235685844915e-01 3.353690096558909484e-01 3.536616810004896694e-01 3.748949565444443799e-01 3.980673459277678794e-01 4.252547040743250850e-01 4.562379588436409339e-01 4.883569414448211687e-01 5.241055038167969915e-01 5.597006583581227712e-01 5.938786384053760248e-01 6.296564011405961780e-01 7.089711353269130267e-01
-1.999185930444469933e-02 -5.658469341379305378e-02 -9.646580449091002318e-02 -1.357893979343174351e-01 -1.704005957196343679e-01 -2.032985244094908661e-01 -2.313900655705072862e-01 -2.560845844000083638e-01 -2.774865959224056544e-01 -2.906242619338224031e-01 -3.024352349961156317e-01 -3.041859187608990100e-01 -3.066897455952989349e-01 -3.014567389451209278e-01 -2.909619451822988423e-01 -2.780793004990573802e-01 -2.589414539331447163e-01 -2.375361536947500629e-01 -2.099178498414649707e-01 -1.836352231183831785e-01 -1.530308725066396036e-01 -1.235182213902351889e-01 -9.236029905470935497e-02 -6.197114794876965732e-02 -3.528531696336983936e-02 -8.084636546770348695e-03 1.527753270142785842e-02 3.433663156074558825e-02 5.098656585860862622e-02 7.088430142772186859e-02
1.952269045897447874e-02 3.365804863038659306e-02 5.496283091171922514e-02 7.231297175927589582e-02 9.503859169982964428e-02 1.169584375693199924e-01 1.394145252038867522e-01 1.634518268564311150e-01 1.883516634878578955e-01 2.172331593512431824e-01 2.400265323566004583e-01 2.680349254613988985e-01 2.897023223625885269e-01 3.131606415135236854e-01 3.336860845932846376e-01 3.565036685716259646e-01 3.754267936464318334e-01 3.900096326227106003e-01 4.059745708321476632e-01 4.144445575949082805e-01 4.237017891080264720e-01 4.259800024906388316e-01 4.297508165711992900e-01 4.271519170066878646e-01 4.237948570771706835e-01 4.162378635246857805e-01 4.083079492746315431e-01 3.984927670604389016e-01 3.875196167233436739e-01 3.462002162383742143e-01
3.485520816027633251e-03 -1.589101435674254020e-02 -2.976564852223256147e-02 -4.407312705410178916e-02 -5.124414439544767302e-02 -5.657147836837776722e-02 -5.830597536704540396e-02 -5.592228698196068104e-02 -5.011013571721295579e-02 -3.721678937932092202e-02 -2.658681834612706268e-02 -6.900140549018789551e-03 8.841603157022499132e-03 2.983555523621392314e-02 5.255540019879141600e-02 7.786852686097800458e-02 1.035597694258964946e-01 1.283049493718792233e-01 1.570741828859407163e-01 1.806544000696493624e-01 2.069815364288905557e-01 2.289091988536455236e-01 2.530953942780429511e-01 2.736359101069618660e-01 2.927636883707536719e-01 3.108284440548735317e-01 3.276956317942620878e-01 3.421633085015607367e-01 3.566247952945265642e-01 3.805633392842031615e-01
-1.174803946150585615e-02 -3.062129167255692869e-02 -4.810331726582918466e-02 -6.230271578654129894e-02 -7.576558754513262883e-02 -8.782693764650803536e-02 -9.767290274333045863e-02 -1.064589890347829026e-01 -1.138199644527851384e-01 -1.199204709849742284e-01 -1.239343265939069905e-01 -1.268783556030639303e-01 -1.283055642083256176e-01 -1.282025713768124853e-01 -1.262727985626250216e-01 -1.234092378180931537e-01 -1.190530717016264894e-01 -1.132612908602051577e-01 -1.064088862754448139e-01 -9.792088567810577904e-02 -8.861764446424902353e-02 -7.751414783174831458e-02 -6.483588496114001121e-02 -5.006731417368526227e-02 -3.535780892447781820e-02 -1.784427755027284679e-02 -7.170240372691375624e-05 1.783889685301595293e-02 3.771949794409743678e-02 9.138400465119499161e-02
2.280451183685484190e-02 4.599727992789759412e-02 7.273263188861038564e-02 9.610466102669551480e-02 1.219821740811673078e-01 1.467601232634975772e-01 1.706598050754369322e-01 1.951866696113625788e-01 2.204291723243067824e-01 2.481182407244669486e-01 2.699377090546347113e-01 2.970845138831101906e-01 3.202142280787783624e-01 3.443071750343558168e-01 3.692302036016196221e-01 3.957227906327596689e-01 4.203091537108105680e-01 4.444442924470177747e-01 4.721887389142931379e-01 4.958076799279027003e-01 5.225896059065382460e-01 5.443138875439086366e-01 5.692889376322414208e-01 5.907120112917990662e-01 6.118079565846795687e-01 6.314398036643402712e-01 6.501210107137780358e-01 6.660161480713406856e-01 6.817861342310063133e-01 7.035235220884757945e-01
-1.218686353697085063e-02 -3.842942504303124840e-02 -6.498600869165067906e-02 -8.611029400592454253e-02 -1.098197937833040316e-01 -1.324106526105284787e-01 -1.527907308343302573e-01 -1.742541768067183694e-01 -1.960574636197122134e-01 -2.203478749748501997e-01 -2.391733655294928651e-01 -2.638814124682953288e-01 -2.841174534205198055e-01 -3.058340837669288326e-01 -3.283676063796350242e-01 -3.516126412054502159e-01 -3.735248805370013359e-01 -3.949464587102342050e-01 -4.201084561565732178e-01 -4.400495303313542994e-01 -4.632926383222458200e-01 -4.808462216375680165e-01 -4.998454754602694727e-01 -5.131888674163995745e-01 -5.265081844139929412e-01 -5.359893659361028018e-01 -5.439298392422243777e-01 -5.487591388675394644e-01 -5.511885325930137025e-01 -5.361786687540637253e-01
7.451127671128243354e-03 2.116570410054208207e-02 3.476528767502340411e-02 4.789129584607811074e-02 5.882899726465304346e-02 6.824864495071908399e-02 7.687600238632927296e-02 8.350164203787195649e-02 8.854618181379772524e-02 9.184003638030768801e-02 9.388439690086804179e-02 9.314627218284850241e-02 9.230287987632423974e-02 8.964395881029532664e-02 8.510186068320318986e-02 8.067532893607923250e-02 7.492287681247711273e-02 6.812516523609124519e-02 5.992004660996590182e-02 5.229605648758853254e-02 4.361639695936536665e-02 3.490048193186698344e-02 2.657162268443535869e-02 1.843055861401945994e-02 1.018045901978439222e-02 1.712645082262462953e-03 -6.520556860309910385e-03 -1.452320442833275084e-02 -2.264076029528138204e-02 -4.305905414641516410e-02
-1.454231326043965017e-02 -3.581610607546460018e-02 -5.827371442131518836e-02 -7.823634681359785403e-02 -9.973619197789375390e-02 -1.217713250869981167e-01 -1.414841778743303191e-01 -1.627346953782013994e-01 -1.855551791117222848e-01 -2.095177063324607514e-01 -2.300066175571792715e-01 -2.555619626277738088e-01 -2.793706315935225448e-01 -3.041023969960466311e-01 -3.319409313551623386e-01 -3.608487772901096124e-01 -3.886640686945176393e-01 -4.186722746646883708e-01 -4.533659237638296147e-01 -4.853202731599132735e-01 -5.219458088930850614e-01 -5.551418064881814551e-01 -5.914633587408613113e-01 -6.247108622760934038e-01 -6.594783080880859405e-01 -6.937982201186960740e-01 -7.277251685157692940e-01 -7.593445764454128666e-01 -7.916530183001364573e-01 -8.589494535507166129e-01
4.241437553220694934e-02 7.997100771087031768e-02 1.277082990173639132e-01 1.695212292709271096e-01 2.150604460306922705e-01 2.578291657325253450e-01 2.990331226957153588e-01 3.393009595655007149e-01 3.777134473395428182e-01 4.164627492800413999e-01 4.467835275493121650e-01 4.761923311473982845e-01 4.974436779374025730e-01 5.163102663068781517e-01 5.258813422510407731e-01 5.369988516867674200e-01 5.392762821854983901e-01 5.325258098027361164e-01 5.220810261733439539e-01 5.023241919064347361e-01 4.791623163186605194e-01 4.476842197142591462e-01 4.155448383676398350e-01 3.750127135352829821e-01 3.344280726126130920e-01 2.868893728774087881e-01 2.406551004186046894e-01 1.950062641082706549e-01 1.475047245915360739e-01 2.404166560487767251e-02
4.580407517847426280e-02 8.188646223099353694e-02 1.331994177720092765e-01 1.792090531864651004e-01 2.344670854761619072e-01 2.904910446352739761e-01 3.453603233933082439e-01 4.045149886673796713e-01 4.678132068935361154e-01 5.366990136083067409e-01 5.943322168065624522e-01 6.638794606699499612e-01 7.240433463492282895e-01 7.868208138947201391e-01 8.500374916364483724e-01 9.175696641564785594e-01 9.778888019830404010e-01 1.035930727190380374e+00 1.100697859080310259e+00 1.153798929854361610e+00 1.213026667301452033e+00 1.260774549555780943e+00 1.315114163392022917e+00 1.360203283239221683e+00 1.406673218973548689e+00 1.450024672479576893e+00 1.493625764566730130e+00 1.533739108708829457e+00 1.575967613530727895e+00 1.657470887519960634e+00
-3.639358075862637008e-03 6.310940104538890691e-03 1.478420751902258592e-02 2.614259254841560035e-02 3.143825275171953371e-02 3.534789268246730370e-02 3.780371028957100338e-02 3.650105926894534059e-02 3.255057628916409318e-02 2.261026424630928691e-02 1.476040184799773912e-02 -1.667778617024627541e-03 -1.403055279963245916e-02 -3.137190392178343390e-02 -5.026310249420908038e-02 -7.071818782789957014e-02 -9.187851713090036676e-02 -1.124522204837271333e-01 -1.368677662691208941e-01 -1.557001084271731617e-01 -1.774649814086254329e-01 -1.944951624911061827e-01 -2.117987007685997736e-01 -2.239988179103897525e-01 -2.350960010311186066e-01 -2.429075317479528484e-01 -2.489227671099819572e-01 -2.521551715233490976e-01 -2.530523449300595140e-01 -2.388000837423242262e-01
6.970046812560390381e-02 1.452580800147444950e-01 2.402376883675112484e-01 3.262713567002594184e-01 4.215177503448162000e-01 5.161498051773139029e-01 6.058614563163925437e-01 6.990720142037226692e-01 7.963035912394458293e-01 8.976485011354777832e-01 9.819409609862631561e-01 1.079668555032992749e+00 1.164800505419712362e+00 1.251001459227212953e+00 1.337286433639711891e+00 1.428744242256911212e+00 1.509430089564958388e+00 1.587544463662121874e+00 1.674797122932525362e+00 1.746905661305648838e+00 1.827974279731509499e+00 1.893219080466766790e+00 1.968219566003672982e+00 2.030621443062686104e+00 2.095634462822158817e+00 2.156125401925665042e+00 2.217349529647532957e+00 2.273634569185171372e+00 2.332325196363864706e+00 2.441251677024692590e+00
4.035881977969796308e-02 8.907109579799381283e-02 1.471359833352752777e-01 2.004841739683943247e-01 2.576945561830256137e-01 3.140802465896190276e-01 3.670606899739962126e-01 4.213495994480853657e-01 4.776740215325527839e-01 5.356378378691282194e-01 5.838341370920605566e-01 6.393995310731064308e-01 6.889079931519879185e-01 7.385312452165602171e-01 7.894057301647586788e-01 8.433376909791070464e-01 8.917647017623588912e-01 9.398459206833513768e-01 9.941714875742171387e-01 1.041076386343321225e+00 1.093992863156277862e+00 1.138429836001884743e+00 1.189662013202564372e+00 1.234453936750770975e+00 1.280961020098945413e+00 1.325889680718430164e+00 1.370982113885698128e+00 1.412579133559532796e+00 1.455968005993045988e+00 1.540054448604489812e+00
-9.875382226007764844e-03 -2.223344091755366514e-02 -3.616717698337627851e-02 -4.825403466566056260e-02 -6.148910113843053526e-02 -7.482111469571653406e-02 -8.652928276525062579e-02 -9.900143002361337652e-02 -1.119932147078857576e-01 -1.249492555547597195e-01 -1.359898540595433636e-01 -1.487349492265836459e-01 -1.599603287789178319e-01 -1.710747728994218564e-01 -1.825105793619327121e-01 -1.939418116711828510e-01 -2.039150479932541615e-01 -2.139414922160526866e-01 -2.250272426116996516e-01 -2.339635923537170537e-01 -2.441251913107460036e-01 -2.521901182482451653e-01 -2.607000502315164336e-01 -2.669600136314994043e-01 -2.742651384548344673e-01 -2.801706445238104082e-01 -2.863140327678262986e-01 -2.919174784895010033e-01 -2.973416591158023481e-01 -3.061158368532838070e-01
3.381450529624482199e-02 6.757349281306496147e-02 1.066731547888908338e-01 1.398576522376024922e-01 1.767112698063350584e-01 2.111831387592167653e-01 2.442878099863368679e-01 2.776167671412201887e-01 3.107851849381144671e-01 3.467463839135207504e-01 3.742977261520721299e-01 4.071311583814163360e-01 4.333149153506625773e-01 4.598411649085923925e-01 4.845068508211771707e-01 5.105313035463070470e-01 5.326451018579513308e-01 5.513956483424998778e-01 5.723066777937595440e-01 5.861803872398464454e-01 6.016439502129415917e-01 6.095370846755634453e-01 6.194968153098479036e-01 6.230786309163146575e-01 6.258064054318192015e-01 6.240654497652176058e-01 6.211728428033931326e-01 6.155559816822412378e-01 6.079547365070268050e-01 5.674442692877760264e-01
-1.535332557137109033e-02 -4.075161379728305111e-02 -6.824759175898761909e-02 -9.222470715885508485e-02 -1.179086496993927147e-01 -1.433063780184530012e-01 -1.659018214040899331e-01 -1.895354891654708607e-01 -2.138001490196509979e-01 -2.385475276937698008e-01 -2.590673973986732936e-01 -2.832729473107005180e-01 -3.044142726512150676e-01 -3.257727045369953611e-01 -3.479427174128006950e-01 -3.705454795369893528e-01 -3.909936713334749014e-01 -4.115669525413026553e-01 -4.349290427229118849e-01 -4.544659378888615819e-01 -4.768000987018198855e-01 -4.949477309556741811e-01 -5.150965036761926408e-01 -5.310987422175936779e-01 -5.484467463256248454e-01 -5.636162253507973618e-01 -5.786480794102796255e-01 -5.920389061660973340e-01 -6.049262859567016148e-01 -6.250562183059087396e-01
4.438775679825772771e-03 -2.178918021220547716e-02 -4.425264703901250762e-02 -6.600403383495861975e-02 -8.425351475259121314e-02 -1.019076192037699780e-01 -1.158129947142642613e-01 -1.288027894473937618e-01 -1.417797226303484370e-01 -1.522609236847008718e-01 -1.614433487163684511e-01 -1.720900100721963755e-01 -1.854445865141021166e-01 -1.970869443888876027e-01 -2.150759450794932082e-01 -2.319028753929776310e-01 -2.504919090536704696e-01 -2.749504948254466452e-01 -3.039067662489416399e-01 -3.360110346580050256e-01 -3.726316159108906678e-01 -4.107166839008219439e-01 -4.518504451314392378e-01 -4.951367036550125000e-01 -5.402608552734537994e-01 -5.884539645929758311e-01 -6.361174266539488809e-01 -6.819903421554508460e-01 -7.294360888535719178e-01 -8.371661556411342797e-01
1.408166209926766353e-02 4.461287913144277445e-02 6.819260569858881516e-02 8.785033733530675515e-02 1.027045978153501987e-01 1.128283132897359708e-01 1.203854482537743686e-01 1.236196140928372406e-01 1.227078488773765408e-01 1.194386261036749497e-01 1.129211551805506253e-01 1.037792395542223162e-01 9.396968115217338435e-02 8.153126905139740366e-02 6.816273604012562659e-02 5.271841171654136071e-02 3.875177260716952676e-02 2.387677597955586289e-02 8.133707281240062925e-03 -6.216432043671674817e-03 -2.186586187236582574e-02 -3.767104046060737454e-02 -5.456440770033330057e-02 -7.101602674971288498e-02 -8.990558542312727941e-02 -1.107295896933104817e-01 -1.338815829624791509e-01 -1.585918606072689307e-01 -1.876378236503765673e-01 -2.758526762323080250e-01
2.417425274021884479e-02 4.999608566629378664e-02 7.922817570556053846e-02 1.047592865035075482e-01 1.326385690675478402e-01 1.589768132442933024e-01 1.841398007923298885e-01 2.096283660470447674e-01 2.355625813390501977e-01 2.635009993144268314e-01 2.852337681462598362e-01 3.119225721795948481e-01 3.344507137183960754e-01 3.573925353770295854e-01 3.810374761340322713e-01 4.056967177949907244e-01 4.283815621832369192e-01 4.503456010680907395e-01 4.754804369796302721e-01 4.964734855561119820e-01 5.200801951390118250e-01 5.387068023889513002e-01 5.600876567902908221e-01 5.781561049253449713e-01 5.956686696009220183e-01 6.116078966184403942e-01 6.265047225356303873e-01 6.388389018946893927e-01 6.507553797320817512e-01 6.626277618601831287e-01
-1.930719666982075311e-02 -3.844776387951309715e-02 -6.079117633953113470e-02 -7.985778096492224254e-02 -1.020685670387468241e-01 -1.246689086399901392e-01 -1.454046225269682024e-01 -1.683813582313563040e-01 -1.928583036748630075e-01 -2.192360556873395316e-01 -2.413561521644235208e-01 -2.690853868978700936e-01 -2.930352014082328038e-01 -3.183972555966806395e-01 -3.452445723048720438e-01 -3.729484102896723496e-01 -3.986567084521870918e-01 -4.248840332700343225e-01 -4.546781808657595070e-01 -4.800830585850610066e-01 -5.091530375246913209e-01 -5.334276203706398434e-01 -5.601574277691101500e-01 -5.826321188123531059e-01 -6.065833800025103306e-01 -6.285113784934306391e-01 -6.504257742481391880e-01 -6.703875369615204249e-01 -6.905361605547499781e-01 -7.293319356548401133e-01
-3.276811275513637906e-02 -7.218308439762878559e-02 -1.167041175637847650e-01 -1.548224211577650666e-01 -1.965136015063099206e-01 -2.368537480472405199e-01 -2.738031598098776276e-01 -3.120341695781344016e-01 -3.503240584776113331e-01 -3.899469296180408939e-01 -4.219173459428151030e-01 -4.586832626962651371e-01 -4.887704919786934887e-01 -5.188671037816970921e-01 -5.470456442342180869e-01 -5.761479400336488865e-01 -6.003300255447308054e-01 -6.217737947320104430e-01 -6.455138109532088109e-01 -6.615860527833512528e-01 -6.800608525864562104e-01 -6.906353797692010854e-01 -7.030571159346015175e-01 -7.077949638469992477e-01 -7.139455004851698039e-01 -7.147770894378393525e-01 -7.156697606259384559e-01 -7.144518224396481099e-01 -7.117522126095056079e-01 -6.888200112689563115e-01
1.454293243569276285e-02 5.117077249259975591e-02 8.852165135097450621e-02 1.253509671943942583e-01 1.561716114689488122e-01 1.839534825490281023e-01 2.081584534760266281e-01 2.276138824932519289e-01 2.430206932585045332e-01 2.514972969983483297e-01 2.578690581569588192e-01 2.551298470192071011e-01 2.532753252682010681e-01 2.446822797910175040e-01 2.316493172545062706e-01 2.170363572588022982e-01 1.983173841398492010e-01 1.775858828799156963e-01 1.520250402505112786e-01 1.288974392240763434e-01 1.021603280519145507e-01 7.687537719576445494e-02 5.123419584468276444e-02 2.760596555644045588e-02 5.403821101942197364e-03 -1.634469112850315403e-02 -3.592718225570280810e-02 -5.291737366279707089e-02 -6.856444411288084573e-02 -9.639551371050068818e-02
2.280586741614699237e-02 5.248793496367899769e-02 8.743078479344175424e-02 1.193088674901359864e-01 1.540051508211616182e-01 1.881000848560656080e-01 2.205375304413880744e-01 2.541320062169678540e-01 2.894353023398379410e-01 3.268917594131069970e-01 3.575157645803812567e-01 3.949644425789565760e-01 4.285862912548659143e-01 4.628674286513017044e-01 5.002454334742280073e-01 5.390809711646564750e-01 5.757505493929586660e-01 6.136854599416045053e-01 6.568890739474090301e-01 6.961274025182657699e-01 7.400901527859505835e-01 7.789110777730781088e-01 8.227097430964669389e-01 8.634994058217584367e-01 9.048294379019902189e-01 9.461895212997792903e-01 9.868096720521539744e-01 1.024597018336677046e+00 1.063642589480839007e+00 1.142369525876331338e+00
1.545250572279609907e-02 3.492130843897957998e-02 5.650394597156335047e-02 7.598457356732284118e-02 9.614700325300983008e-02 1.150130150741207474e-01 1.330994813669501564e-01 1.508903377033738447e-01 1.684106191040865008e-01 1.868107034720639104e-01 2.010173342828835696e-01 2.176235424350725367e-01 2.316948166810393617e-01 2.455154095503230827e-01 2.595181241805498695e-01 2.741414233743046380e-01 2.874194960528371756e-01 2.999892142903232140e-01 3.144561525624873788e-01 3.266213014388992253e-01 3.403350352865306405e-01 3.510324945248533557e-01 3.640499164256691400e-01 3.750770256658567670e-01 3.858424222595614461e-01 3.959287425870837707e-01 4.055621639525661681e-01 4.137165465269657116e-01 4.218799564872382502e-01 4.320179390286851273e-01
-2.591668670507229350e-02 -6.014635066509502193e-02 -1.002594673253590918e-01 -1.363666635178107933e-01 -1.762806817801103043e-01 -2.166330764152724631e-01 -2.538141352005395257e-01 -2.937561224046029706e-01 -3.358781815260617476e-01 -3.796217422608477721e-01 -4.167412191957345358e-01 -4.611428193466118319e-01 -5.007643423341856526e-01 -5.411800447659366187e-01 -5.842318553389411750e-01 -6.285575907155164233e-01 -6.691503617183557351e-01 -7.109387351990164028e-01 -7.579312014094643501e-01 -7.991472603840067412e-01 -8.456856972079029866e-01 -8.858082025270741511e-01 -9.304456612114768710e-01 -9.696012306918271317e-01 -1.011527905496313773e+00 -1.051689782788286731e+00 -1.092325179612926966e+00 -1.130563835257912153e+00 -1.170310616348184451e+00 -1.254419826315181341e+00
-2.780500053988049260e-03 -1.907364436018260667e-02 -3.516540617310412453e-02 -4.749170167021123795e-02 -6.061787217742095613e-02 -7.264192521656145929e-02 -8.282445462852208728e-02 -9.279797798044950308e-02 -1.021330004099416933e-01 -1.113403827518419653e-01 -1.180474955750418775e-01 -1.254801930311329194e-01 -1.302836870784221390e-01 -1.348234980885714418e-01 -1.376263370674081221e-01 -1.400546481238172936e-01 -1.406770060980394033e-01 -1.398222819122538207e-01 -1.381834862406185471e-01 -1.338073606713737762e-01 -1.288383741760190104e-01 -1.214577466441411346e-01 -1.121841888486952710e-01 -1.001566740737024619e-01 -8.786593300439644871e-02 -7.218646379566776017e-02 -5.577393484468407686e-02 -3.889813411316656727e-02 -1.947608613277030873e-02 3.641277539512038919e-02
-3.332882585385896212e-02 -6.722823932410729175e-02 -1.097958103194077717e-01 -1.451735503906129710e-01 -1.897150295157184474e-01 -2.352566768106174599e-01 -2.789148950579783404e-01 -3.280305750028749689e-01 -3.810323119579698825e-01 -4.409784652042670339e-01 -4.908949664953911052e-01 -5.548116776536016204e-01 -6.090592063154426361e-01 -6.680326572488224368e-01 -7.285462560044309033e-01 -7.929356029242387027e-01 -8.522944583053010392e-01 -9.101789859657277715e-01 -9.762258791387742329e-01 -1.029847779364083671e+00 -1.090977942806621748e+00 -1.139777057833973206e+00 -1.194176452433927782e+00 -1.236813526626945325e+00 -1.281120283685757810e+00 -1.319795097223269043e+00 -1.357674114495861062e+00 -1.390492021095322217e+00 -1.422907961572905444e+00 -1.473230578159794080e+00
-4.015628092182926476e-03 -1.677600843856293794e-02 -2.832031369374555380e-02 -3.827058022327563258e-02 -4.692356174611549136e-02 -5.467399283223020601e-02 -6.054959515733487896e-02 -6.539286461827836794e-02 -6.908709653393256545e-02 -7.086501109277536237e-02 -7.208973036381578769e-02 -7.125236994218234199e-02 -7.032979609423706258e-02 -6.773663157864279194e-02 -6.382595818620542816e-02 -5.908984460739390154e-02 -5.328080371295178946e-02 -4.677187098278468014e-02 -3.913878387279800392e-02 -3.114572381038676480e-02 -2.236701477456212381e-02 -1.324278335300749232e-02 -2.919219578664114696e-03 8.393052876502948151e-03 1.906531287676605999e-02 3.125490828082617967e-02 4.310422788177471071e-02 5.461759205139775364e-02 6.702019301675572749e-02 9.804336931824243762e-02
-3.933337752673861897e-03 -5.773566084146336541e-03 -1.212306873853304275e-02 -1.751922666140469029e-02 -2.657822877586188404e-02 -3.709703636894460393e-02 -4.732920570964135876e-02 -6.020225372542795106e-02 -7.509381778473592228e-02 -9.184744818635207086e-02 -1.069838287274969546e-01 -1.261318098180194136e-01 -1.430004285296087585e-01 -1.614191673429532792e-01 -1.805352058636044421e-01 -2.007257139812981817e-01 -2.190830355057141465e-01 -2.373580722292429890e-01 -2.577055297144693058e-01 -2.744478297786897003e-01 -2.932814841476905077e-01 -3.091352734011077463e-01 -3.263752663052829073e-01 -3.403797624485650486e-01 -3.559463211570536023e-01 -3.702948068609790422e-01 -3.854077574569701459e-01 -3.998963116091172609e-01 -4.153941840265144014e-01 -4.511003806928009507e-01
5.598791055006214351e-02 1.204077385718695242e-01 1.975561825838282604e-01 2.686945248352114457e-01 3.444311007530703739e-01 4.194651219599972447e-01 4.895914557701953607e-01 5.612969487479331221e-01 6.357282959101563380e-01 7.115303346571956178e-01 7.748432241142400034e-01 8.471826228576130324e-01 9.121764863613821550e-01 9.766950132108191962e-01 1.043310691783150501e+00 1.113344848246618612e+00 1.176095372736591038e+00 1.239108906522132791e+00 1.309816199412819238e+00 1.371639587793858528e+00 1.441135833276727451e+00 1.500311561028116802e+00 1.567973406204736797e+00 1.628181570989146509e+00 1.690934825758950488e+00 1.752190741456897793e+00 1.813919953270807017e+00 1.871651100498723519e+00 1.932098726302727831e+00 2.053474459770453286e+00
-6.879510471902095664e-03 -1.919297816342006163e-02 -3.086064804164026509e-02 -4.060967718229712559e-02 -4.961751311030599548e-02 -5.783299761858351484e-02 -6.435223432400374866e-02 -7.012824465588173017e-02 -7.476500859510137875e-02 -7.801593311538426723e-02 -8.037576799865303601e-02 -8.110452533204025316e-02 -8.103388681945503103e-02 -7.971180556498297376e-02 -7.649291801929646029e-02 -7.277771675710079102e-02 -6.756771189949992151e-02 -6.124871698443313389e-02 -5.369426893762400260e-02 -4.521246905713745268e-02 -3.593696311243682606e-02 -2.588007064533321550e-02 -1.436257047949922316e-02 -1.465407027217363080e-03 1.097495448543991253e-02 2.521980900928930819e-02 3.926708306683943106e-02 5.294980419664573057e-02 6.767199843221144429e-02 1.038831008584280430e-01
1.089448885398641362e-03 3.077101442260401533e-03 8.338093740517586033e-03 1.545297654949955371e-02 2.348245306595779514e-02 3.272610810900446893e-02 4.200733056449078295e-02 5.235100181228199978e-02 6.470901135629486545e-02 7.760409346809377107e-02 8.963006558055143513e-02 1.043376387147896545e-01 1.196616791894385273e-01 1.355563889006126121e-01 1.546259930513279313e-01 1.749399630536381256e-01 1.950552927933640879e-01 2.175514384657299960e-01 2.430812104584815225e-01 2.688984761855328087e-01 2.974392574055866323e-01 3.259481747988450806e-01 3.580943862585819204e-01 3.911450447690683063e-01 4.250328473181617661e-01 4.619282427704161642e-01 4.990507579228239399e-01 5.355692935542424316e-01 5.747651992182887248e-01 6.696791739734302418e-01
4.310472179226391629e-03 -7.702078420855528601e-03 -1.756891058018648227e-02 -3.089838631892079246e-02 -3.757080656786577350e-02 -4.440221532689435369e-02 -4.779968351478923461e-02 -4.826668474920488283e-02 -4.683488891907230944e-02 -3.742352964112700964e-02 -3.184625564752155413e-02 -1.667862373632834905e-02 -6.969714124531515426e-03 8.274908779109042128e-03 2.425136992237307554e-02 4.221445607690933743e-02 6.141873801819917877e-02 7.831164687573598238e-02 9.871513241298229824e-02 1.128848408869766867e-01 1.289109352097490280e-01 1.394104196143493291e-01 1.502535847283630599e-01 1.560262680580696282e-01 1.584578297037875783e-01 1.570776258212911725e-01 1.526705764852495373e-01 1.447246522731773788e-01 1.331728905135030061e-01 8.152774390515513114e-02
2.342263593353866025e-02 5.262816989975910992e-02 8.552915097151171653e-02 1.154421705660165498e-01 1.456479521274348932e-01 1.737220311539631468e-01 2.000816177534989748e-01 2.252662106524834507e-01 2.492096405026717754e-01 2.723894273888933792e-01 2.903902939310124554e-01 3.082647127786253272e-01 3.225631598040605286e-01 3.349329672819373882e-01 3.446142816522023145e-01 3.546125815274489002e-01 3.609027181932542572e-01 3.644470365473063134e-01 3.675151367141271663e-01 3.673283500224518994e-01 3.667459909332309032e-01 3.624931394485674252e-01 3.594808884448327801e-01 3.536657052788944045e-01 3.479443821754921728e-01 3.402673755221306551e-01 3.329260797009044870e-01 3.252561957874075538e-01 3.173813636847598874e-01 2.918738995623778032e-01
-4.090791326158003255e-03 -8.688774018790632048e-03 -1.619704468246946361e-02 -2.294970976878143998e-02 -3.133942138607720418e-02 -4.073324670390333913e-02 -4.909018444160895972e-02 -5.880232732379836458e-02 -6.934164336440784560e-02 -7.983072816262740123e-02 -8.963962879693598840e-02 -1.002570000328029121e-01 -1.094274517951969450e-01 -1.189131186319107580e-01 -1.274135877627321778e-01 -1.365339942258648187e-01 -1.435518427372367012e-01 -1.498844715592996812e-01 -1.564005029596541863e-01 -1.605427021866833726e-01 -1.653435654786567510e-01 -1.682075601657131159e-01 -1.715189520317143279e-01 -1.723589220783300346e-01 -1.748444745700614145e-01 -1.758545791197601293e-01 -1.780366420473072919e-01 -1.803555138997541829e-01 -1.832725168561987195e-01 -1.917769881598194170e-01
-4.275115905177614972e-02 -9.878552299203316456e-02 -1.656203159675920800e-01 -2.262078430628179926e-01 -2.931120356727900389e-01 -3.607607768900467082e-01 -4.238467763194793125e-01 -4.910140256292384042e-01 -5.615462114880260813e-01 -6.348750714679946006e-01 -6.971292404197433346e-01 -7.699548431657465830e-01 -8.348436295376819860e-01 -9.005717318553634332e-01 -9.684418877893667954e-01 -1.039516138415714774e+00 -1.102953596124258251e+00 -1.166632844430276483e+00 -1.237987455129883951e+00 -1.298986993969039716e+00 -1.367859546429145423e+00 -1.425485938712619083e+00 -1.490668987548708468e+00 -1.545892593352146793e+00 -1.605409104493114025e+00 -1.661771947932819016e+00 -1.719215332988424993e+00 -1.772996250451887246e+00 -1.829855270490056141e+00 -1.950033657873124548e+00
-2.403181600013050770e-02 -1.709104073247830896e-02 -2.722486478297304890e-02 -3.211335344771588940e-02 -5.583970214311796687e-02 -8.561700674142982970e-02 -1.185698028422819406e-01 -1.632556167678895220e-01 -2.175207628052283071e-01 -2.863452780006819909e-01 -3.460961579168657654e-01 -4.280059372618607028e-01 -4.971692784889787387e-01 -5.772212812787380631e-01 -6.588204833700763707e-01 -7.479806450561317099e-01 -8.306253802778873485e-01 -9.098225167335267649e-01 -9.992444138095706307e-01 -1.069903885459557724e+00 -1.149333375470545704e+00 -1.212416143475313568e+00 -1.282045189128546259e+00 -1.335302357100253801e+00 -1.390128432423967775e+00 -1.438120531238864075e+00 -1.485781478926777810e+00 -1.528138845563804971e+00 -1.571737724948687465e+00 -1.652642066235782581e+00
5.893783153713091222e-02 1.327883133589913833e-01 2.182324801221608435e-01 2.972998869952945267e-01 3.779731291017401351e-01 4.558989352878199952e-01 5.279808394255744997e-01 5.991266866554263437e-01 6.696881723478276260e-01 7.382016626926415359e-01 7.945713455813094850e-01 8.534388929882210650e-01 9.049784511257970010e-01 9.526934535635043222e-01 9.976101133360677498e-01 1.044487074004781579e+00 1.082105820473477475e+00 1.116709800380311535e+00 1.154003063278404184e+00 1.183335030309930147e+00 1.215994668218904451e+00 1.239582904166165012e+00 1.268851562336597238e+00 1.290983994332372431e+00 1.315871015162547675e+00 1.337803787792486876e+00 1.361402827176049213e+00 1.383272337444055644e+00 1.407092556505342706e+00 1.448991335797257474e+00
1.927172019846387988e-03 -6.750468268111965708e-03 -1.396748596216432908e-02 -2.347852910803294516e-02 -2.931676737665878801e-02 -3.594623552099090319e-02 -4.021420874781719834e-02 -4.371442341077527716e-02 -4.720693233555850465e-02 -4.657784359719102651e-02 -4.798266281759134416e-02 -4.634246274334678783e-02 -4.853529230083539897e-02 -4.811927145104376302e-02 -5.061520418707182722e-02 -5.195980690964285137e-02 -5.361407528258751304e-02 -5.923930456687906410e-02 -6.546025530196103448e-02 -7.588031118288965371e-02 -8.778319573701826029e-02 -1.030109694571599704e-01 -1.197234693189243998e-01 -1.399021539962467253e-01 -1.628140150869775704e-01 -1.893339164751250969e-01 -2.174636830628209339e-01 -2.467085187885391107e-01 -2.791795016275778751e-01 -3.694277505635639169e-01
