4.768853783607482910e-01 -1.305400729179382324e-01 3.894180655479431152e-01 -7.357221245765686035e-01 3.162254393100738525e-02 -1.004259586334228516e+00 -5.037992596626281738e-01 2.220907509326934814e-01 -3.325670659542083740e-01 7.249971628189086914e-01
-1.024829864501953125e+00 5.804513096809387207e-01 -9.013252854347229004e-01 3.289700746536254883e-01 -2.257858753204345703e+00 -6.407491564750671387e-01 4.282931983470916748e-01 1.594700850546360016e-02 4.985782802104949951e-01 1.433406472206115723e+00
-2.696197926998138428e-01 1.043212190270423889e-01 -1.326193213462829590e-01 1.277169227600097656e+00 -7.329086065292358398e-01 1.534436345100402832e+00 -2.857239842414855957e-01 1.974263638257980347e-01 5.586283802986145020e-01 -5.156477689743041992e-01
-6.162145137786865234e-01 -2.781777977943420410e-01 -6.365294456481933594e-01 -1.987370371818542480e+00 -2.181249141693115234e+00 -4.198393344879150391e+00 -7.705247402191162109e-02 9.009023308753967285e-01 -3.445889055728912354e-01 2.342641830444335938e+00
-8.367685079574584961e-01 1.087411165237426758e+00 -1.368178725242614746e+00 -6.138651371002197266e-01 -3.405958652496337891e+00 -1.480161428451538086e+00 3.298347890377044678e-01 -3.292159140110015869e-01 4.944128096103668213e-01 2.462104082107543945e+00
-4.617035984992980957e-01 2.446844130754470825e-01 -9.256547689437866211e-02 9.358515739440917969e-01 -1.260395288467407227e+00 7.903807163238525391e-01 2.617788314819335938e-02 -4.236283004283905029e-01 9.296985864639282227e-01 4.152774214744567871e-01
3.580624759197235107e-01 -6.431166529655456543e-01 6.608224511146545410e-01 -6.944130063056945801e-01 9.429349303245544434e-01 -1.237888455390930176e+00 -2.005600333213806152e-01 4.705415964126586914e-01 -5.404604673385620117e-01 -2.506200671195983887e-01
9.009625911712646484e-01 -5.114830732345581055e-01 4.591182172298431396e-01 -1.024943068623542786e-01 6.637578606605529785e-01 -4.646112322807312012e-01 -1.274202316999435425e-01 1.655169874429702759e-01 -3.491745293140411377e-01 -7.382823824882507324e-01
2.838915884494781494e-01 -1.952790468931198120e-01 3.433696329593658447e-01 -3.499324023723602295e-01 3.755598366260528564e-01 -3.747599124908447266e-01 -3.407692015171051025e-01 4.557131528854370117e-01 -1.436081677675247192e-01 7.077900171279907227e-01
-8.538730740547180176e-01 1.788391023874282837e-01 -8.741636276245117188e-01 1.722252219915390015e-01 -3.427093923091888428e-01 -1.430761516094207764e-01 1.542767584323883057e-01 -5.600802898406982422e-01 -1.804965734481811523e-01 7.500913739204406738e-02
