-1.472266435623168945e+00
-2.380957640707492828e-02
9.168499112129211426e-01
6.459522247314453125e-01
7.669591903686523438e-01
1.522742390632629395e+00
1.306778430938720703e+00
3.208461403846740723e-01
1.183860972523689270e-01
-3.745189905166625977e-01
-3.748045563697814941e-01
2.325821399688720703e+00
-5.942839384078979492e-01
-1.861123740673065186e-01
-7.070456147193908691e-01
8.732219338417053223e-01
-2.031841576099395752e-01
5.461826324462890625e-01
1.004103302955627441e+00
-7.579062879085540771e-02
1.327975392341613770e+00
2.789908349514007568e-01
-5.137391686439514160e-01
4.543714821338653564e-01
2.841332554817199707e-01
8.758432418107986450e-02
8.134574294090270996e-01
1.073052175343036652e-02
1.328039407730102539e+00
7.752835154533386230e-01
1.146182894706726074e+00
-1.836428195238113403e-01
5.519191622734069824e-01
-4.642156958580017090e-01
1.177677869796752930e+00
1.375811815261840820e+00
1.303691387176513672e+00
-9.086807966232299805e-01
7.007650732994079590e-01
4.699927568435668945e-01
4.291190803050994873e-01
1.228271603584289551e+00
-8.443240523338317871e-01
2.680700719356536865e-01
-3.052218854427337646e-01
