-2.563822865486145020e-01 2.592170536518096924e-01 -1.250235080718994141e+00 -8.555161356925964355e-01 -5.613099336624145508e-01 -8.257185220718383789e-01 -2.838369011878967285e-01 1.042294979095458984e+00 -6.657720804214477539e-01 1.333282589912414551e+00
-3.900594413280487061e-01 3.112891316413879395e-01 -2.391113787889480591e-01 5.514055490493774414e-02 -2.946331501007080078e-01 -1.421655118465423584e-01 -3.307711482048034668e-01 1.415169537067413330e-01 4.426074922084808350e-01 4.214842915534973145e-01
1.360654532909393311e-01 8.532004356384277344e-01 -1.151410698890686035e+00 -8.276968002319335938e-01 -1.277201533317565918e+00 -9.168676733970642090e-01 -5.363475680351257324e-01 1.360726118087768555e+00 -1.550662040710449219e+00 1.165955424308776855e+00
7.466735839843750000e-01 -2.309454679489135742e+00 2.951953411102294922e-01 6.625062823295593262e-01 8.658270239830017090e-01 3.422478139400482178e-01 7.589145898818969727e-01 -1.150704860687255859e+00 -7.635906804352998734e-03 -1.669844798743724823e-02
-2.355586141347885132e-01 1.047472432255744934e-01 -4.726117551326751709e-01 -3.642022311687469482e-01 -7.248581200838088989e-02 -3.495478630065917969e-01 -4.142618775367736816e-01 7.294735312461853027e-02 4.720454216003417969e-01 1.041040301322937012e+00
-2.058422565460205078e+00 2.227069139480590820e+00 -2.105664014816284180e-01 -4.641221761703491211e-01 2.510249987244606018e-02 -4.500842094421386719e-01 -2.583168268203735352e+00 1.192765474319458008e+00 4.613900780677795410e-01 2.547234535217285156e+00
2.324435859918594360e-01 9.782429039478302002e-02 2.643239498138427734e-01 5.024463310837745667e-02 2.952623069286346436e-01 2.326770722866058350e-01 1.247091591358184814e-01 3.221791982650756836e-01 -5.908020734786987305e-01 1.562765479087829590e+00
2.504015564918518066e-01 2.557315528392791748e-01 3.027589321136474609e-01 4.318624138832092285e-01 4.535591006278991699e-01 4.376517832279205322e-01 3.640672564506530762e-01 3.595538139343261719e-01 -3.235715925693511963e-01 7.913970351219177246e-01
6.422768831253051758e-01 -4.771372675895690918e-01 6.541494727134704590e-01 5.921522974967956543e-01 2.431803643703460693e-01 4.784543216228485107e-01 7.124503850936889648e-01 -4.101639613509178162e-02 -4.955697059631347656e-01 -2.889548242092132568e-01
-3.791954815387725830e-01 5.684906840324401855e-01 7.251307964324951172e-01 8.527956008911132812e-01 1.106386780738830566e+00 1.058547869324684143e-01 -1.757187545299530029e-01 -1.351617217063903809e+00 1.161792516708374023e+00 -1.137931346893310547e-01
