8.667773604393005371e-01
-1.797026872634887695e+00
-3.502156436443328857e-01
1.655191659927368164e+00
2.773206472396850586e+00
9.401190280914306641e-01
9.307349324226379395e-01
-2.372423410415649414e-01
-2.330868005752563477e+00
-4.475455880165100098e-01
-1.595769882202148438e+00
-1.344700574874877930e+00
-4.197588562965393066e-01
5.221698284149169922e-01
5.658234357833862305e-01
-4.464150965213775635e-01
-5.789945125579833984e-01
1.260725855827331543e+00
-2.356642335653305054e-01
-1.927844405174255371e+00
3.334412574768066406e-01
-8.059704899787902832e-01
1.550652861595153809e+00
-4.004250764846801758e-01
-4.465652108192443848e-01
-8.547590374946594238e-01
-1.673174142837524414e+00
-1.542773485183715820e+00
1.256673574447631836e+00
6.455060243606567383e-01
-1.734349727630615234e+00
1.255764961242675781e+00
-1.342496395111083984e+00
-1.948485255241394043e+00
-2.791119813919067383e+00
1.128315448760986328e+00
-4.508869647979736328e-01
-1.046265125274658203e+00
-8.359643220901489258e-01
-8.982322216033935547e-01
-2.481875121593475342e-01
-2.946279346942901611e-01
1.314275503158569336e+00
2.323105782270431519e-01
1.524388551712036133e+00
-1.393583297729492188e+00
2.340341210365295410e-01
2.712663412094116211e-01
2.850892543792724609e-01
-5.743143558502197266e-01
1.415189981460571289e+00
1.480024695396423340e+00
