-1.614522933959960938e+00
5.451106429100036621e-01
-2.174700200557708740e-01
3.170083761215209961e+00
1.747445464134216309e+00
1.930158287286758423e-01
-1.217521667480468750e+00
8.952220082283020020e-01
2.500222623348236084e-01
1.577611684799194336e+00
-9.746780246496200562e-02
6.222022771835327148e-01
-2.959329783916473389e-01
-7.494780421257019043e-01
-4.007982313632965088e-01
4.479131102561950684e-01
-2.229757905006408691e-01
-1.032340645790100098e+00
1.833727717399597168e+00
-7.403995096683502197e-02
1.469785213470458984e+00
3.588145673274993896e-01
1.833907604217529297e+00
-5.712850093841552734e-01
7.607381343841552734e-01
-3.003703951835632324e-01
3.408406496047973633e+00
-1.180783510208129883e+00
-5.300759077072143555e-01
1.430808067321777344e+00
3.457336127758026123e-01
1.120663762092590332e+00
-7.152285575866699219e-01
-1.104851484298706055e+00
3.341141343116760254e-01
1.734861969947814941e+00
-1.480972290039062500e+00
-1.157072901725769043e+00
9.775553345680236816e-01
8.373515605926513672e-01
4.670428633689880371e-01
-1.430898308753967285e+00
-9.093539789319038391e-03
-2.630156278610229492e-01
-1.462289094924926758e+00
8.906474113464355469e-01
1.455073714256286621e+00
5.402293205261230469e-01
5.547970533370971680e-01
1.635216951370239258e+00
-7.937257289886474609e-01
-1.019398093223571777e+00
-1.270723938941955566e+00
2.681554853916168213e-01
-6.738067865371704102e-01
