-1.207491531968116760e-01 3.997027277946472168e-01 -1.208983287215232849e-01 3.831051886081695557e-01 -3.020772337913513184e-01 3.139183521270751953e-01 -2.683858275413513184e-01 -1.924795471131801605e-02 4.185149669647216797e-01 -2.666402049362659454e-02
-2.674916744232177734e+00 -6.607647538185119629e-01 -1.538958787918090820e+00 -6.935603618621826172e-01 -5.240349769592285156e-01 -3.575630486011505127e-03 -1.863301992416381836e+00 5.352441072463989258e-01 9.258401393890380859e-01 2.299175739288330078e+00
-7.781746387481689453e-01 -1.827628761529922485e-01 4.748409390449523926e-01 -6.337945461273193359e-01 -6.991875171661376953e-01 -3.933106660842895508e-01 4.361611604690551758e-01 -1.669317036867141724e-01 1.142121031880378723e-01 8.411305546760559082e-01
1.271989226341247559e+00 -8.510392904281616211e-01 7.052816152572631836e-01 -7.072084546089172363e-01 -1.201486736536026001e-01 -4.450524747371673584e-01 8.072627186775207520e-01 -7.462545037269592285e-01 -4.869467020034790039e-01 -1.137671351432800293e+00
1.209376811981201172e+00 3.100917041301727295e-01 -6.710261106491088867e-01 4.726344645023345947e-01 1.037520051002502441e+00 9.156823754310607910e-01 -6.854567527770996094e-01 -3.797627389430999756e-01 -6.237090826034545898e-01 -1.911083310842514038e-01
-1.052111864089965820e+00 -6.505419611930847168e-01 5.210681557655334473e-01 -4.918642640113830566e-01 -1.162729501724243164e+00 -1.005300521850585938e+00 3.616805672645568848e-01 -1.647870838642120361e-01 -1.876054406166076660e-01 -3.583538904786109924e-02
7.715089917182922363e-01 9.620070457458496094e-01 -1.241421818733215332e+00 4.220102727413177490e-01 4.832521975040435791e-01 4.345840513706207275e-01 -1.147858500480651855e+00 5.164018832147121429e-03 1.165093854069709778e-01 -1.981009840965270996e-01
5.689026713371276855e-01 1.201990395784378052e-01 -3.034629821777343750e-01 -1.608347147703170776e-02 2.394850552082061768e-01 4.192628711462020874e-02 -2.820777595043182373e-01 6.452914327383041382e-02 6.034077331423759460e-02 -1.198310777544975281e-01
-6.747213602066040039e-01 -6.673567891120910645e-01 5.331462621688842773e-01 -3.680078983306884766e-01 -5.374926924705505371e-01 -1.753505468368530273e-01 2.391587197780609131e-01 -5.791568160057067871e-01 -1.257751137018203735e-01 6.093711853027343750e-01
-1.276642680168151855e+00 6.606387495994567871e-01 -3.150517702102661133e+00 9.891728758811950684e-01 1.190229877829551697e-01 2.963229119777679443e-01 -3.204895019531250000e+00 7.090932130813598633e-01 2.689230442047119141e-01 2.938992977142333984e+00
