2.062120884656906128e-01 -7.237421274185180664e-01 2.368328422307968140e-01 5.395795106887817383e-01 2.079869806766510010e-01 4.591633006930351257e-02 3.447767198085784912e-01 -5.491425395011901855e-01 8.951906859874725342e-02 -6.362684816122055054e-02
2.330756187438964844e-01 -2.845875620841979980e-01 5.103840827941894531e-01 4.801386967301368713e-03 6.315668225288391113e-01 3.946843445301055908e-01 5.781252384185791016e-01 -2.840805053710937500e-01 5.872722864151000977e-01 3.190837204456329346e-01
-1.519447565078735352e-01 2.298321425914764404e-01 -4.886217415332794189e-01 -2.048373967409133911e-01 -3.765291869640350342e-01 1.704653650522232056e-01 -7.328806519508361816e-01 2.507466971874237061e-01 -5.691310167312622070e-01 -5.222257375717163086e-01
-6.485806703567504883e-01 7.570971846580505371e-01 -2.221545130014419556e-01 -3.775198459625244141e-01 -5.554170608520507812e-01 3.064564168453216553e-01 -4.218105077743530273e-01 3.201486170291900635e-01 -3.945878446102142334e-01 -6.442791819572448730e-01
-1.580265611410140991e-01 -3.882422447204589844e-01 -5.269926190376281738e-01 -1.349730789661407471e-01 -5.767677426338195801e-01 -7.158381938934326172e-01 -4.656507968902587891e-01 3.101329207420349121e-01 -2.462469041347503662e-01 -5.563676729798316956e-02
-2.467170916497707367e-02 -5.273486375808715820e-01 -5.697737932205200195e-01 -1.586207598447799683e-01 -2.881040573120117188e-01 -6.235836744308471680e-01 -4.575023651123046875e-01 5.163652896881103516e-01 -3.935472965240478516e-01 1.796274930238723755e-01
5.689825415611267090e-01 3.666385412216186523e-01 -1.047775968909263611e-01 3.848457932472229004e-01 6.771572828292846680e-01 6.706699132919311523e-01 9.292416274547576904e-02 5.786336585879325867e-02 3.098803758621215820e-01 -8.267758488655090332e-01
1.911735981702804565e-01 2.507214844226837158e-01 2.969428598880767822e-01 3.713204860687255859e-01 5.319451093673706055e-01 5.119992047548294067e-02 3.769123852252960205e-01 -4.285002648830413818e-01 9.521146863698959351e-02 3.260073065757751465e-01
3.946502208709716797e-01 -7.889836430549621582e-01 2.380181401968002319e-01 -2.324089035391807556e-02 -1.485109627246856689e-01 -3.416018486022949219e-01 1.587301790714263916e-01 -1.651442497968673706e-01 5.862875655293464661e-02 3.138855695724487305e-01
2.135202437639236450e-01 -3.041415214538574219e-01 3.201344609260559082e-01 4.475966691970825195e-01 3.628355264663696289e-01 1.210779473185539246e-01 3.252217173576354980e-01 1.022022310644388199e-02 3.104355931282043457e-01 4.197746515274047852e-01
