2.794484496116638184e-01 -6.252151727676391602e-02 -5.714854970574378967e-02 -2.497615218162536621e-01 3.183574080467224121e-01 -6.348760426044464111e-02 2.281279563903808594e-01 2.974387705326080322e-01 -4.293425977230072021e-01 1.567940413951873779e-01
-1.435789912939071655e-01 -3.521824777126312256e-01 -1.024175137281417847e-01 1.271227747201919556e-01 -9.449144452810287476e-02 -4.643842279911041260e-01 3.986953496932983398e-01 -4.034899473190307617e-01 4.582872986793518066e-01 -9.430540353059768677e-02
4.939919710159301758e-01 4.480874240398406982e-01 4.067896008491516113e-01 -1.810940727591514587e-02 -9.948461502790451050e-02 4.925508201122283936e-01 -4.461421370506286621e-01 1.656188517808914185e-01 -2.846725285053253174e-01 -2.089512497186660767e-01
-6.250563263893127441e-01 -5.699975490570068359e-01 -2.005206793546676636e-01 4.414443075656890869e-01 -2.134779691696166992e-01 -4.490177631378173828e-01 2.984011769294738770e-01 -2.513131499290466309e-01 1.391657888889312744e-01 -2.103538960218429565e-01
1.419509947299957275e-01 1.978432536125183105e-01 2.523362636566162109e-01 -1.881400495767593384e-01 5.027933120727539062e-01 4.497452080249786377e-01 -1.215646490454673767e-01 1.248589679598808289e-01 5.601801350712776184e-02 4.302965104579925537e-01
-3.729719221591949463e-01 -4.789209663867950439e-01 -9.841822087764739990e-03 -7.204832881689071655e-02 -4.843232929706573486e-01 -1.968383342027664185e-01 -7.750448584556579590e-02 -1.579165011644363403e-01 2.274442017078399658e-01 4.107325524091720581e-02
-6.271445155143737793e-01 -3.750968277454376221e-01 -1.265827864408493042e-01 9.490973502397537231e-02 -6.899088621139526367e-03 -5.446036532521247864e-02 7.444010376930236816e-01 -4.683173000812530518e-01 5.040793418884277344e-01 -1.349553167819976807e-01
-2.523361705243587494e-02 3.165436983108520508e-01 3.434543907642364502e-01 -2.219537049531936646e-01 4.088098108768463135e-01 2.630133628845214844e-01 -1.069576740264892578e-01 -7.735698483884334564e-03 -4.387111365795135498e-01 3.262296617031097412e-01
-3.101473450660705566e-01 -5.159388184547424316e-01 -2.978453785181045532e-02 3.903177082538604736e-01 -5.669847726821899414e-01 -1.453621536493301392e-01 -3.317770957946777344e-01 -5.876232385635375977e-01 1.625186949968338013e-01 -1.326751708984375000e-01
-5.676840245723724365e-02 2.145850099623203278e-02 5.363600701093673706e-02 -3.864713311195373535e-01 2.023951560258865356e-01 4.970072209835052490e-01 -9.688057750463485718e-02 2.880152463912963867e-01 -3.769047260284423828e-01 -3.057649824768304825e-03
