1.661670207977294922e-01 4.898873269557952881e-01 -2.380866259336471558e-01 -2.926786661148071289e+00 -2.326278984546661377e-01 -5.183642506599426270e-01 1.019732356071472168e+00 -2.734080255031585693e-01 -4.664797708392143250e-02 -2.253289520740509033e-01
6.061347126960754395e-01 -7.561685442924499512e-01 -2.857298552989959717e-01 3.614297807216644287e-01 2.283773869276046753e-01 6.879455447196960449e-01 -2.004065215587615967e-01 6.802818775177001953e-01 5.039363503456115723e-01 4.270892739295959473e-01
1.216899007558822632e-01 -4.565870165824890137e-01 -4.267745316028594971e-01 2.344250977039337158e-01 6.325805187225341797e-01 2.406074553728103638e-01 -4.585409462451934814e-01 3.093787729740142822e-01 3.339271545410156250e-01 2.890991866588592529e-01
-4.405708909034729004e-01 6.259018182754516602e-01 5.876079797744750977e-01 -6.600450515747070312e+00 -1.439391493797302246e+00 -1.836297392845153809e+00 1.974256396293640137e+00 -8.479197025299072266e-01 -1.273009300231933594e+00 2.810724973678588867e+00
-6.694665551185607910e-02 -1.292277097702026367e+00 1.588129550218582153e-01 2.814864873886108398e+00 8.583605289459228516e-01 5.477088093757629395e-01 -9.343481659889221191e-01 1.430929824709892273e-02 -9.062041640281677246e-01 6.829887628555297852e-01
8.965786695480346680e-01 -4.283698081970214844e+00 -1.493403196334838867e+00 -4.517817974090576172e+00 -3.573533520102500916e-02 -3.163568675518035889e-01 4.617666602134704590e-01 1.647070795297622681e-01 -2.251960992813110352e+00 2.891796112060546875e+00
-1.103471145033836365e-01 -3.667318224906921387e-01 1.871338635683059692e-01 -2.361765503883361816e-01 -4.727185070514678955e-01 -2.289171814918518066e-01 2.060849368572235107e-01 -3.819273114204406738e-01 7.694905251264572144e-02 1.606780439615249634e-01
4.268091917037963867e-01 -4.014213681221008301e-01 -5.871016979217529297e-01 6.894683092832565308e-02 6.754076480865478516e-01 5.793284773826599121e-01 -6.194624304771423340e-01 1.049881726503372192e-01 5.750141739845275879e-01 4.265790879726409912e-01
-3.140347301959991455e-01 1.509472608566284180e+00 4.911213517189025879e-01 -1.524962186813354492e+00 -5.029291510581970215e-01 -6.193105578422546387e-01 6.200173497200012207e-01 -1.569791287183761597e-01 -5.115812420845031738e-01 -9.162514805793762207e-01
-2.111341804265975952e-01 3.395452499389648438e+00 -3.159197866916656494e-01 -2.442454338073730469e+00 -1.411989092826843262e+00 -7.916886210441589355e-01 1.240916252136230469e+00 -1.749452352523803711e-01 1.425642371177673340e+00 -7.065149545669555664e-01
