-4.411936104297637939e-01 2.868086993694305420e-01 -5.191212892532348633e-01 4.752073436975479126e-02 -3.910805284976959229e-01 -1.275212168693542480e-01 3.407230377197265625e-01 4.374468028545379639e-01 1.552453488111495972e-01 -1.270007133483886719e+00 5.066255331039428711e-01 3.210597932338714600e-01 3.348326086997985840e-01 2.692508399486541748e-01 -3.559188544750213623e-02 -7.810716032981872559e-01 1.773721277713775635e-01 1.912132948637008667e-01 -4.444112777709960938e-01 2.464464157819747925e-01
-5.252764560282230377e-03 1.060715094208717346e-01 -3.507195711135864258e-01 -2.081374675035476685e-01 -6.384295821189880371e-01 1.595231443643569946e-01 6.630065292119979858e-02 9.114855527877807617e-02 -1.203628927469253540e-01 -2.769876718521118164e-01 -3.486289680004119873e-01 -1.596501916646957397e-01 -7.845501601696014404e-02 2.436622889945283532e-04 2.959663271903991699e-01 8.259461820125579834e-02 -2.781942188739776611e-01 2.510402500629425049e-01 1.946578919887542725e-01 8.651584386825561523e-02
3.068886399269104004e-01 -2.160937041044235229e-01 4.786635041236877441e-01 4.294571876525878906e-01 -3.970724046230316162e-01 -2.490449994802474976e-01 -1.804646700620651245e-01 -1.912947371602058411e-02 4.947266075760126114e-03 5.233975648880004883e-01 2.952319085597991943e-01 1.938153207302093506e-01 2.692323327064514160e-01 5.873239636421203613e-01 -1.332344293594360352e+00 -2.315932214260101318e-01 1.664661765098571777e-01 -2.620341479778289795e-01 -3.038455247879028320e-01 -6.007360816001892090e-01
3.584977388381958008e-01 -6.340194344520568848e-01 5.028772354125976562e-01 3.333394527435302734e-01 -3.772310018539428711e-01 -5.507590174674987793e-01 -1.094730570912361145e-01 1.684338785707950592e-02 2.067417949438095093e-01 8.576062321662902832e-01 -1.322082942351698875e-03 4.291732907295227051e-01 -1.343462467193603516e-01 4.961349666118621826e-01 -6.260611414909362793e-01 -1.111667305231094360e-01 -7.303138077259063721e-02 -2.576646767556667328e-02 -2.419322580099105835e-01 -6.234189271926879883e-01
-1.971145421266555786e-01 4.477033317089080811e-01 -2.137466222047805786e-01 -3.437953591346740723e-01 -6.056715846061706543e-01 2.193207144737243652e-01 3.637103140354156494e-01 4.230954647064208984e-01 -2.482885420322418213e-01 -2.826710939407348633e-01 -1.801875382661819458e-01 -7.572256028652191162e-02 -1.389391869306564331e-01 4.032414034008979797e-02 2.493506222963333130e-01 -2.563818097114562988e-01 -2.929236888885498047e-01 2.499219179153442383e-01 1.877957135438919067e-01 2.930831396952271461e-04
-1.882038116455078125e-01 3.861131966114044189e-01 -3.429737985134124756e-01 -1.698608696460723877e-01 -3.887565433979034424e-01 4.366052746772766113e-01 3.484779298305511475e-01 3.343788683414459229e-01 -2.889688611030578613e-01 -3.916119933128356934e-01 -2.471613436937332153e-01 -2.967227101325988770e-01 -7.968093454837799072e-02 7.639902830123901367e-02 3.073006272315979004e-01 -9.673499502241611481e-03 -1.078889369964599609e-01 -1.375963836908340454e-01 5.662773549556732178e-02 7.935641333460807800e-03
4.086314439773559570e-01 -1.355616450309753418e-01 1.281344443559646606e-01 8.972316980361938477e-02 -7.130688987672328949e-03 -3.866784572601318359e-01 -2.931414246559143066e-01 -3.789611160755157471e-01 3.662987649440765381e-01 1.807729005813598633e-01 -2.302374318242073059e-02 1.501466706395149231e-02 2.728048563003540039e-01 1.718277782201766968e-01 1.273910701274871826e-01 -3.281519114971160889e-01 -5.230187997221946716e-02 -1.449422985315322876e-01 -2.848714292049407959e-01 3.145738840103149414e-01
2.547768503427505493e-02 3.648025216534733772e-03 3.361689746379852295e-01 2.406228184700012207e-01 6.114038228988647461e-01 -2.817161083221435547e-01 -3.755920827388763428e-01 -2.766784131526947021e-01 3.766802251338958740e-01 1.907504796981811523e-01 1.039799824357032776e-01 -7.423767447471618652e-02 1.228808015584945679e-01 -3.277103602886199951e-01 3.269146084785461426e-01 -1.473324745893478394e-01 2.411897480487823486e-01 1.104952916502952576e-01 1.494795978069305420e-01 3.601065278053283691e-01
-6.260135769844055176e-01 5.082578659057617188e-01 -8.573259115219116211e-01 4.669990539550781250e-01 -9.221341609954833984e-01 1.146852746605873108e-01 9.465730935335159302e-02 3.279836475849151611e-01 -2.805234491825103760e-01 -5.544842481613159180e-01 3.032065629959106445e-01 -4.262489378452301025e-01 -1.690358370542526245e-01 6.176351904869079590e-01 8.691539764404296875e-01 -6.777417063713073730e-01 -3.636129200458526611e-01 2.685187757015228271e-01 -4.067969322204589844e-01 5.167435407638549805e-01
3.272174298763275146e-01 -3.898225724697113037e-01 4.651570320129394531e-01 2.673820406198501587e-02 -3.101155161857604980e-01 -8.906588703393936157e-02 -1.553536206483840942e-01 -2.480042576789855957e-01 -2.620736323297023773e-02 2.830623388290405273e-01 3.773880600929260254e-01 1.656383424997329712e-01 1.426923424005508423e-01 2.644276320934295654e-01 -8.735581487417221069e-02 -1.039938330650329590e-01 7.320319116115570068e-02 1.315399818122386932e-02 -2.149005234241485596e-01 -3.271707892417907715e-01
4.565965756773948669e-02 5.191064253449440002e-02 8.766135573387145996e-02 3.804081082344055176e-01 5.613799691200256348e-01 -3.547997474670410156e-01 -4.123259484767913818e-01 -3.427724838256835938e-01 7.609624415636062622e-02 -3.326390637084841728e-03 3.946410119533538818e-01 1.347614824771881104e-01 2.226513922214508057e-01 -2.014228850603103638e-01 -7.950092852115631104e-02 -7.479637116193771362e-02 1.751144081354141235e-01 1.865822970867156982e-01 -1.397069096565246582e-01 1.506944149732589722e-01
-1.925673335790634155e-01 4.037282466888427734e-01 -8.726214617490768433e-02 6.219522356986999512e-01 8.214960098266601562e-01 -1.333628892898559570e-01 -4.851756691932678223e-01 2.279947698116302490e-01 -2.601045742630958557e-02 -5.999701023101806641e-01 5.709548592567443848e-01 9.752797335386276245e-02 4.335596561431884766e-01 -7.862642407417297363e-01 4.825662374496459961e-01 -1.416303515434265137e-01 2.115352898836135864e-01 5.542015433311462402e-01 -6.809085607528686523e-02 8.216058611869812012e-01
-1.690023541450500488e-01 3.227545619010925293e-01 -6.417990326881408691e-01 5.693533644080162048e-02 -1.288253366947174072e-01 1.853344738483428955e-01 1.680033802986145020e-01 4.112146198749542236e-01 -4.706725105643272400e-02 -2.938716411590576172e-01 1.692129075527191162e-01 3.573841452598571777e-01 -3.222570288926362991e-03 -1.333572715520858765e-01 -1.355341792106628418e+00 1.930117607116699219e-01 9.086874127388000488e-02 4.625653326511383057e-01 -8.699966967105865479e-02 -4.788225144147872925e-02
2.695333361625671387e-01 5.108853802084922791e-03 1.994057893753051758e-01 2.817658185958862305e-01 -1.826310902833938599e-01 -3.325841724872589111e-01 -4.033569246530532837e-02 -3.576484322547912598e-01 1.583337038755416870e-01 -2.025134116411209106e-01 4.083523750305175781e-01 1.294488757848739624e-01 -8.340975269675254822e-03 3.792133033275604248e-01 -1.846837550401687622e-01 -4.785066246986389160e-01 3.283036351203918457e-01 -3.033097684383392334e-01 -7.538358867168426514e-02 -5.011942121200263500e-04
1.469309628009796143e-01 4.935969412326812744e-02 -1.430862247943878174e-01 -5.816710591316223145e-01 -1.064620733261108398e+00 6.962695717811584473e-01 5.786512494087219238e-01 -8.715695738792419434e-01 3.996188938617706299e-01 2.976496703922748566e-02 2.681942880153656006e-01 -6.415398716926574707e-01 -1.974834203720092773e-01 8.154802322387695312e-01 2.013549327850341797e+00 -5.112974643707275391e-01 7.442145049571990967e-02 -6.967982649803161621e-01 -3.002153337001800537e-01 -6.837697327136993408e-02
6.374306231737136841e-02 -2.603742182254791260e-01 2.536039054393768311e-02 1.503086276352405548e-02 2.779615223407745361e-01 -1.446775496006011963e-01 -3.455546200275421143e-01 -3.251522779464721680e-01 1.859410256147384644e-01 -9.179272502660751343e-02 3.673252463340759277e-01 2.801514565944671631e-01 1.718213111162185669e-01 -1.402052938938140869e-01 -3.394114375114440918e-01 -1.682521104812622070e-01 2.203168123960494995e-01 -8.517721295356750488e-02 6.109657138586044312e-02 1.047375723719596863e-01
2.499439716339111328e-01 1.102718152105808258e-02 4.793685302138328552e-02 3.467418551445007324e-01 6.851198077201843262e-01 -4.357606768608093262e-01 -2.362906783819198608e-01 -3.351172506809234619e-01 4.819501936435699463e-02 9.302323311567306519e-02 1.021209508180618286e-01 2.336644232273101807e-01 1.375124156475067139e-01 7.203337550163269043e-02 -1.867564022541046143e-01 -2.105521708726882935e-01 1.445224583148956299e-01 1.212339326739311218e-01 -1.791740069165825844e-03 1.321312878280878067e-02
4.310665726661682129e-01 9.090035222470760345e-03 5.093088746070861816e-01 -4.623558521270751953e-01 4.823869466781616211e-01 1.698778122663497925e-01 1.323276311159133911e-01 -4.245068430900573730e-01 1.942953318357467651e-01 7.527819275856018066e-01 -3.562915623188018799e-01 -5.615962147712707520e-01 -4.369158670306205750e-02 -1.272855103015899658e-01 1.230772733688354492e+00 2.455387562513351440e-01 -4.170962870121002197e-01 -2.085176259279251099e-01 4.315685927867889404e-01 -5.513615608215332031e-01
1.301585137844085693e-01 -2.220071554183959961e-01 9.948175400495529175e-02 2.371978312730789185e-01 8.938977122306823730e-01 -3.905284106731414795e-01 -5.234679579734802246e-01 -1.002457439899444580e-01 3.240068852901458740e-01 -2.145905047655105591e-02 3.661170899868011475e-01 7.147789001464843750e-02 9.951709955930709839e-02 -2.589520215988159180e-01 -3.549681901931762695e-01 8.069052547216415405e-02 1.827036142349243164e-01 1.121074613183736801e-02 6.993074715137481689e-02 2.146538347005844116e-01
1.461699903011322021e-01 -2.043736279010772705e-01 1.482896208763122559e-01 1.186734512448310852e-01 -8.375931531190872192e-02 -4.083123207092285156e-01 7.264220714569091797e-02 5.483240354806184769e-03 1.063190773129463196e-01 -3.436705768108367920e-01 1.802044361829757690e-01 2.061751671135425568e-03 2.050155848264694214e-01 2.761844694614410400e-01 -1.176840811967849731e-02 -4.225845634937286377e-01 1.987751573324203491e-02 -2.185156196355819702e-01 -3.488704562187194824e-01 6.065029278397560120e-02
