2.366342991590499878e-01
1.898623406887054443e-01
-1.996778696775436401e-01
1.488802731037139893e-01
-2.073808759450912476e-01
-2.939235866069793701e-01
-2.273824810981750488e-01
1.873542517423629761e-01
-1.794732809066772461e-01
2.792184352874755859e-01
1.574848890304565430e-01
-2.024361044168472290e-01
6.407189965248107910e-01
3.150920271873474121e-01
1.931727677583694458e-01
3.158720582723617554e-02
1.346864849328994751e-01
8.845775127410888672e-01
3.337922692298889160e-01
1.449015587568283081e-01
