7.179256081581115723e-01 -3.687141835689544678e-01 -1.611599624156951904e-01 3.712558746337890625e-01 -5.296663045883178711e-01 5.215888023376464844e-01 -7.050517797470092773e-01 -3.576633930206298828e-01 5.286563634872436523e-01 3.277353644371032715e-01
6.629849076271057129e-01 -5.606371164321899414e-01 -9.385702759027481079e-02 4.997430741786956787e-01 -4.878752529621124268e-01 5.095279216766357422e-01 1.190431192517280579e-01 -2.788804769515991211e-01 3.315339386463165283e-01 5.211254954338073730e-01
-3.640531897544860840e-01 6.626024842262268066e-01 8.783258497714996338e-02 -5.015368461608886719e-01 2.495042532682418823e-01 -6.081448197364807129e-01 -9.104841388761997223e-03 -2.321954965591430664e-01 -4.687692224979400635e-01 -3.075043857097625732e-01
-1.181340068578720093e-01 -1.487579792737960815e-01 7.741989493370056152e-01 6.207258701324462891e-01 1.445229053497314453e-01 -6.107791885733604431e-02 3.050957620143890381e-01 4.561710059642791748e-01 6.828830242156982422e-01 3.159878849983215332e-01
-5.050016641616821289e-01 1.007025986909866333e-01 1.259075552225112915e-01 -6.368235945701599121e-01 5.191839337348937988e-01 -4.113706350326538086e-01 5.993531644344329834e-02 -5.105956792831420898e-01 3.177344202995300293e-01 3.840999603271484375e-01
2.122516930103302002e-01 -5.560368895530700684e-01 -1.687656790018081665e-01 1.659075617790222168e-01 -3.017702996730804443e-01 3.423939645290374756e-01 7.617902755737304688e-02 4.765068292617797852e-01 7.211536169052124023e-01 3.224402368068695068e-01
3.082059860229492188e+00 -1.725692749023437500e-01 1.226580619812011719e+00 -9.362272620201110840e-01 -1.756320476531982422e+00 -3.010474741458892822e-01 -2.245386123657226562e+00 1.968332231044769287e-01 4.327216744422912598e-01 2.994909286499023438e-01
2.028763443231582642e-01 -5.967372059822082520e-01 -4.733830392360687256e-01 6.834030151367187500e-01 1.066184565424919128e-01 5.355463624000549316e-01 1.437028646469116211e-01 -4.626517370343208313e-02 2.134933918714523315e-01 1.485642939805984497e-01
3.114362061023712158e-01 -1.058546453714370728e-01 -1.108011156320571899e-01 -1.216501370072364807e-01 8.210265636444091797e-01 2.274046838283538818e-01 -9.451488852500915527e-01 -8.183747529983520508e-01 1.186795234680175781e+00 9.386743903160095215e-01
6.538733243942260742e-01 -6.167486906051635742e-01 6.886246614158153534e-03 5.988225936889648438e-01 -6.852514743804931641e-01 4.674792289733886719e-01 1.029249206185340881e-01 7.244290411472320557e-02 -6.448762118816375732e-02 7.166671566665172577e-03
