-1.442007899284362793e+00 3.134894967079162598e-01 3.197145760059356689e-01 5.179842114448547363e-01 -8.653890490531921387e-01 7.813881039619445801e-01 1.407859086990356445e+00 -5.655561685562133789e-01 -4.128763377666473389e-01 -5.117517113685607910e-01
-7.741820216178894043e-01 5.712705850601196289e-01 6.500110030174255371e-01 5.349164605140686035e-01 -7.241877913475036621e-01 3.066314756870269775e-01 1.155238509178161621e+00 -3.802950382232666016e-01 1.813770085573196411e-01 -6.235222220420837402e-01
5.157278180122375488e-01 -6.421320438385009766e-01 -3.604179620742797852e-01 -3.123937547206878662e-01 7.377175688743591309e-01 -5.317503213882446289e-01 4.969061315059661865e-01 1.713936179876327515e-01 -8.048123121261596680e-02 3.618165850639343262e-01
-7.436665534973144531e+00 5.745440125465393066e-01 4.757192134857177734e-01 1.837383657693862915e-01 -1.211707949638366699e+00 -2.148874521255493164e+00 -3.183111250400543213e-01 -1.577892601490020752e-01 5.085874557495117188e+00 -3.127004504203796387e-01
3.141208887100219727e-01 -6.664023399353027344e-01 -3.536792695522308350e-01 -1.768256425857543945e-01 6.927410364151000977e-01 -4.142680466175079346e-01 -1.867310106754302979e-01 5.412729382514953613e-01 4.618903249502182007e-02 -3.865343332290649414e-02
-2.394620776176452637e-01 2.284779101610183716e-01 5.119422078132629395e-01 2.868143916130065918e-01 -2.613928318023681641e-01 9.579905867576599121e-02 -1.216358840465545654e-01 -3.413900434970855713e-01 7.076418399810791016e-01 -3.964882194995880127e-01
-1.661673188209533691e+00 5.726203918457031250e-01 3.889421746134757996e-02 1.900185048580169678e-01 -7.806482911109924316e-01 7.167482376098632812e-01 -7.834295034408569336e-01 -6.707020998001098633e-01 3.104092597961425781e+00 1.007110238075256348e+00
-1.417885184288024902e+00 7.559040188789367676e-01 9.832407236099243164e-01 7.274318933486938477e-01 -1.689722061157226562e+00 3.781106173992156982e-01 1.127365589141845703e+00 -1.048280119895935059e+00 7.719892263412475586e-01 -8.861882090568542480e-01
1.053252100944519043e+00 -1.495054513216018677e-01 -6.046444177627563477e-01 -4.222976863384246826e-01 1.131319642066955566e+00 -8.372728228569030762e-01 -2.054165363311767578e+00 9.639194607734680176e-01 -3.225240409374237061e-01 8.881804347038269043e-01
-7.159165740013122559e-01 4.724635481834411621e-01 4.928998351097106934e-01 4.756461679935455322e-01 -5.528424978256225586e-01 5.569677948951721191e-01 3.186415135860443115e-01 -3.787496984004974365e-01 3.195602893829345703e-01 -1.872207075357437134e-01
