-2.415437400341033936e-01 -1.532791298814117908e-03 5.895465612411499023e-02 -5.125210061669349670e-02 2.207826077938079834e-01 -1.716195046901702881e-01 -2.203382104635238647e-01 -3.836637437343597412e-01 4.326277971267700195e-02 -1.427862405776977539e+00 -7.610229849815368652e-01 9.261951446533203125e-01 2.825830578804016113e-01 1.162276864051818848e+00 2.760151922702789307e-01 -7.715211510658264160e-01 4.468896687030792236e-01 9.171087145805358887e-01 2.947353124618530273e-01 -1.029748678207397461e+00
1.150034815073013306e-01 1.113361194729804993e-01 5.797692015767097473e-02 2.523325979709625244e-01 -2.525875866413116455e-01 -5.329072847962379456e-02 1.275767087936401367e-01 -4.109793808311223984e-03 -7.027837634086608887e-02 3.469707965850830078e-01 1.777605861425399780e-01 -2.785438299179077148e-01 -1.156336143612861633e-01 -3.943524956703186035e-01 -2.854702472686767578e-01 2.559556365013122559e-01 -3.073830306529998779e-01 -2.941050529479980469e-01 -9.094601124525070190e-02 1.173862814903259277e-01
1.166399866342544556e-01 1.161611005663871765e-01 8.573700487613677979e-02 -4.224780946969985962e-02 9.684428572654724121e-02 -1.412361115217208862e-02 2.727787196636199951e-01 2.398428469896316528e-01 -6.573748588562011719e-02 7.935513854026794434e-01 4.175321757793426514e-01 -5.883614420890808105e-01 -2.098438143730163574e-01 -7.404906153678894043e-01 1.840108335018157959e-01 5.125868916511535645e-01 -2.744241058826446533e-01 -4.839209318161010742e-01 -3.283465504646301270e-01 4.361402690410614014e-01
-1.937558948993682861e-01 1.475086659193038940e-01 1.231704428791999817e-01 -1.888416558504104614e-01 2.396005950868129730e-02 -1.931989789009094238e-01 1.556663215160369873e-01 7.760012522339820862e-03 -1.954849660396575928e-01 9.672697782516479492e-01 5.887770652770996094e-01 -2.916169464588165283e-01 -4.142577648162841797e-01 -2.261957377195358276e-01 1.880910992622375488e-01 2.296195626258850098e-01 -2.055802196264266968e-02 -2.236428856849670410e-01 -2.473493665456771851e-02 1.907546967267990112e-01
2.147118449211120605e-01 -1.436834316700696945e-02 -3.224238455295562744e-01 1.938291080296039581e-02 4.930765181779861450e-02 1.503070294857025146e-01 1.351730227470397949e-01 1.667553186416625977e-02 -1.664662212133407593e-01 4.694318473339080811e-01 2.062605023384094238e-01 -9.798546880483627319e-02 -3.054269254207611084e-01 -2.142540877684950829e-03 -2.124605514109134674e-02 -1.034323871135711670e-01 -1.493441313505172729e-01 1.720079965889453888e-02 7.358811795711517334e-02 -1.269044075161218643e-02
-1.580314338207244873e-01 -2.023755162954330444e-01 2.162363827228546143e-01 -1.801625490188598633e-01 8.032340556383132935e-02 1.163954213261604309e-01 -3.759667277336120605e-01 -2.173355966806411743e-01 1.427917778491973877e-01 -4.690030217170715332e-01 -4.590591490268707275e-01 2.652367055416107178e-01 7.574614137411117554e-02 2.938561514019966125e-02 1.961921900510787964e-01 -8.260697126388549805e-02 5.670385062694549561e-02 2.983880639076232910e-01 -3.679593205451965332e-01 7.385389506816864014e-02
4.420797526836395264e-01 4.345773756504058838e-01 -3.518459796905517578e-01 2.188556939363479614e-01 -2.089016586542129517e-01 2.865184545516967773e-01 -8.848138898611068726e-02 -2.319685369729995728e-01 -5.701759457588195801e-01 -4.563467979431152344e+00 -6.551234722137451172e-01 -1.795807957649230957e+00 -1.509267240762710571e-01 -1.371948957443237305e+00 -4.880224466323852539e-01 -4.523218274116516113e-01 -2.238361984491348267e-01 -1.995107412338256836e+00 -2.051093816757202148e+00 3.220994949340820312e+00
-1.054297983646392822e-01 1.557111293077468872e-01 -1.836010664701461792e-01 -6.353272497653961182e-02 -1.449814438819885254e-01 -5.935324821621179581e-03 3.247367441654205322e-01 3.245290368795394897e-02 -2.073474228382110596e-01 2.112728804349899292e-01 2.767789959907531738e-01 -9.680258482694625854e-02 -1.215681880712509155e-01 -3.379043638706207275e-01 -1.686700284481048584e-01 -1.697553670965135098e-03 -3.818419277667999268e-01 -3.881921470165252686e-01 -1.645822972059249878e-01 1.990716010332107544e-01
-3.889466524124145508e-01 -3.027781546115875244e-01 3.403662741184234619e-01 -2.385739088058471680e-01 1.987981051206588745e-01 -3.857400119304656982e-01 -1.789587289094924927e-01 -1.458450555801391602e-01 1.837503761053085327e-01 1.074516102671623230e-01 -1.353363096714019775e-01 1.838900744915008545e-01 8.892525732517242432e-02 1.388411074876785278e-01 2.304375022649765015e-01 3.195285052061080933e-02 3.501751720905303955e-01 2.607738673686981201e-01 6.961319595575332642e-02 2.220190316438674927e-01
4.440647959709167480e-01 4.029525816440582275e-01 -3.857303261756896973e-01 3.025825321674346924e-01 -3.470070660114288330e-01 3.542696535587310791e-01 7.708455920219421387e-01 2.801838219165802002e-01 -1.916870325803756714e-01 4.407730102539062500e-01 5.951558947563171387e-01 -1.722952365875244141e+00 -7.032893300056457520e-01 -2.791736364364624023e+00 -1.255562156438827515e-01 7.692147046327590942e-02 -4.455611109733581543e-01 -1.060752153396606445e+00 -2.234370470046997070e+00 3.016999006271362305e+00
-2.044129520654678345e-01 -1.630521565675735474e-01 8.147136121988296509e-02 -2.271570414304733276e-01 -5.455507338047027588e-02 -5.454679206013679504e-02 -3.764835596084594727e-01 -3.234267830848693848e-01 2.523798048496246338e-01 -1.325474262237548828e+00 -9.927993416786193848e-01 7.799700498580932617e-01 5.735794901847839355e-01 1.259180665016174316e+00 2.268250286579132080e-01 -1.019227504730224609e+00 5.352020263671875000e-01 5.689277648925781250e-01 -4.157751798629760742e-01 2.628374099731445312e-01
3.832774758338928223e-01 8.731932938098907471e-02 -3.787683844566345215e-01 2.913641035556793213e-01 -1.225048303604125977e-01 1.176537498831748962e-01 2.322152256965637207e-02 1.643626540899276733e-01 -8.600373566150665283e-02 -1.217001795768737793e+00 2.546260654926300049e-01 -1.144582778215408325e-01 -3.912699520587921143e-01 -7.105608284473419189e-02 -2.107408642768859863e-01 -2.055407464504241943e-01 -4.196490645408630371e-01 1.483168005943298340e-01 -2.531887292861938477e-01 1.331549137830734253e-01
-1.982853263616561890e-01 7.922573387622833252e-02 -7.787740975618362427e-02 -1.815647482872009277e-01 -1.102161966264247894e-02 1.394582688808441162e-01 -2.734589278697967529e-01 -6.302264053374528885e-03 1.677885055541992188e-01 -1.094982385635375977e+00 -6.382293105125427246e-01 4.498042464256286621e-01 2.458181977272033691e-01 3.957405388355255127e-01 1.006846725940704346e-01 -5.411567687988281250e-01 1.747154593467712402e-01 1.038271933794021606e-01 -2.479604184627532959e-01 2.587293386459350586e-01
-5.174494907259941101e-02 -1.626966707408428192e-02 3.516761362552642822e-01 5.047589167952537537e-02 2.914851307868957520e-01 -3.643687367439270020e-01 -2.722465395927429199e-01 -1.342194974422454834e-01 9.286987036466598511e-02 -4.832710325717926025e-01 -1.942439079284667969e-01 1.456981897354125977e-01 1.931235343217849731e-01 1.901068240404129028e-01 6.854511797428131104e-02 2.302881330251693726e-03 4.724841192364692688e-02 3.550591766834259033e-01 -1.216053813695907593e-01 1.057310998439788818e-01
1.707506328821182251e-01 6.566523760557174683e-02 7.436044514179229736e-02 -1.660287380218505859e-02 -2.393500134348869324e-02 -4.642720799893140793e-03 -2.983927726745605469e-01 -2.231790572404861450e-01 1.002018153667449951e-01 -1.016718149185180664e+00 -2.748080790042877197e-01 -3.481296598911285400e-01 1.625353097915649414e-01 -3.125297129154205322e-01 2.257067337632179260e-02 -3.501806855201721191e-01 4.675908014178276062e-02 -7.262250781059265137e-01 -6.633954644203186035e-01 1.780457854270935059e+00
-3.386808633804321289e-01 -3.026191294193267822e-01 8.608037978410720825e-02 -3.353173434734344482e-01 3.876599669456481934e-01 -2.709609568119049072e-01 -9.803907573223114014e-02 -3.257944285869598389e-01 -2.929357625544071198e-02 -9.787651896476745605e-02 -8.289902657270431519e-02 4.066934287548065186e-01 3.530462086200714111e-01 8.503560721874237061e-02 8.759638667106628418e-02 1.194880250841379166e-02 1.681705564260482788e-01 2.171687930822372437e-01 -1.319301128387451172e-02 -2.605607919394969940e-02
-9.057376533746719360e-02 -2.930456697940826416e-01 2.198471575975418091e-01 -1.739547997713088989e-01 2.197354435920715332e-01 -6.739673763513565063e-02 -3.168546259403228760e-01 -4.162348508834838867e-01 2.523292601108551025e-01 -6.731203198432922363e-01 -5.032820105552673340e-01 1.502574235200881958e-01 4.673837423324584961e-01 3.966532349586486816e-01 -1.088364943861961365e-01 -9.163378272205591202e-04 3.235684633255004883e-01 4.776001721620559692e-02 -2.549843788146972656e-01 4.452042877674102783e-01
4.349569380283355713e-01 4.906199574470520020e-01 -1.949325948953628540e-01 3.620613217353820801e-01 -3.142834007740020752e-01 4.246836006641387939e-01 3.863934874534606934e-01 4.364481270313262939e-01 -1.599925011396408081e-01 -8.340303897857666016e-01 -1.439519226551055908e-01 -4.143209457397460938e-01 -4.715102016925811768e-01 -2.185517698526382446e-01 -3.909963071346282959e-01 -4.413360357284545898e-01 -4.316613674163818359e-01 -2.945722341537475586e-01 -2.162945121526718140e-01 -5.155032873153686523e-01
1.922000572085380554e-02 -3.353695273399353027e-01 1.446514427661895752e-01 -6.620600819587707520e-02 1.333003863692283630e-03 -4.335201531648635864e-02 -4.272245466709136963e-01 -2.798083424568176270e-01 -4.594609141349792480e-02 3.369338214397430420e-01 -4.280941486358642578e-01 3.780752122402191162e-01 1.884358525276184082e-01 4.118608236312866211e-01 2.604112923145294189e-01 -1.846237666904926300e-02 3.280102908611297607e-01 3.235084116458892822e-01 1.337828487157821655e-01 -5.741505324840545654e-02
-1.318001896142959595e-01 6.475960463285446167e-02 -1.578456461429595947e-01 -4.115679487586021423e-02 -2.370536327362060547e-01 1.628996580839157104e-01 8.444283157587051392e-02 2.177773043513298035e-02 5.463523417711257935e-02 3.308007121086120605e-01 5.799145102500915527e-01 -4.753937125205993652e-01 -4.253358542919158936e-01 -4.865712225437164307e-01 4.801756516098976135e-02 1.831448674201965332e-01 -1.058358699083328247e-01 -4.909571111202239990e-01 4.740730300545692444e-02 -1.153292134404182434e-01
