-1.692442178726196289e+00
1.228290677070617676e+00
3.269302248954772949e-01
-1.121105670928955078e+00
-4.532637074589729309e-02
-8.259210586547851562e-01
-1.281981110572814941e+00
1.026895761489868164e+00
2.554115951061248779e-01
-8.553631901741027832e-01
-9.099856615066528320e-01
-5.351576209068298340e-01
1.117664456367492676e+00
8.115676045417785645e-01
-6.512093544006347656e-01
-1.474617362022399902e+00
-1.306876659393310547e+00
4.111095964908599854e-01
9.298748970031738281e-01
1.532246470451354980e+00
-1.202869057655334473e+00
-5.138028264045715332e-01
2.303122729063034058e-02
-8.590382933616638184e-01
-1.057751417160034180e+00
1.659654021263122559e+00
-4.873903095722198486e-01
8.801094293594360352e-01
2.164232581853866577e-01
-1.202184796333312988e+00
4.333949387073516846e-01
2.350564241409301758e+00
1.391329914331436157e-01
1.233908772468566895e+00
-3.269679844379425049e-01
-7.225408554077148438e-01
1.178202986717224121e+00
