7.384663224220275879e-01
-4.731043279170989990e-01
6.812362074851989746e-01
-5.699721630662679672e-03
-1.090386882424354553e-01
2.509940564632415771e-01
2.110540717840194702e-01
-2.477929592132568359e+00
3.582016527652740479e-01
-2.094798088073730469e+00
-1.198037624359130859e+00
8.490046858787536621e-01
1.251524686813354492e+00
-1.540647506713867188e+00
1.315108537673950195e+00
-5.362088680267333984e-01
1.071461796760559082e+00
-2.380316734313964844e+00
-1.835588574409484863e+00
1.253464221954345703e+00
6.022479534149169922e-01
3.863655328750610352e-01
7.791640758514404297e-01
7.888560891151428223e-01
-2.417981386184692383e+00
2.383038401603698730e-01
-1.321019649505615234e+00
-9.812946617603302002e-02
-8.135035634040832520e-01
-2.174945592880249023e+00
4.808211028575897217e-01
-1.172269582748413086e+00
2.170571088790893555e+00
-1.512779742479324341e-01
4.962807297706604004e-01
-1.094512701034545898e+00
-2.258197307586669922e+00
-2.031749963760375977e+00
-4.105592668056488037e-01
1.286635279655456543e+00
-1.120460748672485352e+00
2.592605054378509521e-01
2.501784324645996094e+00
-2.014149665832519531e+00
-3.478378057479858398e-01
-4.728676378726959229e-02
-5.515344142913818359e-01
1.615226030349731445e+00
1.075648665428161621e+00
-1.735298514366149902e+00
4.975531399250030518e-01
9.648936986923217773e-01
6.372300982475280762e-01
1.350782752037048340e+00
2.282186150550842285e-01
