-8.557486534118652344e-01
4.676744341850280762e-01
-7.876025438308715820e-01
-1.427320539951324463e-01
1.401275992393493652e+00
-5.292698740959167480e-01
-1.394177556037902832e+00
-2.135060310363769531e+00
-6.601001620292663574e-01
1.069264411926269531e-01
1.302844047546386719e+00
-3.981023095548152924e-03
-4.181209951639175415e-03
1.080370426177978516e+00
1.112145662307739258e+00
-8.381733298301696777e-01
-8.357709646224975586e-01
-3.573886871337890625e+00
7.960540652275085449e-01
1.225001454353332520e+00
-2.048103332519531250e+00
8.193200826644897461e-01
1.983299851417541504e+00
1.087174534797668457e+00
7.881505489349365234e-01
-2.649388909339904785e-01
-4.918493926525115967e-01
-3.919825255870819092e-01
2.140947103500366211e+00
4.365288317203521729e-01
-2.239475250244140625e+00
1.952525138854980469e+00
6.115369200706481934e-01
2.050594538450241089e-01
1.288089632987976074e+00
-1.802717745304107666e-01
-1.361393570899963379e+00
9.565710425376892090e-01
1.890984028577804565e-01
-1.648149132728576660e+00
9.591900706291198730e-01
9.189865589141845703e-01
1.279171109199523926e+00
-2.714124202728271484e+00
-1.117614150047302246e+00
-1.120329722762107849e-01
-8.190554380416870117e-01
2.176666259765625000e-01
-1.511112213134765625e+00
4.898034930229187012e-01
1.749026060104370117e+00
8.728316426277160645e-02
-1.795065522193908691e+00
1.137401938438415527e+00
-1.539618968963623047e+00
