3.683249354362487793e-01 4.717559516429901123e-01 -1.683667600154876709e-01 2.973972558975219727e-01 1.745280623435974121e-01 -2.011058628559112549e-01 -4.337436258792877197e-01 -6.070232987403869629e-01 3.257162868976593018e-01 5.234284326434135437e-03
-4.019708186388015747e-02 -1.154956459999084473e+00 8.574463725090026855e-01 -1.424983143806457520e+00 4.699459969997406006e-01 -3.513441681861877441e-01 1.067531704902648926e+00 1.640220165252685547e+00 8.811057209968566895e-01 -1.007499217987060547e+00
-7.627277970314025879e-01 -3.890046849846839905e-02 -3.506578505039215088e-02 -2.545456588268280029e-01 3.330961614847183228e-02 1.234433948993682861e-01 -3.176223039627075195e-01 1.002722978591918945e+00 1.602664776146411896e-02 -1.957872956991195679e-01
4.976320266723632812e-01 3.963521420955657959e-01 -4.232660531997680664e-01 1.014652103185653687e-01 7.180991768836975098e-01 -1.357480436563491821e-01 -4.434701800346374512e-01 -4.599614739418029785e-01 -6.638286709785461426e-01 3.423776328563690186e-01
2.658823728561401367e-01 9.739490598440170288e-02 -4.915585219860076904e-01 1.884558796882629395e-01 4.265201985836029053e-01 -6.313743591308593750e-01 -5.961757898330688477e-01 5.773093104362487793e-01 -5.446919798851013184e-02 -6.463684141635894775e-02
9.069476276636123657e-02 6.158953160047531128e-02 5.303898453712463379e-01 -5.414922535419464111e-02 -3.413145542144775391e-01 2.086837030947208405e-02 5.383471846580505371e-01 -6.064432263374328613e-01 1.090992212295532227e+00 -6.105845570564270020e-01
-8.266814947128295898e-01 -2.472524642944335938e-01 -1.362163782119750977e+00 1.616507053375244141e+00 -1.253608614206314087e-01 1.513068795204162598e+00 -1.126515507698059082e+00 6.738730072975158691e-01 -5.925415754318237305e-01 9.486538171768188477e-02
-2.377278357744216919e-01 4.844052195549011230e-01 -5.562188029289245605e-01 7.659975886344909668e-01 3.048377037048339844e-01 -5.325706601142883301e-01 -9.109091758728027344e-01 9.564315080642700195e-01 8.251071721315383911e-02 -1.954568624496459961e-01
-2.183385491371154785e-01 7.844049334526062012e-01 -3.685622513294219971e-01 -9.178383350372314453e-01 -3.618052303791046143e-01 -1.033853769302368164e+00 9.462401866912841797e-01 5.065399408340454102e-01 5.796643495559692383e-01 -3.325563967227935791e-01
3.685088455677032471e-01 6.500658392906188965e-01 8.861522376537322998e-02 6.795328259468078613e-01 -4.534458741545677185e-02 9.198222309350967407e-02 -1.053984642028808594e+00 2.575733065605163574e-01 2.548623681068420410e-01 -4.805478155612945557e-01
