-1.189489811658859253e-01 2.186323404312133789e-01 2.844328582286834717e-01 -6.569643616676330566e-01 -1.336146891117095947e-01 -1.592771708965301514e-01 6.653334498405456543e-01 9.984127283096313477e-01 -6.890636682510375977e-01 -1.268268674612045288e-01
8.855662345886230469e-01 -9.259436726570129395e-01 -6.336044669151306152e-01 2.670183777809143066e-01 1.245623111724853516e+00 6.327052116394042969e-01 8.734348416328430176e-01 -3.534747362136840820e-01 -4.178921699523925781e+00 2.208087682723999023e+00
-1.048259586095809937e-01 5.992171764373779297e-01 3.308761864900588989e-02 4.513226151466369629e-01 -1.599891036748886108e-01 -2.677908539772033691e-01 4.556146860122680664e-01 1.092913627624511719e+00 1.126686334609985352e+00 -2.997830629348754883e+00
-6.483150720596313477e-01 3.887449502944946289e-01 4.947551488876342773e-01 -7.913759946823120117e-01 -7.998647689819335938e-01 -6.358553767204284668e-01 -2.556934207677841187e-02 -3.390754163265228271e-01 -7.443917989730834961e-01 7.475605010986328125e-01
6.603980064392089844e-02 5.095030665397644043e-01 2.606263458728790283e-01 -4.433771669864654541e-01 1.381437629461288452e-01 1.834264770150184631e-02 -3.915454447269439697e-02 6.220728904008865356e-02 -8.562477231025695801e-01 8.865004777908325195e-01
2.982981801033020020e-01 -1.785850673913955688e-01 -7.075540721416473389e-02 -2.591876089572906494e-01 9.622767567634582520e-01 -1.665459871292114258e-01 1.754965543746948242e+00 1.924370288848876953e+00 9.859909415245056152e-01 -5.291357636451721191e-01
1.005469202995300293e+00 -1.369728207588195801e+00 -1.298836469650268555e+00 -2.850356996059417725e-01 7.303926944732666016e-01 1.204116344451904297e+00 -7.044337749481201172e+00 -4.807927131652832031e+00 3.840321302413940430e+00 2.667050600051879883e+00
-5.694103240966796875e-01 4.662866294384002686e-01 3.195517957210540771e-01 -4.347570538520812988e-01 -8.100242912769317627e-02 -4.190118014812469482e-01 4.944978952407836914e-01 2.165821343660354614e-01 -1.624414801597595215e+00 9.424936771392822266e-01
1.034893155097961426e+00 -7.807156443595886230e-01 -8.761216402053833008e-01 -1.515491843223571777e+00 5.708337426185607910e-01 8.655631542205810547e-01 -5.159964084625244141e+00 -4.901613235473632812e+00 3.160237312316894531e+00 3.844421625137329102e+00
-8.937463164329528809e-02 -2.470047175884246826e-01 2.027913331985473633e-01 -7.529071569442749023e-01 2.610763013362884521e-01 5.313243269920349121e-01 2.963279783725738525e-01 3.061583638191223145e-01 -9.992552399635314941e-01 5.349824577569961548e-02
