-2.309176445007324219e+00
1.225677728652954102e-01
-3.550149202346801758e-01
5.838273093104362488e-02
-4.022617265582084656e-02
1.257347583770751953e+00
4.023184180259704590e-01
9.667196273803710938e-01
1.268021941184997559e+00
-1.074804663658142090e+00
-6.971565634012222290e-02
6.260233521461486816e-01
-1.880091667175292969e+00
-5.863572359085083008e-01
8.991624712944030762e-01
-1.556275784969329834e-01
9.805756807327270508e-01
9.267131239175796509e-02
9.564539790153503418e-01
1.061853051185607910e+00
1.041324019432067871e+00
1.476495742797851562e+00
1.889497399330139160e+00
-1.023793816566467285e+00
-5.458860993385314941e-01
-5.548806786537170410e-01
4.142759740352630615e-01
1.228249788284301758e+00
8.444860577583312988e-01
-3.639459013938903809e-01
-6.430820822715759277e-01
6.020813584327697754e-01
-6.857252120971679688e-01
1.803984761238098145e+00
-8.159962892532348633e-01
8.338184356689453125e-01
-8.983668684959411621e-02
-3.033926010131835938e+00
-5.515444874763488770e-01
-5.977923274040222168e-01
-1.442866444587707520e+00
4.501872658729553223e-01
-2.450214922428131104e-01
9.968872070312500000e-01
-8.117958903312683105e-01
3.280321061611175537e-01
-1.545874118804931641e+00
7.707856893539428711e-01
-1.022330284118652344e+00
-1.303678035736083984e+00
1.725215196609497070e+00
6.802501082420349121e-01
-2.682406663894653320e+00
8.257744908332824707e-01
1.821154206991195679e-01
