4.719665704079323287e-02 7.744688073040167930e-02 1.086704621088808304e-01 1.420187567767350889e-01 1.775787259777864002e-01 2.149009514112268926e-01 2.534659907328942752e-01 2.929991902794746306e-01 3.326320238465924617e-01 3.718364682107316854e-01 4.102877623660842188e-01 4.469784061143935450e-01 4.814317646423685870e-01 5.131663568585485002e-01 5.414568107937844932e-01 5.655328269154270560e-01 5.853208543512331552e-01 6.002150958950487336e-01 6.100068166641909873e-01 6.150479420329386659e-01 6.148561327370155594e-01 6.104998437255402255e-01 6.021487504295478521e-01 5.906773738889596892e-01 5.765065725947665642e-01 5.608527654611366042e-01 5.441961887927969643e-01 5.273751472788705819e-01 5.105470172337579493e-01 4.656521364138994645e-01
3.101559019468317496e-02 6.714793956995643298e-02 9.703886355587944268e-02 1.265134086315538586e-01 1.557582487075998279e-01 1.843314269620418000e-01 2.116622760787180424e-01 2.374152588739315006e-01 2.610209277002473738e-01 2.822359769025798437e-01 3.009817819925884042e-01 3.168778722525086300e-01 3.300647292176931424e-01 3.405802715272346903e-01 3.484213335168484527e-01 3.534755561564582038e-01 3.560835753600744558e-01 3.561721010413976263e-01 3.538595469776928959e-01 3.493838771525232811e-01 3.427046467117886297e-01 3.343933045754279298e-01 3.245464572023433747e-01 3.136575091647135771e-01 3.018442066226882936e-01 2.897705832662016978e-01 2.775986667860843582e-01 2.657181536395787913e-01 2.540476373607265526e-01 2.225177252829534935e-01
6.384817265744798659e-03 -1.965313726204051537e-02 -3.634418421673760169e-02 -5.119769798744495948e-02 -6.444669142651505978e-02 -7.588017975278876781e-02 -8.513129519026590986e-02 -9.187998828367360815e-02 -9.622106820291378981e-02 -9.767991613564962206e-02 -9.668264670059580068e-02 -9.324280642733584479e-02 -8.754267939958265687e-02 -7.993904475507176977e-02 -7.064686449391471834e-02 -5.998389511279542119e-02 -4.812974785185414328e-02 -3.548020419718790619e-02 -2.212034971237748782e-02 -8.178255564366770924e-03 6.557773694844823420e-03 2.166104940711789315e-02 3.739834262083131800e-02 5.359499712806719413e-02 7.026231248962920561e-02 8.742060625820949338e-02 1.047392866408071860e-01 1.220699576621005478e-01 1.393579487716961052e-01 1.824141591278141128e-01
1.291290466936105552e-02 1.436773558652064582e-02 1.608660943187616155e-02 1.772065108093498487e-02 1.926580412693991093e-02 2.070381234721805491e-02 2.203313925919920396e-02 2.332942715454209420e-02 2.444825521865652204e-02 2.571747436821294336e-02 2.697212743915008634e-02 2.834081681675901243e-02 3.000968668026961911e-02 3.203731198637552180e-02 3.458170434449039932e-02 3.768573278975249907e-02 4.154750119407497888e-02 4.607014015456659117e-02 5.133667825625800457e-02 5.729573870050434781e-02 6.414067077998243660e-02 7.154828763355841614e-02 7.962064162218168706e-02 8.821130057249534917e-02 9.720319543754858682e-02 1.066191231032740661e-01 1.161407757564973664e-01 1.256386525747105187e-01 1.349483766512439287e-01 1.543270644080606546e-01
8.835796818193648178e-03 2.313002113704205540e-02 3.317694924708473880e-02 4.255421867945234637e-02 5.143096105517178801e-02 5.966623051751006324e-02 6.708656282647845748e-02 7.364322585083517281e-02 7.917574863427825904e-02 8.376413023973247607e-02 8.741755120025485049e-02 9.003833763013904812e-02 9.183461724738273269e-02 9.282704872377622873e-02 9.306535346121495855e-02 9.247018000628498546e-02 9.124470807466798783e-02 8.924488389773280184e-02 8.637812116147108865e-02 8.247797397127118457e-02 7.734877641413742677e-02 7.096410843936204471e-02 6.306744485047138804e-02 5.361818842891470649e-02 4.233069681046423838e-02 2.946484643483263111e-02 1.499104627782459412e-02 -7.246054369778216764e-04 -1.776548250619986585e-02 -6.820031648025232096e-02
9.130494300566785459e-02 1.118313659490662582e-01 1.421346641042195158e-01 1.758009201208061700e-01 2.126287121220171994e-01 2.524342274581725110e-01 2.951228207982626861e-01 3.411094886640144708e-01 3.897623684769943031e-01 4.412949821399707595e-01 4.955555258386412087e-01 5.524123197037595911e-01 6.112540688339295203e-01 6.723746675869420875e-01 7.350983660500900463e-01 7.989877310532645938e-01 8.639934236547570645e-01 9.289266444949457746e-01 9.932293041313875470e-01 1.057215684241368470e+00 1.119570254804844289e+00 1.179746800837125242e+00 1.237455260028741622e+00 1.292108279578653152e+00 1.343631018099419538e+00 1.392337202083106629e+00 1.437614865068622017e+00 1.479502333951235871e+00 1.518194552177128287e+00 1.577831400958029651e+00
5.380801597015660853e-02 9.553792505939069646e-02 1.332113559239327394e-01 1.711334883263548878e-01 2.094368536242973144e-01 2.476592329469196885e-01 2.852317198400368681e-01 3.219550857922510168e-01 3.571856773773732230e-01 3.907451199782664419e-01 4.226013975188421812e-01 4.524631119294555415e-01 4.803298342000886789e-01 5.064445238928414472e-01 5.306891568085925215e-01 5.529457887971702679e-01 5.735565313370740714e-01 5.921845612187990326e-01 6.087989420575872224e-01 6.237265014618937897e-01 6.365216287836457099e-01 6.474961596310856438e-01 6.565997887815281375e-01 6.640489982070894026e-01 6.698963419134124075e-01 6.747428394529457751e-01 6.785246705529266453e-01 6.815361419037309076e-01 6.837459594210582026e-01 6.750150720855914166e-01
1.208140230671074337e-02 1.333299386162565235e-02 1.540413160155991792e-02 1.723921068193536368e-02 1.875943699080427629e-02 1.992776433911650630e-02 2.072357926362393757e-02 2.121074172075865585e-02 2.122667041894016685e-02 2.121059347440472365e-02 2.096446942800034990e-02 2.082005573151633759e-02 2.108048203407619781e-02 2.196884082505298069e-02 2.385333192485997178e-02 2.699060536151835082e-02 3.170813232735320009e-02 3.805868808448481522e-02 4.631750670489609423e-02 5.655511111042568068e-02 6.925451196392468090e-02 8.393073632422524966e-02 1.009080186566178178e-01 1.199805970134758537e-01 1.411288507402869707e-01 1.641941196172708173e-01 1.886663066382244791e-01 2.140478042517847401e-01 2.400744155781348310e-01 3.032380977100960218e-01
2.235036041099392953e-02 1.119201973764522538e-02 6.292946472354172052e-03 2.568623733910136570e-03 -1.385026811801439578e-04 -1.706619302453145359e-03 -1.912375184856219754e-03 -4.508709250729469806e-04 2.550888533951167422e-03 7.592412864761364719e-03 1.440133096881250629e-02 2.315767845126576879e-02 3.381254002465505781e-02 4.636944105687939438e-02 6.078497123991961210e-02 7.697086407106043526e-02 9.495140302465081283e-02 1.143564019034067902e-01 1.351244782620260598e-01 1.572038760375894517e-01 1.806194070101501403e-01 2.047520918303806781e-01 2.297219471889823950e-01 2.551495312107440183e-01 2.809295452972967455e-01 3.069748046584227508e-01 3.327671865570642762e-01 3.580292315682461757e-01 3.826571023697697971e-01 4.353579428278904762e-01
1.271909097007517184e-02 2.015508516776239045e-02 2.610925504977875539e-02 3.188263917201811237e-02 3.755931807823105484e-02 4.306843379395050575e-02 4.834180832349370405e-02 5.342091736237895155e-02 5.815023458387430511e-02 6.271932536222882271e-02 6.705380692051260416e-02 7.112438326544813505e-02 7.506851962247837462e-02 7.889300508952906688e-02 8.262199569335296201e-02 8.617002800249903838e-02 8.969112724252899238e-02 9.298767944346078562e-02 9.598519400676247537e-02 9.855473969505999798e-02 1.005829234354380097e-01 1.019019410460643149e-01 1.023736687128953271e-01 1.018875553621708396e-01 1.002189480456733839e-01 9.754327428218266538e-02 9.370662936828413891e-02 8.890023301621526042e-02 8.303247657618920141e-02 6.083051916392295116e-02
3.728882064000987873e-02 7.873270311001957789e-02 1.108255793040054810e-01 1.405312259594251878e-01 1.679718313031122734e-01 1.927643635511986919e-01 2.143967568082593145e-01 2.327124790567178247e-01 2.474451195080258348e-01 2.589647036802965596e-01 2.674524665866981898e-01 2.736160497789508206e-01 2.782033827824773597e-01 2.822195975652923572e-01 2.865368340523952173e-01 2.919766836735011584e-01 2.994224247526054428e-01 3.091855354698458402e-01 3.217314573906573383e-01 3.373411961263003134e-01 3.562867649697408212e-01 3.779439709371165135e-01 4.023773131722067631e-01 4.291550819343267209e-01 4.580482307209550741e-01 4.887526635447669854e-01 5.205176013966523740e-01 5.526552319400094282e-01 5.847639674857205705e-01 6.502097308528600461e-01
-4.667182106697779706e-03 -5.326605743052887504e-02 -8.996850448455626093e-02 -1.250772183357342082e-01 -1.588207667706195425e-01 -1.906039732101713624e-01 -2.195348621879568141e-01 -2.448075604516417314e-01 -2.659623795207922692e-01 -2.820517052664979207e-01 -2.932594454232358983e-01 -2.991302585274780435e-01 -2.998013839987116458e-01 -2.954571953827903608e-01 -2.862975817980177862e-01 -2.725862420284891341e-01 -2.546615896326760997e-01 -2.332129365589727110e-01 -2.087777713334369456e-01 -1.820356385826349954e-01 -1.534113821530859456e-01 -1.243514581660363078e-01 -9.532519545837381258e-02 -6.749853120248754113e-02 -4.155985239558930566e-02 -1.809998618006795207e-02 2.153519245167448415e-03 1.904546343338417436e-02 3.255625587171774582e-02 4.763983628098025086e-02
2.770194949050010583e-02 3.710921682745457750e-02 4.993542550012707720e-02 6.458922911252987231e-02 8.107395486413213059e-02 9.921971089156807200e-02 1.188928953344408346e-01 1.401250628709951318e-01 1.624504068036886628e-01 1.857627557348554836e-01 2.098207854834291120e-01 2.340469326226710389e-01 2.580839975118754959e-01 2.815614302059525342e-01 3.039051700687021573e-01 3.245024167503429702e-01 3.432082823867139143e-01 3.593912908438463005e-01 3.727204210169119403e-01 3.832155896245008631e-01 3.903395592033441219e-01 3.944189950295307057e-01 3.953440310262673618e-01 3.933525797751055153e-01 3.884641456965837181e-01 3.813704522556521370e-01 3.722121414914871251e-01 3.616169581140865064e-01 3.497139999181380077e-01 3.109000931498472342e-01
1.930385845124518024e-02 -7.195956123166579246e-03 -2.220846203422498916e-02 -3.460674429201233276e-02 -4.461552446611486561e-02 -5.197373303373136605e-02 -5.621304403218867901e-02 -5.684390823394098319e-02 -5.395113823947229881e-02 -4.705870345835276580e-02 -3.653966528916337275e-02 -2.250713217790433276e-02 -5.386519122540227300e-03 1.442723241223253100e-02 3.640626425300550612e-02 5.999788848909794886e-02 8.484960146207759513e-02 1.101983679038071595e-01 1.356341265904039972e-01 1.609360650179382235e-01 1.857458457100833460e-01 2.095213253456529867e-01 2.322025673932016643e-01 2.534043789599567109e-01 2.729760951133732849e-01 2.910051251189704757e-01 3.071527109420605361e-01 3.215233359034663785e-01 3.342013196720471369e-01 3.548719326571422306e-01
2.469329546088720392e-03 -1.968525350716471278e-02 -3.538110684584071242e-02 -5.005380436050800574e-02 -6.387235328107790377e-02 -7.665214842135088802e-02 -8.809842066901496516e-02 -9.798154421088789423e-02 -1.063641756567895169e-01 -1.127713349928617659e-01 -1.175871457633253375e-01 -1.207303338929963388e-01 -1.221985626654584767e-01 -1.222528928934497050e-01 -1.208961533279101358e-01 -1.182755092878197828e-01 -1.144356242912202559e-01 -1.095615167404503099e-01 -1.035908159466146228e-01 -9.664188578891386161e-02 -8.827945953955362857e-02 -7.890850085287212656e-02 -6.819478463799619194e-02 -5.626008941599656976e-02 -4.308858561257387920e-02 -2.872209336663878593e-02 -1.349238660631679743e-02 2.354127350671017527e-03 1.868079422173572757e-02 6.285254957482563909e-02
4.424883544306389138e-02 6.166333096925533108e-02 8.026993326345681357e-02 9.966046374870798918e-02 1.198386030886040010e-01 1.406451304637200972e-01 1.619303994476878616e-01 1.838180695483535021e-01 2.059452266612218363e-01 2.285048730275282824e-01 2.514064708796105996e-01 2.746336366255343608e-01 2.981218229303005396e-01 3.220752923969423809e-01 3.463597865796226305e-01 3.708606037175623538e-01 3.957475079519439110e-01 4.205517993740860994e-01 4.451172280950381754e-01 4.695455630073058773e-01 4.933887041181518329e-01 5.163611095022534458e-01 5.383317672334229087e-01 5.590576309794270671e-01 5.784000855777687855e-01 5.965785896187304482e-01 6.132343221649321219e-01 6.284195350039858408e-01 6.421019823609792621e-01 6.586266124989823556e-01
-1.911320934513107903e-02 -4.202483594868586247e-02 -6.300807475727786267e-02 -8.410085179196190308e-02 -1.053632591222602999e-01 -1.266573825486898563e-01 -1.478110794312336163e-01 -1.688658788793124810e-01 -1.898590217431156690e-01 -2.104902595866706416e-01 -2.311922584456968244e-01 -2.520400653653708245e-01 -2.727967463568042317e-01 -2.939572680660575976e-01 -3.153158843106266818e-01 -3.369752273225973815e-01 -3.589004624322965076e-01 -3.808588018894716321e-01 -4.025191508868208867e-01 -4.240349830935115083e-01 -4.443793338722530906e-01 -4.634631136557330056e-01 -4.806923451409496062e-01 -4.956915730502721162e-01 -5.082771474326523986e-01 -5.183319914304433951e-01 -5.258250641363312328e-01 -5.308744197005453858e-01 -5.337012136868635181e-01 -5.195609792614759304e-01
9.532131613278415141e-03 2.424957391763188017e-02 3.470716306403782980e-02 4.440423919136883557e-02 5.346559600709664684e-02 6.170811939701126292e-02 6.889249840343295017e-02 7.487565692591777178e-02 7.941228328102241385e-02 8.258250347975816530e-02 8.429105229125058441e-02 8.446764519219451817e-02 8.338631038055596689e-02 8.106555466706047430e-02 7.768711665712632608e-02 7.327265535357489756e-02 6.810759161573001763e-02 6.222928199882033634e-02 5.577773277249460648e-02 4.874262033503698466e-02 4.133595211624120636e-02 3.365330186841749421e-02 2.577013061268578972e-02 1.784870404437471220e-02 9.820921435804104427e-03 1.953792565013198756e-03 -5.795165072628834929e-03 -1.328575619080315379e-02 -2.067603778189432834e-02 -3.914774263616337124e-02
-3.609650568392284292e-02 -5.226671376724956880e-02 -6.987008765765662099e-02 -8.812457365049622404e-02 -1.069792604667110514e-01 -1.263840273396989733e-01 -1.462732956893556258e-01 -1.667651333281694737e-01 -1.878361920076108138e-01 -2.093652734083749911e-01 -2.316037730297721142e-01 -2.547841504300002446e-01 -2.786169695714720285e-01 -3.036523900101032458e-01 -3.297580102595375484e-01 -3.571333008523481789e-01 -3.857545297566765119e-01 -4.154132389034639328e-01 -4.459556792184437013e-01 -4.777109943481467891e-01 -5.099985308013816887e-01 -5.425503248475704865e-01 -5.751489775853888542e-01 -6.074124128579444504e-01 -6.393802934025852869e-01 -6.708075558882623524e-01 -7.014155728475729434e-01 -7.308763792327828135e-01 -7.593439424554141448e-01 -8.130141912177764052e-01
3.078300673982232311e-02 7.291303887756646340e-02 1.095482985866175207e-01 1.470254984902939766e-01 1.856118187935749675e-01 2.247216216775688724e-01 2.635968522933269109e-01 3.017086917019331516e-01 3.381946253550489612e-01 3.722704531257120530e-01 4.037508938077694065e-01 4.314628473416027843e-01 4.551533356227620009e-01 4.742900151323516944e-01 4.882854625064099729e-01 4.964107257337426748e-01 4.987203439567831076e-01 4.948562124270001750e-01 4.846688180233851284e-01 4.684229070773799908e-01 4.456757441692963395e-01 4.179030442555248803e-01 3.851359779364205704e-01 3.485283133143618484e-01 3.084356701432593439e-01 2.662773760320985006e-01 2.228701157564380864e-01 1.794142561547831805e-01 1.360495278567689925e-01 3.011569285374631616e-02
9.569108699421004227e-02 1.236761967542016338e-01 1.607041869693683345e-01 2.013204933355870474e-01 2.453265996892075307e-01 2.923865030857256686e-01 3.421990582615557219e-01 3.949607547014365450e-01 4.498034055509437246e-01 5.066985206408818332e-01 5.653685361015927668e-01 6.254063907100495534e-01 6.861484832875802686e-01 7.477297188208249512e-01 8.094159545857335658e-01 8.706804640678977858e-01 9.314997837807843517e-01 9.907985331129676165e-01 1.048192270159014505e+00 1.104216410240713708e+00 1.157835715468072291e+00 1.209026047415389993e+00 1.257829094815025917e+00 1.304158328620499852e+00 1.348271035858991107e+00 1.390798077716896231e+00 1.431363360032336995e+00 1.470065884214941221e+00 1.507088635721804959e+00 1.572298766422056460e+00
-2.532315367248703930e-03 1.229333010060590023e-02 2.015136329570590967e-02 2.628298437585463790e-02 3.081311603063196028e-02 3.351246362530421741e-02 3.403995867752301896e-02 3.206825789969303120e-02 2.735525753268599342e-02 1.999666997483831241e-02 9.832969234135239406e-03 -3.082485992572922551e-03 -1.819724938340535475e-02 -3.546250153336261146e-02 -5.433781630813424440e-02 -7.454262180287707373e-02 -9.560077796084247292e-02 -1.170484896635656386e-01 -1.383670743661230551e-01 -1.594626649236531302e-01 -1.794414218298464037e-01 -1.980613260742116744e-01 -2.148594240573205028e-01 -2.294195652180429923e-01 -2.416170679475221628e-01 -2.512650713076944875e-01 -2.583806850101263430e-01 -2.631101256775818520e-01 -2.657642173450699974e-01 -2.589253837642614409e-01
1.481315766866768135e-01 2.118154523908090392e-01 2.813331782188935315e-01 3.545333787001259118e-01 4.313194896682384094e-01 5.110551193315552299e-01 5.929391773158130263e-01 6.770053973410501413e-01 7.619566597097664484e-01 8.474548008138634847e-01 9.333802222013517502e-01 1.019264907496767680e+00 1.104418584796343250e+00 1.189449852827992871e+00 1.273641043759666580e+00 1.356579654217220821e+00 1.438536099110788946e+00 1.518244918878697725e+00 1.595279227917489662e+00 1.670548151685962157e+00 1.742462196650852002e+00 1.811177066001853131e+00 1.876687533842530176e+00 1.938945566713257573e+00 1.998399571037167366e+00 2.055882382665273234e+00 2.110950652980664088e+00 2.163625333829314545e+00 2.214094938171379923e+00 2.299941649753534545e+00
9.082186378505995028e-02 1.322320407777130002e-01 1.757182159665866272e-01 2.208298589777566712e-01 2.675065704426464741e-01 3.153301891638248255e-01 3.638258834361469685e-01 4.130563942691487522e-01 4.622642664377051847e-01 5.114896763015008840e-01 5.606555165474824687e-01 6.097036461004831098e-01 6.584079461910428144e-01 7.073051528702214430e-01 7.561621323907568026e-01 8.049081086358232939e-01 8.538767826581540321e-01 9.023827716323398196e-01 9.502907310231376581e-01 9.981363525733297770e-01 1.045144502262500774e+00 1.091126934662760117e+00 1.136079643274077178e+00 1.179797038012890376e+00 1.222386727149688435e+00 1.264229344693003521e+00 1.304800664787150399e+00 1.343954441561927338e+00 1.381685800940629649e+00 1.448528188316185350e+00
-1.080562590242116656e-02 -2.432400817755795558e-02 -3.682607443348029364e-02 -4.947056067954071212e-02 -6.226921621759231446e-02 -7.512509330306912925e-02 -8.789458425109331063e-02 -1.005146645426508722e-01 -1.129937049576999197e-01 -1.250089582463873583e-01 -1.368063952281999840e-01 -1.483753211971106656e-01 -1.595162888554725045e-01 -1.704900808830444037e-01 -1.811703490652226134e-01 -1.916453279504325979e-01 -2.018561699059054637e-01 -2.117944331119760437e-01 -2.213659874850655851e-01 -2.307962053486760923e-01 -2.396319019784118320e-01 -2.480443169536813430e-01 -2.558592232591199722e-01 -2.630565084472855641e-01 -2.697338230641666557e-01 -2.758405130211424305e-01 -2.814821703583463286e-01 -2.866419749093901403e-01 -2.914792137079681433e-01 -2.974008031901115845e-01
4.496814993067038690e-02 7.477208025146944714e-02 1.030588332520195050e-01 1.321498705285385489e-01 1.621664271479776043e-01 1.927891150914134710e-01 2.236537217132287259e-01 2.547076060142056120e-01 2.854315205912575926e-01 3.156904503109341231e-01 3.454408535327418983e-01 3.742939698015470551e-01 4.020944409636796335e-01 4.288804283266048900e-01 4.543099285559150102e-01 4.780463218605709996e-01 5.002143617886884996e-01 5.202736800626713842e-01 5.379560298675670760e-01 5.533830528673817639e-01 5.658473220987177976e-01 5.755673580651116117e-01 5.822751737558161667e-01 5.860566460262417454e-01 5.868145357819969377e-01 5.851603147201800414e-01 5.810929111685378956e-01 5.751416836765542717e-01 5.673752277510776265e-01 5.308691131549715392e-01
-2.759713737200593375e-02 -4.994361922749403215e-02 -7.130989315866376188e-02 -9.306739674847952504e-02 -1.152426921267195453e-01 -1.376856722778370123e-01 -1.601921259268380138e-01 -1.827431053985631437e-01 -2.052620091949535208e-01 -2.274189117420917783e-01 -2.495122582145787582e-01 -2.715544742425572977e-01 -2.932663602361145205e-01 -3.150703526512628194e-01 -3.367641923549035687e-01 -3.584396434774805851e-01 -3.800652412098172728e-01 -4.014728695481939447e-01 -4.224763573990244492e-01 -4.433770940008505690e-01 -4.634244493232785866e-01 -4.826927296538361389e-01 -5.008838847479242240e-01 -5.178479166701466241e-01 -5.336332339194729268e-01 -5.482142640034503023e-01 -5.615813653291777952e-01 -5.737183744715532718e-01 -5.848202405027955741e-01 -5.978938940903009147e-01
-2.387143424323799265e-02 -4.566595885552059142e-02 -6.448936899465089467e-02 -8.223072256612647124e-02 -9.885515229024935402e-02 -1.142784693844103305e-01 -1.283405626186268078e-01 -1.410912600858069132e-01 -1.526715554444790235e-01 -1.631756298874190159e-01 -1.730241213482245910e-01 -1.829903456219924007e-01 -1.932919114447427256e-01 -2.049667952846798979e-01 -2.185185561561626966e-01 -2.347511494902111973e-01 -2.540330598416455365e-01 -2.766013011097155361e-01 -3.026296874108314050e-01 -3.324629242273863250e-01 -3.658241589999379206e-01 -4.019975688010858361e-01 -4.408193140857018522e-01 -4.815903930432606783e-01 -5.241919153114377172e-01 -5.678999060243075103e-01 -6.120746945923124516e-01 -6.558489463809948905e-01 -6.991364603738174921e-01 -7.893959727946595617e-01
5.048821427966164455e-03 3.497984631072767470e-02 5.264888589265928620e-02 6.756836392072057551e-02 8.008736683096698283e-02 8.996283614083598612e-02 9.682530054697247035e-02 1.004820184500999913e-01 1.009090237807845902e-01 9.819710167935297163e-02 9.262225470705101604e-02 8.435966472786077253e-02 7.404539246181739143e-02 6.206552939378320172e-02 4.890527386704431045e-02 3.487092436071161095e-02 2.049170945104625968e-02 5.957311863362364096e-03 -8.684553987518703333e-03 -2.368497628529681390e-02 -3.918657504229650090e-02 -5.532104791057652904e-02 -7.257626598262478801e-02 -9.113757875355865679e-02 -1.115456481981634829e-01 -1.337219877538612933e-01 -1.577360048342924259e-01 -1.832424221341692194e-01 -2.104388890469621187e-01 -2.883748791888325891e-01
4.225541851016096501e-02 6.362812661290367933e-02 8.476172831215100789e-02 1.064177526207416846e-01 1.286351604998086373e-01 1.512091011219649506e-01 1.739222978129181252e-01 1.968398419763798812e-01 2.195827348998582174e-01 2.422895042884855576e-01 2.649014303514012347e-01 2.873777986863245149e-01 3.097011325768976864e-01 3.320925610070321055e-01 3.544519498306549776e-01 3.766870144216048488e-01 3.990081082139408930e-01 4.209955144782673297e-01 4.425144784297250777e-01 4.636716863000729938e-01 4.840230432504177838e-01 5.033630941066540299e-01 5.215388969130332342e-01 5.383612673152295969e-01 5.536837171328400364e-01 5.677665250372884165e-01 5.803030789242915599e-01 5.914016219085194148e-01 6.010231984073550748e-01 6.079122077692624693e-01
-3.135165391273291025e-02 -4.935224300344273618e-02 -6.839980511790802464e-02 -8.821381094700132819e-02 -1.087596444277740271e-01 -1.299358673138382714e-01 -1.516141815019966532e-01 -1.738471524620079922e-01 -1.965601965229639148e-01 -2.195065723802447910e-01 -2.429312074209691863e-01 -2.669039279818434807e-01 -2.910884244164168022e-01 -3.159142567361324372e-01 -3.411548136072660165e-01 -3.668982607321050748e-01 -3.930779579892470510e-01 -4.194689293706117539e-01 -4.458835909336346659e-01 -4.726505101341129667e-01 -4.990427841280548615e-01 -5.250119453286888893e-01 -5.503239352186033440e-01 -5.747534499687799725e-01 -5.983789948897375588e-01 -6.211079529913301478e-01 -6.428259194801357879e-01 -6.633911244915755567e-01 -6.829973587106170640e-01 -7.165192596001814795e-01
-3.939173248782881082e-02 -7.937924488004172163e-02 -1.156890507987267808e-01 -1.525088159987179059e-01 -1.899677856983952307e-01 -2.277166906499641930e-01 -2.652948927374040311e-01 -3.025259106455183700e-01 -3.391115530292308500e-01 -3.744194439092650706e-01 -4.087911163751543620e-01 -4.419129009344096581e-01 -4.733734520801443635e-01 -5.035337355958110495e-01 -5.319698072809220246e-01 -5.585812488739769766e-01 -5.833286023891326444e-01 -6.059267093412821215e-01 -6.260955296078309917e-01 -6.442515345232083801e-01 -6.593459897019756655e-01 -6.719203380645772938e-01 -6.815697287055090259e-01 -6.884451038197535455e-01 -6.926678252525151347e-01 -6.946063699543889580e-01 -6.945261372325080007e-01 -6.928098729921671195e-01 -6.897569589549849001e-01 -6.653284410381123948e-01
1.412705918067196087e-02 5.798677178958748513e-02 8.977297930493016720e-02 1.194990729666327023e-01 1.474288971870851839e-01 1.729952246634726409e-01 1.954188681384731729e-01 2.140997302242577671e-01 2.284903968301044697e-01 2.383067861531446840e-01 2.435157267527944813e-01 2.438929909594189094e-01 2.399868309600349248e-01 2.319701353874550342e-01 2.203063758989764753e-01 2.052335747156298074e-01 1.873870780823513327e-01 1.672150438412751683e-01 1.452352811381616426e-01 1.217612058131624792e-01 9.739596632483153715e-02 7.289941653810493027e-02 4.864476094552570157e-02 2.537571639257510392e-02 3.317327793460882190e-03 -1.695234341585899474e-02 -3.520147781287868982e-02 -5.125989362614690598e-02 -6.539538975681841171e-02 -9.102506296164158961e-02
6.266032171829943875e-02 8.377697875704089026e-02 1.082140449726885501e-01 1.339365927024509517e-01 1.608556993485264208e-01 1.887769273132582359e-01 2.175193688199314468e-01 2.472680388355638081e-01 2.775545404797215010e-01 3.086475423522153649e-01 3.404288329237257771e-01 3.730040600127060291e-01 4.062505492371084603e-01 4.405586183100140829e-01 4.758082070351899451e-01 5.119715860044399269e-01 5.492816630093664276e-01 5.871808157476825496e-01 6.255511735281018559e-01 6.646660841981418821e-01 7.040261396067439836e-01 7.431683914769542376e-01 7.820708623135507187e-01 8.203615282176361934e-01 8.579897116130549284e-01 8.950895490380743613e-01 9.310796368246059274e-01 9.657413211371228545e-01 9.990245937108356289e-01 1.059854774168955238e+00
3.174911584380835095e-02 4.821938996428754010e-02 6.381709388313566711e-02 7.958900801130427971e-02 9.557876358321162891e-02 1.116154885486468074e-01 1.275117347659774913e-01 1.432819243859604075e-01 1.585994705945328875e-01 1.736254192183376011e-01 1.882535922241135862e-01 2.024653012969675203e-01 2.163366796225373034e-01 2.300143685015919037e-01 2.435091695096650577e-01 2.567824027956348010e-01 2.700625572635999561e-01 2.830987158571163231e-01 2.958820646980678815e-01 3.084955534561466539e-01 3.208008807842883670e-01 3.326554269864490099e-01 3.440531726567708781e-01 3.549201456928934295e-01 3.651705883618011628e-01 3.750310098907573830e-01 3.842436258371500490e-01 3.928457797260774265e-01 4.007429818999103666e-01 4.103460283532008868e-01
-5.589969180753646266e-02 -8.519034889895324425e-02 -1.165931006099162337e-01 -1.493956808371361134e-01 -1.835341937169212567e-01 -2.188078528904090769e-01 -2.549710503524359462e-01 -2.920684674209743092e-01 -3.297971149805331570e-01 -3.678757758120829169e-01 -4.064822365487399392e-01 -4.456563964772604636e-01 -4.849112049721247542e-01 -5.248119182009883810e-01 -5.650288516753116941e-01 -6.056396639138035276e-01 -6.466092723543634957e-01 -6.875670063831671452e-01 -7.283511898675915086e-01 -7.695395042563396570e-01 -8.102982829763476502e-01 -8.506150827001922599e-01 -8.903851181044863949e-01 -9.294284909823067320e-01 -9.679788791586562136e-01 -1.006060625674488174e+00 -1.043429574735791343e+00 -1.079819755765973888e+00 -1.115456054796785779e+00 -1.184169722479342379e+00
6.916521336376928175e-03 -1.069903731510548142e-02 -2.448252133788854715e-02 -3.797344409364741130e-02 -5.126502446082975561e-02 -6.417202203996394405e-02 -7.644891684593005388e-02 -8.791295793106654322e-02 -9.859378034786646372e-02 -1.079916603025084798e-01 -1.164415910755470240e-01 -1.237423804501626146e-01 -1.297393377383099233e-01 -1.345566414667986321e-01 -1.380097194902704660e-01 -1.400790954234573948e-01 -1.406807956599595844e-01 -1.398508749376651816e-01 -1.374207615899818158e-01 -1.334959300325998799e-01 -1.275096198365824329e-01 -1.199121634288524973e-01 -1.103414197017763693e-01 -9.892699803529705904e-02 -8.566863873905208870e-02 -7.068186407615603684e-02 -5.435425433312895960e-02 -3.704861106988584923e-02 -1.897786918419853280e-02 3.056876040285205071e-02
-6.645514296444061941e-02 -9.182800801431832693e-02 -1.240322662655327507e-01 -1.592463140518540210e-01 -1.973720472621212640e-01 -2.382722355264353942e-01 -2.818517034696298440e-01 -3.283607509394466106e-01 -3.774506550805716287e-01 -4.287742407046269966e-01 -4.824956665825095303e-01 -5.383870691421349663e-01 -5.955297847842278003e-01 -6.542971638994290462e-01 -7.138172232336730261e-01 -7.737342244696310267e-01 -8.336887230098930512e-01 -8.927560449403733056e-01 -9.503124859848122163e-01 -1.006831867199760699e+00 -1.060723597036042243e+00 -1.111940095848399590e+00 -1.160006246521824602e+00 -1.204580923003970572e+00 -1.245759556187414852e+00 -1.283771547015187586e+00 -1.318418134431859290e+00 -1.349840137779526827e+00 -1.378471827049735365e+00 -1.416882757693432637e+00
6.591209937676678274e-03 -8.836843388234431190e-03 -1.944292265516751883e-02 -2.923138225957334912e-02 -3.830711220317806198e-02 -4.653001082662447385e-02 -5.366768982460572157e-02 -5.950066663511863196e-02 -6.409923072453192761e-02 -6.704388976037510550e-02 -6.863071724040818722e-02 -6.880636241128765263e-02 -6.756730517104207745e-02 -6.510923183359021427e-02 -6.147047417017759141e-02 -5.681240598695297406e-02 -5.115849837851425136e-02 -4.475407188647834156e-02 -3.762380645786421451e-02 -2.991595706424636861e-02 -2.142134899602038747e-02 -1.252983797112977929e-02 -3.086557412401848971e-03 6.735835005772967954e-03 1.685171278075409118e-02 2.726862372196930603e-02 3.768548916422327644e-02 4.800092044207032727e-02 5.810981509542213763e-02 8.210462090935202739e-02
-1.410725637712581006e-02 -1.384332228108573794e-02 -1.859461342406961912e-02 -2.493297109488981644e-02 -3.271828558793010711e-02 -4.195748668075149901e-02 -5.268527487028287770e-02 -6.496455890882035789e-02 -7.874368511026645645e-02 -9.374556928318540650e-02 -1.100125846303597610e-01 -1.273872068008751468e-01 -1.453810888692468051e-01 -1.639927350249862359e-01 -1.828127251858660540e-01 -2.016745796874323537e-01 -2.202832444432222536e-01 -2.384102112965391096e-01 -2.558786849932271901e-01 -2.729577271806858940e-01 -2.892074840416425374e-01 -3.048213643708982401e-01 -3.198046771169354430e-01 -3.342053455853951638e-01 -3.482882430802782814e-01 -3.620853857751492599e-01 -3.757000408009177894e-01 -3.890941432036805203e-01 -4.025081925767690638e-01 -4.323748621288813210e-01
1.203772997262056860e-01 1.757984730537733853e-01 2.336781265561624077e-01 2.935768219779065213e-01 3.554011359712848095e-01 4.186015343169862124e-01 4.825133564747912107e-01 5.471793139581385690e-01 6.116273242611189875e-01 6.758281713707707805e-01 7.397370456832099705e-01 8.033242294836392405e-01 8.663018420685246745e-01 9.294560143014884979e-01 9.925410920428239248e-01 1.055552077797364152e+00 1.118946171865748074e+00 1.181912360274542273e+00 1.244320138968843859e+00 1.306942172634704136e+00 1.368787465997498565e+00 1.429659018265547310e+00 1.489611573463623717e+00 1.548400880042433148e+00 1.606266018423078590e+00 1.663620620525899430e+00 1.719808113836132746e+00 1.774510286127634506e+00 1.827719675380246933e+00 1.926657430571266927e+00
5.608925586075022562e-03 -9.158572588703039682e-03 -1.969093120283713083e-02 -2.965072705069232359e-02 -3.913941724049044280e-02 -4.801798713960462456e-02 -5.606171997528104634e-02 -6.305819731532423533e-02 -6.905417409110142790e-02 -7.359438037348110806e-02 -7.695511126526337342e-02 -7.900131691085487962e-02 -7.965910241493229238e-02 -7.905202877374237214e-02 -7.712455192781036972e-02 -7.394983825400253119e-02 -6.949354593138057368e-02 -6.393614394304521220e-02 -5.725204475265455173e-02 -4.958394884846096390e-02 -4.065643366139592291e-02 -3.092850714508478538e-02 -2.022818580809333452e-02 -8.771966807749081996e-03 3.340033186641992724e-03 1.604375877142830489e-02 2.898182650206443389e-02 4.196224885684844697e-02 5.484234520921585365e-02 8.577541271192039296e-02
3.331321657299466527e-02 3.025096125418826748e-02 3.281220744076322055e-02 3.654397799342863629e-02 4.128154886281397429e-02 4.704964195339302047e-02 5.393591267834257214e-02 6.216054227733357196e-02 7.146064725758638492e-02 8.227571538802937179e-02 9.430878722101743161e-02 1.077377416796713450e-01 1.225331861142911899e-01 1.387994537830462838e-01 1.565530501761157600e-01 1.757853215566826388e-01 1.966221292962458955e-01 2.187522530972937918e-01 2.422344441148774896e-01 2.671902704997098366e-01 2.937488979452962945e-01 3.213941571692502386e-01 3.504093027935656357e-01 3.805340869281611527e-01 4.118097191959501635e-01 4.442073883822399427e-01 4.771760483639176931e-01 5.103072987223309376e-01 5.434600259217976514e-01 6.185546534925853157e-01
7.585709268220565057e-03 -1.285483384904698850e-02 -2.577733437785933654e-02 -3.686246314512454242e-02 -4.618375072550363891e-02 -5.350974807645485221e-02 -5.842750936042824528e-02 -6.048599508483059467e-02 -5.964554573273078003e-02 -5.554284074749056554e-02 -4.834641713835149957e-02 -3.823297765044340185e-02 -2.553016865739507479e-02 -1.061848118391783488e-02 5.961784873491939724e-03 2.362457032069154028e-02 4.202469188555463947e-02 6.037755087737987220e-02 7.808109764602445824e-02 9.468992452040614349e-02 1.094677173652595370e-01 1.219124578951710364e-01 1.315216429864851655e-01 1.378084469775924803e-01 1.403179904987895132e-01 1.391924662178123939e-01 1.342503348993379364e-01 1.259969097081061473e-01 1.145652647809301816e-01 6.929155457102836868e-02
3.013216681742047695e-02 6.065472069195436411e-02 8.657371639647720718e-02 1.123290466113421454e-01 1.380702013107518999e-01 1.634284234865697738e-01 1.879405038512047543e-01 2.113686595236532739e-01 2.332067005322067677e-01 2.533002331472541391e-01 2.715639198643846064e-01 2.876772216678730176e-01 3.017351830008204727e-01 3.137730463711412843e-01 3.237486129199643736e-01 3.315282153420205935e-01 3.373953614925751521e-01 3.411963332902498980e-01 3.429802130309156372e-01 3.429270321299190960e-01 3.409177071597121467e-01 3.373555513646540605e-01 3.322772679669221962e-01 3.260305374193693262e-01 3.186673767363887300e-01 3.107637188217772239e-01 3.023974441003136615e-01 2.939208010774236324e-01 2.852680768455578275e-01 2.587495722403635456e-01
-5.096018899163159629e-03 -1.111808162934738685e-02 -1.821511777000344931e-02 -2.597267754613832511e-02 -3.434699425022335467e-02 -4.327404257953543915e-02 -5.266390246336938308e-02 -6.244062638958611244e-02 -7.257834385303299496e-02 -8.271226894173064337e-02 -9.296646157702947999e-02 -1.031818189151967602e-01 -1.130555112894626180e-01 -1.226245751366851766e-01 -1.316459756527051939e-01 -1.400622121926765051e-01 -1.476990033118456835e-01 -1.545345374062918609e-01 -1.604928595324809082e-01 -1.658119539450219615e-01 -1.701910770596643807e-01 -1.739774087837530070e-01 -1.771575937786439292e-01 -1.799009414140028129e-01 -1.824445391245518855e-01 -1.848459392202424778e-01 -1.873329179692340973e-01 -1.899416203960245242e-01 -1.928595326942723343e-01 -2.002622347709213657e-01
-8.958122434715429239e-02 -1.396098205609154486e-01 -1.928158301270277986e-01 -2.485467675733377124e-01 -3.067367565620247039e-01 -3.670028634296625403e-01 -4.288784580235821542e-01 -4.923706793959700123e-01 -5.567796200050807442e-01 -6.216696167745353607e-01 -6.871174754832511944e-01 -7.529691728825160801e-01 -8.184166658173860354e-01 -8.841360842910107598e-01 -9.494987168891411145e-01 -1.014426540821883549e+00 -1.078862531671449076e+00 -1.142119522476807258e+00 -1.203979941587913993e+00 -1.265378848941625556e+00 -1.325159333951805518e+00 -1.383522457692725860e+00 -1.440463042702673890e+00 -1.495959577977655108e+00 -1.550459578372698655e+00 -1.604320364812886757e+00 -1.657223755942235366e+00 -1.708937718951176521e+00 -1.759792816155992146e+00 -1.857469473083176670e+00
-6.188227294354141372e-02 -3.844741279642922838e-02 -4.008696504756784074e-02 -4.916623571321870889e-02 -6.523786871118235353e-02 -8.860756411013630263e-02 -1.198473564385861001e-01 -1.596262913849626486e-01 -2.075361475676165135e-01 -2.632808501647287969e-01 -3.264323917442756295e-01 -3.961765594194608942e-01 -4.706643495741310024e-01 -5.492721001430862504e-01 -6.301470623368901069e-01 -7.119947282276737344e-01 -7.935838906836862883e-01 -8.732265194244853701e-01 -9.498440447937335218e-01 -1.023827847547568171e+00 -1.093399707687718880e+00 -1.158607210799815768e+00 -1.219280608625256335e+00 -1.275266582028198759e+00 -1.327025833844966085e+00 -1.375099026900441945e+00 -1.419421929256804660e+00 -1.460353793478024187e+00 -1.498631379955619680e+00 -1.567574836881224121e+00
9.994202720928291317e-02 1.716306537863458437e-01 2.377946750327803449e-01 3.046219007655481814e-01 3.722326809641245404e-01 4.398317526770442187e-01 5.063909691758563536e-01 5.715189009505226014e-01 6.341159538108570581e-01 6.937349541207997738e-01 7.503592040524660334e-01 8.035817812552769057e-01 8.533212991064902386e-01 9.001290266958881237e-01 9.438633689757195411e-01 9.844768141244163440e-01 1.022554141954141294e+00 1.057673559551343345e+00 1.089928477689824149e+00 1.120137865406810818e+00 1.147676961711893373e+00 1.173195473300749470e+00 1.196863579539564792e+00 1.219155090674870934e+00 1.240460728464632734e+00 1.261656377907642179e+00 1.282639323913185248e+00 1.303556529407355224e+00 1.324361949351367418e+00 1.357103430593664672e+00
-9.749857473937383057e-03 -2.123353338984648730e-02 -3.041983081466563890e-02 -3.875849552434160877e-02 -4.620202732812092594e-02 -5.268263891322891995e-02 -5.805584360083491935e-02 -6.221121030795821044e-02 -6.521671372075904527e-02 -6.700528540849993997e-02 -6.776457334822638678e-02 -6.792299508456163537e-02 -6.761742403660239709e-02 -6.740048121712595430e-02 -6.766489096099954914e-02 -6.897170580336271783e-02 -7.154222912570135096e-02 -7.579246377631504439e-02 -8.207125282325469784e-02 -9.075946293545184007e-02 -1.021427933447478786e-01 -1.160983392639187844e-01 -1.328911010921720592e-01 -1.524340967557782367e-01 -1.749692869625719127e-01 -2.000675905283515466e-01 -2.275101126732979595e-01 -2.565912146796026638e-01 -2.872458348447955445e-01 -3.658430577577780340e-01
