1.111724324904128924e-01 1.188153423750105686e-01 1.253820848930966014e-01 1.320788387735746250e-01 1.395285288374668586e-01 1.473558872417481402e-01 1.556777304617956714e-01 1.645284108502207965e-01 1.737620107916134915e-01 1.831213829005169935e-01 1.926489679516842912e-01 2.021907177699323321e-01 2.114297938876814886e-01 2.200564856398193325e-01 2.278291230762257147e-01 2.348568205115782459e-01 2.404071238260098720e-01 2.445112054563976511e-01 2.475610195504595601e-01 2.486470751759796427e-01 2.488476453978562819e-01 2.476471907126391592e-01 2.451611138129031753e-01 2.417828623888946260e-01 2.381818575409100636e-01 2.337078229226444981e-01 2.290949741645331716e-01 2.243078832818973245e-01 2.192017019017376001e-01 2.033079538318559032e-01
5.902670161967231433e-02 6.847112881255379424e-02 7.440244080417028616e-02 7.979862522305901373e-02 8.491974661043269479e-02 8.989945789076261851e-02 9.472156746480832334e-02 9.916180177442179833e-02 1.034660049969438889e-01 1.071883639397878119e-01 1.105327775123549350e-01 1.132943811972099701e-01 1.155736244898875054e-01 1.170667232067597041e-01 1.179533085680668780e-01 1.180262603665238608e-01 1.173502113413711634e-01 1.158936555147845188e-01 1.139757925182819237e-01 1.113131218301844638e-01 1.085002050008548047e-01 1.052310546935729674e-01 1.016550875724925029e-01 9.794641585865981881e-02 9.444577278817001265e-02 9.071340165002719780e-02 8.709829373510596939e-02 8.364176386758712112e-02 8.017642732081917134e-02 7.077959640474586200e-02
-1.056172259726943091e-02 -2.457219063881566079e-02 -3.423522310537568947e-02 -4.295533910428066260e-02 -5.175247486006211844e-02 -5.992818577688686921e-02 -6.722980276662866850e-02 -7.366349469521282778e-02 -7.972216142254223703e-02 -8.429202143003425296e-02 -8.748990935629363808e-02 -8.979651688734732740e-02 -9.063322979381067956e-02 -9.040102364070398688e-02 -8.885363382635674823e-02 -8.632702882406856348e-02 -8.275603502857192817e-02 -7.812366082502439357e-02 -7.335097003414284278e-02 -6.738658190363790157e-02 -6.127017714236537155e-02 -5.403602159714408076e-02 -4.697666312345118861e-02 -3.949465497675772041e-02 -3.215150122430745355e-02 -2.486260629973855579e-02 -1.746971055790452754e-02 -1.054858159733921413e-02 -3.519632960698897139e-03 1.279639604854706375e-02
2.455829829741792286e-03 -1.435715628503570970e-03 -4.982540747285248151e-03 -8.411065080969080954e-03 -1.238868394320799537e-02 -1.624564390005440312e-02 -1.988745531276127007e-02 -2.346802265249566671e-02 -2.706988102657804929e-02 -3.021465530360519305e-02 -3.284864336577687782e-02 -3.534915303826099281e-02 -3.714108587678467688e-02 -3.860456418852627192e-02 -3.933151169317241486e-02 -3.967698579972097489e-02 -3.935641306983837795e-02 -3.833761547379284373e-02 -3.713139022159457625e-02 -3.496836600101330128e-02 -3.247803174699517154e-02 -2.905131325153339356e-02 -2.557084454700265380e-02 -2.161994450669323109e-02 -1.758759422704211581e-02 -1.352002825971128364e-02 -9.320242866602702209e-03 -5.363358895055469339e-03 -1.345197885942638061e-03 7.360514319357941426e-03
-1.062652839437443902e-02 -7.072989868240717182e-03 -6.445856364136821198e-03 -6.505465120425768522e-03 -7.157146039371528254e-03 -8.015227496746496136e-03 -9.001431700750718579e-03 -1.050017237885290250e-02 -1.199672437174465964e-02 -1.383669489318747198e-02 -1.571319538689775613e-02 -1.783141493391951493e-02 -1.998740522869103114e-02 -2.226783009097832791e-02 -2.458786570434160976e-02 -2.728666448492689245e-02 -2.998579699544948185e-02 -3.294747242022844080e-02 -3.589407102902266583e-02 -3.899469075715281813e-02 -4.208399190239146825e-02 -4.554223304104320497e-02 -4.904392623385284145e-02 -5.281972408701800931e-02 -5.661623523641193256e-02 -6.083572449715691360e-02 -6.533173048564366869e-02 -6.977615402817965995e-02 -7.441901605916526052e-02 -8.626414341132919439e-02
2.458034590095967697e-01 2.416159488115818821e-01 2.442430334005218362e-01 2.491697968156600385e-01 2.556703014082785108e-01 2.634807332892568077e-01 2.728488537106855683e-01 2.846452524391131500e-01 2.972653845274565998e-01 3.124830721071012452e-01 3.296148513042459482e-01 3.484971389560942434e-01 3.694136949416895188e-01 3.914185200369497131e-01 4.147791319639061447e-01 4.405855861204176493e-01 4.662231865987939150e-01 4.930453891930186017e-01 5.195644630953564214e-01 5.459166852285906035e-01 5.716255880014878832e-01 5.983812862633264285e-01 6.220096827843533127e-01 6.449346802445923288e-01 6.663264043120044056e-01 6.856875544437650571e-01 7.042190594145754101e-01 7.196206456270952678e-01 7.330854885186153247e-01 7.418004441207419752e-01
1.285332558153140514e-01 1.373043294153598048e-01 1.445764206325018120e-01 1.519735792092716808e-01 1.595589100665339433e-01 1.673112130934601982e-01 1.752367147580137230e-01 1.834551420447855796e-01 1.916838522181268101e-01 2.000187946612732304e-01 2.084161675496048471e-01 2.167128924466860118e-01 2.250648467205978998e-01 2.329441359748398721e-01 2.406277196492992432e-01 2.483167984669708839e-01 2.552522830736602133e-01 2.618869853032277928e-01 2.680590356697234444e-01 2.735361882964397751e-01 2.787306299535465826e-01 2.838814461674029066e-01 2.878472100416390456e-01 2.915216924233801632e-01 2.949108464437086852e-01 2.975436921041587635e-01 3.000282183613623976e-01 3.016991731156949408e-01 3.027543721970523682e-01 2.968405152987897422e-01
1.535243804538624808e-02 9.272179629078020763e-03 4.696691158595649868e-03 5.623977608187735039e-04 -4.205462307145267642e-03 -8.769008862311770611e-03 -1.307511249625917596e-02 -1.714598721556933117e-02 -2.136402612601690301e-02 -2.488216290168094105e-02 -2.777566545734479198e-02 -3.048964080228293988e-02 -3.222095418367836722e-02 -3.352796223110525442e-02 -3.374838002471736154e-02 -3.322719467598718446e-02 -3.171057336932882331e-02 -2.893253289433241060e-02 -2.583147836521748619e-02 -2.107178644455601213e-02 -1.570891575228070686e-02 -8.562830224111851046e-03 -1.215847102702092425e-03 7.134385682718902277e-03 1.570462424540787841e-02 2.465889106614291976e-02 3.404431428695584710e-02 4.304373771567540641e-02 5.227246727568169576e-02 7.316720095224535370e-02
3.470973650510958408e-02 2.417966385712648492e-02 1.753840501685458714e-02 1.188381165169654675e-02 6.153048976246289908e-03 1.001016338561880326e-03 -3.381990982635847340e-03 -6.869896433774025715e-03 -1.008030837257301374e-02 -1.183143520265857174e-02 -1.230978720602874180e-02 -1.194027061541279473e-02 -1.005835734066276403e-02 -7.211282331156226855e-03 -2.971727801391255835e-03 2.540107227269213647e-03 9.040431481930896046e-03 1.685708699742893835e-02 2.490943524508539009e-02 3.426591996824414343e-02 4.385800098270400266e-02 5.491629299411346365e-02 6.546575766911225114e-02 7.648284559684191686e-02 8.721070563389755892e-02 9.769248248466425033e-02 1.081842857670428648e-01 1.177213054165535122e-01 1.270222953038804559e-01 1.444093275394782161e-01
-6.270715714334212931e-06 -2.020958436130537716e-04 -1.560937296692516130e-03 -3.177052417878748619e-03 -5.267236728032018145e-03 -7.364678867558673708e-03 -9.361656339843444502e-03 -1.150722036727498676e-02 -1.359500740875211125e-02 -1.555259040043093302e-02 -1.720788098337653824e-02 -1.883011439599212994e-02 -2.008510293022057816e-02 -2.118419683255832325e-02 -2.194322588181668587e-02 -2.265985399018997926e-02 -2.311036654662309425e-02 -2.340051850655870680e-02 -2.362532875822997633e-02 -2.359820426564152376e-02 -2.348927797122611974e-02 -2.324391408073200188e-02 -2.313665261361083983e-02 -2.307814415461633545e-02 -2.308972881592732257e-02 -2.344185584427134830e-02 -2.396879434277320378e-02 -2.468243908013830618e-02 -2.557295916260311774e-02 -2.932985193169587376e-02
8.828419863181627414e-02 9.394034684612558028e-02 9.782275654749578164e-02 1.016822571097477923e-01 1.045632436843342145e-01 1.072558920318592429e-01 1.095862956284937850e-01 1.116310368206235443e-01 1.130780829457874032e-01 1.144535270001518223e-01 1.156969626733844736e-01 1.165170324572860905e-01 1.178419164039699873e-01 1.189254745997484070e-01 1.208112910084340741e-01 1.234592470977214362e-01 1.267616757373276337e-01 1.314844086433515913e-01 1.366920878701015363e-01 1.436013928935948869e-01 1.513862749493272708e-01 1.613505923274561327e-01 1.712311974492455868e-01 1.822441970376500464e-01 1.934292075826314350e-01 2.048217636015183807e-01 2.165587944270853660e-01 2.273880783982098197e-01 2.379591021103847903e-01 2.557771004304629781e-01
-6.243371051258558152e-02 -8.386740172233295154e-02 -9.934365461292675448e-02 -1.137832671205975948e-01 -1.284524213394365177e-01 -1.424171091375205089e-01 -1.553075456115055597e-01 -1.671607517151376399e-01 -1.783129785954784829e-01 -1.873298588489479832e-01 -1.942716806876065849e-01 -1.995719738711890234e-01 -2.025227951773188040e-01 -2.033235728207657689e-01 -2.018540648018434247e-01 -1.983359115323583277e-01 -1.928336132380732704e-01 -1.853665658229242674e-01 -1.770938837511538133e-01 -1.669680137223945038e-01 -1.566002777002015178e-01 -1.449883040843632509e-01 -1.338274848056997812e-01 -1.227614455211782918e-01 -1.125520454413687366e-01 -1.032003190781387580e-01 -9.462549911140261116e-02 -8.736633326870177352e-02 -8.081211411694455560e-02 -7.077875259435117972e-02
5.798228461227010466e-02 5.848404563522302535e-02 5.941468464732046345e-02 6.061630988175481516e-02 6.228619231549119284e-02 6.434601160565116273e-02 6.701106128185123356e-02 7.025630149919781520e-02 7.394660773777755880e-02 7.823599257764080050e-02 8.314333527092987453e-02 8.847116146654189495e-02 9.415300158983190559e-02 9.995896487884635417e-02 1.057097383842859339e-01 1.114382083735071804e-01 1.166128151333626628e-01 1.212160702394548262e-01 1.252945108499185778e-01 1.283801257155446907e-01 1.308696881467256989e-01 1.325569412378624634e-01 1.331587075056894220e-01 1.329888837752395414e-01 1.323724203125695442e-01 1.307925548557651307e-01 1.288032243126531751e-01 1.263226829665458351e-01 1.233390563964457814e-01 1.116405855361365385e-01
2.175765622162397633e-02 7.487356753743994869e-03 -1.430325953750928580e-03 -9.117563384506026380e-03 -1.638497704783349954e-02 -2.281955129802051493e-02 -2.807818659649396337e-02 -3.201315164073031960e-02 -3.527154721904230544e-02 -3.660807621268123702e-02 -3.620905860124235681e-02 -3.446723032949911697e-02 -3.099558672791542097e-02 -2.616307523339792690e-02 -1.994915754959224879e-02 -1.237416343287675580e-02 -3.990621802719423669e-03 5.344017277701142848e-03 1.471565355277169515e-02 2.470281473720924853e-02 3.445408559043476593e-02 4.482869667723733687e-02 5.422789270664195305e-02 6.338490955244641123e-02 7.186049069376770904e-02 7.952613797185890954e-02 8.677997630938824591e-02 9.294197029470400995e-02 9.859260964376920233e-02 1.065371122324670350e-01
-2.838325646247271197e-02 -4.067103464664330315e-02 -4.987941469355092194e-02 -5.847269532422010030e-02 -6.747038986286091333e-02 -7.604928481060964363e-02 -8.401832399530899387e-02 -9.149632537852739333e-02 -9.879467056299685856e-02 -1.049980803465422746e-01 -1.101376712211578623e-01 -1.147159677223925367e-01 -1.180789083436764586e-01 -1.206093376140970480e-01 -1.219610897036229880e-01 -1.226219664561182809e-01 -1.221854661581624479e-01 -1.207227686435099201e-01 -1.190480498424683342e-01 -1.159834731053490942e-01 -1.125742089832789949e-01 -1.079179186263496543e-01 -1.030119975283595724e-01 -9.742034009377868731e-02 -9.169019727101233863e-02 -8.567556703165452037e-02 -7.935265467789320848e-02 -7.314928058944104861e-02 -6.657068445636152298e-02 -4.882607398059914117e-02
9.912663648000497041e-02 9.874698988245918241e-02 9.979014683310488687e-02 1.014833574196772337e-01 1.033709266563599405e-01 1.056729659831114054e-01 1.085161942995538920e-01 1.120947075364761292e-01 1.158795870327960775e-01 1.205963769298682708e-01 1.260881187217410826e-01 1.321022647107576165e-01 1.390251628990120392e-01 1.463041235032468967e-01 1.542674877888021989e-01 1.631107795247010439e-01 1.720389807188630882e-01 1.815561043458716051e-01 1.909877256266180046e-01 2.006283575848102907e-01 2.101620504920896637e-01 2.203515893398728387e-01 2.293621328969633333e-01 2.382456814068863449e-01 2.466094562483767683e-01 2.541432066381748012e-01 2.613816814103484543e-01 2.673805432203543719e-01 2.726342604261033919e-01 2.755799676190017200e-01
-1.106137185435979581e-01 -1.196439744789871279e-01 -1.291645145392313343e-01 -1.391188136931165997e-01 -1.501960734186291446e-01 -1.613553167275793843e-01 -1.724894506137490402e-01 -1.842065807308705949e-01 -1.960098139917680893e-01 -2.078778560562944411e-01 -2.194731998578941246e-01 -2.313265027808335539e-01 -2.428735710713740836e-01 -2.542078326292022683e-01 -2.650671504125817202e-01 -2.764946908217846833e-01 -2.869478760314405630e-01 -2.971362131947272722e-01 -3.071194978631733852e-01 -3.158666155751435056e-01 -3.240557704859061694e-01 -3.315686288145084926e-01 -3.375895769959477155e-01 -3.426479468584614496e-01 -3.468029528230088809e-01 -3.498902057318165615e-01 -3.522369245250791536e-01 -3.533053120908747902e-01 -3.531314915089527329e-01 -3.404402104344425584e-01
-7.557408913716149451e-03 -4.866924816327059672e-03 -4.737692063721880148e-03 -5.167367136155301410e-03 -6.311707013834813237e-03 -7.645486001852979524e-03 -9.138165180712542329e-03 -1.114040870104586814e-02 -1.330116286720086846e-02 -1.581175860764471447e-02 -1.842507432180584895e-02 -2.143801252520328299e-02 -2.449627521040170786e-02 -2.781922935562765320e-02 -3.113531089816248126e-02 -3.490507328373822910e-02 -3.857015303039462023e-02 -4.233640183709951738e-02 -4.611993241957794420e-02 -4.966690158424918317e-02 -5.300167717386154026e-02 -5.619528927765323617e-02 -5.910648087711997678e-02 -6.178248158962622305e-02 -6.415438411941984387e-02 -6.645141280818935015e-02 -6.859559506296655784e-02 -7.044580384423934638e-02 -7.209015874640596622e-02 -7.440292497712419628e-02
-1.445459656225197287e-01 -1.478507286116689801e-01 -1.545822394460491522e-01 -1.625713969400114922e-01 -1.718043020110199826e-01 -1.814821399146317460e-01 -1.914896378886597195e-01 -2.026996968039677938e-01 -2.139909046675557702e-01 -2.260984053990745812e-01 -2.384470974660800324e-01 -2.513827503496230964e-01 -2.646785333258147022e-01 -2.780688661726645750e-01 -2.916193107831222542e-01 -3.063975793934805014e-01 -3.206583101008010361e-01 -3.354217789893462198e-01 -3.500478505254072115e-01 -3.642911852854034960e-01 -3.781873866401969653e-01 -3.925975919409514514e-01 -4.054572783821261961e-01 -4.180213365603490105e-01 -4.297910700971033782e-01 -4.408759874002740053e-01 -4.516343614194973100e-01 -4.607921840733022467e-01 -4.689193421247822569e-01 -4.753626164120320907e-01
6.043932187122870447e-02 7.577428094949055504e-02 8.569148984834844274e-02 9.459355712233200042e-02 1.037851864856450812e-01 1.128262435116394458e-01 1.217424818711630163e-01 1.301556572722640248e-01 1.387643170788624425e-01 1.462366599096637521e-01 1.529961873026914054e-01 1.589945617975449532e-01 1.636468712351656085e-01 1.669858074405995985e-01 1.685540009501123315e-01 1.681912156056147301e-01 1.658553635805696813e-01 1.610764898784727561e-01 1.551675963930121971e-01 1.465499322173047791e-01 1.370164378281950035e-01 1.249820630542369942e-01 1.122982645039463517e-01 9.840170324758390485e-02 8.463959175493254716e-02 7.011643193971808796e-02 5.541708044297799507e-02 4.143058503193391279e-02 2.737201819374164569e-02 -5.085133226738026285e-03
2.582473308219188635e-01 2.567686660174273716e-01 2.613883051998328044e-01 2.682221456810240934e-01 2.766959225597924732e-01 2.864487215594407887e-01 2.976748966152874543e-01 3.112332462584127546e-01 3.254997579678330366e-01 3.420386682794260835e-01 3.601842093932822730e-01 3.797471767190949699e-01 4.009054594329273802e-01 4.226781159725638837e-01 4.453237981909362597e-01 4.698408100912003227e-01 4.937344077431171097e-01 5.183045267269691392e-01 5.422384644412749921e-01 5.656136247981394805e-01 5.882605570878746137e-01 6.117227866568433203e-01 6.322448365483008814e-01 6.522241169514054748e-01 6.710035753720640095e-01 6.881190304401816338e-01 7.047797298215526807e-01 7.188141642909698925e-01 7.313412362704667657e-01 7.412434180657643257e-01
-4.543011860096218824e-02 -4.256354924994786709e-02 -4.349400816622223109e-02 -4.533420355946857216e-02 -4.846339372791370198e-02 -5.204604036118386234e-02 -5.614553903868604867e-02 -6.131572868494395562e-02 -6.698341614891753504e-02 -7.354631376181065827e-02 -8.065057409310663616e-02 -8.869449027664964846e-02 -9.712092338185371321e-02 -1.061595018504969262e-01 -1.153111735904635282e-01 -1.253834605146559866e-01 -1.350915337527094084e-01 -1.448075683915332201e-01 -1.544034928946245722e-01 -1.631142767144992123e-01 -1.711647204749395246e-01 -1.785289614620096388e-01 -1.846388738123416751e-01 -1.897554588857106594e-01 -1.939052623861594049e-01 -1.970861481037111118e-01 -1.995038798381661704e-01 -2.008520731544171101e-01 -2.012435033470403867e-01 -1.941339966861698185e-01
3.898266543347464475e-01 3.971878171160477811e-01 4.100927788829310527e-01 4.255232146082097433e-01 4.430979313841388323e-01 4.622020203135991379e-01 4.828084305397212783e-01 5.060516925405537103e-01 5.302106715659445912e-01 5.565871043288926900e-01 5.843660225292424126e-01 6.136208952223936031e-01 6.442957460022582517e-01 6.751909537149847207e-01 7.066216376307132840e-01 7.402384007683706635e-01 7.724625986475148753e-01 8.051953867135818177e-01 8.372117237658054378e-01 8.679364021392007578e-01 8.977486925820790109e-01 9.284129757226571300e-01 9.550661912259239550e-01 9.809023507047929247e-01 1.005182094398367809e+00 1.027144830276289333e+00 1.048383673954594641e+00 1.066010629596016113e+00 1.081297141407831841e+00 1.088673273313131684e+00
2.368538277814970228e-01 2.401289602093509279e-01 2.467537799538840337e-01 2.549325727227476635e-01 2.640255401240899635e-01 2.739557273315800789e-01 2.847630465399879629e-01 2.971446022039851420e-01 3.098115226485629869e-01 3.239881981839152214e-01 3.391679955279804926e-01 3.551706049766604756e-01 3.723802534247291351e-01 3.898181042995070844e-01 4.080373147140547441e-01 4.278330222438152530e-01 4.472109398543662739e-01 4.674594385812350095e-01 4.873583838903452481e-01 5.072238702121761866e-01 5.267966234753427290e-01 5.476102524592678655e-01 5.661041477115092979e-01 5.845038006514331475e-01 6.020347058707035126e-01 6.183332017496799837e-01 6.343709385980904614e-01 6.480861431165177988e-01 6.605000798234007542e-01 6.717169472515466255e-01
-7.181382094764765522e-02 -7.815499439933679127e-02 -8.501866780735622964e-02 -9.221906111268959871e-02 -1.002665051849764843e-01 -1.083575514431682763e-01 -1.163488213514801695e-01 -1.247076038099395046e-01 -1.330485175405336229e-01 -1.412610572005550957e-01 -1.490911765377687659e-01 -1.569458634705906130e-01 -1.643464604791571304e-01 -1.714050168069158886e-01 -1.779159410235183203e-01 -1.845945955148540762e-01 -1.904702096688188073e-01 -1.960128123421975843e-01 -2.013309329201586062e-01 -2.057549234565439755e-01 -2.098255083706927482e-01 -2.134487877787332177e-01 -2.163325622987916641e-01 -2.187645361752373063e-01 -2.208203538240142150e-01 -2.225274408043538266e-01 -2.240131848462376674e-01 -2.249534899349844297e-01 -2.253686437425271305e-01 -2.207090766242807700e-01
1.024360425587844403e-01 1.086303244229303577e-01 1.138488607187135293e-01 1.191755725638543872e-01 1.248493555350746465e-01 1.307620321082615944e-01 1.370202540960777648e-01 1.436868942374830704e-01 1.506063280088713041e-01 1.578324417714570826e-01 1.653792873912067474e-01 1.731135641976766226e-01 1.810468645856344871e-01 1.888202577539059568e-01 1.964611066453876287e-01 2.041795665357793443e-01 2.111901781263430533e-01 2.177547799963011621e-01 2.238751647978349524e-01 2.290215714130479085e-01 2.336726783553361719e-01 2.377639562791792616e-01 2.405169937042591355e-01 2.425224617167593133e-01 2.439941945197927065e-01 2.443301819418333687e-01 2.441705337389652175e-01 2.431268928071456670e-01 2.412517091503017519e-01 2.280125362800595190e-01
-1.245084586161988444e-01 -1.324258024278362478e-01 -1.414898562269158444e-01 -1.511984107041712821e-01 -1.620694132376813701e-01 -1.731220345099327151e-01 -1.842314880627906049e-01 -1.960651273684818618e-01 -2.079518142921195911e-01 -2.200209243083645072e-01 -2.318728608060626473e-01 -2.439586956742162416e-01 -2.557957929332689284e-01 -2.673449753734407075e-01 -2.784512885998938758e-01 -2.901041192874923014e-01 -3.007829178204813880e-01 -3.112518710058962412e-01 -3.214197923735237494e-01 -3.305133362556040288e-01 -3.391057251829631136e-01 -3.473413044489037649e-01 -3.541989949476198052e-01 -3.604109268754916995e-01 -3.659314135714392680e-01 -3.707042196936761180e-01 -3.750609818779775395e-01 -3.782834398392090902e-01 -3.805519846689289221e-01 -3.753387150489349566e-01
-1.226744060599747888e-01 -1.267370032399310065e-01 -1.331907447226108876e-01 -1.406265361426028704e-01 -1.485877501235139397e-01 -1.566801472800004869e-01 -1.646549171197450034e-01 -1.733176237540031139e-01 -1.816225781470817147e-01 -1.903770099650906877e-01 -1.990208267748633242e-01 -2.078692589569434146e-01 -2.170960557035223615e-01 -2.263374198419527972e-01 -2.361098571435785720e-01 -2.473459007447359748e-01 -2.587152980702371874e-01 -2.714318214687210240e-01 -2.845089747166728023e-01 -2.984678281047158377e-01 -3.127627145701949440e-01 -3.287255412607543725e-01 -3.438318479522374793e-01 -3.594505765162587241e-01 -3.745978049652877173e-01 -3.896406444479371123e-01 -4.046649821380071677e-01 -4.181197981488324888e-01 -4.307591897071335052e-01 -4.485291398858610723e-01
-3.652883988041125130e-02 -2.630766964304486963e-02 -2.270228447402528049e-02 -2.068791197835914350e-02 -1.995943369952526969e-02 -1.998059822819903131e-02 -2.079802899419313025e-02 -2.305866798204832951e-02 -2.568202223305906390e-02 -2.962576959092200549e-02 -3.433603434767953932e-02 -3.995326082873214280e-02 -4.619604424268741044e-02 -5.302979684526878956e-02 -6.023004059824105944e-02 -6.829349070036258573e-02 -7.634073552198239465e-02 -8.478363006982184147e-02 -9.294133830761820703e-02 -1.011224831829176662e-01 -1.089786375226607096e-01 -1.172929337404142319e-01 -1.251134126366038879e-01 -1.331103888108378375e-01 -1.408759217874869241e-01 -1.489071446100151963e-01 -1.572391462047557087e-01 -1.651780792140614129e-01 -1.732786578362744412e-01 -1.920968639454448124e-01
9.516759494348259185e-02 9.646879294288604467e-02 9.844008140279410235e-02 1.008727516526376905e-01 1.034364299316656161e-01 1.063259743841485361e-01 1.096454607581216489e-01 1.135430118401612454e-01 1.176042533730327355e-01 1.223758076928027072e-01 1.277657939655404973e-01 1.335411014607969515e-01 1.400416620419562830e-01 1.467559042096349686e-01 1.539930811396378885e-01 1.619151778634931316e-01 1.698020635940859779e-01 1.781092494650022007e-01 1.862904227382287670e-01 1.945346292304132585e-01 2.026503576991549316e-01 2.112323864098636372e-01 2.187059094413184579e-01 2.259909787003546722e-01 2.327993397081740690e-01 2.387868046548441148e-01 2.444743617855742734e-01 2.490444321202380795e-01 2.528999101993702481e-01 2.530377968854258808e-01
-1.364188312636444023e-01 -1.414926979608039925e-01 -1.491912832050846793e-01 -1.579336781371847298e-01 -1.679613131585237507e-01 -1.783593028803029945e-01 -1.890228092792153869e-01 -2.007362354511106894e-01 -2.125496132642486213e-01 -2.249422052689573626e-01 -2.374049387491385110e-01 -2.503278673963366674e-01 -2.633350892281668409e-01 -2.762689195028785183e-01 -2.890602621051195920e-01 -3.027427773581582993e-01 -3.156479834440167886e-01 -3.286682881323796934e-01 -3.414137826229124428e-01 -3.533723697897603877e-01 -3.648562594489248023e-01 -3.763793511963561822e-01 -3.863840828765351398e-01 -3.958867220247022090e-01 -4.046276213636149643e-01 -4.126286748677189253e-01 -4.202645703635335961e-01 -4.265183242549983045e-01 -4.317858261422440336e-01 -4.324805129269459480e-01
-1.610086479901095269e-01 -1.760546992322305493e-01 -1.903946356601352585e-01 -2.051050468748266409e-01 -2.212640861384123081e-01 -2.375036499321224182e-01 -2.536903281556529555e-01 -2.704803747715367468e-01 -2.873270274549633574e-01 -3.039145553801705368e-01 -3.199090271504460015e-01 -3.358733261456057773e-01 -3.510109831180041606e-01 -3.653427745639115098e-01 -3.785196988242349736e-01 -3.916817282060448546e-01 -4.030425883274896259e-01 -4.133346116455566266e-01 -4.229352762002039912e-01 -4.303552573508942491e-01 -4.368812843772267307e-01 -4.421209790439409315e-01 -4.455612259640368000e-01 -4.478220767020530957e-01 -4.493039563272929193e-01 -4.496669543478264419e-01 -4.494514294985268998e-01 -4.481705334328827117e-01 -4.457321410180092869e-01 -4.278933135529526810e-01
1.083358562979851517e-02 2.395326546115060865e-02 3.067177946668923905e-02 3.610270979414147152e-02 4.048209990731078955e-02 4.424062573860035319e-02 4.722076902483878652e-02 4.889439875018081888e-02 4.996992092227797722e-02 4.949294584985723666e-02 4.786854309447062528e-02 4.485724317457626814e-02 4.070860008129620344e-02 3.520113487801958263e-02 2.872677529919977560e-02 2.070141212187297242e-02 1.205770777258686685e-02 2.530656759773874942e-03 -7.285195907591465042e-03 -1.735174424313137842e-02 -2.708216251698345942e-02 -3.696327019391359991e-02 -4.604653917016746784e-02 -5.458424092512303288e-02 -6.220168038720375048e-02 -6.917383504131881244e-02 -7.548532273369487622e-02 -8.072080350391942771e-02 -8.524805161748467974e-02 -9.047125497088244483e-02
1.565929739321998415e-01 1.544270333658904204e-01 1.558011563009567002e-01 1.585130567871158025e-01 1.617170314276053511e-01 1.656478993823014001e-01 1.704038805929546097e-01 1.764663237559506714e-01 1.827920768039303645e-01 1.906310027692847409e-01 1.995983845194657103e-01 2.094089799418699660e-01 2.206016057519816220e-01 2.323489365812237972e-01 2.451844311193467074e-01 2.595623981491924637e-01 2.741467354427877257e-01 2.898746740862249149e-01 3.055363669922516179e-01 3.217866636314201112e-01 3.379853520462561822e-01 3.555902399288975446e-01 3.715643524831631073e-01 3.876580873001699290e-01 4.030731068962961072e-01 4.175961173274083116e-01 4.319183354546789477e-01 4.443679542691316708e-01 4.558598473404066875e-01 4.694607863304695594e-01
5.915508809977022137e-02 5.964128183907889402e-02 6.016285177584744515e-02 6.091791451679132857e-02 6.149858625424756836e-02 6.228727578296848477e-02 6.335872956910552911e-02 6.470674142976109988e-02 6.611144939190474745e-02 6.797634134804245165e-02 7.029566798188194299e-02 7.278161672083957590e-02 7.583942816788209751e-02 7.901309548910935565e-02 8.264855018470473880e-02 8.667045521475914838e-02 9.082339844972500686e-02 9.535796909910931873e-02 9.983755020068502128e-02 1.046220287417927997e-01 1.094522870970991296e-01 1.148508510014932815e-01 1.196716711580310399e-01 1.245871946429669697e-01 1.293375550812145836e-01 1.336834640335354540e-01 1.379676669557295676e-01 1.416205030637884277e-01 1.449458510155647029e-01 1.478467798795736754e-01
-2.156591705627583511e-01 -2.218902706930079016e-01 -2.322719471105422762e-01 -2.443478239476316594e-01 -2.581578178724656669e-01 -2.726174187861026832e-01 -2.876141971002830755e-01 -3.042813226283813677e-01 -3.210460014970584752e-01 -3.388817124684611048e-01 -3.570336427771549914e-01 -3.758605349642153426e-01 -3.950636110262350509e-01 -4.141575442827213349e-01 -4.332593271212817898e-01 -4.537059542009080904e-01 -4.731493189707347558e-01 -4.929301708391731207e-01 -5.122296812370499275e-01 -5.306865865828553908e-01 -5.485276908805377660e-01 -5.668707210804081464e-01 -5.829902593323130766e-01 -5.986890895100915877e-01 -6.134244821634073919e-01 -6.272276999926751362e-01 -6.407380177781910602e-01 -6.522337698340835432e-01 -6.624728689691675720e-01 -6.700026301909949300e-01
-3.229762800218582974e-02 -4.313088177349296004e-02 -5.185943458487595609e-02 -6.019789342115761804e-02 -6.924681907396652847e-02 -7.802439215997680755e-02 -8.640958922665356590e-02 -9.457905386792514468e-02 -1.027042409860884215e-01 -1.100026794137758668e-01 -1.164298954712435497e-01 -1.225000697447277132e-01 -1.274524976848440128e-01 -1.316995401194357429e-01 -1.347529928173315239e-01 -1.371810891277455702e-01 -1.383877909075589552e-01 -1.384461290737762917e-01 -1.381381152994876071e-01 -1.361686316424521037e-01 -1.336573761269195249e-01 -1.296396571153483057e-01 -1.251063961636491306e-01 -1.196544438559391799e-01 -1.139000555457640729e-01 -1.076580084839106749e-01 -1.009961564045221694e-01 -9.433945670723153931e-02 -8.720409724266897644e-02 -6.724720258723936028e-02
-2.560755698136422676e-01 -2.609469435178357610e-01 -2.718864564492683433e-01 -2.850348196857060423e-01 -3.007303534224401442e-01 -3.174677129011886367e-01 -3.352785037266000634e-01 -3.555214300035427488e-01 -3.763442097978941803e-01 -3.989438395997969566e-01 -4.224437653722000752e-01 -4.473040229053283356e-01 -4.729147860385814472e-01 -4.988240901736427646e-01 -5.247965245508823262e-01 -5.525476564636042642e-01 -5.788900756980109863e-01 -6.052915455319936022e-01 -6.309290644849550045e-01 -6.547967176611951823e-01 -6.774152586358097583e-01 -6.997234047482339125e-01 -7.186833816263886732e-01 -7.362793714045370308e-01 -7.521783050010595328e-01 -7.661445218299953730e-01 -7.791712769225918045e-01 -7.894248044789071717e-01 -7.976679016019934121e-01 -7.942649341158934950e-01
-1.810085604215866048e-02 -2.754689108313253601e-02 -3.481153221204090487e-02 -4.164257719160503746e-02 -4.883585150429506361e-02 -5.569583324000244862e-02 -6.203148939444387555e-02 -6.797477310326198452e-02 -7.372765354511014169e-02 -7.855548585047636423e-02 -8.244847552293607662e-02 -8.583483336964004007e-02 -8.816368834642200614e-02 -8.976421853425346764e-02 -9.035696085412155132e-02 -9.034550453404016634e-02 -8.944738844938819600e-02 -8.772558409184511019e-02 -8.582662736166989104e-02 -8.287379990164206456e-02 -7.969089138409282680e-02 -7.559218616419874359e-02 -7.144966322683975191e-02 -6.689968276604435493e-02 -6.235203218399099773e-02 -5.779166716544583554e-02 -5.312678194018662092e-02 -4.870132093111897292e-02 -4.413410860167076011e-02 -3.294237335047275894e-02
-8.666189686689887428e-02 -8.723290917131092115e-02 -9.118311261992924355e-02 -9.615775938370904607e-02 -1.024255939525474668e-01 -1.091359259351620814e-01 -1.162428288703215851e-01 -1.243976731306572492e-01 -1.327829499553914994e-01 -1.417974087895466084e-01 -1.510124371825551093e-01 -1.607483133529402919e-01 -1.705333443165896745e-01 -1.803632689143353229e-01 -1.899789471381640726e-01 -2.001498298292754829e-01 -2.096245299400120998e-01 -2.189395887775373306e-01 -2.278745468792621742e-01 -2.359521083355399229e-01 -2.434857432424561985e-01 -2.507361565122409597e-01 -2.569236832602836973e-01 -2.626511383389330545e-01 -2.678574239587883654e-01 -2.726518292457634218e-01 -2.772813731562305262e-01 -2.811478349898841600e-01 -2.845180413222326843e-01 -2.864750706569242356e-01
3.143762317786317206e-01 3.196047784039823259e-01 3.291964819517722018e-01 3.408355555772153433e-01 3.537377347267021688e-01 3.677377047252797237e-01 3.827876250302088001e-01 3.998227775038662446e-01 4.172625828061583553e-01 4.365185669043671890e-01 4.569010693990110950e-01 4.783054348863088334e-01 5.011214236947939549e-01 5.241458483439385141e-01 5.480491992128782019e-01 5.740176417652127494e-01 5.993666371389509973e-01 6.258359948770579884e-01 6.519484476009482776e-01 6.779815405621758551e-01 7.037063552360174334e-01 7.310884361297165235e-01 7.555276644191306623e-01 7.799090012701808128e-01 8.032084162002673944e-01 8.250114276839265459e-01 8.465041125885421902e-01 8.649846286295344022e-01 8.817485204866908344e-01 8.979371714589823306e-01
-2.057247796540177462e-02 -3.001197227062592232e-02 -3.741329931472220371e-02 -4.441603843980909683e-02 -5.189639389102067291e-02 -5.907736378841868530e-02 -6.579319458697772960e-02 -7.219542908166384776e-02 -7.844840186067086885e-02 -8.382557244960611720e-02 -8.831050701081130661e-02 -9.233438403892153812e-02 -9.528467676449747792e-02 -9.751187551179540947e-02 -9.866715383633385683e-02 -9.917287920619516361e-02 -9.868475301034536351e-02 -9.723735508949299389e-02 -9.552340736892150908e-02 -9.255134059891118037e-02 -8.923727962533987978e-02 -8.480402305786444161e-02 -8.021048917655208832e-02 -7.506141554558004580e-02 -6.985310532896812918e-02 -6.451716079966296480e-02 -5.901582868889393430e-02 -5.373568539697697044e-02 -4.826796675177994628e-02 -3.462700899235870988e-02
6.690766056127869787e-02 5.803872635335578789e-02 5.313466501961418287e-02 4.937380698905025067e-02 4.558795943495381336e-02 4.241475053404898665e-02 3.999155704006991663e-02 3.854690503790769718e-02 3.726825782096241518e-02 3.743004476411808390e-02 3.877493055274891520e-02 4.085788006975707432e-02 4.440734948987973968e-02 4.872756874570804975e-02 5.439313438993609306e-02 6.136011835714844792e-02 6.919710261917676186e-02 7.842190071224443282e-02 8.780520497017091364e-02 9.857807736268049681e-02 1.096437316271501872e-01 1.224913774557517543e-01 1.347662949473857341e-01 1.477412249978864722e-01 1.605337189328846226e-01 1.732342519922439872e-01 1.861563384124225451e-01 1.980516771200719339e-01 2.097833087749634007e-01 2.322721873841374074e-01
-1.348318199527738168e-02 -2.261094590202781043e-02 -2.928729988308829274e-02 -3.553096107126263448e-02 -4.156816701244134271e-02 -4.711070721824990593e-02 -5.182265975206936520e-02 -5.582076303888348912e-02 -5.912756172013043654e-02 -6.120193244983551661e-02 -6.197172113932954141e-02 -6.167942744400257277e-02 -6.019595104218375403e-02 -5.757919506686947492e-02 -5.406766348271938721e-02 -4.973625924798433934e-02 -4.490835829205884477e-02 -3.975372000076751733e-02 -3.453464206181904028e-02 -2.939694898823180802e-02 -2.466246798840208282e-02 -2.034683402310976524e-02 -1.695208480285153446e-02 -1.443644953658034663e-02 -1.273718761473211641e-02 -1.226895368576277554e-02 -1.267469791915381769e-02 -1.394347289773305298e-02 -1.600291021052197699e-02 -2.634473546843622491e-02
5.865298709353960332e-02 6.593124804197197930e-02 7.057488612668029460e-02 7.486125255880031470e-02 7.893231622988514107e-02 8.294353636535148344e-02 8.691301968488682195e-02 9.068232952259469570e-02 9.437846879813684142e-02 9.775907759715546375e-02 1.009797009345278218e-01 1.038319945304318204e-01 1.064598103362995180e-01 1.085465166908870654e-01 1.102814551679455191e-01 1.115075974621313470e-01 1.121735466074131049e-01 1.123115722093247643e-01 1.120755300346063105e-01 1.112821122343506525e-01 1.103386478458576458e-01 1.090924948500258673e-01 1.074201290376796403e-01 1.055858815542907725e-01 1.038163708333006974e-01 1.017022796498652237e-01 9.960710624864924090e-02 9.745386341213269077e-02 9.517272660515502247e-02 8.745742197685864305e-02
-5.590442074369518510e-02 -6.003100947597821146e-02 -6.523687710351618041e-02 -7.084662319013060316e-02 -7.737757744632367540e-02 -8.403399082208126702e-02 -9.071009589717925203e-02 -9.782533248277230919e-02 -1.050133192322451336e-01 -1.121680864507222514e-01 -1.190381586109320322e-01 -1.259917950051600566e-01 -1.324978685201435580e-01 -1.387066899141845555e-01 -1.443237479856750438e-01 -1.499463411546465286e-01 -1.547529985301333288e-01 -1.590577567714407115e-01 -1.630290078942836784e-01 -1.660054508794536754e-01 -1.685548140449196486e-01 -1.705002400134238427e-01 -1.718443756104778564e-01 -1.727592185964548777e-01 -1.734064797164483474e-01 -1.738605581412952517e-01 -1.742149000013366589e-01 -1.743091328271728913e-01 -1.741218700585179802e-01 -1.707207817785688919e-01
-3.374495828156361954e-01 -3.475442226173417470e-01 -3.634060254443406413e-01 -3.818321413625421767e-01 -4.028489214904006355e-01 -4.249116660586033101e-01 -4.479619297549565227e-01 -4.735810428581597176e-01 -4.993663158903740573e-01 -5.268350693050726230e-01 -5.548908328959949454e-01 -5.838885494431420575e-01 -6.134698991790080713e-01 -6.427288341682984019e-01 -6.719061159612319534e-01 -7.028025538446813769e-01 -7.320115678983158958e-01 -7.614292342737747354e-01 -7.898463427898484435e-01 -8.167811699778746437e-01 -8.426464025067627039e-01 -8.691503037337389159e-01 -8.922111054862186252e-01 -9.146406510026788839e-01 -9.357581400963450591e-01 -9.554458619476284831e-01 -9.748572933838028920e-01 -9.913939988312918672e-01 -1.006194131664349012e+00 -1.016756151947611597e+00
-2.514641297730858538e-01 -2.388119539224260457e-01 -2.398627369457276282e-01 -2.447595208853944881e-01 -2.534349488085397284e-01 -2.642735044706732150e-01 -2.776002447764150394e-01 -2.951603868485088156e-01 -3.142289816807707359e-01 -3.371287954396449682e-01 -3.626440385448930215e-01 -3.910411356667616856e-01 -4.215391584409665660e-01 -4.535903407717710722e-01 -4.865393306818724395e-01 -5.221195779962363170e-01 -5.565563691555347470e-01 -5.912007199942953539e-01 -6.246293798048293544e-01 -6.559869097421229256e-01 -6.853596846226946981e-01 -7.141812421946909240e-01 -7.388039674079664998e-01 -7.616105557760666223e-01 -7.821463378723609861e-01 -8.003631209254159495e-01 -8.174882324386181232e-01 -8.314424450281522327e-01 -8.433994094338694847e-01 -8.493118244032289432e-01
2.562806176686164839e-01 2.713661588803290003e-01 2.855044803742429749e-01 3.003236019831840853e-01 3.158770946996378726e-01 3.318540562210245959e-01 3.481098767335036870e-01 3.651689058860810855e-01 3.822082660590634395e-01 3.994969623096096267e-01 4.167431152517517834e-01 4.338788481183253887e-01 4.509996377519128741e-01 4.672163652744611984e-01 4.830086413503036358e-01 4.991043253377774325e-01 5.137419443678684638e-01 5.280638098616773357e-01 5.416110677359406989e-01 5.540494815905687709e-01 5.660730000758679159e-01 5.783998049014256182e-01 5.886723986579205370e-01 5.987328321709064483e-01 6.083661573879152185e-01 6.170219445912219491e-01 6.256709987439088572e-01 6.327852398469006046e-01 6.389185517913448242e-01 6.387155208717023580e-01
-6.353669301823371141e-02 -6.634864326312560345e-02 -7.050461286650716586e-02 -7.522764009488053238e-02 -8.022786828742443921e-02 -8.522467710414838304e-02 -8.997665270461842335e-02 -9.498406265170719620e-02 -9.959810563765109093e-02 -1.041809372109141485e-01 -1.083693757947204739e-01 -1.123801541131619203e-01 -1.162669499800180473e-01 -1.198449523853689636e-01 -1.234655720887985475e-01 -1.275953513757154545e-01 -1.317147991342187408e-01 -1.364788047934871740e-01 -1.413838910088835998e-01 -1.469034216578668783e-01 -1.527512283920308134e-01 -1.597768574890358617e-01 -1.668174590531557866e-01 -1.746112487698402993e-01 -1.825632387865456507e-01 -1.911261726864800781e-01 -2.001717527503405480e-01 -2.088470092660179023e-01 -2.176004811229397540e-01 -2.357932983709610519e-01
