4.944928764646280839e-02 8.015183972830920711e-02 1.115857245929730290e-01 1.459121304238755745e-01 1.790050059168925567e-01 2.208464263433787822e-01 2.562634280058824765e-01 2.987744090438000377e-01 3.423688218306939479e-01 3.800632797903906179e-01 4.210084898830233624e-01 4.565339471961093465e-01 4.911355391311936769e-01 5.268073711147545080e-01 5.555674731830970714e-01 5.788225718250775698e-01 6.006215939827795891e-01 6.182186125325174197e-01 6.308991642099540664e-01 6.307726581857144854e-01 6.318650145036708299e-01 6.295551053182955048e-01 6.200573063211298752e-01 6.081742770123884645e-01 5.938174466382741823e-01 5.827387585918650803e-01 5.636417289462647418e-01 5.486782695232201856e-01 5.273717097669521348e-01 4.804930726187681689e-01
2.815932950890765590e-02 6.581851146535144803e-02 9.676119396811548590e-02 1.279294603798233343e-01 1.548617195264818391e-01 1.862340828350713129e-01 2.117246786771926348e-01 2.390990688540719500e-01 2.646707208430305602e-01 2.831309929823399019e-01 3.037426996744311269e-01 3.178496705165940184e-01 3.291989846932815711e-01 3.414699068366940926e-01 3.490146145943519573e-01 3.530180815110320891e-01 3.556341968807231746e-01 3.569726571450778652e-01 3.545017254615645541e-01 3.462325659015438317e-01 3.398775456920596905e-01 3.327801996726632572e-01 3.218019589753418064e-01 3.102937641773073629e-01 2.987621863202664652e-01 2.891152157311492887e-01 2.755816156028262909e-01 2.653919603145805106e-01 2.510759425421962288e-01 2.189150938659246426e-01
3.098175206019898945e-03 -2.144733150631032356e-02 -3.670932425507975744e-02 -5.072088457268848077e-02 -6.218531723368071751e-02 -7.151299408940520186e-02 -8.218883091018530651e-02 -8.701341553561195430e-02 -8.931429879383490089e-02 -9.167770144014193712e-02 -9.060543177002829129e-02 -8.749455326857150106e-02 -8.268595288260563447e-02 -7.436853658671148393e-02 -6.723639972557651778e-02 -5.558941190023238693e-02 -4.653247169819295370e-02 -3.288171596658501922e-02 -1.988059311418138506e-02 -6.001834677037527765e-03 9.263674167325888775e-03 2.312192708722260459e-02 4.265105970304003402e-02 5.676939215257691823e-02 7.488523296715203503e-02 9.046138610467761854e-02 1.074770805875204654e-01 1.256330940537772611e-01 1.446007547374792146e-01 1.853183765877439160e-01
1.171453382012854413e-02 1.261377619340559031e-02 1.357549211881598807e-02 1.472823364817849902e-02 1.493748564494485828e-02 1.616169402116506351e-02 1.478305836881334961e-02 1.607828333630530529e-02 1.739056587053644173e-02 1.531735544398591525e-02 1.675178869110243232e-02 1.648043578905239448e-02 1.550036180014328566e-02 1.802029821803352236e-02 1.875815617458584730e-02 2.226123386146759003e-02 2.420471673739819571e-02 2.972013863486262786e-02 3.447956144828565050e-02 4.016329162081879595e-02 4.804112512156267362e-02 5.550278147111677163e-02 6.699275342230956443e-02 7.449639842652185096e-02 8.550024964715881304e-02 9.460796548342496892e-02 1.041976478569035802e-01 1.152994521068054778e-01 1.257627937442149513e-01 1.443984412417078089e-01
7.117915952887857861e-03 2.166179294693538343e-02 3.205304933191832628e-02 4.186532456968239391e-02 4.893203428213792339e-02 5.961015401512828604e-02 6.651852702309352106e-02 7.356148482574149938e-02 7.971146495572614676e-02 8.334128705529378345e-02 8.848098116284919268e-02 9.089080747547084727e-02 9.195033365169437423e-02 9.372439616104089044e-02 9.503301786490231384e-02 9.498369043594086236e-02 9.340865461275497938e-02 9.414629134777389996e-02 9.175145845393117838e-02 8.581310613850585967e-02 8.167772737138845329e-02 7.720387426509117690e-02 6.912576560722109853e-02 6.002381057228395322e-02 5.032737646665522147e-02 3.983790523929947591e-02 2.602265329843495012e-02 1.199571001438621415e-02 -5.908746645711233925e-03 -5.385807791970965985e-02
9.252376435667400423e-02 1.148791196385184343e-01 1.432904439984676870e-01 1.789060245471517097e-01 2.166347098947402905e-01 2.564646189853273528e-01 2.919504778273918633e-01 3.430481623072106911e-01 4.000266504106915755e-01 4.453952129105740454e-01 5.028500653238870965e-01 5.560524480894629695e-01 6.120395501012509953e-01 6.791184885260322934e-01 7.356916881080721726e-01 7.971527684471615416e-01 8.618147904526797243e-01 9.255354163381754873e-01 9.933842365575544786e-01 1.052894892170384900e+00 1.116627848319757366e+00 1.172529161688803612e+00 1.239341909054465951e+00 1.289521730591086435e+00 1.340866844577331518e+00 1.390554785180274866e+00 1.430647053375506239e+00 1.477172127563481041e+00 1.516206713227005620e+00 1.571596852520605436e+00
5.427023994737101981e-02 9.706764684132347665e-02 1.340758363284421661e-01 1.734987284115334649e-01 2.095583635877977802e-01 2.490675942531697662e-01 2.829954072448460090e-01 3.223771122823415047e-01 3.618571769390655501e-01 3.914690372263171514e-01 4.266547823999087274e-01 4.547035401906818763e-01 4.807388770994908134e-01 5.113354771367344398e-01 5.344949293948972890e-01 5.563183856715908648e-01 5.786417125346837720e-01 5.990150425094132869e-01 6.181174295306262056e-01 6.300508000337191605e-01 6.446967482605517885e-01 6.565373717540988752e-01 6.683135700556304126e-01 6.749157006167997297e-01 6.813302119717208338e-01 6.889676530252687447e-01 6.902536139495260015e-01 6.960005525183574626e-01 6.960802646265997762e-01 6.841761815343341269e-01
1.063683047614042212e-02 1.137526735602292435e-02 1.365291450586479660e-02 1.612027175719866687e-02 1.770001516637705746e-02 1.880575209814757190e-02 1.761322142325491558e-02 2.010987229396917972e-02 2.274051963965939213e-02 2.038570875106819960e-02 2.182428077599950222e-02 2.131887205680240566e-02 2.082056927964470033e-02 2.405190892104984782e-02 2.441334665943454413e-02 2.932303632621541256e-02 3.298397225000117977e-02 4.026506043383139277e-02 4.799145761875809463e-02 5.894332192383986563e-02 7.264929142314244248e-02 8.578471622672749486e-02 1.073164952065454314e-01 1.239223167975032069e-01 1.460971897137247899e-01 1.663980342538229906e-01 1.892876632458678765e-01 2.154697409929148544e-01 2.426517470224915929e-01 3.013654457361013006e-01
2.517216826126736015e-02 1.441719011351421179e-02 9.579556953951656739e-03 6.377401275350750437e-03 4.706085637420845749e-03 4.000583981779954473e-03 1.258932923625258674e-03 4.969708090836450973e-03 1.094733134704199001e-02 1.367788934613999377e-02 2.168110328265733522e-02 2.956961588101250649e-02 3.905206200030021668e-02 5.370373968806308601e-02 6.582945455613078978e-02 8.279780072438197580e-02 9.879862008597925516e-02 1.189734647060568251e-01 1.399385538624081105e-01 1.616482161396748940e-01 1.859817594184534628e-01 2.081734990220551751e-01 2.385329234994764402e-01 2.612082667776833844e-01 2.882493087705055856e-01 3.125167970970660347e-01 3.368164902490689561e-01 3.637070769304487916e-01 3.899151756604772312e-01 4.393717266139176569e-01
1.273929530372529956e-02 2.150376291707226800e-02 2.829822651627540014e-02 3.499233922098139021e-02 3.993400714114934968e-02 4.766909914570508638e-02 5.224677613528545123e-02 5.832844469876833499e-02 6.424921530778798795e-02 6.752157320175022903e-02 7.320636211511626079e-02 7.687298995336627749e-02 7.959873281566828829e-02 8.442808608147658878e-02 8.816635775223549687e-02 9.207146270793334364e-02 9.453672586498768071e-02 9.974823107610364392e-02 1.027127091341125537e-01 1.034841027860055190e-01 1.060779642981159454e-01 1.079187924618230932e-01 1.091019457989406277e-01 1.077699598896229571e-01 1.069969187134161004e-01 1.048942088538683259e-01 1.005452322144971544e-01 9.650637183906582428e-02 8.955963433135899487e-02 6.644282792239514235e-02
4.003837906715360107e-02 8.153879914843328858e-02 1.130631791052430779e-01 1.446472718413178149e-01 1.709928562689559395e-01 1.935072574649999155e-01 2.120884828887805995e-01 2.328550183421644881e-01 2.519238285097680219e-01 2.580080705229220728e-01 2.704201031132195121e-01 2.750457722497784419e-01 2.774227613113871005e-01 2.856505224045718938e-01 2.878836379677713886e-01 2.943628617251497492e-01 3.025390717184198719e-01 3.124193066762773752e-01 3.250346345060631248e-01 3.410564065108525611e-01 3.617621952491199000e-01 3.823020760489449499e-01 4.132962599420864080e-01 4.376205618290090471e-01 4.679666092607476235e-01 4.966860568399823483e-01 5.259133826957671509e-01 5.608318010522574948e-01 5.943565640752064283e-01 6.559955400390391489e-01
-3.754859834603403029e-03 -5.316810593454279060e-02 -9.169090252051689816e-02 -1.287525930571990496e-01 -1.614984494865261411e-01 -1.942621957534892696e-01 -2.258682542073978949e-01 -2.524386928594825608e-01 -2.747685051403777057e-01 -2.927901626466853924e-01 -3.057421647450208058e-01 -3.125282574258163582e-01 -3.156220410819305933e-01 -3.130164319304684639e-01 -3.064284352517577248e-01 -2.920654119335549526e-01 -2.786596018552972009e-01 -2.560230651933969037e-01 -2.315344336150368110e-01 -2.040031540318552605e-01 -1.744847032632093065e-01 -1.469499908708304659e-01 -1.118054856634226879e-01 -8.599259398713759994e-02 -5.757235915227053996e-02 -3.643010696667701998e-02 -1.546510166119042379e-02 1.529971045089706036e-03 1.744027878121262240e-02 3.060563636263013976e-02
2.562733293890677791e-02 3.608477546587575413e-02 4.943529865020327568e-02 6.491830538087052516e-02 8.042526978878897226e-02 1.027324349866088060e-01 1.203066005144800832e-01 1.437574688665387845e-01 1.689550125236867206e-01 1.914097632861406773e-01 2.169950227867484815e-01 2.403643437068174737e-01 2.642146830081415487e-01 2.897874866322467935e-01 3.122974499425300587e-01 3.320750686527242923e-01 3.504778859249829681e-01 3.687372402215583489e-01 3.834231691731976310e-01 3.895854773652329683e-01 3.969539931772734787e-01 4.013885370951598142e-01 4.017380122235622020e-01 3.983600490931547000e-01 3.931612716375775252e-01 3.881677682634591120e-01 3.768976234882979170e-01 3.668943021017844197e-01 3.515601989655162130e-01 3.100376992337695037e-01
2.128561447335844056e-02 -6.033440589487227418e-03 -2.207550944374203281e-02 -3.526488479332674786e-02 -4.461293025251856365e-02 -5.033084768572478052e-02 -5.749175060160269246e-02 -5.641115459961296152e-02 -5.102239036324537208e-02 -4.497681531826510509e-02 -3.407476941222271904e-02 -2.033748534598580140e-02 -3.277420299002072740e-03 1.813772044015789578e-02 3.863826247179886347e-02 6.279985929672611544e-02 8.572153343639946077e-02 1.127015571573887348e-01 1.394507425796471800e-01 1.633537434891877693e-01 1.889648946466070401e-01 2.112865157537896221e-01 2.381932905166661008e-01 2.568828169537177297e-01 2.774923387533146935e-01 2.948711221312426134e-01 3.098983400777279851e-01 3.253601673504195047e-01 3.387407980516532469e-01 3.574564300691825958e-01
4.789340219747830613e-03 -1.941144634192376248e-02 -3.532447228826182672e-02 -5.091626659208596528e-02 -6.455254652901230850e-02 -7.625597915667800542e-02 -8.943543742411666497e-02 -9.800575676131589864e-02 -1.049385448490207789e-01 -1.117451952948539662e-01 -1.160393690465728461e-01 -1.185031999833105892e-01 -1.196902979076475693e-01 -1.181992470498244574e-01 -1.173756140065586595e-01 -1.125197700058937766e-01 -1.107330942417537878e-01 -1.040105815966357733e-01 -9.858850476708773403e-02 -9.103651426444167583e-02 -8.205973925314499762e-02 -7.370235828803310685e-02 -5.977749326240349576e-02 -4.998509835156864783e-02 -3.544637142703944283e-02 -2.322910235237190396e-02 -8.283552720142632608e-03 8.282559103330918576e-03 2.626547190149013805e-02 6.970762769916635793e-02
4.363115630595085920e-02 6.095560332707757739e-02 7.811224937876655450e-02 9.775280684321219216e-02 1.165522578806554854e-01 1.375454744852665501e-01 1.545605803491206798e-01 1.783575351351445737e-01 2.039948187174376870e-01 2.225792113206377376e-01 2.476711528711557087e-01 2.691207678574608075e-01 2.906830956812297417e-01 3.179712075794207116e-01 3.401637803306100105e-01 3.644989705206310715e-01 3.892642304244099405e-01 4.151980577474126965e-01 4.415532246313280673e-01 4.637760595716969858e-01 4.888131622137469323e-01 5.109681305683420049e-01 5.369858373169396071e-01 5.552159033772201546e-01 5.747587076112192772e-01 5.929373912206754582e-01 6.063584235191320504e-01 6.227283297901032855e-01 6.347519675844344178e-01 6.444622772879124994e-01
-2.181964571995764421e-02 -4.644023027934387343e-02 -6.647195829750804363e-02 -8.868859428963554725e-02 -1.107922974357279100e-01 -1.301885639165548114e-01 -1.510040041589331694e-01 -1.727523287788674533e-01 -1.958874027866669143e-01 -2.160543242825649080e-01 -2.378837509401219297e-01 -2.580964276156896831e-01 -2.793260923789233630e-01 -3.018173423653857657e-01 -3.224067557621663194e-01 -3.419784498037975462e-01 -3.667263601966832542e-01 -3.866510188312011209e-01 -4.111080042434946957e-01 -4.317819092732002040e-01 -4.521695796736242556e-01 -4.704873722632967326e-01 -4.886768898204928435e-01 -5.039672771360721448e-01 -5.147677065497512361e-01 -5.263526636936636249e-01 -5.318673245000027361e-01 -5.372465336683772685e-01 -5.388577386113980738e-01 -5.236026401767648331e-01
8.580028705433067823e-03 2.250463458597784516e-02 3.302225337149394813e-02 4.284325162262754561e-02 4.975181618783255239e-02 5.950651471352150224e-02 6.551230032815799631e-02 7.191681514155529031e-02 7.684851638055062439e-02 7.839277332941717302e-02 8.135574584192031833e-02 8.099123830166846116e-02 7.884636615969278783e-02 7.737422346860141353e-02 7.447422200889791677e-02 7.064829074027788314e-02 6.485021516630418148e-02 6.082066455285622952e-02 5.358632998397614561e-02 4.473792022676528063e-02 3.768793937460659244e-02 3.059146752410583925e-02 2.223286485287442188e-02 1.368651481034829226e-02 6.340533544909827957e-03 -1.073918209438050331e-03 -9.116413642932291034e-03 -1.598880993835210054e-02 -2.460113354397176419e-02 -4.279362061301912601e-02
-3.753252018696015546e-02 -5.376149771016734691e-02 -6.997790003313431040e-02 -8.902808408581433519e-02 -1.094704960095013307e-01 -1.259480932838956124e-01 -1.442343948060296199e-01 -1.669005218175164118e-01 -1.923128955303037846e-01 -2.132367421022082488e-01 -2.373240257657151520e-01 -2.606192752631052434e-01 -2.860811212918840107e-01 -3.148338828837696224e-01 -3.392101932867641612e-01 -3.662008882906202523e-01 -3.981495538081982755e-01 -4.258469370052419545e-01 -4.598582228268855987e-01 -4.929389351400645380e-01 -5.260667287585933938e-01 -5.566625860642604451e-01 -5.937923837928482662e-01 -6.250559909544057824e-01 -6.552100832435914235e-01 -6.860263253030767228e-01 -7.131824885269608671e-01 -7.432595410804284652e-01 -7.717386602106629523e-01 -8.202672532495931534e-01
2.848603338900121407e-02 7.306052761473005863e-02 1.112395731842448776e-01 1.500917004453518611e-01 1.850544348850161891e-01 2.301342365227064257e-01 2.678470282081535370e-01 3.071001056581486588e-01 3.445061087891926332e-01 3.773776398794499998e-01 4.101039293597260049e-01 4.361850837780039680e-01 4.581153190162801647e-01 4.786185650220536880e-01 4.939788445545716389e-01 4.999235913998506531e-01 5.027152579457596637e-01 5.011458938617403547e-01 4.913540276898730186e-01 4.683214210343699113e-01 4.451057600445411655e-01 4.205084262717145305e-01 3.810789871315466981e-01 3.454024163303407446e-01 3.045770069304571948e-01 2.684127016253741171e-01 2.240613428764530735e-01 1.815629234501869860e-01 1.321731345769404098e-01 2.770502874594594003e-02
9.685098377753922905e-02 1.264018176210269795e-01 1.616160661707150836e-01 2.034273746542143713e-01 2.467042998318756952e-01 2.931205882705623100e-01 3.341462864703435010e-01 3.907434843928019319e-01 4.524669683322815050e-01 5.014984562822962788e-01 5.617248915277031074e-01 6.164381270876017060e-01 6.731856058120611053e-01 7.398022124729075610e-01 7.948242287786064786e-01 8.528172744908153469e-01 9.130852190111518052e-01 9.711676604443189031e-01 1.031730208572915863e+00 1.083357726121623177e+00 1.138799597254823714e+00 1.186864229639406298e+00 1.244255034336244625e+00 1.287148270159319097e+00 1.331463652417343546e+00 1.375652615722432914e+00 1.410941953506010149e+00 1.454270654765996262e+00 1.490658043248224374e+00 1.550039662803203822e+00
-3.699347884445380180e-03 1.072795097865192684e-02 1.973875343917833036e-02 2.639823343729835736e-02 2.923889202898618395e-02 3.348610457173626515e-02 3.424614383309917964e-02 3.289885821495180940e-02 2.793364575313803458e-02 1.936816636950517562e-02 1.050487558452272221e-02 -2.533060515003945912e-03 -1.868871346524381138e-02 -3.539963796475743829e-02 -5.324393748117763753e-02 -7.205729685645895222e-02 -9.409354092375475653e-02 -1.138091594650389032e-01 -1.373888235632812205e-01 -1.587792075452552909e-01 -1.784024326671635186e-01 -1.959596440142763463e-01 -2.135241937804866763e-01 -2.285184667611926124e-01 -2.392450542404286340e-01 -2.494457663479328069e-01 -2.559430550843178054e-01 -2.598484373962167693e-01 -2.623715975881146800e-01 -2.545262086115314681e-01
1.497159440818896514e-01 2.164027819899992378e-01 2.833020595370297490e-01 3.598975056769593284e-01 4.362695458241757640e-01 5.144469649129093103e-01 5.860988831404114752e-01 6.766682282534679516e-01 7.731057289752347739e-01 8.486564968760246241e-01 9.393246162955812828e-01 1.019492101286006314e+00 1.100094439228954224e+00 1.194888132838609618e+00 1.271175999206605844e+00 1.350710290089937260e+00 1.435369200557663039e+00 1.513612385147242723e+00 1.596824494426096308e+00 1.667195394514807028e+00 1.742350844186943970e+00 1.807867160946924123e+00 1.884788804292631514e+00 1.943673119199549326e+00 2.002689105912668577e+00 2.063463462215506805e+00 2.110627441850242647e+00 2.169825019005559241e+00 2.218737573931797158e+00 2.294219401800073221e+00
9.194781520913257455e-02 1.335101388845701398e-01 1.743753811981801904e-01 2.206768484382989892e-01 2.658227412018869251e-01 3.116582407311814240e-01 3.522538909498837967e-01 4.048945214910351087e-01 4.607462202736967161e-01 5.019692144856451321e-01 5.540265626806516464e-01 5.986973181545484080e-01 6.434998340205607681e-01 6.981137327548281313e-01 7.412035724095917821e-01 7.879753186367056683e-01 8.376633331761229595e-01 8.852552214289748367e-01 9.362803326642931134e-01 9.810422117707027212e-01 1.030214423955193359e+00 1.073837163365606084e+00 1.127381180848975317e+00 1.167783090365037690e+00 1.210681481630449197e+00 1.253415932009491307e+00 1.288940573193213535e+00 1.332262783481554358e+00 1.369566346405492352e+00 1.428696426356264482e+00
-1.192461059656005351e-02 -2.640235391172551099e-02 -3.893749889594540908e-02 -5.244075458815090907e-02 -6.630323306068119926e-02 -7.784685212630043649e-02 -9.117958406876489064e-02 -1.045086740196125852e-01 -1.186324159536936429e-01 -1.315432500325296461e-01 -1.438903951490101141e-01 -1.558055159718113591e-01 -1.686581534535530336e-01 -1.808223895487747757e-01 -1.916503655223928959e-01 -2.013771586395700919e-01 -2.144234248632224393e-01 -2.230924439559244798e-01 -2.348242108006177720e-01 -2.450552161984915767e-01 -2.542942092927921727e-01 -2.626787412844332481e-01 -2.710832795602940992e-01 -2.793823835607170403e-01 -2.849095758801558631e-01 -2.920964904308462895e-01 -2.967382915255236675e-01 -3.022408296483289902e-01 -3.067294518050759922e-01 -3.123602461612535741e-01
4.649634959761220904e-02 7.696587784406297428e-02 1.044936389737128046e-01 1.344667389758358866e-01 1.623438793786476653e-01 1.949428472342119578e-01 2.222835196300166627e-01 2.552704150525949567e-01 2.893090652225048798e-01 3.164109042550664053e-01 3.484928223946465176e-01 3.756441749188232371e-01 4.019785717760427368e-01 4.319728242190344347e-01 4.568702323419804312e-01 4.796422600608823972e-01 5.026043582596637638e-01 5.247830857738169374e-01 5.449723420063097290e-01 5.566794173093072562e-01 5.707486065659941321e-01 5.817968274902871606e-01 5.904680147374249399e-01 5.935526146489729094e-01 5.952113357884406541e-01 5.969725029464669763e-01 5.910855386824633850e-01 5.877582056890275908e-01 5.776330703683272283e-01 5.403692842890275294e-01
-2.660826316668517266e-02 -4.904254200323270030e-02 -6.849992321129351469e-02 -9.035645983492500422e-02 -1.125462052797882306e-01 -1.321026843079166624e-01 -1.527345940516538492e-01 -1.755241519247807414e-01 -1.996312416564793857e-01 -2.202188371579726356e-01 -2.427464824304508828e-01 -2.634029447183801054e-01 -2.844879053767067623e-01 -3.076189661886001847e-01 -3.272150787585212939e-01 -3.464328293501700573e-01 -3.697850819354486784e-01 -3.881316301265416713e-01 -4.107356260627381128e-01 -4.307123431939752778e-01 -4.499954861133218520e-01 -4.674946698920955934e-01 -4.865632335264408193e-01 -5.028413579398136601e-01 -5.163945685689650400e-01 -5.315074166825186630e-01 -5.424005557759575824e-01 -5.548139463984090858e-01 -5.651794022857884459e-01 -5.773404076745478619e-01
-2.376662937414432408e-02 -4.739841159571844820e-02 -6.615229240099307351e-02 -8.645392059542247876e-02 -1.059563005822893589e-01 -1.169031125918187503e-01 -1.305140414162657692e-01 -1.455015284414865051e-01 -1.610902891972074702e-01 -1.694384668377575398e-01 -1.812184580358336961e-01 -1.904010449975306885e-01 -2.007079774467221966e-01 -2.148792315846022039e-01 -2.252246051273556204e-01 -2.405896388756541271e-01 -2.621722379410036941e-01 -2.807635036844227661e-01 -3.080380800020970922e-01 -3.402635557697399893e-01 -3.740076414968899199e-01 -4.067089770776354807e-01 -4.515057229693415497e-01 -4.905357564285920402e-01 -5.316175358154862085e-01 -5.722483641903706175e-01 -6.132634982509980182e-01 -6.575759295706999907e-01 -7.027983864572020511e-01 -7.860554986865416760e-01
2.898980695617708186e-03 3.237855124114043942e-02 4.951209728235841934e-02 6.464821606864445958e-02 7.405989754771122313e-02 8.531730800581263652e-02 9.269847242990100766e-02 9.562391804494579928e-02 9.531866032620600615e-02 9.144909286896056588e-02 8.810030622118675270e-02 8.005193826699358306e-02 6.824885052808490893e-02 5.656920747764675184e-02 4.557040916978777334e-02 3.208070553350747534e-02 1.736833491004391439e-02 5.280733460968016491e-03 -1.024320972667098692e-02 -2.777367233747138689e-02 -4.325802598503161733e-02 -5.724283018380832422e-02 -7.687497254980604766e-02 -9.531398053442317886e-02 -1.145754856202449712e-01 -1.347904605852305315e-01 -1.579016904616598604e-01 -1.822878198750854384e-01 -2.109767069099049985e-01 -2.836463978224262883e-01
4.201816208352582294e-02 6.475469078730167194e-02 8.592868504600009727e-02 1.092592645505133936e-01 1.309576976294765382e-01 1.549091868367751812e-01 1.746057285003050352e-01 2.002773640998361526e-01 2.271442517177875708e-01 2.464957179442785473e-01 2.716067431355290163e-01 2.923462032141432854e-01 3.130510632115447445e-01 3.384054415446036690e-01 3.586662879160786854e-01 3.801010758399733236e-01 4.020753392072914378e-01 4.245879551470613245e-01 4.470760715321888679e-01 4.651468589004394971e-01 4.863039764378151997e-01 5.046688788768454170e-01 5.264137138568845131e-01 5.411245945901095311e-01 5.571373067002006740e-01 5.722838104615293187e-01 5.827652788800230521e-01 5.966982401559828286e-01 6.060918342270804615e-01 6.128678946614887213e-01
-3.306624746533426418e-02 -5.240881478397294013e-02 -7.039910388888676041e-02 -9.143238398224383390e-02 -1.135028810928615239e-01 -1.322547471864175539e-01 -1.526287222579430503e-01 -1.762350936486506425e-01 -2.022054923634575285e-01 -2.241144422475406239e-01 -2.484851299478293973e-01 -2.717387208277537991e-01 -2.963863223290658100e-01 -3.235986883300759898e-01 -3.469784057664766497e-01 -3.711830584971340108e-01 -4.001165064993053022e-01 -4.241327863876865334e-01 -4.534108324090464492e-01 -4.806190822648989114e-01 -5.074374803182489790e-01 -5.318478177986668554e-01 -5.602737175745449161e-01 -5.843710496743492744e-01 -6.063177792372610453e-01 -6.294005749939166616e-01 -6.484166923859689957e-01 -6.696534389474513294e-01 -6.889316565377721080e-01 -7.189423842101162476e-01
-3.886872958329237737e-02 -8.096705068023382634e-02 -1.167344388364250779e-01 -1.550990012339186486e-01 -1.924106623759757329e-01 -2.294162663225654819e-01 -2.657816057340931515e-01 -3.043449158992139747e-01 -3.441617027242571125e-01 -3.785202012706765373e-01 -4.143187805010423164e-01 -4.462445967832859295e-01 -4.785914607264410425e-01 -5.110565741577612897e-01 -5.389579862297035895e-01 -5.628672499107366667e-01 -5.917227610939865823e-01 -6.126163668536281914e-01 -6.365070749711352338e-01 -6.524973859006486521e-01 -6.681472426264858377e-01 -6.811763506718175876e-01 -6.909984186562999620e-01 -6.985444034556322901e-01 -7.008097345604161754e-01 -7.061543904601724764e-01 -7.032194327201783945e-01 -7.025114268425518560e-01 -6.963698398033812964e-01 -6.695699065620521750e-01
1.125584073886209437e-02 5.457449300461968134e-02 8.693725588915812708e-02 1.174326066752362507e-01 1.416509713239187951e-01 1.689264063339690480e-01 1.903782520404753709e-01 2.096556269416481322e-01 2.243426942150929804e-01 2.314659253028776287e-01 2.387452147596956786e-01 2.378510212126223045e-01 2.321459940777758635e-01 2.254598639318752262e-01 2.149322728224660195e-01 1.998828787469721091e-01 1.824966814961292982e-01 1.638110149252683390e-01 1.401686226676701341e-01 1.142233221979018498e-01 9.010817472315055254e-02 6.757397455494817962e-02 4.069307228406713467e-02 1.775128747897874310e-02 -3.414644159810568957e-03 -2.178784676700705469e-02 -3.991313721772897505e-02 -5.431212414397364185e-02 -6.996926564290026351e-02 -9.343200262184239713e-02
6.485413235875511773e-02 8.673722685325394033e-02 1.101068408402341992e-01 1.373967034889975181e-01 1.644048584681078173e-01 1.921141134138438233e-01 2.156524890643231607e-01 2.491731625740968847e-01 2.853871096255093942e-01 3.112041624672378104e-01 3.460011507781327045e-01 3.759756606196085205e-01 4.068137928273817816e-01 4.457689699490869351e-01 4.768605884690401142e-01 5.122518433068019572e-01 5.493009132099744285e-01 5.868479429956859894e-01 6.270175045733685781e-01 6.637712137166142945e-01 7.045019972073063297e-01 7.408248761519927728e-01 7.868446827177862923e-01 8.214446461684942191e-01 8.592780454929018763e-01 8.957034251353468424e-01 9.275341138546966402e-01 9.650126816374691163e-01 9.982969317246794816e-01 1.052769848811804909e+00
3.417869259275715943e-02 5.070852282775743791e-02 6.552769254092061235e-02 8.178981400601698093e-02 9.649409058878372081e-02 1.132000354365526734e-01 1.260099547985564228e-01 1.433867222751298576e-01 1.611975132027268776e-01 1.728981680249205011e-01 1.894906832611887859e-01 2.022676762993225463e-01 2.141332480119776949e-01 2.304435289524079666e-01 2.427708672857641359e-01 2.561797046131762956e-01 2.689259263142832479e-01 2.835026762775840758e-01 2.971546908570956713e-01 3.083002578255884529e-01 3.219050230144377411e-01 3.338259190890187078e-01 3.486407047844694573e-01 3.580698093009231919e-01 3.696282067659189541e-01 3.801570297249691754e-01 3.879224615220160932e-01 3.986351568823873759e-01 4.061731335338359949e-01 4.141671294656469327e-01
-5.715193599732156654e-02 -8.862487386421463720e-02 -1.191019785383078955e-01 -1.539919158804389232e-01 -1.898954545221796797e-01 -2.221240273881590621e-01 -2.548879663635215120e-01 -2.950593510435527422e-01 -3.386850446201047915e-01 -3.738405361217881917e-01 -4.144525914506572706e-01 -4.518075535555904354e-01 -4.913775674068455723e-01 -5.357778077047666843e-01 -5.724490912336351878e-01 -6.111772725760973302e-01 -6.561543009196044718e-01 -6.942627782863048935e-01 -7.395669648148921471e-01 -7.814253777335085083e-01 -8.238368485421241338e-01 -8.625173047875256405e-01 -9.090230639130068013e-01 -9.473709981360954879e-01 -9.847531113312445461e-01 -1.023726676397611390e+00 -1.057190757335548126e+00 -1.095784667574684512e+00 -1.131709481169305143e+00 -1.194030550742004149e+00
6.893529037358415643e-03 -1.111505851462419973e-02 -2.444857456897141582e-02 -3.796426910653696862e-02 -5.086811195593887031e-02 -6.321469637595919511e-02 -7.675826427881357605e-02 -8.752057986715397475e-02 -9.793670028895402890e-02 -1.089988529597644973e-01 -1.177441732211845921e-01 -1.259669991682657031e-01 -1.337417830854852052e-01 -1.388355837635661671e-01 -1.444094752984495245e-01 -1.460471826367967518e-01 -1.502113445062922825e-01 -1.494097596481052115e-01 -1.496222891284849643e-01 -1.461350456857551938e-01 -1.408468287871199320e-01 -1.353788302150414347e-01 -1.236332764742062301e-01 -1.151206359886007835e-01 -1.011804233371246808e-01 -8.951944591353684644e-02 -7.399025633380826306e-02 -5.663147994501530058e-02 -3.712918243709474597e-02 1.070797629583265104e-02
-6.790623367238567132e-02 -9.397563822216595253e-02 -1.229141197154441645e-01 -1.583571683634524552e-01 -1.968814864573437962e-01 -2.343638797288562503e-01 -2.721185982574876316e-01 -3.205606069081168297e-01 -3.749892267900414300e-01 -4.223646518112950110e-01 -4.769618031274580616e-01 -5.295556453423668763e-01 -5.861383853861896753e-01 -6.487402948479643605e-01 -7.037788262973713183e-01 -7.599277021397160548e-01 -8.231236416064031669e-01 -8.792024109674301258e-01 -9.424308779339392039e-01 -9.970179498386969597e-01 -1.051938012887307261e+00 -1.100691001769249500e+00 -1.154852168178366112e+00 -1.197986972684772056e+00 -1.236932462341094663e+00 -1.276853785361884652e+00 -1.306331279059203210e+00 -1.339500571155362252e+00 -1.366654292930394643e+00 -1.397283237548465840e+00
6.627374567954757989e-03 -1.005025397793833999e-02 -2.122862028399381817e-02 -3.161502273763253101e-02 -4.077693279767691942e-02 -4.782149174668638703e-02 -5.633189630889064159e-02 -6.103817434460170194e-02 -6.429523475803450294e-02 -6.774086539674054053e-02 -6.844366506781315862e-02 -6.814422748824262854e-02 -6.703545724910950354e-02 -6.302990976157207825e-02 -5.974011308930433917e-02 -5.333810863736536401e-02 -4.907943171907926810e-02 -4.077909656830730478e-02 -3.360830835830218993e-02 -2.592639398929699399e-02 -1.667097903034563122e-02 -8.388020110211363844e-03 4.000787173757652804e-03 1.219766130728201781e-02 2.374266909209092960e-02 3.312731935967580532e-02 4.360990486733313382e-02 5.495936212013233235e-02 6.654177914621298151e-02 9.090985782170751817e-02
-1.288370237208852354e-02 -1.330147587239994059e-02 -1.697816139832278651e-02 -2.316466682536583166e-02 -3.192088840596401383e-02 -3.874519459959988033e-02 -4.790591034095034728e-02 -6.001227282899154053e-02 -7.444208517645002632e-02 -8.882165425412061333e-02 -1.038233431680423424e-01 -1.200831062471192368e-01 -1.380512819960526272e-01 -1.569319985096676029e-01 -1.735160302632163809e-01 -1.908045715466404058e-01 -2.108944171533294054e-01 -2.266492583518420756e-01 -2.461552192988514243e-01 -2.641555027176455961e-01 -2.805991024041663562e-01 -2.953621571204996243e-01 -3.121295128410507824e-01 -3.270172026481335537e-01 -3.398826948852194385e-01 -3.542411704570863629e-01 -3.666169987186990165e-01 -3.798535897589332966e-01 -3.932356752853524151e-01 -4.202509177340500446e-01
1.215464868606486726e-01 1.794579715191485236e-01 2.356739239044236822e-01 2.992469472761580818e-01 3.613277263672404205e-01 4.229862189389274052e-01 4.788687071532271577e-01 5.497098987904620593e-01 6.244857285355592813e-01 6.798893495851456859e-01 7.487087781051645630e-01 8.077896218863300781e-01 8.665348667509665814e-01 9.379890255524968579e-01 9.937943803131048526e-01 1.054397271411261050e+00 1.119347171061390034e+00 1.180285323711884438e+00 1.246406390592299740e+00 1.305253517110974260e+00 1.369164731684608283e+00 1.425835064380283512e+00 1.495911012010875618e+00 1.550174756402792120e+00 1.607174254611253073e+00 1.664904687563456553e+00 1.713907917161089811e+00 1.773489374329642487e+00 1.826087573780771134e+00 1.914350619794024766e+00
6.944805328324695631e-03 -7.821596067285958159e-03 -1.773519798187982860e-02 -2.748917603921732788e-02 -3.638109400416449785e-02 -4.374373091900534555e-02 -5.305324939069910178e-02 -5.843345091874392605e-02 -6.273892939109441957e-02 -6.823922566830419034e-02 -7.059990027026383230e-02 -7.257271974818585436e-02 -7.352769971823808204e-02 -7.163830983443945921e-02 -7.030842264486576731e-02 -6.556896550434661297e-02 -6.281332655306984258e-02 -5.552698865784066323e-02 -4.901420197337161971e-02 -4.108485137207047028e-02 -3.115880350331734841e-02 -2.172970021168261698e-02 -7.442887726515398650e-03 2.303155634236209864e-03 1.626305940366077826e-02 2.761357954654853480e-02 4.035865313229317075e-02 5.444991213237187350e-02 6.875741383877731483e-02 9.802221698129848226e-02
3.358114421821727091e-02 3.029691498992386281e-02 3.211591339896061742e-02 3.599755678166371986e-02 4.085170291577631951e-02 4.604642676643386223e-02 4.875851474007208974e-02 5.882767364303700952e-02 7.084872428917245168e-02 7.738164601903661788e-02 8.998218279734855607e-02 1.008793646018473489e-01 1.132849913240911305e-01 1.312324978755503024e-01 1.451283505481553715e-01 1.639968368128487397e-01 1.824671418586522875e-01 2.040265398300544764e-01 2.268744571690269884e-01 2.507019812681104964e-01 2.777816591187739492e-01 3.021279672563889629e-01 3.369499589625339908e-01 3.635860891447177945e-01 3.955369599524866109e-01 4.254352927739706303e-01 4.559522064809715669e-01 4.907903701050948531e-01 5.253863093862702893e-01 5.959792954004932142e-01
9.985874602781144929e-03 -1.096723896175034151e-02 -2.508723719094727717e-02 -3.762705152885460758e-02 -4.782817156862391450e-02 -5.319308015552462465e-02 -6.045854625659484449e-02 -6.280153365015726796e-02 -6.184330021558534507e-02 -5.836948319729553386e-02 -5.137362761116610888e-02 -4.149402080046522834e-02 -2.981143419489595131e-02 -1.467434346905550913e-02 1.616057503935872802e-03 1.958173601411880571e-02 3.578205832341048442e-02 5.682191362719828109e-02 7.595834594340870882e-02 9.053556629773683306e-02 1.058687975637389034e-01 1.188131543641394727e-01 1.297490676454508829e-01 1.349543506758973110e-01 1.383576725508515459e-01 1.381932911237904738e-01 1.328874630882718177e-01 1.244818907317218892e-01 1.115355549119937811e-01 6.486907350090756474e-02
3.093250302413146080e-02 6.085886270344137428e-02 8.625351155922550417e-02 1.122202563275430248e-01 1.350215619334986239e-01 1.619799252269052692e-01 1.838168798385743929e-01 2.084730977320816692e-01 2.323933478339710312e-01 2.499308791367425564e-01 2.702964591055143084e-01 2.853430811754432694e-01 2.987047426373727332e-01 3.134914134575410571e-01 3.241049267276083223e-01 3.321571579634673421e-01 3.392862670130174507e-01 3.456206571742377331e-01 3.489084840817442412e-01 3.464078027442200058e-01 3.459317086280617737e-01 3.443567420633816267e-01 3.397562606216791292e-01 3.333626217320292406e-01 3.269098256860594187e-01 3.214199399202958274e-01 3.117190334985239231e-01 3.048376718255119688e-01 2.937210970478904559e-01 2.651935112636051861e-01
-6.990215739420713170e-03 -1.322555506436734994e-02 -1.994539316918739202e-02 -2.794233113133537394e-02 -3.710786011782158528e-02 -4.492578070197998652e-02 -5.471310022118321126e-02 -6.486621966667803496e-02 -7.583154180960374746e-02 -8.733274406817895241e-02 -9.767456212965158757e-02 -1.083597824299051271e-01 -1.200239337663533273e-01 -1.304855134818773688e-01 -1.399010966453101967e-01 -1.476797691077451624e-01 -1.579983831314086262e-01 -1.636660373948707337e-01 -1.715315491682619653e-01 -1.775627454856278375e-01 -1.818970013010687836e-01 -1.855423556981893873e-01 -1.879615124047177566e-01 -1.914486233565526885e-01 -1.920662887932176321e-01 -1.948205910775102079e-01 -1.958353049860261097e-01 -1.972422533846109327e-01 -1.986510067687093373e-01 -2.029207130401697312e-01
-9.241351793732519027e-02 -1.438197314291468631e-01 -1.948942346695550498e-01 -2.526827763394502435e-01 -3.114416586654749075e-01 -3.675195089026265238e-01 -4.218493757395944677e-01 -4.895659153042716261e-01 -5.624842746982420261e-01 -6.210759992335386226e-01 -6.886608226339892003e-01 -7.501446642804892040e-01 -8.148712376402488244e-01 -8.871004414704584118e-01 -9.462572946837780608e-01 -1.007768745789527021e+00 -1.076960613958228619e+00 -1.136663401881698343e+00 -1.204906441091838643e+00 -1.266101989818752660e+00 -1.328570956777836765e+00 -1.384894052232788386e+00 -1.452190709902265731e+00 -1.506589138998939426e+00 -1.560104839988704750e+00 -1.616431928478508251e+00 -1.663558727192069320e+00 -1.719797322950952445e+00 -1.770902099145006181e+00 -1.860678604382738577e+00
-6.879649296443686446e-02 -4.522736412493261887e-02 -4.351479836870091045e-02 -5.152640533630967884e-02 -7.037073864287106406e-02 -9.199454541339410762e-02 -1.162465818639978887e-01 -1.593108795683143009e-01 -2.139589590937828190e-01 -2.682578697429091052e-01 -3.301293390752380041e-01 -3.974902961188169215e-01 -4.738545732588563264e-01 -5.569599637399962333e-01 -6.327809004600331022e-01 -7.113993137721804638e-01 -7.953459029704212924e-01 -8.728956076543966658e-01 -9.570668450717456643e-01 -1.030077152447855582e+00 -1.101452804078485892e+00 -1.163919843645510044e+00 -1.233689454047887546e+00 -1.288403178937436389e+00 -1.339278811369970068e+00 -1.390054848464808535e+00 -1.430412010068436324e+00 -1.474286658723035881e+00 -1.513598877510538676e+00 -1.578510732154863705e+00
1.006955532331375580e-01 1.749045959610193990e-01 2.405928488215148819e-01 3.109192914135368024e-01 3.765503174077545756e-01 4.447393111814199052e-01 5.055119092361438637e-01 5.755384471592595030e-01 6.460574190566710229e-01 6.986297061842942080e-01 7.599724019134130870e-01 8.092994246764827482e-01 8.559309753438038015e-01 9.096573576618496304e-01 9.495823988860050413e-01 9.879325955185711550e-01 1.028985579916267934e+00 1.063823578512658852e+00 1.099229505720323186e+00 1.124793926050569715e+00 1.154452063704722420e+00 1.179424660554893478e+00 1.207967183066908756e+00 1.228407940878660565e+00 1.249497658728114580e+00 1.274022193332291053e+00 1.289981594990473601e+00 1.315736592639480618e+00 1.334271022379655225e+00 1.361301009505836657e+00
-8.819265443034848134e-03 -2.193473564443522428e-02 -3.142704774875929030e-02 -4.110436249416118959e-02 -5.027876925178141609e-02 -5.272925994106311687e-02 -5.777214362910980394e-02 -6.209291817101617733e-02 -6.572936947475732650e-02 -6.552117561848559701e-02 -6.590672827205221185e-02 -6.461194751674145809e-02 -6.336117789057441052e-02 -6.307638394866915688e-02 -6.048887220565715012e-02 -6.064379991363585271e-02 -6.431397075816461251e-02 -6.475652864055463087e-02 -7.064619102587277322e-02 -8.189999431281008713e-02 -9.317172031417517153e-02 -1.051015100700772864e-01 -1.248188449798220689e-01 -1.439134816420147567e-01 -1.653695570065276954e-01 -1.878910374801577854e-01 -2.136820037219368806e-01 -2.423886186549408239e-01 -2.744398012614467919e-01 -3.477634706632715678e-01
