7.177992170948127582e-02 1.360906733404460556e-01 6.306285447147731704e-02 1.289202592427028671e-01 1.183838663083674470e-01 1.308109771087303252e-01 1.395681489166016864e-01 1.655955819529158768e-01 1.997591410274784374e-01 1.940567364382512761e-01 2.152230593585406915e-01 2.088168449348266065e-01 2.236994921631663136e-01 2.534583062936119902e-01 2.831449231567202962e-01 2.659521901336317495e-01 2.827989569122355551e-01 2.526427940107471293e-01 2.470576529037261104e-01 2.135901145365027010e-01 2.479869098665086202e-01 2.671063784946650643e-01 2.398180836258111681e-01 2.077795237732884548e-01 2.107771861441528061e-01 1.540265265125122796e-01 2.148907808657083141e-01 1.371753629071290059e-01 1.344083473741037871e-01 1.204255204290300418e-01
6.038915803112697434e-02 3.255232836732819407e-02 1.064520581955065437e-01 1.036325625594414213e-01 8.731721202245255886e-02 6.939271687986549308e-02 1.515407044897857103e-01 1.436049817539446771e-01 1.367433064831473088e-01 1.393172943930013341e-01 1.978311829219485118e-01 1.581105014160230360e-01 1.496323882322310728e-01 1.699682792198614345e-01 1.865696813993244219e-01 1.570769816064383484e-01 2.184384931911405869e-01 1.803723075423736832e-01 2.323155462217164624e-01 1.645001042344047815e-01 1.928701603349907978e-01 1.891210606870498134e-01 1.792315639031376029e-01 1.853984292867167649e-01 1.695608754771914528e-01 1.888390152229387497e-01 1.808297361356245581e-01 1.899957480714323244e-01 1.772744888820651787e-01 1.367714463675549774e-01
6.309815774531546406e-03 -6.555502728166681670e-02 -3.207906003515621773e-03 -3.953990646664240494e-02 -7.182102665637943306e-02 -1.091138757693978223e-01 -4.874539617223482002e-02 -1.146136644959669104e-01 -1.137174760944213159e-01 -1.132556956556147743e-01 -7.455995078327350145e-02 -9.665633549980158501e-02 -8.872650698346618015e-02 -1.137366804085802457e-01 -1.395529476980866823e-01 -1.240583356892101252e-01 -9.329045809638006337e-02 -7.487795031961748393e-02 -4.576357245808911067e-02 -7.692269304975993260e-02 -6.592581791122154034e-02 -3.214912475828998056e-02 -1.094395487306448062e-02 3.817783924462297973e-02 5.411950314097437043e-02 1.333244737836990768e-01 7.520683101998895670e-02 1.053483951855526402e-01 1.621496164167492704e-01 1.979211728788886071e-01
-7.817362111139276176e-03 -1.207241751308178387e-02 -1.193991092129803588e-02 -1.941063351431455627e-02 -3.566197990119494843e-02 -4.308927061241108608e-02 -6.165741773697554218e-02 -6.323301198256017774e-02 -6.831730575377711889e-02 -8.110008041274316404e-02 -7.789811725363790518e-02 -8.313721034630847107e-02 -8.015699354135981392e-02 -1.025591076610208735e-01 -1.045842444005060934e-01 -1.126265162895379590e-01 -8.840858452705635528e-02 -8.070111124777351597e-02 -8.049080560767168935e-02 -8.027481169496399060e-02 -7.890473124795809035e-02 -9.071095295941719594e-02 -8.148084535302468900e-02 -5.607143821666397271e-02 -5.139360087898373758e-02 -2.045854289876478105e-02 -6.071315314238529687e-02 -2.487190728964609049e-02 -7.857312058995091775e-03 -8.138767384413436723e-03
4.186334237032895977e-02 5.439053710693389498e-02 5.808057977245997816e-02 8.011781625704339493e-02 6.813632693333344925e-02 5.481009311109446419e-02 5.824702959238942102e-02 8.424871394202126940e-02 7.297995687214864358e-02 8.064033621870958513e-02 9.547444183168977971e-02 9.589305334074085807e-02 9.068049343367666493e-02 9.099254430386703729e-02 8.450495643416258695e-02 5.043557204401209054e-02 9.757021991517464410e-02 7.244927677189799686e-02 6.585802909849865217e-02 4.466077244293491927e-02 5.386560536856851295e-02 4.806426004238955468e-02 4.434224508089901207e-02 3.955667922191921648e-02 3.294057020732283486e-02 3.624703898633711147e-02 3.098702668022368378e-02 4.300126450728918026e-02 3.948936817916032238e-02 3.743389597606408548e-02
2.745875337412165273e-01 2.406106335400686191e-01 3.185234657299879091e-01 3.555718821876237556e-01 2.851481311147204267e-01 2.761346322659857799e-01 4.176434553309660846e-01 3.935143997501058255e-01 4.135713912801584624e-01 4.310828807270531415e-01 5.482476546131009876e-01 5.653804509911163345e-01 6.098086117867287381e-01 5.844804797171631039e-01 6.250061956732998469e-01 5.929752574207832749e-01 6.500320285281135924e-01 6.942879754606139375e-01 7.488273549095152415e-01 7.165633703381307784e-01 7.398388981002870235e-01 7.433808523209867181e-01 7.603933486358415150e-01 8.479909593681883573e-01 8.794132698138246163e-01 9.430972626392160052e-01 8.904785272578557009e-01 8.909842835760125590e-01 9.786657198256655255e-01 1.042525694113160650e+00
2.175870425249225304e-01 2.246641256325681291e-01 2.583242929012171119e-01 3.067773170246534953e-01 2.659016970240032363e-01 2.518233795264144259e-01 3.944300390981544391e-01 3.658013896129130860e-01 4.059503631316472294e-01 4.291334616307869165e-01 5.055642271268067089e-01 4.944364122504814052e-01 5.044663858441088555e-01 5.166254080374088620e-01 5.459308154291343529e-01 5.284432961468119583e-01 5.758837657186658410e-01 5.662418629509342605e-01 6.026103969688102469e-01 5.448741802808755308e-01 5.736073197064208706e-01 6.129712110996681229e-01 6.044866752216233596e-01 6.165463520848070145e-01 6.153388228756168088e-01 6.259910163182286214e-01 6.360392273396674456e-01 5.959391441266227440e-01 6.331652647474963480e-01 6.303588836877193069e-01
3.273598286877361235e-03 9.640132241338091046e-03 -5.170108944705952003e-03 -7.537557924572276663e-03 9.876214617552295238e-03 1.287087193220821241e-02 -6.177433224211374696e-02 2.340588867580057492e-03 -4.977728820855770175e-02 -5.420215055810266580e-02 -7.251099313172872096e-02 -3.954110663692882860e-02 -6.294093752702817346e-02 -6.898761455305435497e-02 -6.817926681914676657e-02 -1.161480459996877823e-01 -7.494710534543974623e-02 -8.351127251443760113e-02 -1.261750843572492786e-01 -9.035295987091626624e-02 -1.128915723249326319e-01 -1.463500254916012544e-01 -1.500855429061095925e-01 -1.273552748772462384e-01 -1.392243492199382593e-01 -1.492474493985846973e-01 -1.626498421540190364e-01 -1.004079118529950382e-01 -1.165388264626481540e-01 -1.064583537628571164e-01
-3.227948129543370404e-05 1.215862521245573286e-02 4.215732536556943133e-02 5.036451085936913263e-02 3.758735612272434690e-02 3.813377601300278058e-02 3.134875898387592952e-02 5.584651350956982424e-02 2.024739730536543464e-02 3.553001687657562913e-02 4.650756861415104859e-02 5.611548544001039585e-02 5.673924327082514873e-02 4.316552056503962509e-02 3.358770298554021594e-02 -3.709071160807937695e-03 4.701804825927818204e-02 3.049652074012904751e-02 2.268099793303390149e-02 1.892911947489451033e-02 2.171609325515451785e-02 -3.441628259637022347e-04 1.149544936421362240e-02 3.396070888141103361e-02 3.850273028445606871e-02 6.689833052490684606e-02 3.098348984769745684e-02 5.972739657307958583e-02 7.077925269424387156e-02 7.441011922686396884e-02
-3.856647284986453733e-02 -2.009552933100481470e-02 -6.439547444515916763e-02 -4.233279347472720944e-02 -3.667697316529218432e-02 -5.534845083665475979e-02 -6.114247656475765846e-02 -4.261284564468277580e-02 -3.891701207909245563e-02 -4.170016132147141841e-02 -5.420786322231006815e-02 -7.556696550603081430e-02 -8.467137536151161936e-02 -5.713908492127198896e-02 -6.932767584063809219e-02 -6.733023507128230167e-02 -5.867537014570776283e-02 -8.389720538141794137e-02 -1.094052536854843855e-01 -1.107188481463979995e-01 -9.856220572946863823e-02 -9.666345072527138260e-02 -1.019542223958875560e-01 -1.226573564418219353e-01 -1.258573089120420541e-01 -1.488223421563246163e-01 -1.292095864361921809e-01 -1.418372473580608584e-01 -1.450965322632988552e-01 -1.546486591734775595e-01
1.034324085596710491e-01 8.870703534187285300e-02 1.302496736111632969e-01 1.279562586822087511e-01 7.853270880692030109e-02 7.495549277616596340e-02 1.319479417424619383e-01 1.083935049391380467e-01 1.223743636288499581e-01 1.087417317290159113e-01 1.813453811993453735e-01 1.702592759880751372e-01 2.031146711743070654e-01 1.814935890910844285e-01 2.020821423022244601e-01 1.795216295640121862e-01 2.168521091658810462e-01 2.373766897690998412e-01 2.804235918124112770e-01 2.517471844440339890e-01 2.745945298910662524e-01 2.527322951316031685e-01 2.598247296332381606e-01 3.062153670213533241e-01 3.164248608073704783e-01 3.639120783969171935e-01 3.101589850433007500e-01 3.492380628942395315e-01 3.831829028952319360e-01 3.782629473323592673e-01
-1.610849825325310833e-02 -1.175561620703838711e-01 -4.452191032616084621e-02 -9.367793530460205575e-02 -9.528067723253055843e-02 -1.640469753706034484e-01 -8.893517357197834594e-02 -1.309848428891253747e-01 -1.747461925243677938e-01 -1.603697271077897391e-01 -1.090716918987628264e-01 -1.477721541158124319e-01 -1.674980850821206069e-01 -1.678935453490036922e-01 -1.691039212497340294e-01 -1.693303044887414788e-01 -1.211631092649091412e-01 -8.576231443924972608e-02 -5.802869915487701008e-02 -6.812377455295814954e-02 -7.013306771457612776e-02 -5.060813156341789631e-02 -5.933515668679509997e-02 1.471501834458344149e-02 3.784979763700524469e-02 9.757144679677816346e-02 2.357132526807251965e-02 1.010235293373354937e-01 1.162732197278767698e-01 1.192539370401612675e-01
2.652616874427488752e-02 3.315667950728332092e-02 2.431501167586300888e-02 4.952006402281743103e-02 4.129716056764774768e-02 3.280954758681736694e-02 3.894926855315941627e-02 6.253783647771801735e-02 6.905092958298292283e-02 7.556536878501834975e-02 9.268275039604180476e-02 8.850845314022007249e-02 9.186442932297078645e-02 9.672668295085533330e-02 1.076546740986392553e-01 9.096471789656729312e-02 1.269615277182351010e-01 1.136669466102820242e-01 1.002818758391619269e-01 7.974606431474012824e-02 9.728764996176442192e-02 1.130120563574897319e-01 9.031241380365490068e-02 8.298405907603931264e-02 9.253143450119019620e-02 6.411236551398681593e-02 8.785112377142911821e-02 6.105897010597935437e-02 5.250280238604772970e-02 4.573794978058452754e-02
-1.227347690301321820e-02 -4.066719048861862362e-02 -9.292517836685043608e-02 -8.984207710678143721e-02 -8.430651026731442177e-02 -9.939734755184506665e-02 -1.415372458547300427e-01 -1.240276463934572304e-01 -1.638240785127899890e-01 -1.671918078047263112e-01 -1.590473125022816014e-01 -1.443666526637591985e-01 -1.383929871559823332e-01 -1.271221029274134939e-01 -1.023837083515200530e-01 -1.208783794239254861e-01 -1.071659050307315897e-01 -6.886963663343621811e-02 -8.058082308251147963e-02 -4.670746742624667935e-02 -5.731015749761239619e-02 -4.973018322829413085e-02 -5.991468908183655850e-02 -9.229339255815580123e-03 1.224790617962315253e-02 -6.596754891393524778e-04 -2.135530117528178229e-03 4.460674673184089611e-03 2.571315943872012899e-02 4.852714222757961715e-02
-2.596927035493074021e-02 -6.437565388445655457e-02 -5.614654197834589161e-02 -7.513227526024847391e-02 -1.045392430999994016e-01 -1.162414901604389150e-01 -1.146458152052373947e-01 -1.435492151464703436e-01 -1.356738637336731002e-01 -1.448511080933843342e-01 -1.239602575484404778e-01 -1.478544718411374248e-01 -1.138728743354640027e-01 -1.333998344062126973e-01 -1.285087793503287279e-01 -1.100752398167019752e-01 -1.071527046734791488e-01 -7.690219206452106326e-02 -7.931522529311429981e-02 -7.665885228274378627e-02 -5.918895876048779064e-02 -6.090300629084137440e-02 -6.145596841761247209e-02 -3.015956699208281050e-02 9.925692707308808593e-04 2.441886247479020666e-02 -7.699794483686961399e-03 -5.328522657989193112e-03 3.551337581804282773e-02 4.942431452771696432e-02
2.340109995147026181e-02 1.511976762273711111e-02 6.022370856979308157e-02 7.220766648118534525e-02 3.969146547823125537e-02 2.071670017914204256e-02 1.135712087665014525e-01 8.667385285256012928e-02 1.236357389938258222e-01 1.241309675343193197e-01 1.613793664087712632e-01 1.280729132551618743e-01 1.430276550807433322e-01 1.387106073643252224e-01 1.600242780298060663e-01 1.689134555146408756e-01 1.848352072325964990e-01 1.979002304728659234e-01 2.142749452969550106e-01 1.985941448187472647e-01 2.163335855609735403e-01 2.212533757270014889e-01 2.114746589960176948e-01 2.477254078549832872e-01 2.623913984799276511e-01 2.763361586945809467e-01 2.595091599203820376e-01 2.659753814821903539e-01 2.893751900105738795e-01 2.923295895396879063e-01
-1.419278280535820891e-01 -1.490371027814162419e-01 -1.596644807927194987e-01 -1.762391336778742490e-01 -1.706556741866519789e-01 -1.905998048408980017e-01 -2.426557488127726592e-01 -2.436320799178150476e-01 -2.565156166060723608e-01 -2.573864824970428788e-01 -3.099112985464947956e-01 -3.335755396588417909e-01 -3.407437600130787114e-01 -3.465364725491212883e-01 -3.758947321572717049e-01 -3.648197588951158088e-01 -3.652298780832669012e-01 -3.807154449326417001e-01 -4.361715581366187866e-01 -4.219979669465581118e-01 -4.294993313274894642e-01 -4.213564003366542243e-01 -4.398037311726033516e-01 -4.524176711113826466e-01 -4.494632623574774666e-01 -4.613191195369717446e-01 -4.519163808211976163e-01 -4.376956048777183028e-01 -4.427943896433319537e-01 -4.298388746973273999e-01
-4.462429621005259417e-02 -1.322839899753958798e-02 -2.925858249367436353e-03 -8.341884985096491290e-03 -2.668295398448628647e-02 1.973988203336017599e-03 -3.446758791687296736e-02 -1.375700902657264052e-02 9.679590399146800750e-03 -2.383750315156416000e-02 -2.246037393852848979e-02 -3.985723221335286254e-02 -2.487744364175704243e-02 -3.463712833616965081e-02 -1.634238714403671300e-02 -3.145464811924754411e-02 -1.494650282604999270e-02 -4.876996867597007540e-02 -4.164280892497184555e-02 -5.028150604496942760e-02 -2.650223206869069259e-02 -8.413286979073988925e-02 -8.128264910699375956e-02 -9.837164755008255546e-02 -1.152590381649185869e-01 -1.242835957602910213e-01 -1.281832557815311135e-01 -1.130563528281454955e-01 -1.297811830665245580e-01 -1.679501132846316636e-01
-3.120506197123466829e-02 -2.583943271246460366e-02 -8.053548254732553757e-02 -7.870620051584187316e-02 -4.613337345095418207e-02 -7.323458355040327050e-02 -1.264152792305372197e-01 -9.323188962534809110e-02 -1.409674167845960113e-01 -1.329563713771467759e-01 -1.612062796549316168e-01 -1.614210733685804144e-01 -1.914127322382677132e-01 -1.676608829378752330e-01 -1.942905295676979893e-01 -2.144996493216203559e-01 -1.897593032903260868e-01 -2.142773532384975033e-01 -2.660779617028192212e-01 -2.633572840771880585e-01 -2.730732791571269802e-01 -2.502055874463439689e-01 -2.792006291119447647e-01 -2.918729720665441674e-01 -3.037014053398342517e-01 -3.272342486818675122e-01 -3.089780349153316008e-01 -2.840013388196328536e-01 -3.115204814238403674e-01 -3.259914220721408795e-01
9.356677696745158146e-02 1.539447151389162216e-01 1.093697394642466902e-01 1.827300037624041418e-01 1.584253416266674652e-01 1.606744654904590508e-01 1.430098216310768666e-01 1.984260467623783497e-01 2.126261388582884049e-01 2.381866336388540339e-01 2.282130930002495006e-01 2.554353112751343025e-01 2.538381796538763391e-01 2.496937030669757196e-01 2.671491624080749583e-01 2.217539169751247541e-01 2.769391978759758732e-01 2.604752964568675111e-01 2.109516617214762801e-01 2.150488793800944265e-01 2.122199428226767270e-01 2.172326498284223861e-01 1.998875894124741426e-01 1.483194423692107133e-01 1.460250763283830744e-01 7.868575368761462907e-02 1.247466176483513350e-01 8.563641943847981330e-02 5.916845882316669469e-02 1.166136361457008330e-02
3.280338780912395169e-01 2.925925117845399326e-01 3.729553164424942446e-01 4.315830842829876945e-01 3.527630361838236528e-01 3.293818017818266330e-01 5.274072918255956477e-01 4.947791138626795315e-01 5.069335146747691034e-01 5.597227725541100707e-01 7.022078236563330522e-01 7.089384086756640446e-01 7.555737650458584920e-01 7.451586951027654449e-01 8.001736864721445963e-01 7.677279562868852825e-01 8.361759961577888145e-01 8.936685793598385663e-01 9.555848527458167263e-01 9.024157696920150906e-01 9.362709442195910059e-01 9.714562562398104673e-01 9.658901636228045540e-01 1.060263908118392440e+00 1.108886063390737808e+00 1.163916463973615256e+00 1.114801456401607549e+00 1.087184963354447031e+00 1.180682030270548299e+00 1.226843689966717221e+00
-7.785564840666735209e-02 -5.130222321673506836e-02 -4.076496276733759111e-02 -3.224298192912275485e-02 -2.860420106725016648e-02 -3.414974883645260223e-02 -5.051994280255459047e-02 6.412358945213844641e-04 -3.181278262811376711e-02 -3.348093118015683239e-02 -4.311415301108833392e-02 -8.398473018085722552e-02 -1.058390841676149219e-01 -8.301002680673169598e-02 -7.305570898946193992e-02 -1.085101716720582865e-01 -6.515652263307600278e-02 -1.145459852706083859e-01 -1.287044305963009339e-01 -1.452693550443655279e-01 -1.343890865235545240e-01 -1.841963222392928312e-01 -2.161400000047254133e-01 -2.256851293040441353e-01 -2.463038513099129467e-01 -2.622922311813518093e-01 -2.690688171050549249e-01 -2.191013336388263066e-01 -2.723275382099368258e-01 -3.294582795978471257e-01
3.729609950552188469e-01 3.442829588051819489e-01 4.089814762518294011e-01 4.676400435770254882e-01 3.903100896585772195e-01 3.859827247723841004e-01 5.742445462233269904e-01 5.571057210182976949e-01 5.821687660131730224e-01 5.903488699315544430e-01 7.650819238460442318e-01 7.633614399525291416e-01 8.170960814364073288e-01 8.193735643438180283e-01 9.104404054084693776e-01 8.691163395542429448e-01 9.364039442848859363e-01 9.850467510966063323e-01 1.107552752257588979e+00 1.030896231155818299e+00 1.088138033476764077e+00 1.089971674647334243e+00 1.091595077083427290e+00 1.210877898253320817e+00 1.242839705363288028e+00 1.314281291029040455e+00 1.256882609264385220e+00 1.238887763995085489e+00 1.327382472153799453e+00 1.367506879010586207e+00
1.961222940138260262e-01 1.737284252566458354e-01 2.615436407266268359e-01 2.966878458034061805e-01 2.297025822950437002e-01 2.202275238958995573e-01 3.185822185469414647e-01 3.558040537403460157e-01 3.332791071912338809e-01 3.492618434164451724e-01 4.750061271422436060e-01 4.646665073996499307e-01 4.949241069237974022e-01 4.773470069110373748e-01 5.279464059253731190e-01 4.706619049083123341e-01 5.633424669166733345e-01 5.855823274849407678e-01 6.574949911285635773e-01 6.084170242960651454e-01 6.541363340662615933e-01 6.047597952352146145e-01 6.156891793837659943e-01 7.162345027560665933e-01 7.492314552977602515e-01 8.226107853044488660e-01 7.220910607621456867e-01 7.720766533115537289e-01 8.234456243435652745e-01 8.364774644920812685e-01
-4.767566158749884930e-02 -4.363096046617186835e-02 -4.661418653108342219e-02 -4.676421593576261110e-02 -4.301211636018967277e-02 -5.752336638415701114e-02 -7.891979640251677031e-02 -6.489106158361694632e-02 -1.019981444375179791e-01 -1.054527408793481669e-01 -1.061908239403225596e-01 -1.399618202166554581e-01 -1.464341826321403361e-01 -1.415037558221523550e-01 -1.535088565749510303e-01 -1.760324258966256550e-01 -1.313839961921218769e-01 -1.604531736255922492e-01 -1.569682570161047286e-01 -2.028140472878213196e-01 -1.867142772662942762e-01 -1.742658346925144985e-01 -1.942021153251899113e-01 -1.823933899923085855e-01 -1.778766554766698094e-01 -1.656486189420399158e-01 -1.760742686229527232e-01 -1.609124947692577301e-01 -1.810571847278336088e-01 -2.156523634042705195e-01
1.937424464944177416e-01 1.870423068043904347e-01 2.322842572556082230e-01 2.483990593052675666e-01 2.296934430615913403e-01 2.412375632699138017e-01 3.225334725027796945e-01 3.558330946738831879e-01 3.628613268162195760e-01 3.442435004494446837e-01 4.538390203968371006e-01 4.319985387695970402e-01 4.210375792345281698e-01 4.551497606275636265e-01 5.239991203758918026e-01 4.660609329372162879e-01 5.459678846650675155e-01 4.914088041206625124e-01 5.947507882919702560e-01 5.141558453537645734e-01 5.696719975797717161e-01 5.230404854178997143e-01 5.229495559273644734e-01 5.386382143010062240e-01 5.006822547893439168e-01 5.193714643046991597e-01 5.034775197824469251e-01 5.135577086253270140e-01 5.000018226389394416e-01 4.542780724744893139e-01
-1.223397087406465078e-01 -1.130451343217228483e-01 -1.491947359790087024e-01 -1.622773297430827877e-01 -1.340774678932659947e-01 -1.560155761537494745e-01 -1.969090282593222718e-01 -1.915278261503738089e-01 -2.053919761563279822e-01 -2.124205121412430231e-01 -2.500782374077032966e-01 -2.698492885525631824e-01 -2.981106275801718164e-01 -2.692214036045605385e-01 -2.936459074970453331e-01 -2.970121011938189337e-01 -2.875826120218646920e-01 -3.354785998670222757e-01 -3.583595179852296364e-01 -3.584574216592315565e-01 -3.573086263484614999e-01 -3.470219275528222402e-01 -3.635805860411607804e-01 -3.886920907836219907e-01 -4.223606580719334591e-01 -4.397894420231366341e-01 -4.136670457921868271e-01 -3.920513438413058549e-01 -4.254389033807216558e-01 -4.562475773296041370e-01
-1.577321503663040858e-01 -1.543421273372721780e-01 -2.083378678037056675e-01 -2.305227701116585870e-01 -1.742640496602077260e-01 -1.735989873420998864e-01 -2.937336402322146545e-01 -2.153083344032448998e-01 -2.430701794366738611e-01 -2.933517861842184216e-01 -3.330953508188314593e-01 -3.724348486736204777e-01 -4.137575467746597013e-01 -3.622009315753671466e-01 -3.462003982646055245e-01 -3.689149380203853301e-01 -3.498422332875695817e-01 -4.301815310985710461e-01 -4.427099743184073621e-01 -4.479420293427600619e-01 -4.314806559530980912e-01 -4.901346759684630516e-01 -5.158779197286563756e-01 -5.807571805160706147e-01 -6.285863431729707962e-01 -6.996672531282679408e-01 -6.495579666446392730e-01 -6.327430414743446807e-01 -7.311503068411414619e-01 -8.186183922599115093e-01
7.876964785047560480e-02 1.150714537936380205e-01 1.170523424752622499e-01 1.300152735005027371e-01 1.224438543823975351e-01 1.445517613117280054e-01 1.489704395114700708e-01 1.669920308120569907e-01 1.667319913100825945e-01 1.562577529224822015e-01 1.926770030342335738e-01 1.959346340305231082e-01 1.839933790696405558e-01 1.929847239256820557e-01 2.040815326150938469e-01 1.661760389789541104e-01 2.257917251471474873e-01 1.825123399351374909e-01 2.162961049729391627e-01 1.757213521335521111e-01 1.973514331993887760e-01 1.779078402248356894e-01 1.986572351319779162e-01 1.736351140026176354e-01 1.499199459046087757e-01 1.547200567705147023e-01 1.449704929964859834e-01 1.402431836076055705e-01 1.264259087692264916e-01 6.082096596072020245e-02
3.027484392063628516e-03 3.148804209482210237e-02 1.404349550600049804e-02 3.794919077089389109e-02 2.299514706218114268e-02 1.265045347660082725e-02 3.646913735171788962e-02 2.684364837596341091e-02 3.219458698841361211e-02 4.363413251009627680e-02 3.723601385668533909e-02 1.241836538689920777e-02 3.679638036832211245e-02 3.943249873762681712e-02 4.489810619930476726e-02 5.314661418562847961e-02 4.172224788284604330e-02 4.106678599793780332e-02 3.592198861136766674e-02 4.234538159991911577e-02 5.713160525042778465e-02 5.624281129068713775e-02 5.332132313452712935e-02 8.703532554389505072e-02 9.493311435913173724e-02 1.111145025578355178e-01 9.692582513896985663e-02 9.361840810463965823e-02 1.361332099112196881e-01 1.426893575107435475e-01
-1.558265719839803387e-01 -1.195070850091535797e-01 -1.982661471141693166e-01 -2.028373895442247554e-01 -1.737392402702937488e-01 -1.777513539411128551e-01 -2.727229932610317764e-01 -2.323652313477123643e-01 -2.294774430639272556e-01 -2.792058159753267876e-01 -3.186199015004696489e-01 -3.540113531393537238e-01 -3.927734585025444147e-01 -3.541295007902480751e-01 -3.474771129250187052e-01 -3.560910952518180905e-01 -3.443922524989219691e-01 -4.118124606491977979e-01 -4.057469752751279857e-01 -4.114376537772131970e-01 -3.938897827350956726e-01 -4.329002864142304507e-01 -4.401143450454845230e-01 -4.830554902502622316e-01 -5.345675086267756004e-01 -5.638842791929843390e-01 -5.442745213390747239e-01 -5.149244625228248662e-01 -5.756242702865815852e-01 -6.490998406027121970e-01
-7.181786327635993061e-02 -1.173007445865708598e-01 -1.055684759849719739e-01 -1.400609747412233375e-01 -1.291897246772315266e-01 -1.681224336269777631e-01 -1.784216756347901667e-01 -1.884808753297342043e-01 -2.302608553918489287e-01 -2.291494793616120629e-01 -2.290739560282910592e-01 -2.430740198994810752e-01 -2.668791291978215297e-01 -2.637473419223105853e-01 -3.048920513253431941e-01 -3.090271142900674617e-01 -2.760770497754322372e-01 -2.783839713098827939e-01 -3.180685423656742783e-01 -3.042973737337293372e-01 -3.172756121506011828e-01 -3.201260000258775440e-01 -3.128941181326444498e-01 -3.160553898532840189e-01 -3.077254644106761083e-01 -2.832445372425659857e-01 -3.227283100952625938e-01 -2.690689312384855203e-01 -2.695406539589964012e-01 -2.647277774755193436e-01
-6.189215763855443475e-02 -1.471465914888116754e-02 2.615844617404083222e-02 4.916826821390775371e-02 1.446138034250950624e-02 1.069040683664577648e-02 4.535230420521748490e-02 3.666406878553465920e-02 7.042316089245841126e-02 9.175051201026537817e-02 6.478722391421704030e-02 4.979451975292269877e-02 3.797235188082858509e-02 1.740672853272453441e-02 4.093507038922319929e-04 -7.848429928256316079e-03 2.808910102453099356e-02 -8.710798560879681740e-04 -5.124225078337796974e-02 -6.537938974592302777e-02 -7.008787992155637858e-02 -5.523568265774664310e-02 -8.014142502656063094e-02 -1.175789044727297838e-01 -1.261034186244119337e-01 -1.481665733425902298e-01 -1.326516130100601210e-01 -1.231889544448909746e-01 -1.443001674150829472e-01 -1.694066560452477388e-01
2.166187820352661886e-01 1.458500951656035993e-01 2.549428301915759865e-01 2.637859102334477179e-01 2.101597537233796942e-01 1.767882931772236099e-01 3.185416522090285252e-01 2.959159182103495156e-01 2.784478228227736940e-01 3.018985851771027740e-01 4.244488451506428506e-01 4.212625912193023181e-01 4.293666107599165005e-01 4.137926746097885800e-01 4.611553022437548943e-01 4.168036290760991358e-01 5.065619227720679074e-01 5.379779143621421511e-01 6.297485233298136809e-01 5.786026283297807105e-01 6.007190762089560376e-01 6.052630711941278108e-01 6.204406015235313099e-01 7.249745314590205769e-01 7.404189545753838697e-01 8.284515393995843802e-01 7.441035362439002432e-01 7.878766433402705216e-01 8.484107546683141710e-01 8.730206661411821223e-01
8.317625843293008359e-02 6.057703623929421716e-02 9.269375173509861177e-02 9.596782444277249247e-02 8.225831794062385405e-02 6.119906478382670934e-02 7.983986024209509258e-02 8.950394827611966864e-02 6.895859522683070453e-02 8.799748843619895067e-02 1.178461954525864830e-01 1.359926876901801640e-01 1.331286746344795546e-01 1.141187726339770447e-01 1.193393159562804728e-01 8.492269218754440463e-02 1.394218464899673049e-01 1.514821658034807561e-01 1.386056345742563423e-01 1.411874059390212932e-01 1.346635239476169366e-01 1.446608991202350536e-01 1.369153238068245015e-01 1.677583374774390679e-01 1.762096307848144972e-01 1.853808752796707038e-01 1.625613569278306081e-01 1.960448829195464704e-01 2.069136919115583118e-01 2.124127087813857395e-01
-1.773671803020229198e-01 -1.354190364442700856e-01 -2.220904552904653939e-01 -2.320421457989211289e-01 -1.972094888746394603e-01 -1.802173631566496015e-01 -3.212201733912165014e-01 -2.901456797333217819e-01 -2.949371290393729139e-01 -3.229700465467908455e-01 -4.042957510362929496e-01 -3.965666995617251889e-01 -4.261935648422213729e-01 -4.061234465956268247e-01 -4.387120340520989092e-01 -4.467674819860911750e-01 -4.421360207633692752e-01 -5.250799533229287830e-01 -5.640374364878533164e-01 -5.593673709578089737e-01 -5.570912000758438953e-01 -5.539527668403929628e-01 -5.472675188306402871e-01 -6.252532448713131741e-01 -6.819143007303629656e-01 -7.212086002644737537e-01 -6.598454088284003705e-01 -6.802667421666396264e-01 -7.222020622311862148e-01 -7.609220466251833681e-01
-7.233742276834850826e-02 -9.085988251638785207e-02 -1.100129340128228050e-01 -1.373578365896258036e-01 -1.248811411226515844e-01 -1.560786842757138915e-01 -1.881836885484103883e-01 -2.028142650046373952e-01 -2.248723470129558588e-01 -2.466357243429934121e-01 -2.731149491602605228e-01 -2.940712723169839338e-01 -3.130848107991334173e-01 -3.074025924025328149e-01 -3.413787779484174223e-01 -3.417235935455473772e-01 -3.350606586140693621e-01 -3.493822355390922563e-01 -3.676539049836670126e-01 -3.519497086519483009e-01 -3.666997902860091862e-01 -3.834425264397384181e-01 -3.683946187269648287e-01 -3.730920231292390588e-01 -3.905243168769038098e-01 -3.625090770851225330e-01 -3.893537534091985886e-01 -3.308838192825281910e-01 -3.316599419240192637e-01 -3.328556052223646811e-01
-2.451384484733878932e-01 -1.827685444139066917e-01 -3.253884165267945106e-01 -3.179433703592833282e-01 -2.728746614049306629e-01 -2.953332859450872316e-01 -4.556214792014371961e-01 -4.340517560299707034e-01 -4.498808849280648836e-01 -4.530686167296051892e-01 -6.085829557824934399e-01 -6.247061032285041726e-01 -6.450161523249241524e-01 -6.305052928489573993e-01 -7.127186287569053924e-01 -6.753233898876803698e-01 -7.269034843517558908e-01 -7.667136204762912133e-01 -9.060291984315739233e-01 -8.545418190551127280e-01 -8.817590557537537954e-01 -8.438235376535289101e-01 -8.730831931908846766e-01 -9.454335770987274401e-01 -9.592970285413335851e-01 -1.021862174519105215e+00 -9.545614119257761487e-01 -9.642388239186436838e-01 -9.941447408553965026e-01 -1.005089997523832768e+00
6.893255064432605994e-02 3.802590539263168978e-02 4.352112607992743992e-02 3.761123596569251881e-02 3.967033163218998404e-02 1.854539617880380381e-02 4.404200832013841632e-02 3.786775395590420701e-02 1.371551610624658496e-02 1.222793546342365242e-02 4.867638289738333846e-02 5.972017762089961573e-02 4.322444309201083773e-02 5.479924868423530909e-02 6.013461119044023750e-02 2.773570468699815966e-02 7.355417532235923594e-02 6.986422389566646074e-02 8.663716472125036760e-02 7.700543526753500512e-02 7.251268393582899208e-02 8.293186356154111372e-02 8.923240899098339174e-02 1.106689319905035385e-01 9.910860845564556376e-02 1.178778701349813829e-01 1.063692112766966430e-01 1.313843763651569019e-01 1.409469376137111041e-01 1.482040633814949437e-01
-8.536855632020197426e-02 -5.690494766596045778e-02 -1.048421517468738490e-01 -1.079797249391679786e-01 -9.437501531898737084e-02 -9.482327314441811594e-02 -1.482197378781958119e-01 -1.424702919112305344e-01 -1.555500127651601172e-01 -1.697433546259037584e-01 -2.003491009412422252e-01 -2.158148300257111130e-01 -2.170403272186831600e-01 -2.035145473914846681e-01 -2.169564401950662413e-01 -2.201201773808889595e-01 -2.192145103438866427e-01 -2.424042446958825092e-01 -2.592305938260086595e-01 -2.547807040617892649e-01 -2.503904642568393624e-01 -2.568766975271957742e-01 -2.600659396116452027e-01 -2.723885869633279055e-01 -2.817380894201149677e-01 -2.929750466193740133e-01 -2.828188034040560184e-01 -2.787057374233891660e-01 -2.911039106920765840e-01 -3.240383555615596878e-01
3.494588484970757580e-01 3.342977480204875063e-01 4.213432238625479664e-01 4.775455621038006138e-01 3.842623072003491513e-01 3.844979058844770758e-01 5.791148759398625501e-01 5.444729393283493923e-01 5.972674915079601021e-01 6.124252718657721140e-01 7.738719031794776271e-01 7.880040315742299351e-01 8.443995861844117989e-01 8.188217673584393674e-01 8.800222268953555860e-01 8.445879725445024633e-01 9.178656293275495592e-01 9.710991883581140405e-01 1.068009921418167973e+00 1.003250302607991529e+00 1.047172144925917037e+00 1.058441938609544941e+00 1.081710154138528557e+00 1.169347389699377571e+00 1.207368210413715559e+00 1.272380593939927751e+00 1.214732394720614117e+00 1.192367130361139393e+00 1.281816120109141144e+00 1.312517343526743874e+00
2.520009047072235137e-02 -2.588150869581505240e-02 3.705616211078442690e-02 8.021941276277923596e-03 1.038760291274846460e-02 -2.206468233249384014e-02 4.659204104568653859e-02 2.315856100890088809e-02 2.213166339894018231e-03 1.011793163413164665e-02 5.302559676076076811e-02 2.287651354966888442e-02 1.015429388255112420e-02 2.599531869024297032e-02 3.634945665328954273e-02 2.247443803197399226e-02 6.331956787627007754e-02 4.707945373320349125e-02 8.852168712971350550e-02 5.922226581885947638e-02 7.495529646610524233e-02 8.233535554882903673e-02 7.437550447202587178e-02 1.182641088881339619e-01 1.030405548199603838e-01 1.390817311284154589e-01 1.116679321166591105e-01 1.551369344796486305e-01 1.589479493615008343e-01 1.361569645528499795e-01
8.546144879230241354e-02 6.359390247332412371e-02 6.750267415329577747e-02 8.255643326507793034e-02 6.558666356483353055e-02 4.894840886417472364e-02 3.591344207960028151e-02 4.691040069710069454e-02 2.106617357575649163e-02 2.996134633015298115e-02 5.299271055447371537e-02 9.238152343330782723e-02 1.121984809601507815e-01 8.129148563969693098e-02 5.784014063765748753e-02 2.388235735118705849e-02 7.148699993869711555e-02 9.763861157325957885e-02 7.046275760279516187e-02 7.064505512784438612e-02 6.209008830737424572e-02 9.127386062326524330e-02 1.022882881655947235e-01 1.394292401653829949e-01 1.728173448548407376e-01 1.927777943204600775e-01 1.773998209776814217e-01 1.778074275757043354e-01 2.168382252788659259e-01 2.741551126772441282e-01
1.235809890917225796e-02 8.549039490085787521e-03 1.313095675287929975e-03 -4.679079622413581663e-03 -1.163035676435140303e-03 -6.628758403557710038e-03 9.608237830649422884e-04 -5.502711226244388215e-03 -7.233050559607469288e-03 -1.349004511623216190e-02 5.122056936724326409e-03 -4.295215146405340773e-03 -4.096559075386529969e-03 9.999064096991874817e-03 1.239201985216194929e-02 8.661464757318708407e-03 2.618745452871946294e-02 6.918933432232106384e-03 2.758032300685367075e-02 1.571117669673567988e-02 3.262236086667173740e-02 3.714912631114190844e-02 4.893199468528535573e-02 5.546787624974216374e-02 4.034949323810069904e-02 5.124864914047513875e-02 4.471153144614484209e-02 4.562088090730161138e-02 5.903287343592968778e-02 2.569323750241025994e-02
9.832674077519337752e-02 1.144383161354122491e-01 7.301791871000443135e-02 1.056165522940836210e-01 1.035665897086385512e-01 9.211730273448899553e-02 1.077528589057839964e-01 1.376045043252398514e-01 1.245676798422925002e-01 1.315732199477823716e-01 1.651596250606912619e-01 1.613086968082243777e-01 1.616306618785573190e-01 1.849266831943396916e-01 2.190274339665829184e-01 1.924614290766265001e-01 2.228214131633665662e-01 2.237266753701044886e-01 2.375640688171885007e-01 2.239052728321813124e-01 2.419583367395234386e-01 2.488036179155885264e-01 2.222238144052916531e-01 2.574361291765818738e-01 2.551345673140582582e-01 2.444836860285456992e-01 2.451714695110977782e-01 2.521009789807495682e-01 2.552460950510959670e-01 2.357553166417494239e-01
-3.632007323628956563e-02 -5.685233758410906946e-02 -3.266835508376477598e-02 -4.328060944978343733e-02 -6.322131461119420703e-02 -8.395389313641135609e-02 -5.999732209538339439e-02 -8.028110899888456220e-02 -6.983887685539949541e-02 -9.847444715502984280e-02 -8.337450909840436741e-02 -1.368792816064287043e-01 -1.334749944501796570e-01 -1.182220817563278403e-01 -1.201193951341870125e-01 -1.216470866253303723e-01 -1.006044878216431904e-01 -1.393526964365728871e-01 -8.825671069481962061e-02 -1.181527739311077074e-01 -9.397265750323427480e-02 -1.341907225358788813e-01 -1.046962560980162354e-01 -1.045354603101441293e-01 -1.345699539169840642e-01 -8.738644463868062984e-02 -1.205573233193203558e-01 -9.091463053046881793e-02 -8.070807410589379838e-02 -1.218061148794017806e-01
-3.588843107989485026e-01 -3.357056948145475950e-01 -3.903595715565640889e-01 -4.605550879174449830e-01 -4.000623495717744449e-01 -4.121611186143878669e-01 -5.325262125389701451e-01 -5.608294845335225487e-01 -5.676536241161679319e-01 -6.115131433403349082e-01 -7.364461901627481488e-01 -7.848089328966286748e-01 -8.445051159743981462e-01 -8.036954362684898268e-01 -8.867873355227455789e-01 -8.562189836344467064e-01 -8.869896982540991237e-01 -9.950152400653631268e-01 -1.047323904532763361e+00 -1.032605712945833476e+00 -1.050510271644062410e+00 -1.062839492911354267e+00 -1.048815503461607568e+00 -1.168311387968412385e+00 -1.253792337172590088e+00 -1.276574888486875725e+00 -1.229767876336131049e+00 -1.191664668032939911e+00 -1.268523587933605867e+00 -1.357003987104629328e+00
-2.326764228787908950e-01 -7.361532715813648431e-02 -2.066127811154870875e-01 -1.567660386565718766e-01 -1.360124391413386202e-01 -1.202377440316703683e-01 -2.529741159101851489e-01 -2.282502528422790666e-01 -2.267051339209842364e-01 -2.120553932580583334e-01 -3.761882313151678758e-01 -4.003185648275610631e-01 -3.934874603652193104e-01 -3.788133516254387767e-01 -4.697939440619561258e-01 -4.512533289199182618e-01 -4.995241825653083945e-01 -5.716432622267551000e-01 -7.270071807195351843e-01 -7.152816726928334923e-01 -7.287935456313299198e-01 -6.912905551984777075e-01 -7.468498650272934469e-01 -8.593739669888125210e-01 -8.759395565757993607e-01 -9.664634045250851679e-01 -8.617462085265648053e-01 -9.070385321013788582e-01 -9.661577296810707205e-01 -1.031401653021974951e+00
2.645624154549981455e-01 3.022861867877263409e-01 2.940054321686759176e-01 3.557307031492409344e-01 3.060345540622499971e-01 3.361677863128037513e-01 3.820526331258467523e-01 4.377774137800104493e-01 4.487478084547400492e-01 4.308572151703237152e-01 5.372764763085371431e-01 5.305767958908228499e-01 5.662221403930821628e-01 5.849555190934183635e-01 6.642367043044521413e-01 6.071526882122774138e-01 6.665329976173663962e-01 6.446410118513359322e-01 7.362308307465879054e-01 6.980437355505071384e-01 7.581475294798138975e-01 6.723449297005380521e-01 7.047199488080546637e-01 7.475945163948070071e-01 7.334774912384670609e-01 7.667938861716927512e-01 7.167659010310492018e-01 7.161815863377919422e-01 7.611463297245715243e-01 7.203196666497990730e-01
-1.063143783734313563e-01 -8.811324738874641571e-02 -1.286347432245752154e-01 -1.312737177303940628e-01 -1.253206817713924115e-01 -1.284883868678979857e-01 -2.209568677618151677e-01 -1.900616987886444842e-01 -2.167573968173451271e-01 -2.257463830436734487e-01 -2.666531046657488191e-01 -2.570101886320310669e-01 -2.844906849520359993e-01 -2.852550493557146627e-01 -3.095545824112101441e-01 -3.368993497476783783e-01 -3.012384801978403859e-01 -3.485462179284991024e-01 -3.648634699259444281e-01 -3.612371213168151241e-01 -3.654870460550885825e-01 -3.794377869859194563e-01 -3.630832502787452176e-01 -3.899414439586408876e-01 -4.240099635337358785e-01 -4.181403066705561278e-01 -4.215643926916780027e-01 -3.933910775740743770e-01 -4.101451527195677516e-01 -4.261903892232044022e-01
