4.774211937358315699e-02 8.126618256928262729e-02 9.966484212195078629e-02 1.291552138698280894e-01 1.747442469377262220e-01 2.110044997654091092e-01 2.513135549768166221e-01 2.810175877483384044e-01 3.180937458949441576e-01 3.667626766964394713e-01 3.983392190171426428e-01 4.132503827759547166e-01 4.680796219174338524e-01 4.931379193673399164e-01 5.212743165155850900e-01 5.438083336046370952e-01 5.571708157210453205e-01 5.660942196334219911e-01 5.875226583070338737e-01 5.880907411433330401e-01 5.862211400750201307e-01 5.879423147469690081e-01 5.847876352377163744e-01 5.711926190654068591e-01 5.551391566767566177e-01 5.367625660775154905e-01 5.178964372821984741e-01 5.066984322457571688e-01 4.848428373128931823e-01 4.375314258174155535e-01
3.435991532602926390e-02 7.486365852950187250e-02 9.765006690865456196e-02 1.249860915469066386e-01 1.686882994923232515e-01 1.963583902243805079e-01 2.270423282693281586e-01 2.510166529725386120e-01 2.794473911934615695e-01 3.044416007940307090e-01 3.263514909015745036e-01 3.291931068781745462e-01 3.579048950027455822e-01 3.640902916908901332e-01 3.760923589757350083e-01 3.806937600208925021e-01 3.819614489584726713e-01 3.843442213470331104e-01 3.882054981040330977e-01 3.783121693760557180e-01 3.716340746432511555e-01 3.692314867065906725e-01 3.603324789613602808e-01 3.504109896895051812e-01 3.381371652055625843e-01 3.261467794571788481e-01 3.130002693561655391e-01 3.046590638923382666e-01 2.927547033911186425e-01 2.626770035996792707e-01
-1.779398993906621679e-03 -2.433326021465493164e-02 -3.798157301296519600e-02 -4.443101990791074873e-02 -5.713008022469353436e-02 -6.468693040607219336e-02 -6.766987474233594757e-02 -7.274745247956974914e-02 -9.058303074110836406e-02 -8.103762041983614273e-02 -8.262242861017095319e-02 -7.987159309027605514e-02 -6.937280938739835701e-02 -6.445134042950806386e-02 -5.850225571939358937e-02 -5.201279642929883262e-02 -3.921926828692516576e-02 -3.364725609595986544e-02 -1.609216123427526651e-02 -2.432846477719057682e-03 1.231379493709508499e-02 2.237153355339419752e-02 3.353629496486202483e-02 4.483697433614629996e-02 6.598939845367685075e-02 8.691400487271269681e-02 1.010910899545656300e-01 1.147574371501283857e-01 1.373113685598131573e-01 1.809165338104531395e-01
1.492610950818983387e-02 1.371722911638132911e-02 1.255154169265514791e-02 1.304851144490088224e-02 1.454773729524631853e-02 1.326296862859210716e-02 1.434584647466385920e-02 1.265922211419789715e-02 3.601910170227241859e-03 5.078038693182296281e-03 2.246964738080302337e-03 4.991726104321622670e-04 4.250883311580688773e-03 6.311898380535405084e-05 2.906061242847726017e-03 8.208904575599425268e-04 3.934739161869817495e-03 6.488581313992727861e-03 1.389973919313257540e-02 1.720389914398262610e-02 2.425569253295034935e-02 3.050342399299233592e-02 3.518681788823091461e-02 4.070401109165514703e-02 5.317293700811666357e-02 6.454632460457572496e-02 7.012324161958152779e-02 7.565807826426790283e-02 8.583313471541645368e-02 1.005756844905550812e-01
1.675436244774256359e-02 3.063544822992068234e-02 3.849427409897162450e-02 4.127573474880928683e-02 6.189656453452850593e-02 6.594269242135472608e-02 7.171285222977147322e-02 7.998219081483556869e-02 9.062580822487661947e-02 8.938990276753332187e-02 9.783158686419270167e-02 9.083717624621742703e-02 9.521999417670420907e-02 9.232368965466433708e-02 9.306206188638097010e-02 8.751515939704601621e-02 8.399943939789827896e-02 8.473184669379059397e-02 7.870160730162736873e-02 6.683417374635414188e-02 5.871242276133840921e-02 5.498648698893274928e-02 4.369454547884271678e-02 3.507861469466763693e-02 2.027767918940306252e-02 6.536398800129190889e-03 -1.032073377674174591e-02 -2.669480679717720073e-02 -4.466838675037032580e-02 -9.473782649384050736e-02
8.795669579528406223e-02 1.159031210389576683e-01 1.282215381459003711e-01 1.747097413219754758e-01 2.068598246223580794e-01 2.547515464056876455e-01 3.155984826705919843e-01 3.366770720712687348e-01 3.575239933468620235e-01 4.469998526831680530e-01 4.715603202518301451e-01 5.081661350191457593e-01 6.137469431989338586e-01 6.628285002447802388e-01 7.262290856160538155e-01 7.880383321997042056e-01 8.378261969023024225e-01 8.830100969767932240e-01 9.841864883668524078e-01 1.052983427230128610e+00 1.116945673545846951e+00 1.168038942141306435e+00 1.224913695590830631e+00 1.262819134159724355e+00 1.322591525984657457e+00 1.376166482273682323e+00 1.414352733290772601e+00 1.459247479433086303e+00 1.499566582108576185e+00 1.552355987570770868e+00
5.602051260415716327e-02 1.035250374891802383e-01 1.277133090940559268e-01 1.671800377566802220e-01 2.134258636523198860e-01 2.523810170548150822e-01 2.961345994302476137e-01 3.219842066538569636e-01 3.511617677843836272e-01 3.985815626841439085e-01 4.231504874824434936e-01 4.365315388059172741e-01 4.900970067135835828e-01 5.068877278045433865e-01 5.370718853590910058e-01 5.575468301499444390e-01 5.736896712497554507e-01 5.877273052337266268e-01 6.188712022948805735e-01 6.329754841627276418e-01 6.466814606716518865e-01 6.613605220821450192e-01 6.718949252395116645e-01 6.758973749493897287e-01 6.856613735958208000e-01 6.925573096234122206e-01 6.960275390164395448e-01 7.027550195000327182e-01 7.078568780640419611e-01 7.047068154450160105e-01
1.685396839775965203e-02 2.044459232694947892e-02 2.115701445237452155e-02 3.132053583610723557e-02 3.275030905304076451e-02 3.421255943886331030e-02 3.847858415127842352e-02 3.656053919815964448e-02 2.289967613717484515e-02 2.559045560274337758e-02 2.018080788168899117e-02 1.853514705163763002e-02 1.970846787472556316e-02 9.664656451720366609e-03 1.325444663855939245e-02 8.517168663322065986e-03 1.339526113635315305e-02 1.454188627765449701e-02 2.301728604694755140e-02 3.057957561159294763e-02 4.468619730193160167e-02 5.439844924012476879e-02 6.415733554129299243e-02 7.851672292142633514e-02 1.077426962978923347e-01 1.352482901533361703e-01 1.552387942953612765e-01 1.767718902578275797e-01 2.090092987501794564e-01 2.726884929769597399e-01
2.308846913223799868e-02 1.085583427580867448e-02 1.773631309191106217e-03 6.201616948391256226e-03 -3.138210309157000999e-03 -4.238513150261311382e-03 1.241540542691649610e-03 -3.880990414235018643e-03 -2.233986206758608803e-02 -5.276276401411691963e-03 -1.075124282050256633e-02 -3.760112310566787047e-03 1.572354004350959636e-02 2.044182006714485855e-02 3.502338916288623427e-02 4.617529422558258601e-02 6.208225091275421798e-02 7.472810096812443348e-02 1.072386666873302863e-01 1.313175426223742726e-01 1.591715570962918269e-01 1.800689244498611119e-01 2.028695119952386439e-01 2.243043616720678535e-01 2.621931464052276728e-01 2.984404121959564615e-01 3.256544397747443975e-01 3.506942569729698533e-01 3.864095013701233094e-01 4.446557221940730109e-01
1.917194986479442420e-02 2.781561960636042691e-02 3.235160411161840804e-02 3.722720216346153688e-02 4.887475320430820225e-02 5.343427401767698176e-02 5.899529870625865036e-02 6.396796929210932237e-02 6.323896207093095134e-02 6.809443819608558546e-02 7.013076295135829696e-02 7.028634678018945425e-02 7.790670912210749532e-02 7.628816213092129428e-02 8.008327797778790058e-02 7.940160818872440962e-02 8.166340554737433477e-02 8.486812893783596268e-02 8.946689987112671494e-02 8.867788758978016606e-02 9.116133546510796215e-02 9.406799677579762153e-02 9.409688373687365159e-02 9.331200676410361661e-02 9.558961254785336425e-02 9.519727263781120608e-02 9.115718149162690964e-02 8.625556662521852158e-02 8.279536397682520088e-02 6.357761766432526440e-02
3.170761735196180042e-02 7.616385001704815971e-02 9.962182144978853904e-02 1.392539997228116055e-01 1.701879344477447431e-01 1.988081365752193685e-01 2.269357459229108809e-01 2.402093654267816181e-01 2.439405286531791950e-01 2.642848863117727154e-01 2.623547173989198567e-01 2.695636475029199453e-01 2.868025472524163288e-01 2.800099302536586121e-01 2.870085103182477559e-01 2.918405354119760209e-01 2.952908420122589139e-01 3.020353798969394044e-01 3.256413258122121679e-01 3.380784870907836970e-01 3.604939180534597054e-01 3.763363759817021093e-01 3.964231260266553036e-01 4.155716932611971948e-01 4.539726830120495160e-01 4.908055465682422680e-01 5.174866195818195180e-01 5.492787006784278780e-01 5.860505928821033717e-01 6.500279630194061298e-01
5.883039901438740990e-03 -4.854059528508860438e-02 -8.113022377261291940e-02 -1.133241564825384351e-01 -1.548518841129593038e-01 -1.861024923948658705e-01 -2.095894039466948688e-01 -2.340914001818985568e-01 -2.745712090455240117e-01 -2.803924238163730265e-01 -2.983865736599749519e-01 -2.983744335782941848e-01 -2.947407258398881402e-01 -2.892288984809103791e-01 -2.784622629715061692e-01 -2.683733448694035628e-01 -2.498739856664718151e-01 -2.309773144375528720e-01 -1.953712062346829870e-01 -1.642416769655140052e-01 -1.320022087767651342e-01 -1.065082775185823838e-01 -8.111218496830122082e-02 -5.759044625427149622e-02 -2.591163102872236917e-02 3.355550428957614767e-03 2.012022137443990333e-02 2.830836105091305566e-02 4.388472872660419133e-02 4.400592975538371310e-02
3.241517243805076831e-02 4.535314585452766140e-02 5.205349098220077297e-02 6.704816295335651322e-02 9.133123760363594246e-02 1.101029184774216380e-01 1.356446082349074822e-01 1.527710485921112138e-01 1.729765710372853649e-01 2.079046928610407408e-01 2.288029907085393777e-01 2.385181085099215559e-01 2.855063543459662734e-01 3.071648263099664433e-01 3.325028749995793120e-01 3.525876654702237989e-01 3.674406298231088774e-01 3.849344820659449384e-01 4.107613601391463809e-01 4.200087372057915713e-01 4.288026697722682745e-01 4.372814061416925857e-01 4.412184651777641409e-01 4.386103588558160071e-01 4.339963525473561901e-01 4.264178060499526079e-01 4.156001738271713486e-01 4.074237357914049507e-01 3.920027557859969147e-01 3.440220529598461141e-01
2.215041316205633437e-02 -6.724677786396262430e-03 -2.333927282274806878e-02 -3.314904054973040470e-02 -4.701282892586085282e-02 -5.311654467257330425e-02 -4.903195378504011243e-02 -5.573578851352105346e-02 -7.085884867661648712e-02 -4.698974458825472961e-02 -4.607406024295055552e-02 -3.692690289365078982e-02 -5.759877476436321003e-03 1.104651354970348151e-02 3.095898068021846541e-02 4.952509580308857295e-02 7.032215054437437884e-02 8.545314977253987143e-02 1.218888691499914745e-01 1.470534023707817384e-01 1.707364304930818477e-01 1.884978557479993488e-01 2.077744000597086249e-01 2.209714746905324934e-01 2.453671023769163351e-01 2.668443889976426231e-01 2.794866977593757906e-01 2.934903859428953932e-01 3.095668015155489394e-01 3.345050187096347827e-01
1.067154569002564703e-02 -1.650956293474154304e-02 -3.144588413217124651e-02 -4.389587374733436298e-02 -6.214293146095691001e-02 -7.614463012601488390e-02 -8.326651845730351220e-02 -9.307648050461504730e-02 -1.155272410276799722e-01 -1.157597397022355062e-01 -1.196630525074339341e-01 -1.214244983349873491e-01 -1.185622684852181558e-01 -1.190856478200072732e-01 -1.149431774298952935e-01 -1.159133130251234489e-01 -1.068194082048861127e-01 -1.018351438806601172e-01 -8.887992923624549180e-02 -7.820772328935189643e-02 -6.492288986976366139e-02 -5.616936361961048091e-02 -4.722337873732340013e-02 -3.656995295007989255e-02 -1.500307698796465167e-02 4.263360576648070333e-03 1.814883586628729395e-02 3.132648663806118089e-02 5.195539088160251728e-02 9.477527133195366715e-02
4.533705530204364814e-02 6.465752285492826212e-02 7.371559566947374909e-02 9.773230535598576019e-02 1.185861597637233034e-01 1.411248516656877783e-01 1.691052086267795518e-01 1.807777480100745404e-01 1.903088207674635268e-01 2.250531639797705707e-01 2.369078362502254342e-01 2.486660579385804315e-01 2.913857849990575954e-01 3.062416092696692571e-01 3.318762361343886580e-01 3.529717769480955614e-01 3.714928130162107323e-01 3.902570222753340978e-01 4.294961121945048976e-01 4.533591783983872414e-01 4.786196056017020806e-01 5.002591134545645302e-01 5.212166203750945304e-01 5.364579881232173220e-01 5.614218409890034955e-01 5.839176542569546324e-01 5.994002318627624781e-01 6.154915491906389757e-01 6.329116484198868964e-01 6.496889699293237896e-01
-1.720674549845847140e-02 -4.439474416526587724e-02 -5.922539562831184712e-02 -8.295578428623222311e-02 -9.962394285466602550e-02 -1.247305359004372005e-01 -1.498776719864568507e-01 -1.618585588231354067e-01 -1.822287590562434167e-01 -2.122804628826397977e-01 -2.221853245615266759e-01 -2.380840750312883114e-01 -2.722352564245326678e-01 -2.924239720244351526e-01 -3.107403969681540867e-01 -3.357562183001059353e-01 -3.474202078049202225e-01 -3.639162172322552569e-01 -3.946477696841110272e-01 -4.176515488154773359e-01 -4.350599118755137940e-01 -4.496975983016894274e-01 -4.684952601898000335e-01 -4.785010350239601307e-01 -4.875909586594600054e-01 -4.952840097303234934e-01 -5.049214348966803989e-01 -5.137715153495102660e-01 -5.145080173619169805e-01 -5.049618224511104314e-01
1.172599952366255513e-02 2.556347346453411232e-02 3.316154403294896413e-02 4.234517679723378419e-02 5.860993531836941606e-02 6.527473608956588236e-02 6.934761835746536263e-02 7.835998037207325684e-02 8.350828210468044799e-02 8.310409996231742091e-02 8.772242132918667279e-02 8.231795382779635850e-02 8.291629837368991174e-02 7.540890403813052534e-02 7.215538340216076652e-02 6.595247524519398663e-02 6.046034466171878313e-02 5.735017432764037693e-02 4.760912003600355213e-02 3.367252542317034775e-02 2.478913157456705957e-02 2.007773144423215250e-02 1.024029002687688178e-02 3.852158567740106287e-03 -5.089256204424380536e-03 -1.174729966160983560e-02 -1.944118203269229461e-02 -2.840062661437239497e-02 -3.360333040770560609e-02 -4.992864298165815284e-02
-3.209620451652406975e-02 -5.403476498687272839e-02 -6.433112595808319900e-02 -9.164783988521965630e-02 -1.008941024697052324e-01 -1.288118991063510188e-01 -1.575151280800139442e-01 -1.648073936551357199e-01 -1.792304184613163764e-01 -2.179431483143328963e-01 -2.278317934806573519e-01 -2.480449891060602097e-01 -2.874227316958261058e-01 -3.082692347917435072e-01 -3.351157139684997066e-01 -3.664929971085184590e-01 -3.874601604892849438e-01 -4.047416376927864823e-01 -4.481435159721532391e-01 -4.843109657785540367e-01 -5.142931806836422703e-01 -5.378569324675566143e-01 -5.685936439128356223e-01 -5.897373164708805682e-01 -6.196625370404394983e-01 -6.475406654298110354e-01 -6.750094374697199751e-01 -7.036048745546876759e-01 -7.284464540849860947e-01 -7.744300361344832462e-01
2.968832996410011860e-02 7.939182898471375260e-02 1.086178346508225728e-01 1.390689382944617358e-01 2.004039094424799328e-01 2.374727790391432114e-01 2.731157399955560505e-01 3.111378821139679784e-01 3.650715955665561618e-01 3.932408799877110117e-01 4.306656770817374191e-01 4.338589034558249513e-01 4.728734541206222053e-01 4.890654455178961579e-01 5.001192781173535717e-01 5.075316849170601330e-01 5.052676203530416243e-01 5.082137815471842179e-01 4.965450481610340638e-01 4.705548539265193564e-01 4.447108837144290727e-01 4.272165142418505868e-01 4.001534686718269396e-01 3.699197195372176949e-01 3.222084956176450299e-01 2.737308414283026736e-01 2.302361057417336709e-01 1.947011425706315635e-01 1.443360939005415011e-01 3.814920193904464824e-02
9.278670464218743974e-02 1.299506862528238826e-01 1.473518625987841335e-01 2.010012686488659162e-01 2.419839089938312093e-01 2.966213502188258522e-01 3.644555737363798231e-01 3.911695864821629343e-01 4.222679854797078969e-01 5.159026047378151292e-01 5.504575366645414469e-01 5.831104358655371245e-01 6.912664421833074613e-01 7.365782124108152251e-01 8.013266495287053592e-01 8.594725983150199866e-01 9.056082037638308879e-01 9.442546153480897431e-01 1.032380396146794999e+00 1.090319981453906184e+00 1.142580513550224719e+00 1.185696169821755852e+00 1.231786007263782734e+00 1.261545751675720028e+00 1.310048211662631079e+00 1.353595845439234502e+00 1.386198166673470844e+00 1.427786220847230725e+00 1.464028943463329124e+00 1.523502323800985270e+00
8.042145538699092822e-04 7.211182773018406239e-03 1.111783839942309324e-02 9.251818941411766445e-03 1.928688185185201825e-02 1.423281214641875826e-02 7.970013786259090571e-03 9.058820890082426580e-03 4.479714243217750719e-03 -1.115796899211427343e-02 -1.551016286044343967e-02 -2.819205201907713787e-02 -5.044475045853612227e-02 -7.027271561961596913e-02 -8.826947882552430014e-02 -1.081753322783272908e-01 -1.244925923941684887e-01 -1.413147718487623716e-01 -1.695628679040777076e-01 -1.975155648121473817e-01 -2.183425868621795551e-01 -2.327823001380067702e-01 -2.528200924099331948e-01 -2.645046642801693881e-01 -2.776017078307754238e-01 -2.856477190541411026e-01 -2.946596673590736737e-01 -3.032160248094595834e-01 -3.034923430120628485e-01 -2.952349343124683889e-01
1.400870060612616763e-01 2.261436015811322808e-01 2.655355347760093854e-01 3.663789438079754768e-01 4.436573247893015326e-01 5.411602124266349234e-01 6.502892356645668670e-01 7.006420196280426227e-01 7.621571619406821707e-01 9.009587901181231873e-01 9.562924544638615743e-01 1.004799187295044582e+00 1.157143650279961689e+00 1.216510946842046081e+00 1.308582850280237242e+00 1.389281010351113954e+00 1.448321628203875111e+00 1.497023838871111900e+00 1.615756602358118244e+00 1.690624747966019914e+00 1.759280401653842807e+00 1.816163024699528394e+00 1.879366916941846988e+00 1.918314112543323624e+00 1.983599405823463169e+00 2.043849038336337465e+00 2.093100467218230065e+00 2.157418853394001523e+00 2.211541044950902091e+00 2.309157197253873584e+00
9.273364837560482687e-02 1.412171006506900695e-01 1.670324750855290696e-01 2.262441866165247895e-01 2.722246216755302983e-01 3.275936853304541874e-01 3.915331264175270221e-01 4.194444158337815587e-01 4.464636835423212990e-01 5.247943112986457326e-01 5.482036048445402265e-01 5.797014662322055312e-01 6.671130290618494385e-01 7.007194573829145234e-01 7.493773535701898636e-01 7.962914168353508737e-01 8.301323993698674908e-01 8.625164236633308112e-01 9.378367767022015578e-01 9.838017384379361685e-01 1.031143635825507943e+00 1.067493667605091234e+00 1.109498108640735836e+00 1.137673342525591158e+00 1.188158996630134911e+00 1.233326712372473821e+00 1.266917639918188065e+00 1.310430521643326740e+00 1.350214736728140963e+00 1.417644078974962252e+00
1.333145657186736444e-03 -2.119244180025275925e-02 -3.237768260514137242e-02 -5.091868048270831865e-02 -6.174875407819442608e-02 -8.005584212966515567e-02 -9.586219267204096339e-02 -1.033946937967303997e-01 -1.181968865401132468e-01 -1.362711170450683351e-01 -1.408066372166725255e-01 -1.508031914604420765e-01 -1.653215964743726119e-01 -1.741932103902808504e-01 -1.830163754304906798e-01 -1.960145685618558953e-01 -1.996580734590898687e-01 -2.034652926658604422e-01 -2.167043597842804037e-01 -2.275088127355086032e-01 -2.346326989267308316e-01 -2.411990416570714557e-01 -2.517137088945006762e-01 -2.573253956431870160e-01 -2.633210691141783522e-01 -2.704104096433147530e-01 -2.807362765536323135e-01 -2.919343784792790553e-01 -2.993562153826881955e-01 -3.179011057186237332e-01
3.509916320453930483e-02 7.241175989313149153e-02 9.331659140414734488e-02 1.236749761372263196e-01 1.652798004404463783e-01 1.988009392338098702e-01 2.363886683335840733e-01 2.613248001039661372e-01 2.912853077476585950e-01 3.309279292496473679e-01 3.570110871778823247e-01 3.685257976493125920e-01 4.190218525947824180e-01 4.397946461791671369e-01 4.644705864374741866e-01 4.853049344356162309e-01 5.009460983811847568e-01 5.178174112014169994e-01 5.471876568944855634e-01 5.595863720871412372e-01 5.712300661368384658e-01 5.821941248046642592e-01 5.902856550207812303e-01 5.913470208324412836e-01 5.931614811375859331e-01 5.920104852912964066e-01 5.868128137513863862e-01 5.859145349553811499e-01 5.781332800354884727e-01 5.451028244471773920e-01
-2.375954237721553466e-02 -5.321146502147697244e-02 -6.784492651881285363e-02 -9.468487380753277949e-02 -1.118939884677915275e-01 -1.386144192094111438e-01 -1.677660154921936375e-01 -1.781155779950944484e-01 -1.998056920264577319e-01 -2.329153590181241296e-01 -2.466348989139969250e-01 -2.607996635320103396e-01 -2.970084658051176385e-01 -3.139846151688973075e-01 -3.403244129339483837e-01 -3.628913354093352139e-01 -3.789159735893722347e-01 -3.928698359566288323e-01 -4.245042783714020884e-01 -4.519946851547792521e-01 -4.722726386895790274e-01 -4.909956218489788804e-01 -5.116364468940987065e-01 -5.254315843039178979e-01 -5.422983622315441510e-01 -5.572027478366348152e-01 -5.740775217966336275e-01 -5.898146349473363248e-01 -6.021821197500963896e-01 -6.165294020380471807e-01
-1.319005938728126659e-02 -3.883117400563764615e-02 -5.000820699030933403e-02 -8.046434692095710828e-02 -8.418519614870162426e-02 -1.060350285748176274e-01 -1.278616228665360732e-01 -1.286269670807312915e-01 -1.297562535789231197e-01 -1.536947437762959390e-01 -1.491606964475639119e-01 -1.637491890085637225e-01 -1.825373275061799583e-01 -1.878612530503812328e-01 -2.057667540936752582e-01 -2.245185320640486482e-01 -2.384058720780192764e-01 -2.490856903857679161e-01 -2.868378834923406284e-01 -3.220588731249351411e-01 -3.560116902693779006e-01 -3.826707849073299750e-01 -4.174635206168496593e-01 -4.479274701647368295e-01 -4.944647569799299758e-01 -5.411347568144548870e-01 -5.834289885043850710e-01 -6.255978387674345775e-01 -6.728312034836859690e-01 -7.626584451088445071e-01
-3.820973277766023801e-04 2.554695856807560200e-02 4.124921416214188952e-02 4.612456304199410995e-02 6.922132752416616797e-02 7.285072493832603358e-02 7.225947455975632872e-02 8.241530730648136127e-02 8.876454012517863423e-02 6.872809798774319467e-02 7.021045599104153156e-02 6.031100690814288762e-02 4.200647826575447386e-02 2.817023124376951543e-02 1.641822159467967376e-02 -1.898554126738873082e-04 -1.358833469015265430e-02 -1.761637207462306634e-02 -3.445015509304284740e-02 -5.543042876252231993e-02 -6.813658092867344584e-02 -7.666467917406452615e-02 -9.099808135599815606e-02 -1.035912462099268516e-01 -1.231800934919171642e-01 -1.442681798932289872e-01 -1.681681410283429878e-01 -1.933541709092010674e-01 -2.241069401325974653e-01 -3.099858058359198365e-01
4.375462079776164942e-02 7.003297837293935568e-02 8.438046822702391370e-02 1.118924625863354783e-01 1.383798328403150202e-01 1.632937884484779167e-01 1.938074186902957741e-01 2.092254589785154384e-01 2.207547489408161479e-01 2.555707399848388683e-01 2.688865612105892922e-01 2.797608674489592273e-01 3.215776519022769953e-01 3.348009837336733963e-01 3.606562347916274502e-01 3.794014037737408751e-01 3.954764787732739650e-01 4.116542571854889809e-01 4.465232489683825245e-01 4.651222239940506209e-01 4.854654530783009680e-01 5.046968634413051547e-01 5.214041652675857064e-01 5.323143880689797935e-01 5.506389739089787572e-01 5.660632564814713774e-01 5.750932083779810577e-01 5.853062662890201606e-01 5.945528002106604815e-01 5.967189279716919037e-01
-3.153624033912013486e-02 -5.848501262091491265e-02 -7.026570576656322731e-02 -9.927525754948657299e-02 -1.149659832806934900e-01 -1.438794593123577381e-01 -1.761758869055952414e-01 -1.856859386580556603e-01 -2.083793149795259703e-01 -2.485405016658001343e-01 -2.622885828247223938e-01 -2.797387508239629894e-01 -3.242753066204644985e-01 -3.460311943241754506e-01 -3.770472705500395594e-01 -4.064606772781618194e-01 -4.264536053118161973e-01 -4.444546889755988106e-01 -4.849895604499643298e-01 -5.188457243883778380e-01 -5.458034199156381883e-01 -5.676245039060262565e-01 -5.943510882382968541e-01 -6.123939539491833894e-01 -6.364294181103108405e-01 -6.587475717927778751e-01 -6.796116942252308224e-01 -7.047195414731264318e-01 -7.229691129768365254e-01 -7.546970328695300489e-01
-3.397638634500994154e-02 -8.434581755180825535e-02 -1.114056176403951381e-01 -1.548913468538731242e-01 -1.923440638156989624e-01 -2.361812811717367011e-01 -2.775380228736349375e-01 -3.027135623740107584e-01 -3.435797186250474922e-01 -3.853648810997495344e-01 -4.095339923636832080e-01 -4.289910425746196188e-01 -4.739362057601247402e-01 -4.962460019161234470e-01 -5.247552044955150485e-01 -5.513576183052598667e-01 -5.658606711052602822e-01 -5.794987267092254202e-01 -6.063357049178104141e-01 -6.255036252422601084e-01 -6.381872234316015025e-01 -6.499878727626868802e-01 -6.636760052604383509e-01 -6.677434743504983006e-01 -6.706635186680536265e-01 -6.702207997346865120e-01 -6.745702067346212027e-01 -6.816451736860589250e-01 -6.786157405753586724e-01 -6.636878709682896282e-01
1.500448972196146910e-02 5.896053345379269339e-02 8.503994544573953429e-02 1.070025909600037517e-01 1.519404445434132112e-01 1.716606969198006816e-01 1.895621734376268241e-01 2.122041866671053878e-01 2.375676808291927455e-01 2.368902399882877874e-01 2.506852490581074067e-01 2.445049296816473317e-01 2.428254094653260475e-01 2.333988243023982778e-01 2.228465905640800715e-01 2.072707982257246950e-01 1.923792514540181020e-01 1.812006787369754568e-01 1.548089694217636980e-01 1.227618516410807631e-01 9.829818600760961700e-02 7.935687139436450876e-02 5.405387538771731781e-02 3.407038406484674126e-02 9.255537638546029733e-03 -1.440637787470949033e-02 -3.767777162573666960e-02 -5.430022430324055877e-02 -7.218924734440326785e-02 -1.061205720940003872e-01
5.853534279891982328e-02 8.699346869063939724e-02 1.013947280268324702e-01 1.392012058568725674e-01 1.686492227394318089e-01 2.040838563267385330e-01 2.498553629751152638e-01 2.672106915563929319e-01 2.812546457114583065e-01 3.402642513200939689e-01 3.594160823056291587e-01 3.805752264753784475e-01 4.482653384406365404e-01 4.739274655286817572e-01 5.126901318263282770e-01 5.457820713367695920e-01 5.767173898224857709e-01 6.019432882854953704e-01 6.618190443050746552e-01 7.022060303862182051e-01 7.413747528641790874e-01 7.730626468934388429e-01 8.068323980829881226e-01 8.326355946750588766e-01 8.772403018445773526e-01 9.176191518646885648e-01 9.488767783752081186e-01 9.839553185258754775e-01 1.023391038379248164e+00 1.089153113315539212e+00
2.691936391284896132e-02 4.569018122880334765e-02 5.469992927651410458e-02 7.050594448918999502e-02 9.140936266497767804e-02 1.069436032950660531e-01 1.266257922926233848e-01 1.381589721380855340e-01 1.457142952422257332e-01 1.690578520119624395e-01 1.807979915979950059e-01 1.862867648739988946e-01 2.123355885892669881e-01 2.193051212384752591e-01 2.327495150381507227e-01 2.411847121826766749e-01 2.512477795798027658e-01 2.580981675672516240e-01 2.751374998433366859e-01 2.823703045687205870e-01 2.909242815133910032e-01 2.995345569007675790e-01 3.052326199934378703e-01 3.095939586965680834e-01 3.193968227607262844e-01 3.282305722679889071e-01 3.332717695952929216e-01 3.385606968675390349e-01 3.483324210445003510e-01 3.584153321441778672e-01
-4.723059996866321719e-02 -8.960749073226223493e-02 -1.084804253882767633e-01 -1.578232203991568050e-01 -1.829502416001402287e-01 -2.285714970892860354e-01 -2.777261857404220713e-01 -2.939518528228229899e-01 -3.211383409094845653e-01 -3.844690658335747635e-01 -4.007114619056313387e-01 -4.277083006639114671e-01 -4.919421566483765940e-01 -5.185855114885767891e-01 -5.625373266254845017e-01 -6.032431536594986543e-01 -6.301596117539326469e-01 -6.522209319017919782e-01 -7.108518534528712740e-01 -7.566719845378648834e-01 -7.958928055614209462e-01 -8.280250393660180119e-01 -8.674216807646761840e-01 -8.941060307787676020e-01 -9.358822477298779363e-01 -9.758409348696664987e-01 -1.013035270543785060e+00 -1.055367185826374010e+00 -1.093465420136108257e+00 -1.166451378284040441e+00
7.694565026413703254e-03 -1.587808723461001797e-02 -2.957725317123675868e-02 -4.163529709908512372e-02 -5.862356260536224356e-02 -7.416160171445440596e-02 -8.477772659029640667e-02 -9.510699544106571146e-02 -1.193838690773274813e-01 -1.237201064150991597e-01 -1.327883904387478775e-01 -1.368749286962530065e-01 -1.418476996012906499e-01 -1.482525244775825535e-01 -1.490136887622082185e-01 -1.540029260156741686e-01 -1.508017319234738751e-01 -1.515697183792018010e-01 -1.460869774637606477e-01 -1.427728384717496246e-01 -1.357452462922516534e-01 -1.293722253411862255e-01 -1.249452176270998000e-01 -1.171132171848852099e-01 -1.007260659858718460e-01 -8.300877588703177434e-02 -7.074147345792144992e-02 -6.216800893791758764e-02 -4.148500677840397111e-02 -2.482530859135191961e-03
-6.009766774618052754e-02 -1.011444163653821421e-01 -1.194923463190125379e-01 -1.735278602212566024e-01 -2.025080387661864212e-01 -2.580185895037734878e-01 -3.206292774509384436e-01 -3.445593179144309515e-01 -3.815605917133825242e-01 -4.684175039380630290e-01 -5.016619693494728249e-01 -5.386190025651735880e-01 -6.343794744691892973e-01 -6.818041240131400560e-01 -7.472014547379781657e-01 -8.071312015566460829e-01 -8.525718951314491534e-01 -8.893480714534748310e-01 -9.724627468661788399e-01 -1.037013779394206914e+00 -1.088520978662348870e+00 -1.131760430121076855e+00 -1.181064582343749336e+00 -1.211245866623333889e+00 -1.254038003401933166e+00 -1.290991237686573312e+00 -1.326736177258960536e+00 -1.365210806459201009e+00 -1.394517172771709168e+00 -1.438967136799221391e+00
1.366954035107761575e-02 -8.974161310261361338e-03 -2.342166358037061497e-02 -2.976237435769481243e-02 -4.237157423199192086e-02 -4.963059067310527511e-02 -5.570792834884862738e-02 -6.125256318495811425e-02 -7.327950330535626389e-02 -6.937040722976466067e-02 -6.753270320722801201e-02 -7.086590948365893705e-02 -6.284697863980823196e-02 -6.375261235642229463e-02 -5.332298843759643303e-02 -5.189954832973413951e-02 -4.087357413256213767e-02 -3.794366032444419085e-02 -2.899744734229126736e-02 -1.987894929477076328e-02 -1.069996108086220324e-02 -2.730172924942677465e-03 2.979143732781745074e-03 9.930768417133729875e-03 2.297526410105855607e-02 3.594786166233314428e-02 4.357653959131098376e-02 5.087971999940841400e-02 6.477766922449915143e-02 8.986398838962016133e-02
-1.399555804492964850e-02 -1.660019577356437043e-02 -1.629692094744356057e-02 -2.631554286118648750e-02 -2.581963018144183691e-02 -3.803360076212208840e-02 -5.186650673666011457e-02 -5.363416933053968827e-02 -6.450848514939493128e-02 -8.901673731399074863e-02 -9.610450498267082697e-02 -1.088009348361313744e-01 -1.349892408497696539e-01 -1.521307268554933090e-01 -1.702292876075329198e-01 -1.907878763182432325e-01 -2.054249428315585990e-01 -2.160576418159645962e-01 -2.403989108438117916e-01 -2.644074365221067979e-01 -2.805943571680526438e-01 -2.933177641582354056e-01 -3.100936870644821486e-01 -3.211720432275610992e-01 -3.348638034258037965e-01 -3.475538657848646906e-01 -3.623303288094490426e-01 -3.769667184283909123e-01 -3.898425553975212177e-01 -4.147823977758368086e-01
1.183293979280907321e-01 1.820741253480970268e-01 2.138931159560385209e-01 2.922605054056824914e-01 3.469538851130579693e-01 4.197104980487611492e-01 5.033348088766648187e-01 5.364883692307984564e-01 5.741738496043418127e-01 6.780750871668812518e-01 7.108274384976884797e-01 7.481231717177267981e-01 8.668974566321392405e-01 9.096107662326036181e-01 9.762042807149201584e-01 1.039732421251191141e+00 1.084447816246392637e+00 1.129671550934240987e+00 1.230034529809981958e+00 1.295052913045464660e+00 1.359637422216320113e+00 1.410093033941078211e+00 1.468875440003160060e+00 1.510534988589573135e+00 1.579524435436835628e+00 1.643943693425120367e+00 1.695259437102492717e+00 1.758495894426737705e+00 1.816235540209916843e+00 1.919989771347060614e+00
2.948519698676542108e-03 -1.199575105868695528e-02 -2.099532709077730000e-02 -2.690768461877836998e-02 -3.585943182765759935e-02 -4.508183923486897005e-02 -4.827749678691320434e-02 -5.406451823541307683e-02 -7.297763857599942616e-02 -6.994910697460264559e-02 -7.793617269616948118e-02 -7.745659415136146864e-02 -7.390617436430871323e-02 -7.467368402123317206e-02 -7.157653344684192231e-02 -7.092238939119113739e-02 -6.577260536285946257e-02 -6.128786758826796494e-02 -4.719371049869763163e-02 -4.045606031724930524e-02 -2.831749676650887476e-02 -1.946325137734747010e-02 -1.078874907134609248e-02 -1.453389726686363237e-03 1.732597338986145361e-02 3.579184641926088511e-02 4.616236183248260960e-02 5.728472358684248700e-02 7.409011287441026605e-02 1.045617496350868120e-01
3.826788659646782748e-02 3.644234165309594153e-02 3.318528361368222601e-02 4.642739121358466226e-02 4.822667221481712063e-02 5.884533821884137261e-02 7.891104334933760067e-02 7.986221555304501285e-02 7.397255599796775938e-02 1.081749698721155423e-01 1.151544537338623636e-01 1.243158188064627523e-01 1.633096178152066702e-01 1.744328548057698935e-01 1.992781490248874410e-01 2.172311022617804399e-01 2.380066293952950440e-01 2.523481639505521512e-01 2.897006832789974506e-01 3.163354754546269798e-01 3.433615211081202934e-01 3.651843275512230980e-01 3.877162586746896178e-01 4.080523341023928330e-01 4.445972887711017174e-01 4.798350837195254348e-01 5.078685622554248713e-01 5.372679164429927656e-01 5.754640184845490891e-01 6.523859226668269340e-01
5.809383414706697363e-03 -1.657799633588778049e-02 -2.929311674192529649e-02 -4.118618090670982806e-02 -4.924964919770117439e-02 -5.653784454621679778e-02 -5.785511649551340618e-02 -6.008941484104185493e-02 -6.677224744596772787e-02 -5.685264547153517228e-02 -5.301665800308243831e-02 -4.946311612250541001e-02 -2.907877240295757282e-02 -1.526781702634101220e-02 -1.913085595368797798e-04 1.258239825375230894e-02 2.633148167083325386e-02 4.137527368221207563e-02 6.463241147720086288e-02 7.792791275424956754e-02 9.142120515844143203e-02 1.016944251364736845e-01 1.101014937648241709e-01 1.125875099725098666e-01 1.148431518055685052e-01 1.135764409284811260e-01 1.048239259406784640e-01 9.634854014862710703e-02 8.141516453851185831e-02 3.078207987188474881e-02
3.075121215467214314e-02 6.439346457298142368e-02 8.395064784102250488e-02 1.055655456140028592e-01 1.408141072949410377e-01 1.643907455544565965e-01 1.910539567723939791e-01 2.095764895176782383e-01 2.303450508407871022e-01 2.547526274409613878e-01 2.726439117749181462e-01 2.757263634804213437e-01 3.041955610351566031e-01 3.101129329256748224e-01 3.214725422705385638e-01 3.280086481947407373e-01 3.308844058475582384e-01 3.350706455970023923e-01 3.425148567391765875e-01 3.382030399122906150e-01 3.351774733375690873e-01 3.362453011614406351e-01 3.322440819616334640e-01 3.257548131803567060e-01 3.185424940820568707e-01 3.106430058427723795e-01 3.023335517205029133e-01 2.957502746795522275e-01 2.869245489655521952e-01 2.640013426457568091e-01
-1.416744947261556684e-03 -1.299360954851624082e-02 -2.052179765489228411e-02 -3.328293201134826379e-02 -3.945854924225011828e-02 -5.355564006795739129e-02 -6.628598879293717827e-02 -7.211396535114419915e-02 -8.703121938223198906e-02 -1.023944745242023335e-01 -1.087156683727809603e-01 -1.168054793315519979e-01 -1.318923805684601158e-01 -1.413667603520500637e-01 -1.497371645024409559e-01 -1.612401825449037152e-01 -1.641878043330239900e-01 -1.670082412703386421e-01 -1.738983850907748763e-01 -1.817893579802419557e-01 -1.837819841141724031e-01 -1.856986149536361541e-01 -1.911148395454141946e-01 -1.910630581892585611e-01 -1.897714458137835236e-01 -1.874968534742183501e-01 -1.904536073945703456e-01 -1.948202551699542706e-01 -1.928228663035852497e-01 -1.963562205539822747e-01
-8.425249625283207089e-02 -1.536764027797969945e-01 -1.882003588619217960e-01 -2.645860245797692079e-01 -3.152160169399678136e-01 -3.914211354329394932e-01 -4.756312215607085281e-01 -5.097743287457214834e-01 -5.564908036429424554e-01 -6.654966736323607579e-01 -7.035801107516365116e-01 -7.481043580660304837e-01 -8.604704512975058783e-01 -9.108536221908444253e-01 -9.794886668229340065e-01 -1.046411880439476416e+00 -1.093276002303064320e+00 -1.129200583995905394e+00 -1.224132119788628348e+00 -1.292221822464930447e+00 -1.348558511058006726e+00 -1.396983711588629662e+00 -1.452866845523746342e+00 -1.489526450358465759e+00 -1.546785873392948707e+00 -1.602209635611759442e+00 -1.655907661151424959e+00 -1.713944413265958033e+00 -1.769863028688696716e+00 -1.876984316213649917e+00
-6.011009360289114312e-02 -5.366911232093692086e-02 -4.525064387104317520e-02 -7.393892922500328035e-02 -7.347358396431016847e-02 -1.126046098388002459e-01 -1.679471029201916044e-01 -1.797622301548668644e-01 -1.992588809579174391e-01 -3.053353115389767503e-01 -3.379190671904770404e-01 -3.865032285215738161e-01 -5.046081878789083763e-01 -5.755615016720355692e-01 -6.543379559124479217e-01 -7.351273271805482956e-01 -7.999388772531397240e-01 -8.484373080614584506e-01 -9.609946039483261426e-01 -1.048993310942746726e+00 -1.117264291610158500e+00 -1.171631880107238732e+00 -1.235867762993689833e+00 -1.274509532006412371e+00 -1.330808303282498883e+00 -1.380420023396467410e+00 -1.425713273875888421e+00 -1.473763242979753585e+00 -1.513569481193686173e+00 -1.585516165374901920e+00
9.463180026143311330e-02 1.791034563712415872e-01 2.242796504578622452e-01 3.014062358884004866e-01 3.770778652242081086e-01 4.521494232840772565e-01 5.292945577805634461e-01 5.745346690200803241e-01 6.293621742640942429e-01 7.120821652607722818e-01 7.544891392078154624e-01 7.792475751700267406e-01 8.702395096869223190e-01 8.993001696819937774e-01 9.464536026705047123e-01 9.874517656349237615e-01 1.012870017490999697e+00 1.035491672832160370e+00 1.090503000616877882e+00 1.117039834694672829e+00 1.142109051167871758e+00 1.166902693182713557e+00 1.190756065087252624e+00 1.202823439814135975e+00 1.224667679369483064e+00 1.246094032597447443e+00 1.264180232809125837e+00 1.289952361839382666e+00 1.311087930652004241e+00 1.344132789571386155e+00
-9.239698215115468155e-03 -2.574071619614610312e-02 -3.201622455011914059e-02 -4.908453393085186051e-02 -4.765867528978338930e-02 -5.838279368088318544e-02 -6.614986557149904467e-02 -6.468779689839579405e-02 -6.439623356115910247e-02 -7.102747837091051564e-02 -6.580504157119969333e-02 -7.180339433598389998e-02 -7.089572595055315674e-02 -6.775580668161811093e-02 -6.939494443647781230e-02 -7.309988642132976555e-02 -7.521221592868536365e-02 -7.480058409170668721e-02 -8.442873946710038879e-02 -9.781700514746580200e-02 -1.113585707367057143e-01 -1.198388673646935410e-01 -1.353590769966284968e-01 -1.520027195049200586e-01 -1.791132725308792195e-01 -2.078422579185608687e-01 -2.373370489669177907e-01 -2.686269750926773003e-01 -3.055151423578739700e-01 -3.913931072442640158e-01
