1.113094966952782872e-01 1.187392045651365635e-01 1.252784541286576514e-01 1.322633538554008892e-01 1.396593758723621015e-01 1.474879856955236546e-01 1.558778108778115790e-01 1.647596832253813703e-01 1.739437589197418421e-01 1.835086399216001585e-01 1.929229141931539937e-01 2.024886127614220765e-01 2.117561158072380212e-01 2.203487937338611813e-01 2.281095647291069284e-01 2.350226783072403569e-01 2.406413247487005080e-01 2.449604608351073076e-01 2.478445616613766667e-01 2.492989965589223478e-01 2.493392725897557449e-01 2.481069649171219194e-01 2.458183509048818549e-01 2.425406623890235258e-01 2.386041175877872123e-01 2.343365934336100742e-01 2.296356410715873209e-01 2.247510322733939914e-01 2.197904919388985190e-01 2.038081051128822763e-01
5.917798188916255364e-02 6.860338872748253380e-02 7.453806094595198661e-02 8.003886366065093849e-02 8.525735719622186404e-02 9.017839822950822481e-02 9.496073800702437007e-02 9.949811787081754011e-02 1.036036692152526861e-01 1.074693086537713282e-01 1.106809705776013592e-01 1.134756318037705852e-01 1.157041420491191908e-01 1.171067621026422173e-01 1.177875335179285887e-01 1.178482292065496928e-01 1.171162571533876789e-01 1.157712736461116859e-01 1.138235357899432809e-01 1.113434636425878754e-01 1.084464019615362929e-01 1.052262936902010060e-01 1.017874456069610550e-01 9.812968826425991220e-02 9.443024205692084061e-02 9.084664885611842822e-02 8.725842821527229898e-02 8.374300049595981288e-02 8.040595268905433024e-02 7.108121481249890516e-02
-1.047915179697753857e-02 -2.470152323080364309e-02 -3.446710984020882884e-02 -4.346186413566337226e-02 -5.201487465550851813e-02 -6.015141168117210668e-02 -6.765682627606242616e-02 -7.424379068730246889e-02 -7.999507370067018841e-02 -8.463525730580245821e-02 -8.805249602720888191e-02 -9.018331230241585783e-02 -9.110884990154791141e-02 -9.080820666680050612e-02 -8.945772296864229478e-02 -8.689073365507019031e-02 -8.339274435797022766e-02 -7.903328523669927996e-02 -7.392678116300724356e-02 -6.825343434954679600e-02 -6.186178365908422822e-02 -5.512222701059127372e-02 -4.806146251813489534e-02 -4.084118888348500093e-02 -3.341098331102160257e-02 -2.610892728830150472e-02 -1.880738041085976142e-02 -1.182037143098573634e-02 -4.910700581982459234e-03 1.153540637806042130e-02
3.725788077890253985e-03 -2.990561430618043914e-04 -3.903085080422235426e-03 -7.530764619110515146e-03 -1.124412309044951763e-02 -1.509016398832892583e-02 -1.885290425418685925e-02 -2.240170200980623125e-02 -2.585984618645719921e-02 -2.892715988603893063e-02 -3.164448806351058407e-02 -3.388891752499769566e-02 -3.566246672408139584e-02 -3.698089630527344462e-02 -3.782534457987336146e-02 -3.800207245483685353e-02 -3.764548298925620567e-02 -3.667327851298926578e-02 -3.510237430433296724e-02 -3.301407167241230539e-02 -3.024329074321342736e-02 -2.704689213563907929e-02 -2.343851939059416606e-02 -1.959952407786751810e-02 -1.548414136532822588e-02 -1.133021911289101846e-02 -7.135681527132415464e-03 -3.136934808627128007e-03 8.330086513491340161e-04 9.498400401935166298e-03
-9.965479715059143151e-03 -6.483618268030268139e-03 -5.951279910503950304e-03 -6.018984500874392102e-03 -6.526930152254693460e-03 -7.446554884585588133e-03 -8.559422839246239034e-03 -9.879630403176069275e-03 -1.149621951677990556e-02 -1.314937297766354332e-02 -1.504713283060445453e-02 -1.705008852356528284e-02 -1.908534319370303392e-02 -2.142050076711139381e-02 -2.386874111869864007e-02 -2.636233207902390074e-02 -2.905122456762070440e-02 -3.182559661794179262e-02 -3.467858962479680035e-02 -3.769301037814614536e-02 -4.080181767223253070e-02 -4.405995565343711479e-02 -4.753135944140977204e-02 -5.127476217463278890e-02 -5.526004376406486868e-02 -5.940352234727429293e-02 -6.376991985258637086e-02 -6.833126623901958352e-02 -7.289110633240866721e-02 -8.476750814006511758e-02
2.456394043719120068e-01 2.410107757796762507e-01 2.437586173217637098e-01 2.486309991209963433e-01 2.551251579856196328e-01 2.630076146494290112e-01 2.725060057823057713e-01 2.839019955634444203e-01 2.969773998747018418e-01 3.119786176655836574e-01 3.287458634184272643e-01 3.478141261458548850e-01 3.683557666084420479e-01 3.907825346074510486e-01 4.143684947094563586e-01 4.393716735236022908e-01 4.652858330498383932e-01 4.917480057627584555e-01 5.184043094952117681e-01 5.448685239144114290e-01 5.711010162169356530e-01 5.962181132818055174e-01 6.205202341581008696e-01 6.431727606546139286e-01 6.645939419025870265e-01 6.842717936822866331e-01 7.020117592838126530e-01 7.175488349139216293e-01 7.307535388905914697e-01 7.388135995042630633e-01
1.286324013945460698e-01 1.372409941977739134e-01 1.445495653776544820e-01 1.520152280602783401e-01 1.596589426322564120e-01 1.673899096880800685e-01 1.753785042741590749e-01 1.835949580690451333e-01 1.918173629800464797e-01 2.002565666574708247e-01 2.085190505005537487e-01 2.169624776712665570e-01 2.252249124199792729e-01 2.332496008444284730e-01 2.409243674459391471e-01 2.484097665344892070e-01 2.554646527473110607e-01 2.621447682599740148e-01 2.683681207931710722e-01 2.741014862935148289e-01 2.794121923467986490e-01 2.841317105104777530e-01 2.884476612607525525e-01 2.920941743097223431e-01 2.953441031807609307e-01 2.981814383875187602e-01 3.004224911918725871e-01 3.020719974983784861e-01 3.031306268598248921e-01 2.969796722983726323e-01
1.574341899497378947e-02 9.635502549528251678e-03 5.107495395691150075e-03 7.214198061751588009e-04 -3.663861619830358074e-03 -8.153402981295075277e-03 -1.253836817102163374e-02 -1.664269039285748777e-02 -2.062397770365735974e-02 -2.415319308563058931e-02 -2.720122643114821631e-02 -2.964226901967491334e-02 -3.150063698787052696e-02 -3.262908758404265558e-02 -3.306061506416776985e-02 -3.250112893048315299e-02 -3.101957611140646748e-02 -2.850410711017852677e-02 -2.494955192505969588e-02 -2.040376387858946691e-02 -1.462600211965147876e-02 -7.980109716141894904e-03 -4.391571062118959645e-04 7.722843835490190989e-03 1.656008297653206035e-02 2.563661372468536634e-02 3.496659794593816317e-02 4.414760436492293216e-02 5.329858788073062875e-02 7.424169219181493695e-02
3.366531826784049247e-02 2.308961677561442022e-02 1.649711636319572267e-02 1.063374839018081316e-02 5.215239707345258741e-03 1.509572636586246214e-04 -4.332095862180470464e-03 -7.962774475366859311e-03 -1.086430095224910630e-02 -1.272551063772842106e-02 -1.346746193262870692e-02 -1.293608541198208381e-02 -1.127949969324682812e-02 -8.344314466428796873e-03 -4.334629669998346299e-03 9.845717418690454192e-04 7.380407650554938331e-03 1.479582536769275675e-02 2.311634239617806064e-02 3.215212559988377822e-02 4.204919251709413053e-02 5.230926131816422686e-02 6.295476191484228323e-02 7.363667403742463202e-02 8.444543779181729048e-02 9.494004187967985953e-02 1.051563985896041831e-01 1.147300970942761317e-01 1.238011018583657086e-01 1.408850068169364977e-01
9.884232223582971322e-04 6.998436026753353245e-04 -7.084185593700630112e-04 -2.365781873279289987e-03 -4.233857059261492140e-03 -6.314139085465644841e-03 -8.389289554212735894e-03 -1.039467178271000908e-02 -1.243366826106131681e-02 -1.423106499386506824e-02 -1.592088102310604270e-02 -1.736055916567512750e-02 -1.853771259603272450e-02 -1.960748252974259601e-02 -2.048802515399186092e-02 -2.106501150026918873e-02 -2.151158987809020234e-02 -2.175658368266888965e-02 -2.182529056925771455e-02 -2.182252067179890273e-02 -2.165665090009622276e-02 -2.149085246996981433e-02 -2.136487008779961588e-02 -2.140513609139110818e-02 -2.156342567462068288e-02 -2.189306530579033377e-02 -2.242837149061576926e-02 -2.324458774364816793e-02 -2.415792702170114353e-02 -2.796790118954606968e-02
8.778163801225502549e-02 9.332510931584869773e-02 9.726535657899712528e-02 1.007991026238975740e-01 1.040055232276164976e-01 1.066650237530270828e-01 1.089931362115753311e-01 1.110327247409265139e-01 1.125376503963433639e-01 1.138987571055631309e-01 1.150014246432707610e-01 1.161357518481815621e-01 1.172296420927696481e-01 1.186054651884976968e-01 1.203152937293407859e-01 1.227745812027688371e-01 1.260914959742178154e-01 1.305013695180887723e-01 1.360748206017232120e-01 1.428240112333993839e-01 1.509974451375389048e-01 1.601342140232636935e-01 1.703438907576670380e-01 1.810875960605146662e-01 1.924780321767310676e-01 2.040026949779357446e-01 2.154707377737773710e-01 2.264624546873527655e-01 2.369187967174374854e-01 2.546812834493023536e-01
-6.098880695387448592e-02 -8.237532244417641869e-02 -9.781864143601481931e-02 -1.124845395972657452e-01 -1.267001082168443815e-01 -1.404848290794907528e-01 -1.535258758496296505e-01 -1.653790462781947745e-01 -1.760106831659465632e-01 -1.850394494883960128e-01 -1.920783517104882876e-01 -1.971137497880314227e-01 -2.000256447870942533e-01 -2.007112645546682561e-01 -1.993274865214280100e-01 -1.957364296984679952e-01 -1.902272177338299175e-01 -1.830409250107105090e-01 -1.743519197645234664e-01 -1.646322430211399068e-01 -1.538608139830366650e-01 -1.427782197363575145e-01 -1.316053644502534203e-01 -1.207848827260486341e-01 -1.104178087311715184e-01 -1.010123752871987246e-01 -9.244408732471204315e-02 -8.509225410882008400e-02 -7.866576723059598431e-02 -6.843572636633157846e-02
5.877601246941106111e-02 5.902712530755925557e-02 5.988846193000879614e-02 6.121660344099767725e-02 6.290649108391634103e-02 6.498913371968663422e-02 6.763787358585823806e-02 7.091610455136287960e-02 7.470224620849132136e-02 7.916306315284200867e-02 8.401590205638159725e-02 8.948838296567876438e-02 9.530160399902279367e-02 1.011983856414765959e-01 1.070429881891598045e-01 1.128513605516476004e-01 1.182197590124433595e-01 1.230764584679293477e-01 1.272724413113783259e-01 1.306632085851412717e-01 1.332461654569491727e-01 1.349194487349737182e-01 1.357560932450745661e-01 1.356847314032534613e-01 1.349065660107908460e-01 1.335429465688715289e-01 1.315557554434444443e-01 1.290442164316598639e-01 1.261729925602818880e-01 1.144245525171147942e-01
2.168815301272068383e-02 7.189919010622596897e-03 -1.810736468827404272e-03 -9.683719051317768098e-03 -1.681277692411435251e-02 -2.321697073576101111e-02 -2.866771143087083404e-02 -3.283335753390691919e-02 -3.578315120085606704e-02 -3.724825385252535093e-02 -3.713317199278139136e-02 -3.530340464955773749e-02 -3.196390166675630584e-02 -2.708709237283418031e-02 -2.097712675569445712e-02 -1.351942108359294181e-02 -5.122563654181774839e-03 4.004356222063860937e-03 1.365071804538708911e-02 2.350352274255810073e-02 3.360412511017749765e-02 4.345807518265876884e-02 5.304787973927867911e-02 6.209366548613284159e-02 7.069587739289950878e-02 7.855088385422782926e-02 8.574709570453312169e-02 9.205538903403820417e-02 9.769113531496774472e-02 1.058348647312827712e-01
-2.845808693369605846e-02 -4.086889530405883597e-02 -5.019909509674925358e-02 -5.913274740152580505e-02 -6.789786361828459293e-02 -7.652583042894464671e-02 -8.479632990260180248e-02 -9.246465224674774164e-02 -9.961852995668729616e-02 -1.059643052607614766e-01 -1.113981537671344668e-01 -1.158874011340293442e-01 -1.194135707964427973e-01 -1.219759536674679956e-01 -1.236394182122947105e-01 -1.242183551581559908e-01 -1.239084112253313746e-01 -1.226922728726204948e-01 -1.206199057261537477e-01 -1.178060510562848606e-01 -1.140545592122186869e-01 -1.096651163440330035e-01 -1.046808104464966027e-01 -9.922067051623445488e-02 -9.327157587961533436e-02 -8.716302438258347052e-02 -8.077802257408800424e-02 -7.444565596952394670e-02 -6.792263417278683602e-02 -5.002298779406523510e-02
9.907252630177880437e-02 9.846177448536272414e-02 9.950284369439776899e-02 1.010972411680861882e-01 1.030971151697895882e-01 1.054009404570235842e-01 1.082170512470082557e-01 1.116855480761593800e-01 1.156317613412931600e-01 1.203308144396388196e-01 1.256269460756322398e-01 1.318193904114295101e-01 1.386032807537193878e-01 1.460719827105615987e-01 1.540169610048028326e-01 1.626385724717425707e-01 1.716739756838504549e-01 1.810745144912020432e-01 1.907079340731010209e-01 2.004065408199883491e-01 2.102370441488531083e-01 2.197795030097026980e-01 2.291417602600175907e-01 2.379256028216638619e-01 2.463315758529900645e-01 2.541037924870760967e-01 2.611406033949754124e-01 2.672679977730460510e-01 2.725301768343435516e-01 2.755400658408003745e-01
-1.100099674731643967e-01 -1.189271164205591286e-01 -1.285283677830391103e-01 -1.386660427982695509e-01 -1.493302732394277132e-01 -1.604718719030386043e-01 -1.718751640685229343e-01 -1.834469360935329085e-01 -1.952391346296034058e-01 -2.069883896127463208e-01 -2.186721577415831619e-01 -2.303988984030768405e-01 -2.418718127999593681e-01 -2.533775285047853432e-01 -2.646632148486351976e-01 -2.756166601806465111e-01 -2.863154712879542041e-01 -2.965441297781038488e-01 -3.062060215325794199e-01 -3.152382107586707560e-01 -3.233684831206198318e-01 -3.304941806732673570e-01 -3.367455208076332029e-01 -3.418746226492482831e-01 -3.459815021107502386e-01 -3.491233892866623112e-01 -3.511375373051421889e-01 -3.522249441566805972e-01 -3.520210259231901784e-01 -3.390683650743810951e-01
-7.863536217488559243e-03 -5.230431140078681956e-03 -5.209189140630551829e-03 -5.754783387845331666e-03 -6.747307764898870935e-03 -8.186338771056117861e-03 -9.873436024177180415e-03 -1.181983618894236199e-02 -1.415034262480126606e-02 -1.660575889013284762e-02 -1.938592159585002944e-02 -2.237138997002637714e-02 -2.550003631216982147e-02 -2.898168945211658520e-02 -3.263713952338339469e-02 -3.633978835576961303e-02 -4.019271767767500225e-02 -4.401696699425249049e-02 -4.777006935612619631e-02 -5.144134879907507479e-02 -5.487771892255445538e-02 -5.808848289468867415e-02 -6.109297269007530479e-02 -6.390215716770045185e-02 -6.647249871744093097e-02 -6.879447693477423742e-02 -7.090384422902873407e-02 -7.286300236605229574e-02 -7.448498983381662830e-02 -7.660664565200611675e-02
-1.444258179169915779e-01 -1.476599572011966233e-01 -1.545947339970029089e-01 -1.626512365031335117e-01 -1.716139226236647886e-01 -1.813475020974701923e-01 -1.916326916816763204e-01 -2.025087254214171795e-01 -2.139647511224221088e-01 -2.257788453171224730e-01 -2.380360329231050454e-01 -2.508702921450343126e-01 -2.638458646016274556e-01 -2.775070782136407344e-01 -2.914040526928862729e-01 -3.055554122954863838e-01 -3.200335632641531092e-01 -3.346062855510286149e-01 -3.491347216793725394e-01 -3.635821403059640300e-01 -3.777679422365756712e-01 -3.914135051727994918e-01 -4.047275406314490565e-01 -4.173398756564569156e-01 -4.294014382401974417e-01 -4.406762335040336209e-01 -4.510418142540076891e-01 -4.604635355197122526e-01 -4.685290306060759802e-01 -4.747320442536911989e-01
6.075460322480913389e-02 7.597591988415333675e-02 8.577614385795989671e-02 9.506579234867347517e-02 1.041121969147916354e-01 1.130185099418151012e-01 1.219132680312876582e-01 1.305302151828180712e-01 1.387261436289065619e-01 1.465326534780032885e-01 1.532677982864264488e-01 1.591717108584478069e-01 1.640115471600300245e-01 1.671018645368802513e-01 1.685993075357833382e-01 1.683769045199600412e-01 1.660725614404792161e-01 1.618233958370262071e-01 1.556006393708701252e-01 1.475127705599275363e-01 1.375546469254899928e-01 1.261973676506605579e-01 1.135774065404744210e-01 1.000089569554784286e-01 8.574421501126708312e-02 7.144538431347902119e-02 5.697717610659548682e-02 4.281199019594796040e-02 2.912705223111204667e-02 -3.026186389024670270e-03
2.583568492337310896e-01 2.564611779853555040e-01 2.612041855218079078e-01 2.680371904310639986e-01 2.764746536172753566e-01 2.862919453081526622e-01 2.976753350773806983e-01 3.108364592442394714e-01 3.255139962993941483e-01 3.418986864916573332e-01 3.597038094281870269e-01 3.794654384561623184e-01 4.002904066059774779e-01 4.225018579225220394e-01 4.453828699745402409e-01 4.691784585592294610e-01 4.933681320365893574e-01 5.176637206441208061e-01 5.417378446892645583e-01 5.653363350501166007e-01 5.884671199236367611e-01 6.104533335622955859e-01 6.316719689552146022e-01 6.514534312527853199e-01 6.702772163553176732e-01 6.877551454244642537e-01 7.037008865105525146e-01 7.179172440823519130e-01 7.302740011308062051e-01 7.396766086752899483e-01
-4.610312155841610193e-02 -4.318822777763487580e-02 -4.419134897442586474e-02 -4.620208938448706892e-02 -4.902915102183656032e-02 -5.268192067303895804e-02 -5.697439835736489711e-02 -6.197048407608553994e-02 -6.781119811507797801e-02 -7.422465797084655537e-02 -8.139354896752187818e-02 -8.928182091937550413e-02 -9.767672692581667870e-02 -1.067972151120216984e-01 -1.163102943091779279e-01 -1.260284402059063946e-01 -1.359109596821330423e-01 -1.456091309563914693e-01 -1.549678920110825198e-01 -1.638190633290563525e-01 -1.718799082635112663e-01 -1.790078679423371955e-01 -1.852385816092251281e-01 -1.904392204508685016e-01 -1.946305935504486218e-01 -1.978361270949652029e-01 -2.000472616386746727e-01 -2.014226412515516262e-01 -2.017432044250482281e-01 -1.943263703375277818e-01
3.901409565502518828e-01 3.970305089104502749e-01 4.102045133485817674e-01 4.257107843308325923e-01 4.432404383612162935e-01 4.623549160992678209e-01 4.833206088919681509e-01 5.061969367144940612e-01 5.306653136513913571e-01 5.568939606693676936e-01 5.843543585168683441e-01 6.138016333007538794e-01 6.440497088406373916e-01 6.755421496458744457e-01 7.074169723763374940e-01 7.399556282843392507e-01 7.726733906293432597e-01 8.051979682190857357e-01 8.372041755867180024e-01 8.684248842651104416e-01 8.988517719204696110e-01 9.276441770954890753e-01 9.554070273585604234e-01 9.811345839458873730e-01 1.005469838724119214e+00 1.028016509578705717e+00 1.048278751708510370e+00 1.066152071705283255e+00 1.081282016345424424e+00 1.088019861841127200e+00
2.364134937994047669e-01 2.393570290479722917e-01 2.460968237985596829e-01 2.541671042889999121e-01 2.632953384374332462e-01 2.732201972904307330e-01 2.841435363257780455e-01 2.962028141825167604e-01 3.091186271778960659e-01 3.231444123609734653e-01 3.379984772566120288e-01 3.541945134320307886e-01 3.710306990694887674e-01 3.888659043404759097e-01 4.071943541530516630e-01 4.263256662484680160e-01 4.459390970593737347e-01 4.659002990994784432e-01 4.859983592029787358e-01 5.060600031645969832e-01 5.261544041588308573e-01 5.456353434824419146e-01 5.648484103157004332e-01 5.830830623096501242e-01 6.007509572146868537e-01 6.174196486132719208e-01 6.328384677919585144e-01 6.467622566170853071e-01 6.590290103099351038e-01 6.698983146598208593e-01
-7.227692892244624856e-02 -7.857174617184498056e-02 -8.551031479206314123e-02 -9.285510081813400096e-02 -1.005930649266998100e-01 -1.086882560395167618e-01 -1.169157145922402191e-01 -1.251740487960623094e-01 -1.335181280215658461e-01 -1.416674285146004575e-01 -1.496248935761036458e-01 -1.574022883948839047e-01 -1.647943449697951979e-01 -1.720213688824530629e-01 -1.789004066911421553e-01 -1.853232878674465622e-01 -1.914081786981421951e-01 -1.970269549102935391e-01 -2.021416436739249534e-01 -2.068034312340382985e-01 -2.108342620233534803e-01 -2.142959935978386576e-01 -2.173102546701410343e-01 -2.198208632402476326e-01 -2.218875347937566966e-01 -2.235906893112224736e-01 -2.248434338650647235e-01 -2.258061142985274550e-01 -2.261831790747969306e-01 -2.213492864250633518e-01
1.030000079196344703e-01 1.090155065685222691e-01 1.142362385558894911e-01 1.197001075827310579e-01 1.254034876910793406e-01 1.313142782384520146e-01 1.376173389996677709e-01 1.443214093652558372e-01 1.512591111670021360e-01 1.586320536394335012e-01 1.660884416398347718e-01 1.739521280114440516e-01 1.818995712891516847e-01 1.897799413486333520e-01 1.974738228788939232e-01 2.050622115152517522e-01 2.122223638682949609e-01 2.189244301382895497e-01 2.250420570678157706e-01 2.304466720922066780e-01 2.351317099138928723e-01 2.389181910411666832e-01 2.419240705619432052e-01 2.439187640281237912e-01 2.451399892369658107e-01 2.456522840232285010e-01 2.453081547469712353e-01 2.441897102381581086e-01 2.423602455625734065e-01 2.290264855972456437e-01
-1.243786758013569055e-01 -1.321554292540903786e-01 -1.413518071365434392e-01 -1.512597703543928362e-01 -1.618091872250848051e-01 -1.729229386935552670e-01 -1.843725993050211731e-01 -1.960806254860175679e-01 -2.080630578451170276e-01 -2.200493480888713882e-01 -2.320054272811890583e-01 -2.440439774516969251e-01 -2.558005208165814448e-01 -2.676109784760961618e-01 -2.791650375488579638e-01 -2.903899967250085368e-01 -3.013588262246857941e-01 -3.118863768789292834e-01 -3.218753648914835508e-01 -3.313308245780549610e-01 -3.400391767303929114e-01 -3.479279807785629064e-01 -3.551817417281767919e-01 -3.615872359166175665e-01 -3.672796194355427146e-01 -3.722645632251950221e-01 -3.763991673755159861e-01 -3.798248219185921815e-01 -3.821677613382538641e-01 -3.768804324241318282e-01
-1.236896129193675170e-01 -1.275622499431984247e-01 -1.341671084010889747e-01 -1.414347121485937386e-01 -1.492327554899779973e-01 -1.573536353880713723e-01 -1.655953473086445860e-01 -1.739889393203264412e-01 -1.825027475800489740e-01 -1.909999160296896870e-01 -1.996752906701569352e-01 -2.086363666023594021e-01 -2.176184618059394671e-01 -2.273478604970571026e-01 -2.375195731297473634e-01 -2.482986414059433211e-01 -2.599818345426086474e-01 -2.724786673619818411e-01 -2.857609482129575551e-01 -2.998512130200996495e-01 -3.146750871156041574e-01 -3.298338241808214111e-01 -3.455031233253082479e-01 -3.611664561322722178e-01 -3.768917334146351661e-01 -3.921946361802893244e-01 -4.069256515805076968e-01 -4.208326359278191098e-01 -4.334507087958328064e-01 -4.512860273110663734e-01
-3.626054678161971800e-02 -2.598853523430101967e-02 -2.247119413313124203e-02 -2.046239465209882813e-02 -1.954133592744711212e-02 -1.968185255420503918e-02 -2.064027572827612303e-02 -2.255509046919945693e-02 -2.550791687354498141e-02 -2.918915186338513074e-02 -3.385478123603648248e-02 -3.937442225445539346e-02 -4.546388097042873555e-02 -5.244015317149276767e-02 -5.986003259648680491e-02 -6.763535657262723100e-02 -7.573852574649972413e-02 -8.391053560075886764e-02 -9.203427734677704919e-02 -1.001313162943746476e-01 -1.081202498792888378e-01 -1.159695036265271095e-01 -1.238231582395108027e-01 -1.317317457303063544e-01 -1.397565728934710982e-01 -1.477445224365466214e-01 -1.558331787436496030e-01 -1.639581039390031192e-01 -1.719293535581923882e-01 -1.907804036510349355e-01
9.470966512281921157e-02 9.600737382108881501e-02 9.807075280453839139e-02 1.005184545249220296e-01 1.032574296789696283e-01 1.061973444427714575e-01 1.095424431955769329e-01 1.133942195061357350e-01 1.175775835169341754e-01 1.223605258629491821e-01 1.275488432403058259e-01 1.334405354418568557e-01 1.397568994270626530e-01 1.465452659514571987e-01 1.536469610882518211e-01 1.612486463212276511e-01 1.691045344391714500e-01 1.771946547093500857e-01 1.854064086577522086e-01 1.935943731662381484e-01 2.018231702590762011e-01 2.097303864341556190e-01 2.174195129362736512e-01 2.245286561202968767e-01 2.312530977815221989e-01 2.373960045559288246e-01 2.428417509228255056e-01 2.474583033745997307e-01 2.512914884549002359e-01 2.514494686490207909e-01
-1.362410666373554402e-01 -1.413172449742212400e-01 -1.492415318672273283e-01 -1.581596352077392631e-01 -1.679099421998167807e-01 -1.783909588282499847e-01 -1.893730400433031313e-01 -2.008427667472830747e-01 -2.128036510220001620e-01 -2.249976059019468400e-01 -2.374463521690784173e-01 -2.502708161673768972e-01 -2.630521256603849389e-01 -2.762168651336735503e-01 -2.893666285859325393e-01 -3.024625513243162089e-01 -3.155563303539136721e-01 -3.284246178999147281e-01 -3.409401612798383940e-01 -3.530835314354993093e-01 -3.646521400208785901e-01 -3.754786323563717998e-01 -3.857681774654639351e-01 -3.952412037424645752e-01 -4.040513407018435643e-01 -4.120963962684890403e-01 -4.192502748880101437e-01 -4.255785411014496034e-01 -4.306920395085349629e-01 -4.309817370863414099e-01
-1.610129231640883840e-01 -1.759469689760681244e-01 -1.904489746880094758e-01 -2.055526515046621205e-01 -2.212750235828556122e-01 -2.375728983571166186e-01 -2.541844712977436860e-01 -2.709174006292940362e-01 -2.877597734779066552e-01 -3.043781873936049487e-01 -3.205295546861827716e-01 -3.364049845492812496e-01 -3.515206086961595311e-01 -3.660701497203858179e-01 -3.797497459231107264e-01 -3.924104131150056851e-01 -4.040562346617879164e-01 -4.145100749127509365e-01 -4.236564636632454417e-01 -4.315414978211077890e-01 -4.378916597628601526e-01 -4.428044083227692940e-01 -4.465284403630863652e-01 -4.489415879576370560e-01 -4.502654706003350604e-01 -4.507483437792746961e-01 -4.501830009872471727e-01 -4.489161295940460317e-01 -4.465446573479955328e-01 -4.284800257455020356e-01
1.068752375414607630e-02 2.390385105283559727e-02 3.061312328357615811e-02 3.609214311216846216e-02 4.067962885267815965e-02 4.436234320107076967e-02 4.728821121059061799e-02 4.922857232339341443e-02 4.998804477100469990e-02 4.977289219291747974e-02 4.813687847763176153e-02 4.523234115888398466e-02 4.113230573658298306e-02 3.550677591611536843e-02 2.871955896221215984e-02 2.091475419037503586e-02 1.211647194260729449e-02 2.722588517493011728e-03 -7.101004216738048685e-03 -1.710836988287640914e-02 -2.706084431976681429e-02 -3.665227313309272344e-02 -4.581408335704201251e-02 -5.438080045537731222e-02 -6.226448887551176703e-02 -6.926123868533670680e-02 -7.548450129153824739e-02 -8.089456035782585652e-02 -8.535720004482019729e-02 -9.068220066388343881e-02
1.565598950767402853e-01 1.541408550214795614e-01 1.556129543657691350e-01 1.581668020232601113e-01 1.615183961814951608e-01 1.654737624223378001e-01 1.702429283137870675e-01 1.760309466019127911e-01 1.826162020292891319e-01 1.902898083125404427e-01 1.989308618054422273e-01 2.089182331607767062e-01 2.197743163236816621e-01 2.318075662053250829e-01 2.446305626258408195e-01 2.585369109212267702e-01 2.732496689471617946e-01 2.886643618410982826e-01 3.046039535892642869e-01 3.208743696629878794e-01 3.375687928807674654e-01 3.540627435107779886e-01 3.705627550547205273e-01 3.864664991470185829e-01 4.020536814636566092e-01 4.168548466765460980e-01 4.307331023371797074e-01 4.433751663154370526e-01 4.547315125086078269e-01 4.681333898884492695e-01
5.991280773287539080e-02 6.030441850637149881e-02 6.084691465494505846e-02 6.153733542772142628e-02 6.231831032906191142e-02 6.312036889808742002e-02 6.414489499542683215e-02 6.548078536980805886e-02 6.696357931414879949e-02 6.886595737008488483e-02 7.101956577367979362e-02 7.365512137092236622e-02 7.660191000366463332e-02 7.985717197705420600e-02 8.335132806562373098e-02 8.727062904905986962e-02 9.141944680376136445e-02 9.584414584610564947e-02 1.004807082745634850e-01 1.052412524585585873e-01 1.102382012471365275e-01 1.152043101039726125e-01 1.202062516201554687e-01 1.249925595676444900e-01 1.297070262521553552e-01 1.341743351398220208e-01 1.383217837023246466e-01 1.419991015902365983e-01 1.452999778229445704e-01 1.481791932883342600e-01
-2.162133938626213669e-01 -2.221650066365490339e-01 -2.327537234664564525e-01 -2.449364522307942715e-01 -2.583958194409421982e-01 -2.729637514329719683e-01 -2.883754125868373541e-01 -3.046693551175158055e-01 -3.217578165531499446e-01 -3.393814702388145421e-01 -3.575027312832399495e-01 -3.763738025262375331e-01 -3.952940311315277233e-01 -4.148877660481345986e-01 -4.345254266342933325e-01 -4.542515577743871380e-01 -4.740464591085296053e-01 -4.936408148214636027e-01 -5.128253587825087889e-01 -5.315906709783911888e-01 -5.497458065814565531e-01 -5.669874511264754169e-01 -5.836611719524334996e-01 -5.993364147068269698e-01 -6.143066674689381390e-01 -6.283283545781974677e-01 -6.412362846873375100e-01 -6.530165786787970328e-01 -6.631691163302741998e-01 -6.704854635935836304e-01
-3.249491540320557925e-02 -4.331787185906595117e-02 -5.206837391191880549e-02 -6.069967398151211724e-02 -6.935739217909289711e-02 -7.809723019858608173e-02 -8.668187163515292393e-02 -9.489025747586558868e-02 -1.028210576951950478e-01 -1.101507878558552755e-01 -1.167770100983046427e-01 -1.226716022967462572e-01 -1.277531517917569748e-01 -1.319976893552335662e-01 -1.354002514415202085e-01 -1.377433994474517587e-01 -1.391473298050636687e-01 -1.395312749928353802e-01 -1.389013888216680259e-01 -1.373308881293295036e-01 -1.345878002148072627e-01 -1.309584070705097913e-01 -1.264904170045531573e-01 -1.213172462449244593e-01 -1.154507484136145096e-01 -1.092472616996553736e-01 -1.026187590986545189e-01 -9.592555902144163371e-02 -8.893638632428775559e-02 -6.900203022020545696e-02
-2.555719397627366218e-01 -2.601853501534964197e-01 -2.713652146886199601e-01 -2.847795753195315749e-01 -2.999894504711327903e-01 -3.168586170104835120e-01 -3.351182493670861184e-01 -3.548717794393154712e-01 -3.760522353398295103e-01 -3.983600040690201127e-01 -4.217240962031015283e-01 -4.464768167008235644e-01 -4.717146894959487469e-01 -4.980297134615777055e-01 -5.245885167741166644e-01 -5.513372215306933111e-01 -5.780459931293971954e-01 -6.042343624452042317e-01 -6.295451136686609495e-01 -6.537953482887979284e-01 -6.766440109491791421e-01 -6.976595092713966384e-01 -7.172159641592332768e-01 -7.347859908969412990e-01 -7.507499106475313821e-01 -7.649473163874561665e-01 -7.771918679536161667e-01 -7.876091489913261690e-01 -7.956858366155634688e-01 -7.916512727601776600e-01
-1.765806398976036903e-02 -2.727544790691607129e-02 -3.466255106956225851e-02 -4.175633908656765231e-02 -4.873330488085915457e-02 -5.561365203811144409e-02 -6.217612434421056905e-02 -6.820977594067362260e-02 -7.380235020363160037e-02 -7.866319131494452221e-02 -8.274235210417080211e-02 -8.597029808622083658e-02 -8.834483014899408015e-02 -8.989832032806227557e-02 -9.067962101626587945e-02 -9.052773312883782841e-02 -8.965185831843276720e-02 -8.804541020366191129e-02 -8.576816355615260457e-02 -8.295902834147576843e-02 -7.946557112724240979e-02 -7.557948658219348914e-02 -7.134737155748094306e-02 -6.690971389418291781e-02 -6.224186306961295573e-02 -5.760391475787221549e-02 -5.291950144448893945e-02 -4.844600993330152455e-02 -4.395624857279011033e-02 -3.276292723307651367e-02
-8.528513923204864011e-02 -8.568731477846930344e-02 -8.965948989342138742e-02 -9.469066829564555532e-02 -1.005668950377635040e-01 -1.072496675577042785e-01 -1.144995151741402678e-01 -1.223185802401734190e-01 -1.307593640552023040e-01 -1.395148031183334469e-01 -1.486517240605200463e-01 -1.581762544377934010e-01 -1.677515868639206376e-01 -1.776522349787268140e-01 -1.875153587421589663e-01 -1.972299001388153061e-01 -2.067949549396137232e-01 -2.159821822519032986e-01 -2.246728951830820331e-01 -2.328761037983306803e-01 -2.404109090612181476e-01 -2.472646575812660341e-01 -2.535989616466183261e-01 -2.593542011121479640e-01 -2.646403813269749827e-01 -2.694600423960795132e-01 -2.737955622070129547e-01 -2.777539144760246548e-01 -2.810568024106096519e-01 -2.829038975332329175e-01
3.154807804628655399e-01 3.203192118108232900e-01 3.301566136445137634e-01 3.417258852631859800e-01 3.547300370349716347e-01 3.687818084129295682e-01 3.841109196893179867e-01 4.008369929816137933e-01 4.186373330033694717e-01 4.377633345010303323e-01 4.578701410446970321e-01 4.795902277396276725e-01 5.020215828853659135e-01 5.256835804211489327e-01 5.499149440398463096e-01 5.750876528639369267e-01 6.008790157683343569e-01 6.270915569163230119e-01 6.534888104135446740e-01 6.798756311413594045e-01 7.063303678290568932e-01 7.320377810361116122e-01 7.574819751261664402e-01 7.817264466177831217e-01 8.052863897155002615e-01 8.276129245717734895e-01 8.483323254129603308e-01 8.671553258579876022e-01 8.837915021668030224e-01 8.996710085099128840e-01
-2.033108741453534471e-02 -2.998403780035613364e-02 -3.750920775672093865e-02 -4.480227172352854725e-02 -5.202841741757273375e-02 -5.922062291493469105e-02 -6.615129717420632771e-02 -7.260826121222965779e-02 -7.868189619488752395e-02 -8.406768981379053596e-02 -8.869721203034197643e-02 -9.250513685325639779e-02 -9.546606062354684452e-02 -9.758155399819937181e-02 -9.888454257794296320e-02 -9.919032912432539095e-02 -9.867495506101384151e-02 -9.731231539029672195e-02 -9.514682522134607079e-02 -9.230602707022114717e-02 -8.861882886622114708e-02 -8.439637794852786201e-02 -7.968896507490408343e-02 -7.465813266761434086e-02 -6.929130071872083296e-02 -6.389143129008444111e-02 -5.838537424079599802e-02 -5.306888530004472831e-02 -4.772312658557443382e-02 -3.436166102429028674e-02
6.708437331268941872e-02 5.788880093732147458e-02 5.294083801831098168e-02 4.884542095404938861e-02 4.529348475442773053e-02 4.214857510915000216e-02 3.962304622018697486e-02 3.797662053647746228e-02 3.704010471424160067e-02 3.711984894824566644e-02 3.825180331455933780e-02 4.063405688168793967e-02 4.402664352370719292e-02 4.865957901727929052e-02 5.427445791596930552e-02 6.115606905353353218e-02 6.908832017603386277e-02 7.804038209118527303e-02 8.790219459817291692e-02 9.853767152732723078e-02 1.101319106672644793e-01 1.221757077283822518e-01 1.347676613743829521e-01 1.475184491082245086e-01 1.605757697684990770e-01 1.734413068784915746e-01 1.861251344529226970e-01 1.982180605657616057e-01 2.098059265160475417e-01 2.322068113536432943e-01
-1.287086643373833508e-02 -2.217300362513193249e-02 -2.895887316648591836e-02 -3.523455480226607428e-02 -4.116463135457684719e-02 -4.669639560104424381e-02 -5.158130652355640694e-02 -5.559097909997429143e-02 -5.873832871949886958e-02 -6.076278985365651808e-02 -6.164815562335859700e-02 -6.127553768553522379e-02 -5.970026689372830847e-02 -5.710764715837948757e-02 -5.360871307625960508e-02 -4.920022547562934168e-02 -4.427544491276019095e-02 -3.902710052382019762e-02 -3.363592884124688015e-02 -2.845868215982301844e-02 -2.355207955047644575e-02 -1.928909478104069708e-02 -1.578291829160744647e-02 -1.324604916614162409e-02 -1.163976279754259241e-02 -1.102416873171387091e-02 -1.136344195324128642e-02 -1.267771199524857229e-02 -1.470620991177573264e-02 -2.503749129757879693e-02
5.822867636335908592e-02 6.540456255209166347e-02 6.999755757979021775e-02 7.431646358640442429e-02 7.845822454250028777e-02 8.240374570624015016e-02 8.632306654586398287e-02 9.015764294175809823e-02 9.373329378269817935e-02 9.725814894805819011e-02 1.003761954854767435e-01 1.033238593438369490e-01 1.059437907769176929e-01 1.080243878894915077e-01 1.096218907992737995e-01 1.108450743768036595e-01 1.115007552453096684e-01 1.117193817151087287e-01 1.114850449407630006e-01 1.108132603094778151e-01 1.098047120303733692e-01 1.084648690570529650e-01 1.068829870761620754e-01 1.050026833696418305e-01 1.029931575210759342e-01 1.009511789249428332e-01 9.876940927773233958e-02 9.649016478055881529e-02 9.422123823045017166e-02 8.631528393936559185e-02
-5.622069547094753206e-02 -6.053374548861412824e-02 -6.596066561134762696e-02 -7.188648862274446549e-02 -7.825882639107614724e-02 -8.506890889778195852e-02 -9.208002609005375150e-02 -9.919611987755733162e-02 -1.064854015484288235e-01 -1.136361453784732328e-01 -1.206546557413892828e-01 -1.275081644674063153e-01 -1.339971836686315310e-01 -1.402733298661701933e-01 -1.461484354644109473e-01 -1.514817114152192945e-01 -1.563540864642728456e-01 -1.606342291154658208e-01 -1.642822790462706850e-01 -1.673744703570672343e-01 -1.697477924259868098e-01 -1.715474214910562289e-01 -1.728948085712889160e-01 -1.738448879195368946e-01 -1.744556643823212405e-01 -1.748604522815889184e-01 -1.750237691305248644e-01 -1.751267243419687425e-01 -1.749182823913609797e-01 -1.713455965950302085e-01
-3.371655170624052178e-01 -3.468693884604742150e-01 -3.630537196193956984e-01 -3.816889284487557932e-01 -4.022375191141615014e-01 -4.244821137393490762e-01 -4.480847267721866367e-01 -4.731120118449916312e-01 -4.993475066933072970e-01 -5.264998685235050546e-01 -5.543655958354583024e-01 -5.834152629618497565e-01 -6.124859400427686840e-01 -6.424147879220200030e-01 -6.722361843722554076e-01 -7.020679177217432620e-01 -7.317333917808901411e-01 -7.608893210633068671e-01 -7.891856448842510252e-01 -8.166242112272384945e-01 -8.430030666013144103e-01 -8.678942661865951536e-01 -8.918516267013840704e-01 -9.142972847710888473e-01 -9.357460621293416381e-01 -9.558682167616895375e-01 -9.744380974642508075e-01 -9.914113347809585530e-01 -1.006135886250548950e+00 -1.016292338594035227e+00
-2.514592120987715895e-01 -2.384766409747992311e-01 -2.397856117531274589e-01 -2.450091465550801040e-01 -2.532365560539932003e-01 -2.643903389308370211e-01 -2.781903924948868068e-01 -2.950388028183846822e-01 -3.149304274360524847e-01 -3.374675320847780879e-01 -3.627764496084391332e-01 -3.910991132801882042e-01 -4.212687250391609628e-01 -4.538404954655189116e-01 -4.875334782495958641e-01 -5.221581031457441791e-01 -5.571039658689256324e-01 -5.915195112893147922e-01 -6.248144066498676485e-01 -6.566159375088117534e-01 -6.865022537084664034e-01 -7.139011985864887055e-01 -7.392391588369642275e-01 -7.620761630772094897e-01 -7.828930401616612800e-01 -8.014736094000165512e-01 -8.178369917189119986e-01 -8.321122019145268389e-01 -8.439010015351189331e-01 -8.492462268439937567e-01
2.558356931788387523e-01 2.706559053286657912e-01 2.849205431212117334e-01 2.998278303780070320e-01 3.153649769595828212e-01 3.312906499724992404e-01 3.477588472589513979e-01 3.646746842177258641e-01 3.817015068990662341e-01 3.990127721340551159e-01 4.160284357871602001e-01 4.333026871638152033e-01 4.501266651418530107e-01 4.666295750484818483e-01 4.824898776478619422e-01 4.979631870261974069e-01 5.127883650530007387e-01 5.270068521985520338e-01 5.405013154162410238e-01 5.533066711804308646e-01 5.655099947749588907e-01 5.768517525656636780e-01 5.877594236604825051e-01 5.977479973529482571e-01 6.072988814395250401e-01 6.163112961597461137e-01 6.244428230163657778e-01 6.316841539952525730e-01 6.378416002126486850e-01 6.373924883645719630e-01
-6.460052573503019535e-02 -6.748862990380560811e-02 -7.186837471910006991e-02 -7.658993504374254913e-02 -8.157787489452403284e-02 -8.670415648233467665e-02 -9.174706476713111181e-02 -9.666683540556972321e-02 -1.014633895386464202e-01 -1.059366607383891712e-01 -1.102305958730616514e-01 -1.143181977345761602e-01 -1.180651785385422314e-01 -1.219507763831701036e-01 -1.258035134778833775e-01 -1.296997172012829269e-01 -1.339363029859039766e-01 -1.385158529535988337e-01 -1.434825017860767715e-01 -1.490010903894691818e-01 -1.550683217693053784e-01 -1.616399907508774270e-01 -1.688573361411800366e-01 -1.765869955161977756e-01 -1.848444663339228744e-01 -1.933793876276441726e-01 -2.021449416008596345e-01 -2.109919725318426531e-01 -2.195862248923495241e-01 -2.374521628033295362e-01
