-3.505398631095886230e-01
9.043706953525543213e-02
2.483653068542480469e+00
-6.224305033683776855e-01
-1.441553354263305664e+00
-1.622873902320861816e+00
1.643223881721496582e+00
-2.719220221042633057e-01
1.753912925720214844e+00
3.753527998924255371e-01
-2.139901161193847656e+00
-1.595579504966735840e+00
-1.253207087516784668e+00
6.986241340637207031e-01
-5.103775262832641602e-01
-1.648834943771362305e-01
7.959868907928466797e-01
6.164996623992919922e-01
-2.073581457138061523e+00
-2.523181200027465820e+00
6.937462091445922852e-01
-9.889439344406127930e-01
6.279496550559997559e-01
-1.234032034873962402e+00
-4.747826159000396729e-01
1.688376367092132568e-01
1.171541094779968262e+00
8.741074800491333008e-01
1.745621860027313232e-01
-1.155567765235900879e+00
4.764097034931182861e-01
8.497847914695739746e-01
-1.439244866371154785e+00
-5.812405347824096680e-01
-1.182728648185729980e+00
6.937941312789916992e-01
-5.871623754501342773e-01
-1.233340263366699219e+00
-2.824298143386840820e-01
9.715818166732788086e-01
1.415873408317565918e+00
3.653607368469238281e-01
4.261924624443054199e-01
6.323271989822387695e-01
-3.757029473781585693e-01
4.433895945549011230e-01
1.825592041015625000e+00
-3.637138903141021729e-01
-5.958546400070190430e-01
-9.197954535484313965e-01
-9.443808794021606445e-01
1.434660315513610840e+00
2.959177017211914062e+00
-1.479299545288085938e+00
4.099610149860382080e-01
