-5.849121212959289551e-01 -6.289191544055938721e-02 -4.300297200679779053e-01 2.059718966484069824e-01 -2.736450731754302979e-01 3.417226374149322510e-01 6.600941419601440430e-01 -3.689285516738891602e-01 -3.872447833418846130e-02 -2.218648493289947510e-01
-4.253056049346923828e-01 -9.030491858720779419e-02 -4.974060058593750000e-01 4.950227737426757812e-01 -2.546291351318359375e-01 1.397849619388580322e-02 5.632814764976501465e-01 -4.655170440673828125e-01 -2.162106484174728394e-01 -3.472938016057014465e-02
-4.823492169380187988e-01 -2.481045275926589966e-01 -3.085255324840545654e-01 4.595449566841125488e-01 -3.131951093673706055e-01 -4.884111508727073669e-02 7.537956237792968750e-01 -1.979900747537612915e-01 -1.182970851659774780e-01 3.569561243057250977e-01
-2.945274710655212402e-01 5.160965323448181152e-01 6.441465020179748535e-01 2.108641155064105988e-02 3.139870166778564453e-01 -3.129922151565551758e-01 -9.249247312545776367e-01 9.862950444221496582e-01 9.316631555557250977e-01 -2.340904772281646729e-01
3.104889690876007080e-01 -3.193145692348480225e-01 5.063601732254028320e-01 -1.361300703138113022e-02 3.168374001979827881e-01 -7.608287781476974487e-02 -1.142003536224365234e+00 7.793933749198913574e-01 8.014077544212341309e-01 -1.812407374382019043e-01
-1.598968505859375000e+00 -1.741139888763427734e+00 1.790510892868041992e+00 1.601247310638427734e+00 1.730125546455383301e-01 6.289099454879760742e-01 -3.508996069431304932e-01 1.121857404708862305e+00 1.561784625053405762e+00 -3.952001631259918213e-01
6.676185727119445801e-01 3.419353067874908447e-01 3.727166950702667236e-01 -5.939341187477111816e-01 3.824064731597900391e-01 -3.508350551128387451e-01 -5.044275522232055664e-01 4.263908863067626953e-01 -2.399900369346141815e-02 -7.671162486076354980e-02
-3.604239821434020996e-01 -2.701593935489654541e-01 -3.310266137123107910e-01 5.126665830612182617e-01 -4.989000558853149414e-01 -3.135288357734680176e-01 4.623277783393859863e-01 -1.812492460012435913e-01 -6.997397541999816895e-01 4.002133011817932129e-01
-5.362117886543273926e-01 -1.299845874309539795e-01 1.364742219448089600e-01 -1.441776454448699951e-01 -2.938188612461090088e-01 -7.936835289001464844e-02 8.600662350654602051e-01 1.269613623619079590e+00 5.474333763122558594e-01 5.212441682815551758e-01
8.903142213821411133e-01 -1.691346317529678345e-01 -3.467288911342620850e-01 -1.487931728363037109e+00 -6.209331750869750977e-01 9.877362847328186035e-01 9.870371222496032715e-01 4.554834365844726562e-01 -6.844094991683959961e-01 3.007780611515045166e-01
