6.629095673561096191e-01 -4.175674915313720703e-01 6.229646131396293640e-02 3.676741421222686768e-01 -3.971653580665588379e-01 7.466289401054382324e-01 -3.799831271171569824e-01 -2.785115242004394531e-01 -6.426889896392822266e-01 4.860612750053405762e-01
-4.226812422275543213e-01 2.303093373775482178e-01 1.378713399171829224e-01 -6.587209105491638184e-01 1.980551481246948242e-01 -1.199026823043823242e+00 7.909939885139465332e-01 -2.252497151494026184e-02 5.633614063262939453e-01 -5.545067787170410156e-01
-1.533606171607971191e+00 1.548433065414428711e+00 1.296346664428710938e+00 -1.630442619323730469e+00 3.299590587615966797e+00 -3.255014657974243164e+00 -1.495444416999816895e+00 2.179487466812133789e+00 1.810038685798645020e+00 5.496557354927062988e-01
-3.853495121002197266e-01 4.950998723506927490e-02 2.106292992830276489e-01 -5.576205253601074219e-01 -2.916767001152038574e-01 -1.179517626762390137e+00 9.095053076744079590e-01 -8.824307918548583984e-01 2.635152041912078857e-01 -3.779437243938446045e-01
-2.252063304185867310e-01 -5.904881954193115234e-01 -2.334280163049697876e-01 -1.218678593635559082e+00 2.473874807357788086e+00 -6.600737094879150391e+00 -1.173628211021423340e+00 5.552047491073608398e-01 1.677495002746582031e+00 -4.628822803497314453e-01
5.718343257904052734e-01 -9.795233607292175293e-02 -6.067898869514465332e-01 4.920818805694580078e-01 -1.040497779846191406e+00 2.701194770634174347e-02 3.360483348369598389e-01 -7.533238530158996582e-01 5.488258600234985352e-01 3.734152913093566895e-01
1.352070868015289307e-01 6.325466632843017578e-01 1.280383944511413574e+00 1.253647565841674805e+00 4.872255325317382812e-01 1.881722092628479004e+00 -1.195796251296997070e+00 1.301742672920227051e+00 -1.360239267349243164e+00 1.112942099571228027e+00
5.015586018562316895e-01 -2.709930539131164551e-01 8.026521652936935425e-02 4.727226495742797852e-01 -1.167460441589355469e+00 8.663500547409057617e-01 -9.498128294944763184e-01 -5.118532776832580566e-01 -8.337084054946899414e-01 4.748975336551666260e-01
6.108822822570800781e-01 -6.674942970275878906e-01 -5.345706343650817871e-01 8.207753896713256836e-01 1.042300388216972351e-01 5.687687993049621582e-01 -1.445528984069824219e+00 1.041639447212219238e+00 -3.194378316402435303e-01 5.637745857238769531e-01
-3.952513933181762695e-01 -5.362350493669509888e-02 -6.677477955818176270e-01 -1.299969196319580078e+00 -3.444293439388275146e-01 -1.843899846076965332e+00 1.989484071731567383e+00 -8.122367262840270996e-01 7.416656017303466797e-01 -1.706161797046661377e-01
