8.587973713874816895e-01
1.628745943307876587e-01
1.157499790191650391e+00
3.878284990787506104e-01
-1.191133499145507812e+00
-8.734958767890930176e-01
-8.455955386161804199e-01
-1.965413093566894531e+00
6.470934301614761353e-02
3.344952762126922607e-01
-4.806161224842071533e-01
-3.980462253093719482e-01
-3.056148886680603027e-01
-3.836071789264678955e-01
-1.033043742179870605e+00
3.610665500164031982e-01
1.934365928173065186e-01
1.524541139602661133e+00
-2.343696951866149902e-01
2.485435456037521362e-01
-1.095912456512451172e+00
-4.964189231395721436e-01
-1.048800945281982422e+00
1.679283499717712402e+00
3.297124207019805908e-01
8.846783638000488281e-01
9.337832033634185791e-02
8.392853736877441406e-01
-4.120681285858154297e-01
9.182744622230529785e-01
-1.315561681985855103e-01
-6.232140660285949707e-01
2.891877889633178711e-01
2.363210439682006836e+00
-1.045721411705017090e+00
-1.312744975090026855e+00
1.642873048782348633e+00
-3.775223195552825928e-01
1.084271073341369629e+00
-6.526606082916259766e-01
1.018903613090515137e+00
9.928527474403381348e-01
-3.860786855220794678e-01
-8.438733220100402832e-01
1.706937074661254883e+00
-1.680895090103149414e-01
-4.622792601585388184e-01
-3.110398530960083008e+00
-4.576728940010070801e-01
2.794548273086547852e+00
-2.622142314910888672e+00
3.014640510082244873e-01
-7.081069946289062500e-01
6.819595098495483398e-01
5.079688429832458496e-01
