5.208379626274108887e-01
7.578760385513305664e-01
-9.160639047622680664e-01
5.073384046554565430e-01
3.047982931137084961e+00
-1.473018765449523926e+00
-3.465922474861145020e-01
-1.043316006660461426e+00
-7.983275651931762695e-01
-3.041238524019718170e-02
2.609975337982177734e+00
1.994214355945587158e-01
6.540073752403259277e-01
-2.459362745285034180e+00
-1.294463723897933960e-01
-2.297402769327163696e-01
-1.205186247825622559e+00
-7.209115624427795410e-01
-1.255413055419921875e+00
3.584339842200279236e-02
9.036443829536437988e-01
-3.786645829677581787e-01
5.100381374359130859e-01
1.668714880943298340e+00
8.493486046791076660e-01
8.843835592269897461e-01
2.126100540161132812e+00
8.404591083526611328e-01
-7.586032152175903320e-01
9.414898753166198730e-01
-2.387436628341674805e+00
4.760252535343170166e-01
8.333569765090942383e-01
5.482920408248901367e-01
1.030337929725646973e+00
-6.433150172233581543e-01
9.594832062721252441e-01
2.496916204690933228e-01
-6.313452124595642090e-01
-2.255192518234252930e+00
1.346327185630798340e+00
8.643600940704345703e-01
2.005979269742965698e-01
1.254497289657592773e+00
-1.321616172790527344e+00
4.531102478504180908e-01
7.910422980785369873e-02
-6.799278259277343750e-01
9.808697700500488281e-01
2.222125083208084106e-01
1.610696315765380859e+00
1.944519579410552979e-01
-1.580323441885411739e-04
9.013550281524658203e-01
1.791013598442077637e+00
