4.176761298307846149e-02 7.171239742407950479e-02 1.020914169685981504e-01 1.367480351062739241e-01 1.718121573382508926e-01 2.078513464763002694e-01 2.447649597962125168e-01 2.814845938885656706e-01 3.189406868710272791e-01 3.537375277557922582e-01 3.896219914319118405e-01 4.225611311309491747e-01 4.503935976028585753e-01 4.729896368907779980e-01 5.030220708812407349e-01 5.209719826467137382e-01 5.351196138552196668e-01 5.508998715812101210e-01 5.544985274005311826e-01 5.601409978276965518e-01 5.582525435403905556e-01 5.568586445423706621e-01 5.481819269542269613e-01 5.379752702632920602e-01 5.282874948583928809e-01 5.120834747561796574e-01 4.987847563371850534e-01 4.887797452477133930e-01 4.724000228050846406e-01 4.346854412986512761e-01
2.580433001398396362e-02 5.595427189303514570e-02 8.238659358549699219e-02 1.101370041776487119e-01 1.365999170732520585e-01 1.609779953675251618e-01 1.855060418321990423e-01 2.069511751710543801e-01 2.269215788985142479e-01 2.451817217182876707e-01 2.641605453002081605e-01 2.767251129252782382e-01 2.873180866534135736e-01 2.926667637930724375e-01 3.051107384149820412e-01 3.075988294066167583e-01 3.065351558135660515e-01 3.080274158713084964e-01 3.034903082805580077e-01 3.008818601497645351e-01 2.940914488440002361e-01 2.889843967016880733e-01 2.791371961498405052e-01 2.694396579815675485e-01 2.605811909018505013e-01 2.480246296277716367e-01 2.375283716660368805e-01 2.294110770720720061e-01 2.172743787056284070e-01 1.888120983990735080e-01
-2.771933779292488909e-04 -2.001450464506057333e-02 -3.286680763997362059e-02 -4.371810693686115773e-02 -5.316922486600179215e-02 -5.996592489283611438e-02 -6.637702505225713534e-02 -6.842846339654402865e-02 -7.055728372380984381e-02 -7.034065274884941654e-02 -7.106682677882908417e-02 -6.610583739734043895e-02 -6.225233582905138896e-02 -5.519235937016409022e-02 -5.012525058471138661e-02 -4.213908484081091421e-02 -2.981400227995366706e-02 -2.020379025629072053e-02 -9.604798958670678760e-03 -6.640980475835014940e-05 1.319055691231163854e-02 2.346555543331338770e-02 3.663555462112171729e-02 5.117682239127764598e-02 6.392575412589784900e-02 7.864571289280319899e-02 9.323087760953790992e-02 1.092703735382136443e-01 1.243557551050136212e-01 1.692049732495787828e-01
6.033509785784221813e-03 6.732802230384424616e-03 7.833258231773665425e-03 9.666116425080608504e-03 1.117002398097542010e-02 1.226983655888986072e-02 1.335051237946418244e-02 1.556104000812789413e-02 1.600388875021004076e-02 1.796205230575360912e-02 1.924126394571431045e-02 2.104063451209034832e-02 2.244538823154771517e-02 2.423726095999563859e-02 2.738058081288377577e-02 2.938372841127463025e-02 3.371032506778622734e-02 3.725194246773684548e-02 4.142281838440085850e-02 4.577781713800431473e-02 5.235954165472543609e-02 5.776431799687298252e-02 6.447549060105896290e-02 7.236036356935016123e-02 7.963940195512560216e-02 8.740157496862627218e-02 9.514013764458795208e-02 1.040560032793555884e-01 1.110367721184174067e-01 1.315037507612400458e-01
5.847875586373896262e-03 1.862001344653083437e-02 2.678174419662376210e-02 3.537050576556408088e-02 4.250719439397349086e-02 4.948747519626006675e-02 5.633150336554063053e-02 6.259489050092292839e-02 6.716324972695530970e-02 7.228343959668524776e-02 7.756740181204360707e-02 8.013947223956106869e-02 8.260645291620713482e-02 8.278840857367333883e-02 8.593949292786670635e-02 8.528348323587409130e-02 8.284135077995198604e-02 8.090586760332132976e-02 7.730673682920163881e-02 7.351583709475252582e-02 6.811270353306843328e-02 6.302831593282635925e-02 5.473875528160145054e-02 4.600861829448374407e-02 3.734855856632619819e-02 2.565884321730453610e-02 1.428878167152041259e-02 2.858196954807545875e-03 -1.156081928809326101e-02 -5.711362053102370107e-02
6.939496126983295266e-02 9.914196621781903862e-02 1.309582806794150067e-01 1.682555020913062971e-01 2.068803412135817588e-01 2.469717922276917776e-01 2.880994086941565113e-01 3.361745638747334342e-01 3.847174443303941205e-01 4.340761666339680858e-01 4.811686771271955765e-01 5.385856144138047030e-01 5.879050538514015711e-01 6.386280142409617167e-01 6.952668720412591430e-01 7.460447500536857568e-01 8.091374135418109015e-01 8.672734138946245341e-01 9.146826150015294754e-01 9.680190438771534289e-01 1.022290831805260813e+00 1.069179525042355028e+00 1.120678813286439368e+00 1.172621188058853736e+00 1.217565407115899223e+00 1.260639812517668989e+00 1.301606263371412719e+00 1.347062540275424602e+00 1.379169993858619492e+00 1.447089487101285155e+00
4.182473657348551033e-02 8.159538474479051395e-02 1.174726212504644401e-01 1.559273225128818552e-01 1.932574908716786222e-01 2.285450484737857613e-01 2.642081336921098256e-01 2.987517595662275705e-01 3.317134794506422235e-01 3.634482936937487585e-01 3.948482990910058277e-01 4.232268957845912172e-01 4.475822850029420596e-01 4.673378201785419184e-01 4.955902613921728261e-01 5.130698944861333821e-01 5.310883561640968864e-01 5.499054430523534487e-01 5.605611166581576654e-01 5.750281203896885351e-01 5.860254250279137711e-01 5.963279808064281262e-01 6.041590000611960498e-01 6.123295087160892658e-01 6.191052584451106622e-01 6.218954153906882665e-01 6.257594815379780018e-01 6.329590100034320210e-01 6.324084923807362646e-01 6.269817586121551045e-01
3.643964258798962699e-03 6.336560594543986721e-04 1.764710447957241676e-03 3.909505173825000152e-03 6.103220502894777383e-03 7.195601450597256810e-03 8.133796633662541270e-03 1.050531502659203184e-02 1.062060877186784061e-02 1.258325030607021847e-02 1.331188295195608919e-02 1.524812029020689019e-02 1.659665185201920912e-02 1.902043328801236721e-02 2.282237689810257680e-02 2.595451298763098644e-02 3.349488322943667412e-02 3.989061382577920728e-02 4.803813523202886404e-02 5.711624943401029386e-02 7.039831002204524624e-02 8.196778790111658441e-02 9.754996532035806189e-02 1.155075740292123565e-01 1.324851995197549592e-01 1.519805228797140029e-01 1.716245429239665887e-01 1.936654492723499099e-01 2.143247122076600286e-01 2.782807381894606413e-01
1.532424601481019791e-02 8.554768514178108865e-03 6.114546633621639748e-03 5.364766131152196721e-03 5.386762171689393405e-03 6.540226132536575143e-03 8.097470890603126678e-03 1.324711851396885229e-02 1.784405947007425969e-02 2.452057238218550289e-02 2.976343526113588156e-02 4.050884598228049471e-02 4.934755464677917369e-02 6.086271030592810272e-02 7.225148326916185082e-02 8.500320481816484031e-02 1.039684107569014415e-01 1.201496338559341626e-01 1.365266693261694975e-01 1.534752903706551319e-01 1.746246210660118703e-01 1.922269884773011306e-01 2.139400754409609140e-01 2.376044659437134832e-01 2.583056488958942465e-01 2.809724602653110304e-01 3.028890610621235435e-01 3.271484895380415425e-01 3.481681164767848058e-01 4.041930719983825027e-01
8.756049259413017233e-03 1.677177860250225749e-02 2.245880661797801728e-02 2.891528572069938102e-02 3.453422188477124621e-02 4.047223867550062831e-02 4.631579602951418906e-02 5.265462280057051775e-02 5.775712849361350210e-02 6.360275932262059173e-02 6.915881443386424909e-02 7.424148176280634392e-02 7.852232082779034283e-02 8.187619331956737245e-02 8.721379409639216929e-02 9.003657658488675719e-02 9.324817874055628397e-02 9.572433189133557063e-02 9.708631102304343674e-02 9.822929318549471212e-02 9.931788844309026587e-02 9.944529923086989354e-02 9.796463588090607855e-02 9.675898597833484938e-02 9.432072895214031749e-02 9.016900168447047892e-02 8.600570604565302424e-02 8.237143767334091649e-02 7.549322296781660335e-02 5.127160642458158946e-02
2.025008212963013213e-02 5.170787607297686050e-02 7.983057925862115101e-02 1.076484873172829648e-01 1.332287969393568527e-01 1.534117428249505144e-01 1.723756064060577298e-01 1.888638394472387239e-01 2.006996833305896843e-01 2.135144042656911267e-01 2.249237319193610474e-01 2.318336971987396966e-01 2.382479668953415841e-01 2.419210299375802176e-01 2.528682238198508569e-01 2.577954805159386464e-01 2.674134846063571658e-01 2.785257654060865340e-01 2.896772862795586878e-01 3.055408815491698626e-01 3.251817790840307865e-01 3.438616860565849032e-01 3.675486548457766456e-01 3.946865287539443878e-01 4.197403679140906396e-01 4.469064075436025019e-01 4.737498895911248509e-01 5.041203225121709819e-01 5.297017575240536846e-01 5.978310038036822593e-01
-8.022478301925432126e-03 -3.946262124251800896e-02 -6.978996501623357940e-02 -9.985173297636776302e-02 -1.292778003360368633e-01 -1.534792258000015619e-01 -1.781178183348292310e-01 -1.941084897480738758e-01 -2.105558618779749258e-01 -2.214681841907377158e-01 -2.350645403241979070e-01 -2.358609371092688922e-01 -2.361578035220867067e-01 -2.289233959183664957e-01 -2.287433741295179790e-01 -2.176801391724843271e-01 -1.969739827463221071e-01 -1.834720796637591134e-01 -1.639879094259217573e-01 -1.473020314471777115e-01 -1.231881071370119207e-01 -1.053114464537468209e-01 -8.219895751750275203e-02 -5.797804956490142103e-02 -3.937661920965759149e-02 -1.806860761699441084e-02 -7.309353705876250884e-04 1.487107511456500601e-02 2.782419140106607430e-02 3.935268567016420027e-02
2.324201146028928924e-02 3.641575390063005180e-02 5.003430472036092536e-02 6.687830072474174048e-02 8.403347459346353909e-02 1.033638130009591483e-01 1.231930715521541153e-01 1.451790014178361843e-01 1.674976585166960130e-01 1.894021847566065564e-01 2.113924459672888723e-01 2.345778790053764107e-01 2.542551229454901862e-01 2.721674768855146254e-01 2.934503715305148419e-01 3.090081608505537147e-01 3.242944459853204786e-01 3.385309114243590933e-01 3.459468950504633877e-01 3.537717696881000906e-01 3.580961110100429057e-01 3.609422099280625851e-01 3.595812588138109778e-01 3.571945011584685137e-01 3.535187699099675007e-01 3.454356471079482183e-01 3.381705520754486605e-01 3.324392937334192943e-01 3.211271966829878921e-01 2.866682528913178096e-01
1.454218558887839657e-02 -1.281692241604471746e-03 -1.181244517010902190e-02 -1.965052086805758533e-02 -2.586545153165316704e-02 -2.797328710216305178e-02 -2.919619202780773803e-02 -2.418299116977180863e-02 -1.812002490758680279e-02 -9.716063325144620039e-03 -2.704789339664018244e-03 1.361914750194787894e-02 2.706753205668175136e-02 4.470442111138277219e-02 5.996265481185696772e-02 7.831969697744244063e-02 1.032084542570179120e-01 1.231034639025479771e-01 1.419443619409504198e-01 1.598962543021308913e-01 1.807246056964166847e-01 1.968068227577142171e-01 2.151089145942938485e-01 2.338890700659656263e-01 2.488979650907264252e-01 2.642490088756762057e-01 2.784673538611830979e-01 2.937634384922956921e-01 3.052076283270901969e-01 3.300737651141869566e-01
-1.536231042883943673e-03 -2.026110682088440307e-02 -3.298376197196804804e-02 -4.464149813427658459e-02 -5.559561383561347631e-02 -6.508875397220030556e-02 -7.435870617353562695e-02 -8.075544228285493065e-02 -8.801951565023638513e-02 -9.293591951650738425e-02 -9.885770766146428912e-02 -1.011352234409659545e-01 -1.035641921587091285e-01 -1.033596249583408483e-01 -1.047891988718678558e-01 -1.037293716004005495e-01 -9.917092342685397688e-02 -9.674017423403204197e-02 -9.164729729574200290e-02 -8.779796409814805136e-02 -7.973892763963386088e-02 -7.369588520769113082e-02 -6.472440995082451298e-02 -5.406962680801100790e-02 -4.421105458735222898e-02 -3.172889414815780601e-02 -1.915847714192393456e-02 -5.254656627974150021e-03 8.884982300465235627e-03 5.556546521442679021e-02
3.526333893234250699e-02 5.391691950923476612e-02 7.167448055507755211e-02 9.189582965171685935e-02 1.121430729264729365e-01 1.321494241937904435e-01 1.525822034180467357e-01 1.753598197647191215e-01 1.972471829437935920e-01 2.196639080243482645e-01 2.411074488282828887e-01 2.652766457427920832e-01 2.856770007968919556e-01 3.057568849492964258e-01 3.299541382995758720e-01 3.493596702626448058e-01 3.735277659906668379e-01 3.958999469914865621e-01 4.134352416849664813e-01 4.335167085003870380e-01 4.536904385164017839e-01 4.710098447494567298e-01 4.891726207381840719e-01 5.082761135835751620e-01 5.242343035967009790e-01 5.385711973944969921e-01 5.525226330870649516e-01 5.693402920908630094e-01 5.792706717700354391e-01 5.984929961695883982e-01
-1.578302656843616827e-02 -4.106895478940997268e-02 -6.109930956484290604e-02 -8.114135336334714343e-02 -1.007892675337794114e-01 -1.199395071091525211e-01 -1.389956517795368496e-01 -1.582345885639694361e-01 -1.788327282117495587e-01 -1.980029447800961961e-01 -2.167344249022585267e-01 -2.375473976635954221e-01 -2.563731005428112608e-01 -2.745202146400593235e-01 -2.948408812434195059e-01 -3.135932663119624375e-01 -3.356567496248004101e-01 -3.562724473284452076e-01 -3.730265740183347223e-01 -3.928178869071080603e-01 -4.109135704139582623e-01 -4.269447482144658190e-01 -4.436218615649806796e-01 -4.587517202265661842e-01 -4.707844736944030162e-01 -4.807783266431819857e-01 -4.883954577231021665e-01 -4.950072904330355406e-01 -4.965668173346858838e-01 -4.786344864172955016e-01
5.510712051579637338e-03 1.770553939401079552e-02 2.717128594098879024e-02 3.687793051091871332e-02 4.548751587994248613e-02 5.280068028614102321e-02 5.996148059907840250e-02 6.550250226231016382e-02 6.916455676420099619e-02 7.288322749863375416e-02 7.685661617721337158e-02 7.669911913794780212e-02 7.639983673988352819e-02 7.352082765040710011e-02 7.414334723809942740e-02 6.992571701283298302e-02 6.366652218970519916e-02 5.883737922442901919e-02 5.258016594987942327e-02 4.657854039617261716e-02 3.940597088848196705e-02 3.330107632903925308e-02 2.457225947295264487e-02 1.648866252302459007e-02 9.001653515196427272e-03 -1.635493868776347753e-04 -8.214870390946444473e-03 -1.514077543832541284e-02 -2.383270896720338788e-02 -4.466156673138292621e-02
-3.050424381000888321e-02 -5.054060008004588461e-02 -6.867803503174156610e-02 -8.767447489964141916e-02 -1.074952530009338769e-01 -1.258681575663948560e-01 -1.447950771868971587e-01 -1.652261993219007186e-01 -1.871474434855693592e-01 -2.079519504289921161e-01 -2.277644771799694212e-01 -2.524773851205876496e-01 -2.737255200483222350e-01 -2.963748085613889249e-01 -3.207141166618283634e-01 -3.442522071287208441e-01 -3.745780509820488824e-01 -4.028457688451508312e-01 -4.274397908856253370e-01 -4.561906678366853263e-01 -4.855581233807511055e-01 -5.118198164363062519e-01 -5.427047484054771109e-01 -5.735524115768291242e-01 -6.009296907786405573e-01 -6.289520148533935817e-01 -6.550445380732713430e-01 -6.821408281048970679e-01 -7.048089269885199348e-01 -7.538421906733188127e-01
3.176780900404932440e-02 6.920889805473244560e-02 1.016819854469176304e-01 1.370813336857651943e-01 1.714819761001915577e-01 2.061309116035144606e-01 2.414154419480419866e-01 2.732262206309060137e-01 3.052342349646648412e-01 3.336244847888701348e-01 3.641945960605531551e-01 3.861651012343844114e-01 4.048756793247587082e-01 4.153278067063211898e-01 4.342804697548234283e-01 4.389559061124470585e-01 4.337873546476762598e-01 4.325574617972723912e-01 4.192421022447748724e-01 4.067558225793185267e-01 3.833364803937390208e-01 3.634105046775568115e-01 3.313366816338640941e-01 2.966513623510994568e-01 2.646658338306206448e-01 2.236636518171816190e-01 1.864362151828652947e-01 1.508710157662225271e-01 1.104133844106205825e-01 5.415162141581483790e-03
7.416777818319353344e-02 1.076479205876073320e-01 1.456987335139195983e-01 1.901140874774155387e-01 2.365291761651704405e-01 2.838883388262683494e-01 3.328468738772924485e-01 3.870977406065661541e-01 4.425778321735760468e-01 4.972587950667488599e-01 5.506635704650553187e-01 6.115866582606467317e-01 6.634964820729944979e-01 7.149343563995168571e-01 7.742556676094044521e-01 8.240723795822066933e-01 8.834215980826433112e-01 9.392568914322337870e-01 9.818058138761843745e-01 1.030699969826016638e+00 1.077826793820752416e+00 1.119168168083542803e+00 1.162900643805778511e+00 1.207201034577263021e+00 1.246003966656537454e+00 1.281918943359635410e+00 1.317773713534156066e+00 1.359677803332473456e+00 1.389152991375410151e+00 1.462905455398529231e+00
-4.427075851165522546e-03 7.071741867708744578e-05 4.986934203263630044e-03 9.310796746371816437e-03 1.215252812485723317e-02 1.217095343296308377e-02 1.164522440302814474e-02 7.323701333467019792e-03 -9.310938823829661981e-05 -7.340691988382102608e-03 -1.407585707341770312e-02 -2.854858753445498748e-02 -4.123744673312688958e-02 -5.730263700387989989e-02 -6.985472295863645598e-02 -8.696228186681133343e-02 -1.082245972590860084e-01 -1.261385855866130334e-01 -1.423671570459114077e-01 -1.588171581716966152e-01 -1.750069326330804809e-01 -1.881913023994213063e-01 -2.027394323465064874e-01 -2.155418821238641036e-01 -2.253894519833326837e-01 -2.345354701916942397e-01 -2.411921355353116581e-01 -2.460236549234962045e-01 -2.487374654672953600e-01 -2.377765502767529848e-01
1.162974019912604851e-01 1.827761606436490993e-01 2.513711807745035443e-01 3.278634164877771706e-01 4.057778672002587683e-01 4.822615009574945377e-01 5.603226655889992358e-01 6.426241014417837238e-01 7.258420056111516416e-01 8.063101544995897596e-01 8.854454547955357135e-01 9.705716575433364079e-01 1.043458484560750410e+00 1.112961743265334924e+00 1.196475471250362910e+00 1.263308311274772944e+00 1.341833142286338987e+00 1.417842636079452712e+00 1.473982802085769039e+00 1.541008419308526278e+00 1.604073562978157508e+00 1.660915176184299069e+00 1.720780725132850630e+00 1.781226597614661511e+00 1.834985365008360070e+00 1.884339866435795319e+00 1.933662214036149241e+00 1.991674416751890941e+00 2.031853500878561647e+00 2.130810590954593575e+00
7.283093264893478191e-02 1.147537163230056972e-01 1.566653724775800283e-01 2.029441231226577491e-01 2.496661837634340242e-01 2.946710669309176023e-01 3.404821576495979385e-01 3.888040739862702599e-01 4.365036651711194371e-01 4.835300108972447886e-01 5.290749198333352110e-01 5.783176100846376677e-01 6.203918718669964028e-01 6.607104642019441254e-01 7.099414489323921940e-01 7.494120074499697193e-01 7.974062378144572971e-01 8.437393359615882327e-01 8.794088802919451942e-01 9.219645942079395251e-01 9.641765841751502863e-01 1.001923514037173391e+00 1.043150024504907680e+00 1.086094133020543584e+00 1.123939971940589366e+00 1.160443723455762743e+00 1.196717532999108435e+00 1.238784291412312832e+00 1.269500892195250197e+00 1.344832081102259602e+00
-1.303576778239025000e-02 -2.678549681721447209e-02 -3.825226087156919502e-02 -4.978476331507146468e-02 -6.182648704822450714e-02 -7.295191340258519452e-02 -8.443507824096427306e-02 -9.516430037016644639e-02 -1.076582412128865851e-01 -1.181755022047766834e-01 -1.291021936976463613e-01 -1.405802865587028883e-01 -1.504264595445347907e-01 -1.598777739266362408e-01 -1.703319817369377542e-01 -1.795400282954768834e-01 -1.894775518682763060e-01 -1.998758918551391539e-01 -2.069875261799386246e-01 -2.162386483585520547e-01 -2.235220468479966471e-01 -2.305406024217134253e-01 -2.379498146349774412e-01 -2.443920868213600439e-01 -2.499435053580810195e-01 -2.548216558892585915e-01 -2.591565614237654747e-01 -2.632284391253535416e-01 -2.660924142061426023e-01 -2.679710494910054752e-01
3.627011099440803632e-02 6.711333278938641511e-02 9.426597631643537922e-02 1.240220500876137166e-01 1.529070262189662077e-01 1.818930649373200203e-01 2.108912610917534070e-01 2.407033903203498471e-01 2.694273246936929045e-01 2.977013562360302235e-01 3.256118337662246565e-01 3.527083318723616689e-01 3.762467559407825513e-01 3.963324352005950235e-01 4.227552656572143297e-01 4.408608558532680632e-01 4.596327798483381133e-01 4.779381650462279918e-01 4.886640781862996996e-01 5.018432019851453152e-01 5.114353004312881534e-01 5.196316947162390454e-01 5.244690874312207818e-01 5.288588647588319258e-01 5.312092744526382138e-01 5.289497766288120406e-01 5.270969347107633540e-01 5.274830386782729530e-01 5.201524514576256752e-01 4.905642574302686576e-01
-2.368677685538720518e-02 -4.730847890268868872e-02 -6.751918457696332032e-02 -8.839685906424152306e-02 -1.096012600302238987e-01 -1.295390858882452811e-01 -1.499390732192254494e-01 -1.703267481046800147e-01 -1.923156316218679607e-01 -2.123455536223134155e-01 -2.323235462676468410e-01 -2.540937411027633930e-01 -2.730315845461714908e-01 -2.914364190853462322e-01 -3.123474725719468936e-01 -3.306152520870856981e-01 -3.517920446774405185e-01 -3.727175604482291238e-01 -3.884587577438861627e-01 -4.078271079997577431e-01 -4.250887522698765797e-01 -4.410233595975033838e-01 -4.582004694260367605e-01 -4.740423642064328646e-01 -4.880542739741718927e-01 -5.006330867089202608e-01 -5.119649294279758900e-01 -5.233176549331062244e-01 -5.308263597799084410e-01 -5.394174200627599447e-01
-9.923637740402758978e-03 -2.889991536959182067e-02 -4.659601621690729473e-02 -6.332145484971445082e-02 -7.965657954442452449e-02 -9.175681579306808888e-02 -1.036388852055063342e-01 -1.148635512703283096e-01 -1.252889189187671448e-01 -1.356568752054759797e-01 -1.444307825321508865e-01 -1.553002047864953661e-01 -1.651787937496473624e-01 -1.763590256872570594e-01 -1.897421242250583173e-01 -2.037528069793993757e-01 -2.258019071258741683e-01 -2.471929781619237043e-01 -2.696761526788070684e-01 -2.970798200095283170e-01 -3.290482640842924966e-01 -3.585216485769920358e-01 -3.965811827645808196e-01 -4.362896072733071784e-01 -4.731393629977703186e-01 -5.138598302265946494e-01 -5.519414827521295086e-01 -5.910950162360982807e-01 -6.274985531397326843e-01 -7.162334580486066082e-01
1.120863551410326842e-03 2.620455856515335399e-02 3.994029904685123672e-02 5.169434949970568710e-02 5.984108510233634298e-02 6.570150950989503413e-02 7.020617193681533141e-02 7.137701759175672789e-02 6.876945128327659196e-02 6.693277950022637202e-02 6.515275901566267014e-02 5.604240369786460396e-02 4.911763469489287964e-02 3.787107239246479545e-02 3.112505702064852914e-02 1.932484022065031684e-02 4.050489430908381025e-03 -9.720889602230130266e-03 -2.247625262239110258e-02 -3.534670434129794092e-02 -5.008234182572185444e-02 -6.289205078414514261e-02 -8.028987931881684248e-02 -9.768501447556995898e-02 -1.147993679273396073e-01 -1.355048460045073511e-01 -1.564560643873733059e-01 -1.782929717580457873e-01 -2.031363875185046575e-01 -2.836439313999789547e-01
2.886191087791070004e-02 5.184332870066150206e-02 7.287512025110752523e-02 9.593111153873486174e-02 1.182058766381541282e-01 1.400767894285097070e-01 1.618500612570377140e-01 1.851215702733938762e-01 2.066290499126151037e-01 2.289460690425065281e-01 2.500790171034834586e-01 2.720670609702300347e-01 2.913517713094601058e-01 3.088775970958682615e-01 3.315643981468263113e-01 3.486758374641504288e-01 3.693678323575585454e-01 3.885429089030958405e-01 4.034257288902025063e-01 4.209573241782421649e-01 4.381509012017848481e-01 4.530750823865882237e-01 4.682243476623321743e-01 4.843100340497080714e-01 4.976540781706719763e-01 5.091686274956405134e-01 5.204832519253485001e-01 5.342486098265685213e-01 5.414067956036369145e-01 5.523346774754969157e-01
-2.723697662981119233e-02 -4.767882018243348174e-02 -6.634268958627372037e-02 -8.593208462850512874e-02 -1.063008574419131019e-01 -1.258294602006590213e-01 -1.459464181952769835e-01 -1.669041478068815643e-01 -1.899126587850326620e-01 -2.111758490030094249e-01 -2.320286583185412754e-01 -2.565757491117258704e-01 -2.777897753924828961e-01 -2.995272630766503408e-01 -3.231502617156511992e-01 -3.452195985245162801e-01 -3.720445463841262068e-01 -3.975649690715693518e-01 -4.183504649827781696e-01 -4.427924951708845924e-01 -4.664431399525805766e-01 -4.876774178837826601e-01 -5.115972907509291900e-01 -5.346741439313228428e-01 -5.550177452621936069e-01 -5.748732643364871109e-01 -5.931902665593637991e-01 -6.120448557490951735e-01 -6.267018498333243315e-01 -6.551956983392933642e-01
-3.709226191829768926e-02 -7.650490012032463982e-02 -1.106713009684848203e-01 -1.460912481037688060e-01 -1.814152072785746583e-01 -2.150827798430035576e-01 -2.494191647423180391e-01 -2.818222130069777398e-01 -3.162552693395931369e-01 -3.470878024517211058e-01 -3.784529331320093393e-01 -4.086570148318989237e-01 -4.348546263285466007e-01 -4.575963469925772298e-01 -4.858634952548190333e-01 -5.069953835916414242e-01 -5.281247065855656508e-01 -5.502365451049443523e-01 -5.634299544582630492e-01 -5.809605762737918289e-01 -5.929963572087996182e-01 -6.046548438365357825e-01 -6.142572785912161493e-01 -6.220372412595205347e-01 -6.282009558910643943e-01 -6.303906121609319513e-01 -6.323224871863982743e-01 -6.351712441302096446e-01 -6.323291477492164470e-01 -6.120030696276306248e-01
6.873775419958236960e-03 3.557791728904182577e-02 6.152496839703767290e-02 8.777442342123426000e-02 1.120945910336367674e-01 1.317166792245672569e-01 1.512032017249613780e-01 1.642498489211787760e-01 1.742475249104286084e-01 1.820648894471057488e-01 1.914530463390026749e-01 1.884419257839209938e-01 1.856468881996892195e-01 1.756534361610157524e-01 1.739056733951030997e-01 1.606371629558630276e-01 1.398707011103412501e-01 1.249442459321789128e-01 1.063494619403575758e-01 8.931897719963639848e-02 6.808240496116556295e-02 5.164507675967588973e-02 3.002439766670416538e-02 9.107804141042641702e-03 -7.404099256799797496e-03 -2.689945591476016265e-02 -4.284842080623503524e-02 -5.594826157958657231e-02 -6.964717037441697789e-02 -8.860274657412675614e-02
4.528284227188278388e-02 6.793768359855532901e-02 9.190912591652727892e-02 1.191832219224517736e-01 1.467493199097210654e-01 1.736681990451830193e-01 2.009272429945543614e-01 2.316569563007472299e-01 2.612286163427585128e-01 2.916796590165953162e-01 3.203589429482113782e-01 3.538537904130388267e-01 3.825399066727596664e-01 4.115997173947282817e-01 4.457573856300588444e-01 4.750819097859172446e-01 5.129190798376718208e-01 5.479777887310097739e-01 5.776450828140005100e-01 6.115590817146084879e-01 6.477515820348073161e-01 6.793080332662115861e-01 7.152683571145985741e-01 7.527413896855164044e-01 7.858911516680971987e-01 8.190952209201145529e-01 8.513227836657542014e-01 8.873545049807876062e-01 9.149588854302036500e-01 9.824145712580611978e-01
2.430229722316389063e-02 3.988745556102273049e-02 5.399281933843771975e-02 6.958869702980303995e-02 8.464699299152407541e-02 9.942011737826592088e-02 1.142822277929568808e-01 1.299862623393768235e-01 1.443248844163038669e-01 1.593843118044274421e-01 1.738566499642538732e-01 1.883959195134687903e-01 2.010651633198911326e-01 2.122912042849252889e-01 2.275259884189088644e-01 2.384421587869016701e-01 2.513263824033498128e-01 2.638150472542619140e-01 2.728983313598922211e-01 2.837442447315420280e-01 2.944605046173227603e-01 3.037983201372922437e-01 3.131278431191570899e-01 3.232220788652490073e-01 3.317932399267786714e-01 3.390556681346852952e-01 3.466284690182927508e-01 3.562177550823436567e-01 3.612290376845164186e-01 3.713093598142861440e-01
-4.595951658009116148e-02 -7.692542860473489119e-02 -1.076521486857251186e-01 -1.409477467333196954e-01 -1.755862872626399174e-01 -2.087960878651683450e-01 -2.426332941269674359e-01 -2.783364439606091922e-01 -3.158097188128387023e-01 -3.512665429427577757e-01 -3.857482606884155563e-01 -4.250789319835960312e-01 -4.588840739895321263e-01 -4.927017352663333738e-01 -5.307135625208303509e-01 -5.644439034048054360e-01 -6.048006359004465260e-01 -6.442801831604814122e-01 -6.754065135274492926e-01 -7.123536454755158287e-01 -7.483468608972647651e-01 -7.808423509236643856e-01 -8.176904626958881872e-01 -8.542469297229541292e-01 -8.873407994837732016e-01 -9.201079084815037001e-01 -9.517679401960110752e-01 -9.860372337282405919e-01 -1.013843262724518191e+00 -1.080693145931040267e+00
4.404050878897334750e-03 -1.276031165610195736e-02 -2.481853652686067876e-02 -3.629687280060747007e-02 -4.756295424244982861e-02 -5.770216788859572343e-02 -6.811275332276342520e-02 -7.601473980228058702e-02 -8.548602482151969328e-02 -9.232282347656645127e-02 -1.005478065783104447e-01 -1.057846401378477463e-01 -1.106023448582267310e-01 -1.132074376734151233e-01 -1.173747175360436296e-01 -1.188638191708200342e-01 -1.171919976393186597e-01 -1.175324794968507780e-01 -1.142357939221398944e-01 -1.122696592336147048e-01 -1.056636879911760918e-01 -1.007612866879149111e-01 -9.249230063346777775e-02 -8.195903795107471745e-02 -7.209263974959705112e-02 -5.900430921621941521e-02 -4.556138592799210962e-02 -3.026007649288723483e-02 -1.418179766123578434e-02 3.950624686763602733e-02
-6.364291363104057631e-02 -9.811898023662568580e-02 -1.311946191234648063e-01 -1.679402598441182559e-01 -2.063435457766148451e-01 -2.459480312768971277e-01 -2.870598388136158530e-01 -3.326684488075067891e-01 -3.819293766404783796e-01 -4.293673977432065914e-01 -4.751411776323604674e-01 -5.311889134114526900e-01 -5.792929131102200202e-01 -6.287212472070570213e-01 -6.817659176474636373e-01 -7.312465799777506659e-01 -7.903058528013606754e-01 -8.449907577254626156e-01 -8.886605984472235598e-01 -9.381047609219277383e-01 -9.856206153595542530e-01 -1.026742295295867136e+00 -1.071359282130998514e+00 -1.114543901494958300e+00 -1.151048910560088512e+00 -1.185038790827093846e+00 -1.216524828127672597e+00 -1.250108108998872369e+00 -1.273051034964496786e+00 -1.310902574102118523e+00
2.640519718664392779e-03 -9.310837015543176748e-03 -1.759451058277048188e-02 -2.486764145949476451e-02 -3.175957146314343366e-02 -3.721200036690497370e-02 -4.263659680520939105e-02 -4.566489700899362819e-02 -4.939817449775499303e-02 -5.123139617401278878e-02 -5.384098554889735905e-02 -5.342549115300242180e-02 -5.337385863393076524e-02 -5.140835702547399966e-02 -5.041877135190146741e-02 -4.750466731426866707e-02 -4.154028112233200398e-02 -3.749508366154511579e-02 -3.166010609153904753e-02 -2.675924858749120089e-02 -1.839696759902773038e-02 -1.216018069122576026e-02 -3.691777193947063523e-03 6.432079862346534727e-03 1.485704838815826712e-02 2.518900943747578655e-02 3.540631025327967141e-02 4.685458697879833073e-02 5.745906449952077610e-02 8.796903064428415742e-02
-1.530575354790410930e-02 -1.818673819736226632e-02 -2.401318782213690897e-02 -3.106028290166520586e-02 -3.987305615139979942e-02 -4.928707733320995821e-02 -5.961727983715964935e-02 -7.136941674009640579e-02 -8.594115708466923409e-02 -9.895852044050615359e-02 -1.119543365241352229e-01 -1.292462140775582080e-01 -1.437982886995660403e-01 -1.598171995656949562e-01 -1.753487681240799290e-01 -1.913125883837330232e-01 -2.102011608121466812e-01 -2.280987489078556418e-01 -2.422305349424246634e-01 -2.583173148908445849e-01 -2.734740155590658639e-01 -2.870308655870581482e-01 -3.025422047816672677e-01 -3.171998585724236652e-01 -3.305028535155825620e-01 -3.440315595887471489e-01 -3.569622047323434688e-01 -3.703737934114239017e-01 -3.825533502386699314e-01 -4.139244706049712841e-01
9.094788191620835349e-02 1.443543094785635084e-01 1.998622589326575216e-01 2.612476145492134694e-01 3.234087980266152629e-01 3.828615562540576001e-01 4.436079033962911922e-01 5.069017253154329827e-01 5.699232793702174726e-01 6.313302724010457778e-01 6.912379747018727594e-01 7.554002573403078014e-01 8.102223618012585060e-01 8.628097592243155756e-01 9.270122322280649474e-01 9.785585353956549604e-01 1.041016168020492572e+00 1.101795841590416103e+00 1.148898812496787603e+00 1.205108537203102514e+00 1.261067568348521295e+00 1.311534466839203272e+00 1.367384023304272223e+00 1.424806378250989880e+00 1.476911510184782728e+00 1.527463562283177811e+00 1.577871607493512851e+00 1.635749659314275517e+00 1.679733694166003932e+00 1.794621269560816357e+00
1.569750990682012085e-03 -1.088899464693196539e-02 -1.950715205546508721e-02 -2.715934629753791879e-02 -3.439240626642837279e-02 -4.055723496056035798e-02 -4.662162842354734826e-02 -5.001325982073893950e-02 -5.454680488142209238e-02 -5.688093186355489689e-02 -6.023771867978883199e-02 -6.046778651972462004e-02 -6.100377817356807814e-02 -5.953972485092168254e-02 -5.895476451050844779e-02 -5.679505947918299380e-02 -5.134131148033541092e-02 -4.787375040939460119e-02 -4.249651801852125099e-02 -3.794272397192539892e-02 -2.992548868088539329e-02 -2.378996902209241926e-02 -1.534552896151755025e-02 -5.310681110360305351e-03 3.584556649457837363e-03 1.425117889207094465e-02 2.482976785265834929e-02 3.680739181233614460e-02 4.795083907006760654e-02 8.153238973740149775e-02
2.162439750216903211e-02 2.024820753846854476e-02 2.370522396538991133e-02 2.946429916308404562e-02 3.619605042156646274e-02 4.319488063066649619e-02 5.044004581532762765e-02 6.130152796771012880e-02 7.106495644454030591e-02 8.267291553828315376e-02 9.282003762782711775e-02 1.076797664467312871e-01 1.200620879885181680e-01 1.344029358350034287e-01 1.501481879197146263e-01 1.652374161129352703e-01 1.867880357776459110e-01 2.062486842568672929e-01 2.244473300638610558e-01 2.444096992334843232e-01 2.682757359821560383e-01 2.888297861130626476e-01 3.141104645667100459e-01 3.416107961346635524e-01 3.665685547051767967e-01 3.939410290053468877e-01 4.211479666872763872e-01 4.515275717906663822e-01 4.785283210101229923e-01 5.553688121599795746e-01
1.018595910691485681e-02 2.281390702980359148e-03 -7.223254512233235995e-03 -1.519299447317660340e-02 -2.298677182906776542e-02 -2.586299042653963237e-02 -2.878642691627079572e-02 -2.584064055492590883e-02 -2.256322179752639698e-02 -1.660878676651059149e-02 -1.186054895586346157e-02 3.405798137621858165e-04 1.126624623969898695e-02 2.472843219440731127e-02 3.593867013916541425e-02 5.005624026896364487e-02 6.786564381720983086e-02 8.087548303698977037e-02 9.292670781480305564e-02 1.030699505073852940e-01 1.136961456869936965e-01 1.204986489605604644e-01 1.257534991412916914e-01 1.302579040130190935e-01 1.309072193077875090e-01 1.289659220283098651e-01 1.251123730342181828e-01 1.204303664503508092e-01 1.107352215968471082e-01 6.295398389635246950e-02
2.414711569218612811e-02 5.039916562257480692e-02 7.389825720237014339e-02 9.907663869153515712e-02 1.231660327215881867e-01 1.458855432011356978e-01 1.687065005817903751e-01 1.896800333484710555e-01 2.091442633161332831e-01 2.275963223482092568e-01 2.464623558141753601e-01 2.605819743878360906e-01 2.727038993629601338e-01 2.803709233352476016e-01 2.944534744583405805e-01 2.998980909467399147e-01 3.028293659362551460e-01 3.077051828566094160e-01 3.069285647594517941e-01 3.079071764865538574e-01 3.054865693331811904e-01 3.039261209937157981e-01 2.986020643052395007e-01 2.934188506619817005e-01 2.886069527127499978e-01 2.803143421799181856e-01 2.737129159702798020e-01 2.694800404304175112e-01 2.608871881045838892e-01 2.394953834772716728e-01
-4.128085685184575832e-03 -9.486858097403023937e-03 -1.595577004683387118e-02 -2.297966853579147539e-02 -3.102770282314597922e-02 -3.884318741674328695e-02 -4.751899400648620236e-02 -5.572972985611032021e-02 -6.624814890753452645e-02 -7.469221703905874754e-02 -8.375667586236212880e-02 -9.370311163499379925e-02 -1.021333661279354155e-01 -1.104823997564235855e-01 -1.189882873944358294e-01 -1.266166442766597511e-01 -1.340122274101612776e-01 -1.418531862685664113e-01 -1.465554415487151096e-01 -1.525022793189161341e-01 -1.561986678957652530e-01 -1.602045879482382751e-01 -1.640499922325862614e-01 -1.663721895352972824e-01 -1.694669503439939773e-01 -1.717228171733014286e-01 -1.739534704258318409e-01 -1.759739620971944862e-01 -1.780478551392149500e-01 -1.851596474925418789e-01
-7.664325693379794857e-02 -1.272803424032294684e-01 -1.782866183227629908e-01 -2.338717722351646711e-01 -2.915634525328913984e-01 -3.466072102305278735e-01 -4.034372041382140450e-01 -4.626217455527404376e-01 -5.244906603316401572e-01 -5.830675742476680856e-01 -6.402090527054903335e-01 -7.042876086386442580e-01 -7.587096459399435000e-01 -8.126852719647468248e-01 -8.745877864145141789e-01 -9.275683800574459070e-01 -9.908135977388029536e-01 -1.052486818660653967e+00 -1.100293139382003682e+00 -1.157037674296501839e+00 -1.212147267069723533e+00 -1.261632016631799580e+00 -1.316895294803108740e+00 -1.372185977600140161e+00 -1.421906660759299390e+00 -1.470386539104822754e+00 -1.517761369100071311e+00 -1.570251485729626140e+00 -1.611398948594150671e+00 -1.712749592609221549e+00
-6.414417921603263184e-02 -6.466973482545276819e-02 -7.391089297534420011e-02 -9.013343289704967010e-02 -1.123646835130796273e-01 -1.415398297487181489e-01 -1.745628208731895281e-01 -2.187556053851072158e-01 -2.715255789613828519e-01 -3.227026813595805788e-01 -3.723524186854064166e-01 -4.436569204644715825e-01 -5.033101285275884962e-01 -5.702284460835800317e-01 -6.345415810759639230e-01 -7.008540224112896899e-01 -7.806784248272384819e-01 -8.516381681789177982e-01 -9.087870707877572229e-01 -9.695849681705092094e-01 -1.028588640432527512e+00 -1.077772777774223201e+00 -1.131036121959497542e+00 -1.181884558507560579e+00 -1.224062318259455884e+00 -1.264052213965963567e+00 -1.301604572710178376e+00 -1.341419315120149225e+00 -1.371013366567090275e+00 -1.431192806894321601e+00
7.645500061956508886e-02 1.423043873742724785e-01 2.050497979943108895e-01 2.722539053135293319e-01 3.388491052738894505e-01 4.010860620759877926e-01 4.639713645395905361e-01 5.243783288487282590e-01 5.834864635435716984e-01 6.391297798265174190e-01 6.949881507218496068e-01 7.456179178600673696e-01 7.890680877568002627e-01 8.251280580606398241e-01 8.755718047674043714e-01 9.081540322422700928e-01 9.424720970377234996e-01 9.793550989320902733e-01 1.001553048708618832e+00 1.031721188453610383e+00 1.056377459277188624e+00 1.080250310071518172e+00 1.102367503528662418e+00 1.125331161648236877e+00 1.146444143887183742e+00 1.162769384971185094e+00 1.181273732440428326e+00 1.206562054462880340e+00 1.220357046203401019e+00 1.259997275328775590e+00
-3.894219936318908670e-03 -1.017609636568398909e-02 -1.767685377190993806e-02 -2.432934208135544008e-02 -3.147569911313287394e-02 -3.507902390244069246e-02 -3.886228075150074263e-02 -4.091662807951958886e-02 -4.321188340325302774e-02 -4.432912184964125230e-02 -4.513870725455697980e-02 -4.574813690976228114e-02 -4.599549127775834356e-02 -4.711647771563778897e-02 -4.885389850346628926e-02 -5.097429171128435577e-02 -5.632105354547901899e-02 -6.261915844965165734e-02 -7.008498295928673738e-02 -8.032973030178566787e-02 -9.321066550338798218e-02 -1.060799463354353683e-01 -1.245220380990471609e-01 -1.442243374158389546e-01 -1.641291401261323335e-01 -1.879866247309927851e-01 -2.113913851903279906e-01 -2.358182351954514477e-01 -2.618000061866796457e-01 -3.391802643664428851e-01
