6.737114461852453107e-02 8.481426334617914176e-02 1.058805235168693848e-01 1.266390729647621782e-01 1.475070581378072621e-01 1.660633666750417625e-01 1.869475887386002622e-01 2.089898266363309220e-01 2.284870888162631175e-01 2.475819513090737334e-01 2.654821272691689771e-01 2.833162672358138234e-01 2.995047086350361432e-01 3.125153393899643417e-01 3.243209553980267446e-01 3.348788848335861879e-01 3.438489455449575405e-01 3.482302147336041043e-01 3.527059006226255233e-01 3.559022754811388412e-01 3.553741017721415707e-01 3.509914837399403797e-01 3.455918704555465126e-01 3.412227422919530961e-01 3.329060078029015268e-01 3.238119782276176473e-01 3.144799284847430987e-01 3.053954209452007795e-01 2.963802606484584601e-01 2.670939757120408542e-01
3.707446990221743843e-02 5.022717937835793900e-02 6.411206990198436984e-02 7.773420586395490828e-02 9.208039922613354966e-02 1.032094633910448783e-01 1.156511123569903959e-01 1.282564519707133643e-01 1.395199258843010937e-01 1.487835151282504431e-01 1.572561849580580984e-01 1.658284608930659654e-01 1.734576978504497047e-01 1.782186120448843170e-01 1.819516133486891452e-01 1.848312454490109169e-01 1.868090127438315484e-01 1.858442295255269827e-01 1.858785709505849648e-01 1.851645538476249797e-01 1.822200510569379484e-01 1.769621413616396521e-01 1.712919920947797991e-01 1.669745036339213562e-01 1.602505334457990371e-01 1.529305665933071434e-01 1.464572335626347366e-01 1.396590630947172340e-01 1.335990673004751883e-01 1.156345192648076670e-01
3.906561543226138786e-03 -1.031682472689620343e-02 -1.768330735058101094e-02 -2.463055372950893190e-02 -2.939323859454221616e-02 -3.454559897643230681e-02 -3.651179808974995555e-02 -3.984574213988671676e-02 -4.079104538762139132e-02 -4.091568932682501658e-02 -3.837054634540650738e-02 -3.743583295129332411e-02 -3.485047294436993681e-02 -3.136471814103609923e-02 -2.766688267571454710e-02 -2.319539640719466000e-02 -1.778461092735722504e-02 -1.312615015552999302e-02 -7.829900925886371793e-03 -4.152337926325480599e-03 2.500125715308918611e-03 8.080768937675029961e-03 1.475022720616319533e-02 2.104879079320927382e-02 2.739545405236125386e-02 3.452281733538664632e-02 4.344103284248079094e-02 5.253092856908504749e-02 6.087842527300300899e-02 9.047523741692983790e-02
1.157060811984035598e-02 1.052339846004034414e-02 1.078764738860939904e-02 1.091471942030027009e-02 1.254964008792427109e-02 1.216729191596340430e-02 1.340083264156071395e-02 1.387880349790107139e-02 1.506379096825406771e-02 1.569315902493290116e-02 1.731554612453850214e-02 1.819612436978444020e-02 1.984589892664144484e-02 2.098851120122507616e-02 2.199730553361878976e-02 2.324771353010596231e-02 2.509466349300714522e-02 2.575462765030355969e-02 2.766284159749166777e-02 2.849153447145504059e-02 3.081009611347770155e-02 3.228959191987184479e-02 3.410995693367673692e-02 3.642158914558310534e-02 3.809207295781483205e-02 4.014528006889284129e-02 4.315075282043465132e-02 4.626019238328355626e-02 4.863689864587988909e-02 5.691887704435007189e-02
5.210955683201842076e-03 1.224861347246995052e-02 1.594309000573941593e-02 1.974919842983613449e-02 2.420016903408862829e-02 2.616521846882564895e-02 2.924399203422716614e-02 3.204733077146441900e-02 3.522281884291073029e-02 3.676392422997241255e-02 3.817934342872904285e-02 3.969844704181259287e-02 4.141149635169769083e-02 4.131427151923882518e-02 4.096658475568962232e-02 4.003553650682527276e-02 3.862288936986853216e-02 3.522818035958949490e-02 3.334011581231241528e-02 3.029919710556987222e-02 2.632901229054973244e-02 2.130178689338716597e-02 1.488593788751167366e-02 9.530418182138514910e-03 2.286674402877081347e-03 -5.845633506990643297e-03 -1.407271334592227058e-02 -2.376355672222769250e-02 -3.329777656403042074e-02 -6.460764160097494380e-02
1.163498335886789248e-01 1.278753896903958021e-01 1.543066158323943282e-01 1.778109826454194464e-01 2.031240799311210543e-01 2.280365117808826059e-01 2.535511251165286639e-01 2.839651477848701422e-01 3.095480326563599394e-01 3.413512627737984584e-01 3.742807191768665054e-01 4.050128105368896447e-01 4.353629725132281414e-01 4.668985247183645715e-01 4.992427744650936861e-01 5.330388365841938203e-01 5.695917310499977182e-01 6.003316210760919480e-01 6.309939181225872051e-01 6.601355960917972832e-01 6.932889537720998696e-01 7.192222169998686576e-01 7.483957627767400256e-01 7.766101289152314013e-01 8.002940025523994638e-01 8.256876092464719985e-01 8.527705909793361627e-01 8.798824365186728169e-01 9.014589844742026958e-01 9.442010755741678807e-01
6.857788756982524658e-02 8.507963224143008651e-02 1.068183111026044935e-01 1.275804523227992149e-01 1.492747583981805237e-01 1.673531298290055758e-01 1.862519064170555239e-01 2.072510415309077592e-01 2.246458627028825317e-01 2.421903335973659144e-01 2.589556669031746194e-01 2.753909002636533154e-01 2.903868542393804875e-01 3.033479438493956737e-01 3.157902411548403343e-01 3.282124620680793026e-01 3.409649779914288303e-01 3.498198998018386408e-01 3.592818380872803696e-01 3.679217673107164632e-01 3.762725293486288147e-01 3.808459589138786239e-01 3.864760102515897300e-01 3.926848220481031770e-01 3.957767195258687920e-01 3.989125439441363330e-01 4.032059862216210155e-01 4.079117724226907771e-01 4.108398481444453521e-01 4.151040179170585875e-01
1.273383646401570271e-02 4.556014642263291753e-03 3.395067422628617743e-03 2.160402428495831334e-03 3.307327863325176635e-03 2.348963535790034654e-03 2.292622991906583148e-03 2.206875311183504815e-03 2.331405620413017771e-03 2.471639710140581189e-03 4.278671693780704277e-03 4.746745390522845096e-03 6.512486532092220601e-03 8.607041230462075809e-03 1.081131645344124079e-02 1.419528748968527584e-02 1.941439362725914247e-02 2.433064195687858686e-02 3.004675258441754510e-02 3.525783537795942890e-02 4.429355650960553614e-02 5.220368443670902331e-02 6.323001896020363777e-02 7.384995446808119424e-02 8.509360667498806763e-02 9.692702209267270441e-02 1.127290435584529515e-01 1.287495322915407914e-01 1.438111991212256136e-01 1.932282978817543573e-01
2.300136864733962408e-02 1.575842392027817715e-02 1.510610739780612888e-02 1.378779480512207223e-02 1.485485629362198919e-02 1.468418883256069826e-02 1.635451205510947414e-02 1.766066561620311878e-02 1.952621123630724626e-02 2.291579057958002125e-02 2.854616642415076094e-02 3.264540194421648028e-02 3.786330869728350701e-02 4.415646816387674978e-02 5.089895395444792026e-02 5.884827667079900460e-02 6.877571120965872420e-02 7.741340742474756009e-02 8.690179670262360156e-02 9.511872569689368284e-02 1.073494955155805675e-01 1.178681464348991098e-01 1.304130357695407749e-01 1.426755604017184431e-01 1.544821446574992652e-01 1.669180666970259408e-01 1.822201651583564841e-01 1.972320418673909614e-01 2.104097097399390548e-01 2.479238630695225765e-01
1.080318830344124265e-02 1.313733442145478478e-02 1.559500519547635071e-02 1.807791931509734190e-02 2.169925813679544555e-02 2.327345685022347288e-02 2.614725445290360523e-02 2.856498329124509961e-02 3.141909220984007156e-02 3.347941774420552796e-02 3.595218184820619250e-02 3.803810245575098281e-02 4.060442303898830624e-02 4.205461851902241033e-02 4.330687770053169572e-02 4.435533693918806281e-02 4.560997609791997420e-02 4.523369752006719396e-02 4.591141312102219735e-02 4.554091511637910206e-02 4.541607208970199067e-02 4.410614646069539041e-02 4.244837822458602528e-02 4.160257868598866982e-02 3.932675553307800331e-02 3.649981184168497872e-02 3.473275257751570755e-02 3.196527827851462777e-02 2.914384829965626852e-02 1.965074782842710088e-02
3.400747206562815261e-02 4.267577697525005292e-02 5.609504091429435430e-02 6.728167703323936766e-02 8.104846954204468490e-02 9.065150721347625673e-02 9.948394586910574988e-02 1.092533838477373204e-01 1.160264364750141636e-01 1.228642400264659540e-01 1.300708508812497277e-01 1.368116475534057741e-01 1.429539000861203835e-01 1.486186874798909041e-01 1.549599188437055797e-01 1.625748061509804943e-01 1.724776616676234053e-01 1.805565952350817738e-01 1.912088964012259862e-01 2.008971772036898806e-01 2.147226012065157064e-01 2.267894428815664110e-01 2.417346939734490718e-01 2.569554228726579903e-01 2.713112434060087619e-01 2.873617539349873629e-01 3.056807379314269157e-01 3.250711121992262420e-01 3.412321107373537665e-01 3.875113385933928178e-01
-1.322372291471067725e-02 -3.314337154453662893e-02 -5.013039412409093371e-02 -6.710449754710598458e-02 -8.224160838010909080e-02 -9.545573812868214658e-02 -1.061763814454530497e-01 -1.187252108241864945e-01 -1.267473311923040247e-01 -1.322987291458377623e-01 -1.339685093546646444e-01 -1.378685740955868932e-01 -1.381224168230165139e-01 -1.355226296496377103e-01 -1.318929929313468197e-01 -1.270313007834040220e-01 -1.199148401609526904e-01 -1.128524571046197744e-01 -1.052361114300099237e-01 -9.916133942325348893e-02 -8.787985596922695541e-02 -7.765701509844760708e-02 -6.714696104204155580e-02 -5.704318851263587981e-02 -4.709998032713341026e-02 -3.692953849461479143e-02 -2.542819835597145972e-02 -1.625287245904194142e-02 -8.498224642989004457e-03 5.198734688828081374e-03
4.124363695299988058e-02 4.882889265095300552e-02 5.979202241902475262e-02 7.059287940967964858e-02 8.211585388417294573e-02 9.161815113481795725e-02 1.038061533048016266e-01 1.163712900551740204e-01 1.287650321131646458e-01 1.407193810705492099e-01 1.530610117090624445e-01 1.648911883280885504e-01 1.763753521733069929e-01 1.863258740145552483e-01 1.952935028705639620e-01 2.039416993964967839e-01 2.121103515105766391e-01 2.167661514824525959e-01 2.216465867811093227e-01 2.251893209188502165e-01 2.275817511945240068e-01 2.266872901607641655e-01 2.248193949135343095e-01 2.238332448252705331e-01 2.197305234141432584e-01 2.150945244851951710e-01 2.102903938490791047e-01 2.050558832734271086e-01 1.994599215105569701e-01 1.777574121088761894e-01
2.222641347686291416e-02 1.338047263556290355e-02 9.659747318933318769e-03 5.759623341762202045e-03 3.628453214372011695e-03 1.718479866456387728e-03 3.019517797216127522e-03 3.672495091505922210e-03 6.427279386942076622e-03 1.098213751921051431e-02 1.859811424987217743e-02 2.426762896641227601e-02 3.163603307406250009e-02 4.026663923987731930e-02 4.933862369970595796e-02 5.923896678704539814e-02 7.033304645240021080e-02 7.968574846789770738e-02 8.909307495522984788e-02 9.712999878216341254e-02 1.079666983503709266e-01 1.161997116535584407e-01 1.251302067386745875e-01 1.337625981644043061e-01 1.410930845234454889e-01 1.486716624852720825e-01 1.577682690085185635e-01 1.652633877394633910e-01 1.717836725387331120e-01 1.835152181254502135e-01
-1.668994818366256738e-03 -1.427250338402150272e-02 -2.221406907203286527e-02 -2.966236720673195298e-02 -3.467259605489713542e-02 -4.100001532359941886e-02 -4.441757935264208090e-02 -4.952557774787742090e-02 -5.252651110275378954e-02 -5.556031277972128812e-02 -5.613022232018170798e-02 -5.814554193168331581e-02 -5.885837797333311194e-02 -5.905782553935412516e-02 -5.919067224804756833e-02 -5.869703328498701578e-02 -5.734335369596500753e-02 -5.641432631659388380e-02 -5.463605778943311786e-02 -5.415335474193372356e-02 -5.114916879276221184e-02 -4.846157900986860362e-02 -4.439832333645141876e-02 -4.049635132646281499e-02 -3.599272520149730814e-02 -3.137683363906652867e-02 -2.359075533585096654e-02 -1.619241555111410741e-02 -8.739488135890892406e-03 2.064018674618102109e-02
5.490470086879161576e-02 6.117575689792301152e-02 7.347238252014898219e-02 8.447888421316783469e-02 9.715562808069430623e-02 1.075935036906578296e-01 1.193739775315862950e-01 1.324581013228013082e-01 1.439415334615872510e-01 1.568005865429450973e-01 1.707479628915437031e-01 1.835857223700162189e-01 1.962824480055400111e-01 2.088249594261341324e-01 2.214129643085880894e-01 2.348143845909312633e-01 2.495880448893702808e-01 2.612600570437415559e-01 2.734073305718310865e-01 2.845364761436882661e-01 2.978248380025255715e-01 3.074500437536453190e-01 3.187699496869897953e-01 3.301152041137801474e-01 3.392024693997505169e-01 3.485451142495655241e-01 3.599845427024190858e-01 3.708390166042708214e-01 3.797595323471489870e-01 3.988039245481340145e-01
-3.667066922076143987e-02 -4.993377376449506522e-02 -6.476815852085179848e-02 -7.776264467941026992e-02 -8.894253125497250667e-02 -1.022797935608150688e-01 -1.126778084856608908e-01 -1.265725415077127158e-01 -1.362604952322704066e-01 -1.500441806194730832e-01 -1.619288433658650772e-01 -1.744940342814133294e-01 -1.853535665902752150e-01 -1.974309199914221491e-01 -2.102097285692185735e-01 -2.233375010433516217e-01 -2.369217477169630603e-01 -2.488724532301422043e-01 -2.601244301200119624e-01 -2.723016956289534551e-01 -2.845081580572673685e-01 -2.948793150882296210e-01 -3.048894071845103526e-01 -3.143491494044016177e-01 -3.223050861747116524e-01 -3.309666488463204881e-01 -3.363454410652170767e-01 -3.422287064211123608e-01 -3.450707002096580767e-01 -3.372589842446173103e-01
7.889150077978149267e-03 1.216733964772108781e-02 1.434206922286055015e-02 1.666699875519645976e-02 2.009118040256924198e-02 2.076787186059835325e-02 2.270536370850073302e-02 2.381559833065569065e-02 2.547888275211265124e-02 2.489870676751343437e-02 2.468274584328630089e-02 2.422547098283006628e-02 2.414121201631199559e-02 2.225242885464384646e-02 1.985936049027746050e-02 1.715200425570341525e-02 1.424200934886171027e-02 1.034342934697076062e-02 7.573942934685343187e-03 3.930948845152024834e-03 -3.600440853320230339e-04 -4.995070893210020596e-03 -9.620909606563088357e-03 -1.352468120344221640e-02 -1.833245934773417019e-02 -2.371741452750018159e-02 -2.743886976955434154e-02 -3.206532640741039525e-02 -3.594447588752523737e-02 -4.710296449791383233e-02
-4.899722172006916454e-02 -5.860316463790879449e-02 -7.436101551290927314e-02 -8.750669875003615206e-02 -1.000464256591045709e-01 -1.140822004980104054e-01 -1.255377440454602256e-01 -1.406922698565169771e-01 -1.515848239529274388e-01 -1.667536584226912977e-01 -1.811939475694050172e-01 -1.958972927328039293e-01 -2.088828358059048040e-01 -2.239570350337380389e-01 -2.397121042006450931e-01 -2.570418247101062259e-01 -2.758449388013476389e-01 -2.931798227439859073e-01 -3.097821208599739196e-01 -3.273924070713934986e-01 -3.473751434050813547e-01 -3.647374751382864710e-01 -3.838316459685416349e-01 -4.019006793567743707e-01 -4.191908060323685792e-01 -4.384254873950757525e-01 -4.558170999427172410e-01 -4.750147145979914942e-01 -4.903548399533534941e-01 -5.234902896751540968e-01
4.465748709492183000e-02 6.695789822494840893e-02 8.650948426843745043e-02 1.064078718268132023e-01 1.260307219910740684e-01 1.417340938960280072e-01 1.598060021239725570e-01 1.776474058655710397e-01 1.935915641282257571e-01 2.063354131680324444e-01 2.169419019123641212e-01 2.287200061858420952e-01 2.380377303900996222e-01 2.425660132015627635e-01 2.454931115541975628e-01 2.463742178482245804e-01 2.444428377288236087e-01 2.383263213919764312e-01 2.331579495185879813e-01 2.266428495736008963e-01 2.139185622203590709e-01 1.990149212918509436e-01 1.814303349801216214e-01 1.658891824015606420e-01 1.464293161412528188e-01 1.249440771623194502e-01 1.031340845776831522e-01 8.056352736554198146e-02 5.990244479743014189e-02 -3.737378974847174740e-04
1.238873483910096357e-01 1.377788064236666332e-01 1.673803973342279372e-01 1.941855661492409291e-01 2.228469120161374883e-01 2.503594214578876986e-01 2.787478872417791242e-01 3.120026456465307407e-01 3.399671496610021659e-01 3.734218528379252278e-01 4.073627823500651779e-01 4.394088112988253636e-01 4.704069044981994407e-01 5.017940107418470408e-01 5.334234223793973273e-01 5.660974348005819445e-01 6.010427736850090241e-01 6.297377761976039601e-01 6.580955020805933087e-01 6.850892870786606803e-01 7.150063469270359073e-01 7.373430007544374831e-01 7.625967753706945906e-01 7.874594020548735251e-01 8.075673011471227181e-01 8.292723757501347936e-01 8.524626797751989615e-01 8.766119484265060269e-01 8.959347839083107168e-01 9.382913854048906543e-01
-7.200464044332289745e-03 -5.670257293053246328e-03 -6.645294054733181036e-03 -7.087174229989034666e-03 -6.033363292850695003e-03 -8.889502838729029452e-03 -1.004744740724245085e-02 -1.367268978588686082e-02 -1.624541698006624207e-02 -2.263585372568853449e-02 -2.870880053205222479e-02 -3.485433515583220149e-02 -4.095925409988942362e-02 -4.922635004788852853e-02 -5.839230687367320122e-02 -6.803763336053467170e-02 -7.805611745415499958e-02 -8.820625723207634050e-02 -9.687359637081663366e-02 -1.061442690876017170e-01 -1.159279639639290982e-01 -1.249633110376112410e-01 -1.338810640906840099e-01 -1.415429282223246155e-01 -1.489012321193624866e-01 -1.569220450766056485e-01 -1.626917760922617640e-01 -1.684469462665252326e-01 -1.724719070333369242e-01 -1.733972945514491437e-01
1.879705272547190220e-01 2.167319620530315238e-01 2.664536377363913577e-01 3.114685792838228773e-01 3.579914458245562203e-01 4.026080584581519517e-01 4.472320574848850372e-01 4.989993079455742331e-01 5.414656140004913132e-01 5.910739003530318669e-01 6.403247348915828141e-01 6.872921596720480419e-01 7.316785272909336335e-01 7.760258545568874400e-01 8.205744409673103590e-01 8.663891525835460961e-01 9.149598518424455484e-01 9.551051056879267254e-01 9.949986457633858139e-01 1.033113401295896239e+00 1.074429767645339151e+00 1.105635285525735423e+00 1.141333337003451076e+00 1.176022522850294960e+00 1.204014269729210884e+00 1.234957411093331237e+00 1.266741543202988929e+00 1.301108547125627179e+00 1.327827556618772720e+00 1.383713541071939668e+00
1.129010428995779469e-01 1.291355059456354426e-01 1.580365764501568404e-01 1.841100131224309433e-01 2.121209439514705197e-01 2.378298072092382975e-01 2.636606797809128433e-01 2.939152405999228002e-01 3.181944510134403492e-01 3.472332162835083391e-01 3.763791692409689249e-01 4.040370347034356602e-01 4.303056800828387041e-01 4.567170563213363566e-01 4.837537783655783130e-01 5.120225005440270927e-01 5.427653970534674910e-01 5.680836590616860082e-01 5.939278471694565686e-01 6.186881248729152460e-01 6.468397431968868627e-01 6.689043798710923028e-01 6.944145978360589666e-01 7.194781531215057591e-01 7.408304775134519904e-01 7.639408466046917479e-01 7.891064900057667142e-01 8.152872330918951027e-01 8.364484176839095397e-01 8.857172975346367938e-01
-1.682148535271623876e-02 -2.584502894939611287e-02 -3.555687463802344878e-02 -4.427799393986453502e-02 -5.171606902983055809e-02 -6.031048495848442825e-02 -6.671799796324977272e-02 -7.592642208889233135e-02 -8.239573671799738097e-02 -9.059859746696861948e-02 -9.730518791109522836e-02 -1.049625065328382428e-01 -1.110412901600714292e-01 -1.177324115756821638e-01 -1.245740382137849461e-01 -1.317774515456045792e-01 -1.389867774721743332e-01 -1.457311402143443013e-01 -1.515035298235087868e-01 -1.582791554487051056e-01 -1.643281216016748703e-01 -1.696232754043744684e-01 -1.748045030496150343e-01 -1.795738678688244827e-01 -1.837688531407939974e-01 -1.888168545743899029e-01 -1.914402385015346320e-01 -1.952809514851337191e-01 -1.976523634479161184e-01 -1.974715451772413033e-01
6.012149094398722138e-02 7.661308552195203458e-02 9.534413721887849413e-02 1.129531031168313215e-01 1.311073576333928736e-01 1.471682145223779381e-01 1.641343749486089132e-01 1.827196834999208208e-01 1.983187628989431794e-01 2.147593650450041192e-01 2.306156528950936702e-01 2.459135602645440011e-01 2.602315835424838797e-01 2.726270456919703822e-01 2.849547168106260631e-01 2.966647934170307810e-01 3.082828038971320850e-01 3.160206533307588495e-01 3.243687718987203761e-01 3.316030381451225972e-01 3.376324960828686050e-01 3.401743884894961045e-01 3.426410374139599035e-01 3.456767851500228694e-01 3.451676927598109068e-01 3.443697518544652780e-01 3.437794163991807483e-01 3.423653400224849208e-01 3.396452721838385536e-01 3.212194776035440236e-01
-4.557795724183673347e-02 -5.881013124332644393e-02 -7.533671357020567394e-02 -9.009796804548347859e-02 -1.031090725300604222e-01 -1.176552173107255350e-01 -1.295684142654807691e-01 -1.449122811468477601e-01 -1.562307807673117832e-01 -1.705307787047327106e-01 -1.830610852066486272e-01 -1.961722184229602872e-01 -2.075191310881603080e-01 -2.197747952371063018e-01 -2.320963679976126848e-01 -2.449432351914328232e-01 -2.582312811573861944e-01 -2.703611207496981472e-01 -2.812719302093447671e-01 -2.931016558181505083e-01 -3.048954968693895484e-01 -3.148218019552311286e-01 -3.252465209260495538e-01 -3.349115182125805834e-01 -3.432864078806117103e-01 -3.527420700307669632e-01 -3.595700538977880667e-01 -3.681266540408231758e-01 -3.738387599437885123e-01 -3.794039670799982389e-01
-2.856228134477559882e-02 -3.533778767800722226e-02 -4.775272005622953342e-02 -5.775402656539872781e-02 -6.739170144748615754e-02 -7.802699283290701060e-02 -8.459287752642602465e-02 -9.497856263785967035e-02 -1.008611820518410945e-01 -1.104814586421353495e-01 -1.194320248214220392e-01 -1.284462313649225307e-01 -1.363848022182972686e-01 -1.467463989213238784e-01 -1.582847062554867956e-01 -1.717874922857073328e-01 -1.877963958568567016e-01 -2.041729481144271829e-01 -2.198433588561066188e-01 -2.371134726497205469e-01 -2.582942992002344451e-01 -2.782771829247542295e-01 -3.015754562612720235e-01 -3.233608991556505274e-01 -3.457036850611230339e-01 -3.703335144555018887e-01 -3.946489502878846034e-01 -4.206749520910687545e-01 -4.427062031114220586e-01 -4.960829610458074579e-01
2.656261186278617570e-03 1.493757479248954828e-02 1.868871900508247905e-02 2.250110092221484226e-02 2.638927090377306273e-02 2.682545150551279151e-02 2.773579512867172317e-02 2.733281703786643799e-02 2.746780760554206821e-02 2.418335023066518763e-02 2.029962387185878930e-02 1.693529070687653515e-02 1.368886793019750622e-02 7.836286789442026973e-03 1.516658244844116057e-03 -5.652408944942316493e-03 -1.337979935142454696e-02 -2.218930473419378907e-02 -2.957111593342932887e-02 -3.765990913568000031e-02 -4.731442486503371903e-02 -5.730318148323029770e-02 -6.902496126949059230e-02 -7.914615742617003846e-02 -9.112417563735533688e-02 -1.049015751929140428e-01 -1.184653819913522727e-01 -1.340738069029407953e-01 -1.486650106533095594e-01 -1.947993317605485886e-01
5.043268277708114200e-02 5.998448427665024896e-02 7.299409421976787993e-02 8.428804988411152388e-02 9.710882169991433277e-02 1.077115846920560227e-01 1.191289796143518293e-01 1.317675746520483859e-01 1.425505203048803848e-01 1.545510507443321191e-01 1.672214015786230301e-01 1.790178110342688367e-01 1.905962124154166881e-01 2.016632752425693842e-01 2.128497165943065428e-01 2.245671384507520463e-01 2.374346083522694828e-01 2.470730554866544526e-01 2.576245136559129345e-01 2.671508564498864535e-01 2.782549971696369751e-01 2.859168548002316568e-01 2.943744010717837534e-01 3.032311147800563766e-01 3.094751591756116360e-01 3.160762874420799950e-01 3.234333161694942782e-01 3.300996306968615457e-01 3.347596334546066310e-01 3.380721192151759924e-01
-4.371364093621447899e-02 -5.588668685077781417e-02 -7.256661495881439050e-02 -8.713377114907798482e-02 -1.006231358824637989e-01 -1.157662702918753478e-01 -1.284085920974618322e-01 -1.449442895953600430e-01 -1.572026200702309751e-01 -1.733737138124010202e-01 -1.881155546166387582e-01 -2.034362742064570462e-01 -2.167962199894812036e-01 -2.314488621582369288e-01 -2.465641738237954739e-01 -2.624904536174356706e-01 -2.789798574583907675e-01 -2.936633295364816654e-01 -3.074914921644472110e-01 -3.222787607941333121e-01 -3.374801895444634048e-01 -3.502600154192020421e-01 -3.637068161412452261e-01 -3.764257381952974546e-01 -3.878977394944205237e-01 -4.010282755126447496e-01 -4.114790454767862649e-01 -4.234405104714545343e-01 -4.323987589484823424e-01 -4.464976130400920562e-01
-6.424597380176601258e-02 -8.856101831951562753e-02 -1.141313400407352185e-01 -1.376719156639622521e-01 -1.588303044598057823e-01 -1.809761778569818069e-01 -2.004028433959804401e-01 -2.243807862578107160e-01 -2.427527298861724137e-01 -2.640404909476879447e-01 -2.824285969391848172e-01 -3.019467147192081979e-01 -3.186241408884435411e-01 -3.348998651298684681e-01 -3.509764800441432797e-01 -3.669693989336001994e-01 -3.823742405920527165e-01 -3.949992434808307640e-01 -4.063045835070663303e-01 -4.187302363230671065e-01 -4.286580627489480211e-01 -4.356083768065499573e-01 -4.418855035615961158e-01 -4.479089492234011316e-01 -4.511705787008445379e-01 -4.553130480315798478e-01 -4.551981832764542824e-01 -4.565580283214870638e-01 -4.553145139886357606e-01 -4.344697027259488142e-01
1.303643623558535525e-02 2.713856457482928183e-02 3.862423695301950982e-02 5.032235843281093052e-02 6.317128109907640954e-02 7.081840414817411333e-02 7.858957305747807376e-02 8.618013941448832149e-02 9.193640559347693308e-02 9.352836515038409626e-02 9.341082615295757952e-02 9.429908387912305789e-02 9.378014960172709191e-02 8.932743824663504084e-02 8.383086060177172283e-02 7.739184658759905300e-02 6.992417953538712649e-02 6.085415377300758266e-02 5.357345508732386241e-02 4.586226903872646365e-02 3.548883283858039750e-02 2.485510863250224925e-02 1.440264685060915414e-02 5.479983906916861824e-03 -4.493756501827815206e-03 -1.562948517043491470e-02 -2.425574365120049605e-02 -3.308764749276979500e-02 -4.017458612754359198e-02 -5.221084396799536426e-02
7.444084969187594880e-02 8.196001032173337586e-02 9.877868442831858053e-02 1.136726261003217914e-01 1.305768432033449777e-01 1.455074210292925663e-01 1.612780342848527115e-01 1.794841642362712819e-01 1.943085249003686510e-01 2.126048678674503090e-01 2.318789619527257817e-01 2.495824017736561207e-01 2.669119303090738415e-01 2.847349060412733834e-01 3.032454508770975332e-01 3.228899958418721683e-01 3.447128776669544648e-01 3.628160085655519618e-01 3.815220279046093732e-01 3.992212909453948244e-01 4.204935077429368118e-01 4.373999984541199204e-01 4.569647191534544906e-01 4.761774622142233016e-01 4.930119810746643738e-01 5.113223693495505540e-01 5.313616840816525189e-01 5.518527977824491115e-01 5.686528642188384275e-01 6.095629833669922171e-01
3.843276068966523101e-02 4.407303271917815957e-02 5.312257283211407194e-02 6.152395140156368541e-02 7.113473693506644491e-02 7.843850480628059008e-02 8.728139421037663104e-02 9.639657942643628519e-02 1.047318932751583886e-01 1.128089371800343188e-01 1.215672703487013229e-01 1.295872056856148813e-01 1.377018810384417757e-01 1.448541989760220305e-01 1.516948770288725212e-01 1.589246062615963795e-01 1.666904850864326937e-01 1.721304177879261488e-01 1.785006177852735965e-01 1.839039912605738847e-01 1.904133380918694718e-01 1.944374407010876216e-01 1.993956531709289715e-01 2.046738334983375096e-01 2.082290135363300265e-01 2.120265116419469409e-01 2.170298806917390078e-01 2.221677663219606413e-01 2.259627255290304060e-01 2.342031650763996831e-01
-8.162194101019917825e-02 -9.675767181425526386e-02 -1.209801277237349815e-01 -1.425220609430441765e-01 -1.632492949507586000e-01 -1.852129053094132560e-01 -2.042317919534060167e-01 -2.289677598461697383e-01 -2.475622744710976320e-01 -2.715137106896826635e-01 -2.939507307236910449e-01 -3.164782972554662233e-01 -3.367429064108425907e-01 -3.587813723215509953e-01 -3.812505156247397164e-01 -4.051510042815866797e-01 -4.306524165688235817e-01 -4.535344644035025352e-01 -4.749017440271025015e-01 -4.973380359798282857e-01 -5.215639604214944436e-01 -5.419325168020369121e-01 -5.645536552717911327e-01 -5.859374620273593015e-01 -6.055020479174265668e-01 -6.272146977985840754e-01 -6.471356963743275514e-01 -6.695884896697781308e-01 -6.873329842793440836e-01 -7.258444014700542457e-01
-1.016974198789839107e-03 -1.211105781227451821e-02 -2.039317151194837419e-02 -2.820293537527442107e-02 -3.394370135525043297e-02 -4.107045599970043231e-02 -4.563516663291954795e-02 -5.230567673345473678e-02 -5.657772130718659309e-02 -6.142817033684483397e-02 -6.413168337639439665e-02 -6.797186098525140330e-02 -7.029524386254019930e-02 -7.234007999786895571e-02 -7.430560471738457962e-02 -7.566341373544381577e-02 -7.615317206433563912e-02 -7.669451949736276475e-02 -7.618988585056044038e-02 -7.676869892296148135e-02 -7.467059197063413700e-02 -7.271840727246477176e-02 -6.960082127904473892e-02 -6.628689580063049092e-02 -6.226608737305072694e-02 -5.787818283723375479e-02 -5.090989427215115992e-02 -4.388323777742750981e-02 -3.678265339371208920e-02 -7.041761492138639417e-03
-1.005969901276681927e-01 -1.207260182537972376e-01 -1.509573746858789978e-01 -1.778356186435922637e-01 -2.034215622201795692e-01 -2.314812727570471074e-01 -2.564105291468946612e-01 -2.884155801633659921e-01 -3.130885782399535078e-01 -3.451748689161733830e-01 -3.756228456434522744e-01 -4.060032618221830480e-01 -4.338999650428100319e-01 -4.637795427096648715e-01 -4.944030279150595231e-01 -5.264843097879990941e-01 -5.600778064747102825e-01 -5.895240909916587002e-01 -6.170177181610111417e-01 -6.455492290613291662e-01 -6.752608920611447019e-01 -6.994733362480248795e-01 -7.256251368884171216e-01 -7.501713610560646339e-01 -7.714874270409692869e-01 -7.945790989818890537e-01 -8.152930063401058192e-01 -8.372733031136827542e-01 -8.538287753792188628e-01 -8.767075771456964706e-01
4.110809417050205125e-03 -4.227948710118141842e-03 -9.844273212471757808e-03 -1.518124470857864020e-02 -1.885041312916476905e-02 -2.337892829014947063e-02 -2.567860170107678572e-02 -2.927133093440562744e-02 -3.076907066041710201e-02 -3.227495006577131564e-02 -3.186165173383467830e-02 -3.271281603149273770e-02 -3.194220327627912692e-02 -3.086701445930788851e-02 -2.980880275682254096e-02 -2.834208491378980774e-02 -2.604793247399657743e-02 -2.448953157835737429e-02 -2.205803553408419715e-02 -2.077810965027833759e-02 -1.727286370460782289e-02 -1.458588770677589005e-02 -1.128951849102154820e-02 -7.797828447908380228e-03 -4.475721075167280599e-03 -9.290901159876227555e-04 4.380061852230349856e-03 9.192173393014518162e-03 1.370184916351390239e-02 2.890039263074163992e-02
-2.860405412316886775e-02 -3.089632063436189777e-02 -3.914230210848210212e-02 -4.678604585784034570e-02 -5.314525087605814768e-02 -6.221481710854942504e-02 -6.955171556805971045e-02 -7.975142368579732355e-02 -8.735079262699863012e-02 -9.812003529397503310e-02 -1.077683917778785166e-01 -1.175433619774991917e-01 -1.263141946344436828e-01 -1.362936660392012334e-01 -1.462578706211857260e-01 -1.565092788247016420e-01 -1.668594438139677505e-01 -1.767411747185216042e-01 -1.847302524917782129e-01 -1.938380623572326655e-01 -2.026050061236783773e-01 -2.099485151338975619e-01 -2.180706278104437013e-01 -2.252492042534313677e-01 -2.322389817722546879e-01 -2.399979715642055755e-01 -2.463810992470850114e-01 -2.543348334172936820e-01 -2.610622094028577367e-01 -2.777094791273072572e-01
1.458251175739343486e-01 1.661719713350311989e-01 2.037052923959546957e-01 2.373191910321094389e-01 2.732420216434166549e-01 3.065384973690143955e-01 3.393997314848344327e-01 3.779113857666590026e-01 4.085986716371538541e-01 4.450131280589686433e-01 4.815649005317421683e-01 5.161057014098560103e-01 5.488099271553612546e-01 5.818342796469803124e-01 6.156001516244369309e-01 6.509721758005573289e-01 6.896296922807911844e-01 7.221544830199364551e-01 7.549022544248094047e-01 7.866682865779667244e-01 8.229617803765963968e-01 8.515479948633257745e-01 8.851298065580115448e-01 9.180028310060285301e-01 9.465689162691255376e-01 9.780027494574048408e-01 1.011772056892039195e+00 1.047720182500508024e+00 1.077456177656831882e+00 1.150747697177573858e+00
5.240314512838850636e-03 -4.856781118883371148e-03 -1.152848552045188622e-02 -1.806161730770225460e-02 -2.261900429485956543e-02 -2.800729843074175468e-02 -3.130233309718553902e-02 -3.617547093875712882e-02 -3.909673534333478473e-02 -4.167553873756572880e-02 -4.211227524647941090e-02 -4.405473105380369736e-02 -4.430274168657909184e-02 -4.394590997471111565e-02 -4.353698309202010119e-02 -4.257902325668586063e-02 -4.035278789667796212e-02 -3.851488074512170179e-02 -3.609324259261262324e-02 -3.461571718379221480e-02 -3.039755965121179390e-02 -2.684680692736902616e-02 -2.212721549582998687e-02 -1.730701848810378696e-02 -1.231254792690353837e-02 -7.385115710759870486e-03 3.298706144582858046e-04 7.272614703160682620e-03 1.409614366977781849e-02 3.647913834603318251e-02
3.665271912805820320e-02 3.026774391495044847e-02 3.313630398839316482e-02 3.516991681723713459e-02 3.991723668981009276e-02 4.313963692712900061e-02 4.807509651064333089e-02 5.354942829962303086e-02 5.856388422583964221e-02 6.544870495602769789e-02 7.445689555931933601e-02 8.158587585389928676e-02 8.958900377974160500e-02 9.859894364169811964e-02 1.079756341275665138e-01 1.185597022087440527e-01 1.312578894723202549e-01 1.424306357318076977e-01 1.542584321198760822e-01 1.648436532269399735e-01 1.795987172239621177e-01 1.922289609801610955e-01 2.078623589683973871e-01 2.228836463384825661e-01 2.375279526879484071e-01 2.534951147428096130e-01 2.727175642911150444e-01 2.927042769770593633e-01 3.104134442261714533e-01 3.641429531049467094e-01
1.214587648575685130e-02 9.374745136302639614e-03 5.954576593095985138e-03 2.409492700237192073e-03 -4.849252733925401432e-04 -3.055259910386358586e-03 -2.836061800264997462e-03 -3.596729218852072647e-03 -1.695189435506875078e-03 1.115897466865616722e-03 6.139805055338541824e-03 9.904752487734355682e-03 1.542754578977141057e-02 2.144160769883990056e-02 2.764608423041601398e-02 3.403230764592563018e-02 4.090017927237151601e-02 4.578439071078845013e-02 5.089636093457602928e-02 5.445708659039605326e-02 5.913973408469391096e-02 6.149803226488738395e-02 6.234050704936146270e-02 6.355157218901423544e-02 6.233088000191561867e-02 6.035179719703984841e-02 5.785912601680979345e-02 5.283877092408602316e-02 4.708580211504274221e-02 1.666030624949831757e-02
3.919085896291467364e-02 5.104348420846437778e-02 6.407839554542124616e-02 7.670097106880997828e-02 9.016838137834251587e-02 1.007055496573394660e-01 1.122078146614184091e-01 1.243066068339072627e-01 1.345332657192671311e-01 1.436930382705174924e-01 1.522059181848551546e-01 1.603802455435671959e-01 1.678701158132031024e-01 1.729911189948204753e-01 1.774694708514090447e-01 1.812045869525394648e-01 1.846245064028334826e-01 1.855236725541547782e-01 1.870113918256836594e-01 1.875946521907141396e-01 1.867140981049744131e-01 1.838505174751906279e-01 1.810206870701119852e-01 1.790180028456886396e-01 1.747307206384709211e-01 1.699591442638034577e-01 1.661276063069212772e-01 1.622928948279653560e-01 1.583916124588138907e-01 1.463709803313152646e-01
-1.145714481613093610e-02 -1.538290454148557793e-02 -2.174578562461274706e-02 -2.759960389288499197e-02 -3.209890350440482154e-02 -3.823605695396193466e-02 -4.266006975805869406e-02 -4.909549574662773475e-02 -5.375034689767363427e-02 -5.975692197086319296e-02 -6.449997483317052027e-02 -7.015864904801910606e-02 -7.452143457456354703e-02 -7.952630987282696684e-02 -8.452121934289189009e-02 -8.975570976575530935e-02 -9.451543628317264634e-02 -9.918063042128863471e-02 -1.030922457814331533e-01 -1.078348348605425444e-01 -1.118092670569913183e-01 -1.152569964928829016e-01 -1.186619949602516627e-01 -1.215339428809597139e-01 -1.243952748269102071e-01 -1.280316298692863453e-01 -1.295802141785716288e-01 -1.323749292099414554e-01 -1.343333964920976065e-01 -1.382464473132783700e-01
-1.307102476572085670e-01 -1.564681103443317511e-01 -1.975887503281627267e-01 -2.346770354365236566e-01 -2.713135762124542216e-01 -3.081460556966110209e-01 -3.420639727935165242e-01 -3.839793792316591459e-01 -4.163176690107916467e-01 -4.558415994454169118e-01 -4.933659017347892806e-01 -5.309942871940549480e-01 -5.645656596206796163e-01 -5.997774260075349195e-01 -6.353340184737528151e-01 -6.729843641891658512e-01 -7.125715548651492259e-01 -7.467482858936829171e-01 -7.793643556594838095e-01 -8.132882982754949808e-01 -8.494067649514190910e-01 -8.785941757884693226e-01 -9.111300242157409635e-01 -9.423822140704815054e-01 -9.702243349904207115e-01 -1.001060404891624511e+00 -1.029874729470270145e+00 -1.062200067607036225e+00 -1.087858042971183048e+00 -1.143701355529268993e+00
-1.128488136063751646e-01 -1.175724710816190566e-01 -1.397685699413228066e-01 -1.597537848180370645e-01 -1.785390760661692000e-01 -2.026076317842943619e-01 -2.272172046848517368e-01 -2.584328081218558171e-01 -2.848442487864977779e-01 -3.214706065191518247e-01 -3.588111523706891681e-01 -3.943636640776774782e-01 -4.286210808245645154e-01 -4.670022507631247377e-01 -5.059598166510430595e-01 -5.466840909107986146e-01 -5.888598144539455292e-01 -6.262782157342182687e-01 -6.596446964873402541e-01 -6.934351361672390635e-01 -7.294118332477332878e-01 -7.582493405263598385e-01 -7.886896303141799347e-01 -8.165629177844957454e-01 -8.410283574051972133e-01 -8.676895949252105833e-01 -8.909907881000518337e-01 -9.162178769456081895e-01 -9.356558010237580048e-01 -9.686812727088509600e-01
1.208033227065548887e-01 1.499752033939853457e-01 1.890712981601569975e-01 2.250482935844500543e-01 2.626760449468608094e-01 2.958949102793524411e-01 3.283442226348215476e-01 3.654627774554559116e-01 3.951681312818613456e-01 4.265335068602557067e-01 4.560232232556217236e-01 4.852955776181051006e-01 5.116136706801995837e-01 5.353042562971206397e-01 5.585717648207102481e-01 5.819540954986403003e-01 6.063090348959140341e-01 6.245313836216328518e-01 6.438987888551755967e-01 6.622578546090724938e-01 6.804931508898743875e-01 6.925741366559188261e-01 7.072598426772407354e-01 7.226696471204868688e-01 7.333182171521914761e-01 7.451184169922491218e-01 7.587276919293083344e-01 7.739408625549468734e-01 7.856924774379825394e-01 8.123153353894975170e-01
-9.733472802140149399e-03 -9.654108062753477548e-03 -1.419540643927622373e-02 -1.760595182668213063e-02 -2.098153580843035645e-02 -2.528483141104356791e-02 -2.650731229151635782e-02 -3.017013280168565764e-02 -3.082243517150448642e-02 -3.369519274678365456e-02 -3.552676648826932904e-02 -3.770775808520213795e-02 -3.889504303127652024e-02 -4.164350813220641517e-02 -4.477353060387044559e-02 -4.890963940086813511e-02 -5.433954238903787592e-02 -6.086552824073153400e-02 -6.659149099257273552e-02 -7.385912743802028335e-02 -8.304034392758156968e-02 -9.256436767874931526e-02 -1.045523457951184204e-01 -1.155940433179923066e-01 -1.283673917375768858e-01 -1.426853969405690870e-01 -1.573615504069540982e-01 -1.744024468298530084e-01 -1.899134519857810788e-01 -2.388569028354443347e-01
