-6.294378042221069336e-01
-9.432017207145690918e-01
-9.874817132949829102e-01
-6.407476663589477539e-01
9.745331406593322754e-01
-1.887829303741455078e-01
1.839886188507080078e+00
1.308280825614929199e+00
1.533548951148986816e+00
-1.075678467750549316e+00
-8.336018323898315430e-01
2.683597087860107422e+00
1.220138192176818848e+00
1.077912330627441406e+00
-1.742351412773132324e+00
1.583129286766052246e+00
-4.863550513982772827e-02
1.188671708106994629e+00
-1.141560673713684082e+00
2.543381690979003906e+00
1.793877243995666504e+00
-4.213834702968597412e-01
-1.700565516948699951e-01
1.344597935676574707e-01
-1.763018250465393066e+00
-1.287276148796081543e+00
8.840230107307434082e-02
-9.926685690879821777e-02
-6.072016358375549316e-01
-1.233068585395812988e+00
-8.232674598693847656e-01
-2.092144966125488281e+00
-3.951899111270904541e-01
6.591568589210510254e-01
6.936652064323425293e-01
-8.855963945388793945e-01
4.701121151447296143e-01
2.025105714797973633e+00
-2.280736923217773438e+00
2.272107601165771484e-01
-3.960250318050384521e-01
4.503503739833831787e-01
2.169459342956542969e+00
-9.505420327186584473e-01
1.695746183395385742e+00
1.075279355049133301e+00
1.537535905838012695e+00
9.663112163543701172e-01
4.772244989871978760e-01
-5.244194269180297852e-01
-8.593654036521911621e-01
3.829324722290039062e+00
-5.537896752357482910e-01
-1.016492486000061035e+00
1.434793788939714432e-02
