3.834801316261291504e-01 -3.492600917816162109e-01 5.290606021881103516e-01 -4.833507537841796875e-01 4.370324611663818359e-01 -7.878827303647994995e-02 3.258848190307617188e-01 -3.857439160346984863e-01 -1.089810356497764587e-01 -6.469026952981948853e-02
-4.629689157009124756e-01 1.697505712509155273e+00 -8.659864664077758789e-01 7.353936135768890381e-02 1.272822380065917969e+00 1.124353170394897461e+00 -9.467515349388122559e-01 -6.589324474334716797e-01 5.412587523460388184e-01 9.680654853582382202e-02
-1.038786053657531738e+00 1.936612464487552643e-02 1.588112562894821167e-01 7.011175751686096191e-01 -1.930482387542724609e-01 7.242025136947631836e-01 1.710026264190673828e-01 -7.064945697784423828e-01 1.247489929199218750e+00 1.334216296672821045e-01
6.067146062850952148e-01 -5.416096448898315430e-01 2.042709290981292725e-02 -4.335421621799468994e-01 4.753685295581817627e-01 -6.484664510935544968e-03 6.426929831504821777e-01 -3.621553182601928711e-01 2.026758342981338501e-01 1.119073629379272461e-01
1.153768226504325867e-01 -2.213406860828399658e-01 3.572500646114349365e-01 -5.990880727767944336e-01 -1.128338929265737534e-02 -5.315299034118652344e-01 2.401069700717926025e-01 3.495167940855026245e-02 -1.108409557491540909e-02 1.662600189447402954e-01
2.662265896797180176e-01 -3.800791800022125244e-01 7.452502250671386719e-01 -5.812203288078308105e-01 5.074051618576049805e-01 -1.958302557468414307e-01 4.573407769203186035e-01 -1.584037542343139648e-01 -8.863094449043273926e-02 -1.984916776418685913e-01
6.821607351303100586e-01 9.498541243374347687e-03 2.460466176271438599e-01 2.952779829502105713e-02 4.146291613578796387e-01 -9.855570644140243530e-02 1.540401130914688110e-01 -1.009967848658561707e-01 -4.295767471194267273e-02 8.739745616912841797e-02
-1.096396893262863159e-01 -3.664626926183700562e-02 -7.737631201744079590e-01 -1.458724122494459152e-02 6.616235971450805664e-01 3.947728574275970459e-01 7.766388654708862305e-01 -6.802445650100708008e-01 -6.407216191291809082e-01 1.351703256368637085e-01
4.376983344554901123e-01 -3.765853643417358398e-01 5.612705945968627930e-01 -4.769898951053619385e-01 5.144998803734779358e-02 -3.355825245380401611e-01 -9.861569106578826904e-02 4.804416596889495850e-01 2.211756557226181030e-01 -1.032689819112420082e-03
-1.001357197761535645e+00 7.354923486709594727e-01 -5.502240061759948730e-01 6.652323603630065918e-01 -4.383490681648254395e-01 3.917815387248992920e-01 -5.524460971355438232e-02 -2.241218835115432739e-02 -1.916618496179580688e-01 9.396303445100784302e-02
