2.530466556549072266e+00 -3.392594814300537109e+00 -4.968230724334716797e+00 2.498117923736572266e+00 1.573642134666442871e+00 -1.357706308364868164e+00 -2.905655145645141602e+00 -1.481019496917724609e+00 -7.065447568893432617e-01 1.081049516797065735e-01
-8.360382318496704102e-01 3.566526174545288086e-01 3.991840034723281860e-02 7.796480059623718262e-01 -4.153451919555664062e-01 2.243724763393402100e-01 -1.802501380443572998e-01 -6.893215179443359375e-01 -4.710835218429565430e-01 9.825274944305419922e-01
-3.324042856693267822e-01 1.919500082731246948e-01 3.067170083522796631e-01 -1.820964813232421875e-01 -5.036996603012084961e-01 6.240139603614807129e-01 3.021522462368011475e-01 -5.288166999816894531e-01 -1.030325293540954590e+00 6.224121451377868652e-01
-4.064924120903015137e-01 -2.553008079528808594e+00 -2.996614217758178711e+00 2.057148694992065430e+00 -3.138370513916015625e-01 -1.020479321479797363e+00 -1.739749073982238770e+00 -8.582954294979572296e-03 -9.961517453193664551e-01 2.003229856491088867e+00
2.706677615642547607e-01 -7.789598703384399414e-01 -4.005996584892272949e-01 7.032406926155090332e-01 2.406093776226043701e-01 -4.515897855162620544e-02 -7.009263038635253906e-01 -1.766747534275054932e-01 -6.820006296038627625e-03 1.162728220224380493e-01
-2.937271833419799805e+00 1.556099057197570801e+00 1.383319258689880371e+00 -4.104700088500976562e+00 -5.791386961936950684e-01 7.283260822296142578e-01 1.543414592742919922e+00 -1.401993632316589355e+00 -3.201961040496826172e+00 1.723938822746276855e+00
2.753494381904602051e-01 -6.495234370231628418e-01 -3.161695003509521484e-01 -1.042412370443344116e-01 3.445383608341217041e-01 -8.865887671709060669e-02 -4.003228545188903809e-01 2.878603637218475342e-01 -5.789631605148315430e-02 1.256609559059143066e-01
-3.081116080284118652e-01 6.895111203193664551e-01 3.847122788429260254e-01 -1.232756733894348145e+00 -3.671113252639770508e-01 5.628436207771301270e-01 5.550021529197692871e-01 6.092665344476699829e-02 1.717240810394287109e-01 6.016579270362854004e-01
-8.953636288642883301e-01 5.455166697502136230e-01 3.397210836410522461e-01 -6.162017211318016052e-02 -6.159968972206115723e-01 7.850556969642639160e-01 8.109504580497741699e-01 2.849318785592913628e-03 3.446880578994750977e-01 -1.920131593942642212e-01
-8.579632639884948730e-01 6.395655870437622070e-01 8.287392854690551758e-01 -6.276816725730895996e-01 -5.762692093849182129e-01 7.499759793281555176e-01 1.004360318183898926e+00 -5.131648778915405273e-01 4.023974239826202393e-01 -3.426733613014221191e-01
