-1.831817477941513062e-01
1.321257799863815308e-01
-5.625265240669250488e-01
-1.597728371620178223e+00
-1.628681719303131104e-01
-8.055468201637268066e-01
-1.948546051979064941e+00
-8.931077718734741211e-01
1.699391126632690430e+00
-1.963285803794860840e+00
1.983847022056579590e+00
-6.205034852027893066e-01
1.117573022842407227e+00
-1.025832772254943848e+00
1.421122997999191284e-01
-6.596009731292724609e-01
8.697459101676940918e-01
-4.701264500617980957e-01
1.124945044517517090e+00
4.631114304065704346e-01
-2.936792671680450439e-01
-2.868317365646362305e-01
8.803086876869201660e-01
7.897151261568069458e-02
-6.766464710235595703e-01
8.464689254760742188e-01
-9.513409137725830078e-01
-7.854383587837219238e-01
1.929847002029418945e+00
1.345458030700683594e+00
5.282074809074401855e-01
-4.984823167324066162e-01
-1.049466013908386230e+00
1.614043474197387695e+00
-1.079318150877952576e-01
7.597572803497314453e-01
-6.936001181602478027e-01
5.739374756813049316e-01
-1.117710947990417480e+00
1.867305934429168701e-01
-1.394652366638183594e+00
1.572068452835083008e+00
1.441551685333251953e+00
9.162815809249877930e-01
-1.289147377014160156e+00
1.689668893814086914e+00
-1.545498222112655640e-01
1.104333758354187012e+00
1.168443202972412109e+00
-3.905237093567848206e-02
9.631976485252380371e-02
1.597994416952133179e-01
-7.223339676856994629e-01
-1.821700453758239746e+00
-9.247958660125732422e-02
