-3.359675407409667969e-01
2.348789125680923462e-01
-1.636088728904724121e+00
-8.669705986976623535e-01
-3.100790381431579590e-01
-1.369987010955810547e+00
-1.064588308334350586e+00
-1.092202901840209961e+00
-1.032540947198867798e-01
-7.925923466682434082e-01
-1.964258700609207153e-01
-1.020685553550720215e+00
-1.373245239257812500e+00
-1.295953392982482910e-01
-4.844639599323272705e-01
-3.811576366424560547e-01
6.522696614265441895e-01
-6.589772105216979980e-01
-8.212803006172180176e-01
-7.321674823760986328e-01
-9.960154443979263306e-02
9.256492257118225098e-01
-1.061586976051330566e+00
-3.081393241882324219e-01
-5.901355147361755371e-01
-6.934428215026855469e-01
-1.214500069618225098e+00
-2.091093540191650391e+00
-1.085867334040813148e-04
-3.628616034984588623e-01
-3.971326947212219238e-01
2.216927051544189453e+00
7.078482508659362793e-01
1.462737083435058594e+00
1.875585913658142090e+00
1.218259453773498535e+00
3.785519599914550781e-01
6.072127819061279297e-01
-1.779233813285827637e+00
-2.859241485595703125e+00
1.138770103454589844e+00
-2.455970346927642822e-01
-1.395625591278076172e+00
-7.803622484207153320e-01
-1.167784929275512695e+00
